0.858694 0.0469029 1.8963 0.38501
3.43265 0.187486 4.04449 0.415283
6.00778 0.328118 6.48468 0.521179
8.58289 0.468733 8.83514 0.58844
11.1576 0.609309 11.3098 0.702148
13.7315 0.749824 13.939 0.829224
16.3694 0.907287 16.601 0.9729
19.0841 1.06626 19.2979 1.13379
21.8404 1.22428 22.0314 1.26862
24.6518 1.38575 24.7801 1.43719
27.4963 1.53803 27.6102 1.57867
30.3984 1.68097 30.5491 1.71503
33.3363 1.81583 33.4969 1.81683
36.3875 1.99375 36.4836 1.98975
39.5037 2.19097 39.5238 2.16101
42.583 2.39973 42.4188 2.35211
45.5988 2.60002 44.6899 2.4552
48.5786 2.80079 44.7828 2.50482
51.5185 3.00246 44.1602 2.52997
54.428 3.19152 43.8798 2.53491
57.3125 3.37151 44.6677 2.55164
60.1663 3.57919 45.1766 2.74487
62.9168 3.77604 45.5906 2.83527
65.5667 3.97823 44.8309 2.86566
68.0933 4.17999 46.2046 2.98395
70.508 4.38194 44.9565 3.01813
72.7679 4.58021 45.1265 3.10828
74.8515 4.77573 46.6976 3.30914
76.7501 4.93768 48.8981 3.47168
78.4946 5.09273 50.1277 3.70532
80.123 5.18336 51.9529 3.75922
81.6229 5.24889 53.614 3.86884
83.0085 5.16354 52.6805 3.6228
84.3134 4.93465 53.4174 3.37317
85.5017 4.51919 54.4497 3.05365
86.5259 3.90387 55.3163 2.4256
87.345 3.11539 56.3169 1.72675
88.0081 2.1826 57.0977 0.759705
88.502 1.16558 57.3525 -0.104736
88.84 0.0726836 57.8497 -1.27643
89.125 -1.05089 58.2665 -2.2457
89.3295 -2.24074 58.2474 -3.42545
89.4722 -3.53677 56.838 -4.77954
89.5834 -4.96246 56.8115 -5.92422
89.6383 -6.50462 57.0152 -7.09424
89.6879 -8.19796 57.3709 -8.89706
89.7167 -10.0598 57.0803 -8.93936
89.7202 -12.0746 56.8906 -10.753
89.7524 -14.2439 58.2313 -13.246
89.8434 -16.5606 65.2919 -19.2037
89.9788 -18.96 65.852 -18.9772
90.1324 -21.3995 65.5181 -17.7544
90.2737 -23.8515 75.2786 -28.1962
90.4115 -26.2888 74.7534 -29.8707
90.5374 -28.7218 74.1871 -28.639
90.6026 -31.142 74.9061 -27.7938
90.5865 -33.5327 75.5439 -29.2779
90.49 -35.8891 75.9718 -30.0627
90.3236 -38.1896 75.941 -30.6146
90.0918 -40.4188 75.0305 -32.4452
89.8161 -42.5748 74.3929 -34.8756
89.5465 -44.6312 75.4777 -37.9316
89.3065 -46.5426 76.9649 -40.0225
89.1528 -48.2888 78.4571 -40.7492
89.1302 -49.8938 79.2869 -41.8445
89.2559 -51.4568 80.2015 -41.923
89.5927 -52.9598 81.1483 -42.112
90.1642 -54.3315 82.5672 -42.4701
90.9416 -55.4915 83.4932 -42.5308
91.9661 -56.4486 82.3985 -41.0824
93.1713 -57.1753 82.737 -40.3833
94.508 -57.6844 82.232 -40.0789
95.9249 -58.0418 81.6175 -40.9452
97.3803 -58.3833 80.5645 -40.5894
98.9283 -58.6967 80.4019 -40.0377
100.55 -59.0745 79.0552 -39.7597
102.285 -59.4798 78.2743 -39.08
104.124 -59.9645 75.8187 -39.1175
106.035 -60.4808 75.8224 -39.7497
108.055 -60.9951 74.8583 -38.9102
110.2 -61.5276 72.3785 -40.4229
112.421 -62.0531 71.6575 -40.9211
114.755 -62.6002 71.5557 -37.8125
117.193 -63.1574 71.5557 -37.8125
119.666 -63.6913 71.5557 -37.8125
122.181 -64.2533 71.5557 -37.8125
124.724 -64.8645 71.5557 -37.8125
127.275 -65.459 71.5557 -37.8125
129.749 -66.0807 71.5557 -37.8125
132.225 -66.7226 71.5557 -37.8125
134.663 -67.334 71.5557 -37.8125
137.072 -67.9399 71.5557 -37.8125
139.482 -68.4874 71.5557 -37.8125
141.866 -69.0106 71.5557 -37.8125
144.235 -69.5325 71.5557 -37.8125
146.634 -69.9928 71.5557 -37.8125
149.033 -70.3798 71.5557 -37.8125
151.422 -70.7533 71.5557 -37.8125
153.855 -71.0522 71.5557 -37.8125
156.308 -71.3061 71.5557 -37.8125
158.78 -71.4907 71.5557 -37.8125
161.238 -71.6275 71.5557 -37.8125
163.729 -71.7396 71.5557 -37.8125
166.201 -71.8557 71.5557 -37.8125
168.681 -71.9145 71.5557 -37.8125
171.201 -71.9504 71.5557 -37.8125
173.699 -71.9461 71.5557 -37.8125
176.266 -71.8381 71.5557 -37.8125
178.785 -71.705 71.5557 -37.8125
181.351 -71.5867 71.5557 -37.8125
183.918 -71.4516 71.5557 -37.8125
186.471 -71.3413 71.5557 -37.8125
189.02 -71.1826 71.5557 -37.8125
191.536 -71.0196 71.5557 -37.8125
194.04 -70.8473 71.5557 -37.8125
196.49 -70.6708 71.5557 -37.8125
198.609 -70.5456 71.5557 -37.8125
200.728 -70.4203 71.5557 -37.8125
202.848 -70.2949 71.5557 -37.8125
204.967 -70.1695 71.5557 -37.8125
207.086 -70.0441 71.5557 -37.8125
209.093 -69.9831 71.5557 -37.8125
211.014 -70.0156 71.5557 -37.8125
212.945 -70.0304 71.5557 -37.8125
214.903 -70.0079 71.5557 -37.8125
216.893 -70.0061 71.5557 -37.8125
218.964 -69.9676 71.5557 -37.8125
220.97 -69.9402 71.5557 -37.8125
222.992 -69.9812 71.5557 -37.8125
225.028 -69.9854 71.5557 -37.8125
227.09 -69.9695 71.5557 -37.8125
229.126 -69.9386 71.5557 -37.8125
231.112 -69.8864 71.5557 -37.8125
233.04 -69.8445 71.5557 -37.8125
234.818 -69.801 71.5557 -37.8125
236.417 -69.7146 71.5557 -37.8125
237.943 -69.5209 71.5557 -37.8125
239.395 -69.1851 71.5557 -37.8125
240.709 -68.6478 71.5557 -37.8125
241.849 -67.8991 71.5557 -37.8125
242.81 -67.0089 71.5557 -37.8125
243.591 -65.9825 71.5557 -37.8125
244.184 -64.8978 71.5557 -37.8125
244.572 -63.7305 71.5557 -37.8125
244.825 -62.4053 71.5557 -37.8125
244.941 -60.9619 71.5557 -37.8125
244.946 -59.4218 71.5557 -37.8125
244.876 -57.7712 71.5557 -37.8125
244.798 -55.9812 71.5557 -37.8125
244.718 -54.0213 71.5557 -37.8125
244.528 -51.9441 71.5557 -37.8125
244.334 -49.6673 71.5557 -37.8125
244.189 -47.2245 71.5557 -37.8125
244.057 -44.6501 71.5557 -37.8125
243.927 -42.0601 71.5557 -37.8125
243.794 -39.4483 71.5557 -37.8125
243.702 -36.832 71.5557 -37.8125
243.584 -34.2278 71.5557 -37.8125
243.441 -31.5925 71.5557 -37.8125
243.315 -28.9871 71.5557 -37.8125
243.23 -26.4145 71.5557 -37.8125
243.139 -23.8807 71.5557 -37.8125
243.055 -21.3812 71.5557 -37.8125
242.941 -18.9255 71.5557 -37.8125
242.799 -16.5023 71.5557 -37.8125
242.612 -14.1084 71.5557 -37.8125
242.377 -11.7708 71.5557 -37.8125
242.143 -9.51512 71.5557 -37.8125
241.929 -7.38188 71.5557 -37.8125
241.749 -5.37656 71.5557 -37.8125
241.606 -3.50502 71.5557 -37.8125
241.484 -1.76007 71.5557 -37.8125
241.4 -0.170335 71.5557 -37.8125
241.346 1.26729 71.5557 -37.8125
241.318 2.55969 71.5557 -37.8125
241.329 3.69369 71.5557 -37.8125
241.357 4.66357 71.5557 -37.8125
241.387 5.42348 71.5557 -37.8125
241.421 5.93561 71.5557 -37.8125
241.442 6.22444 71.5557 -37.8125
241.458 6.39191 71.5557 -37.8125
241.456 6.44834 71.5557 -37.8125
241.456 6.44112 71.5557 -37.8125
241.468 6.43573 71.5557 -37.8125
241.488 6.44933 71.5557 -37.8125
241.502 6.50242 71.5557 -37.8125
241.509 6.60386 71.5557 -37.8125
241.523 6.84121 71.5557 -37.8125
241.556 7.25677 71.5557 -37.8125
241.623 7.83498 71.5557 -37.8125
241.76 8.54086 71.5557 -37.8125
241.985 9.31672 71.5557 -37.8125
242.351 10.1481 71.5557 -37.8125
242.859 11.0146 71.5557 -37.8125
243.565 11.8278 71.5557 -37.8125
244.407 12.5484 71.5557 -37.8125
245.535 13.1523 71.5557 -37.8125
246.887 13.6027 71.5557 -37.8125
248.423 13.919 71.5557 -37.8125
250.169 14.1035 71.5557 -37.8125
252.058 14.2109 71.5557 -37.8125
254.103 14.2873 71.5557 -37.8125
256.29 14.3497 71.5557 -37.8125
258.632 14.4226 71.5557 -37.8125
261.094 14.4989 71.5557 -37.8125
263.692 14.5916 71.5557 -37.8125
266.404 14.6816 71.5557 -37.8125
269.198 14.7756 71.5557 -37.8125
272.122 14.9015 71.5557 -37.8125
275.142 15.0059 71.5557 -37.8125
278.208 15.103 71.5557 -37.8125
281.346 15.2156 71.5557 -37.8125
284.498 15.3412 71.5557 -37.8125
287.685 15.4844 71.5557 -37.8125
290.866 15.6383 71.5557 -37.8125
293.998 15.7874 71.5557 -37.8125
297.107 15.9356 71.5557 -37.8125
300.191 16.1029 71.5557 -37.8125
303.274 16.2771 71.5557 -37.8125
306.336 16.4463 71.5557 -37.8125
309.4 16.613 71.5557 -37.8125
312.49 16.7503 71.5557 -37.8125
315.608 16.8839 71.5557 -37.8125
318.769 17.0222 71.5557 -37.8125
321.966 17.1721 71.5557 -37.8125
325.211 17.3388 71.5557 -37.8125
328.452 17.5089 71.5557 -37.8125
331.662 17.6671 71.5557 -37.8125
334.873 17.8359 71.5557 -37.8125
338.047 18.0179 71.5557 -37.8125
341.164 18.1846 71.5557 -37.8125
344.192 18.3462 71.5557 -37.8125
347.144 18.5118 71.5557 -37.8125
349.997 18.6926 71.5557 -37.8125
352.738 18.8767 71.5557 -37.8125
355.339 19.039 71.5557 -37.8125
357.77 19.1617 71.5557 -37.8125
360.012 19.2539 71.5557 -37.8125
362.022 19.3379 71.5557 -37.8125
363.842 19.4126 71.5557 -37.8125
365.457 19.4822 71.5557 -37.8125
366.876 19.5957 71.5557 -37.8125
368.193 19.7976 71.5557 -37.8125
369.471 20.1115 71.5557 -37.8125
370.662 20.5963 71.5557 -37.8125
371.758 21.2259 71.5557 -37.8125
372.767 22.0739 71.5557 -37.8125
373.7 23.1166 71.5557 -37.8125
374.457 24.3704 71.5557 -37.8125
374.935 25.8066 71.5557 -37.8125
375.153 27.406 71.5557 -37.8125
375.033 29.122 71.5557 -37.8125
374.862 30.9465 71.5557 -37.8125
374.646 32.8073 71.5557 -37.8125
374.454 34.8065 71.5557 -37.8125
374.237 36.9022 71.5557 -37.8125
374.017 39.1112 71.5557 -37.8125
373.828 41.4752 71.5557 -37.8125
373.669 43.9781 71.5557 -37.8125
373.529 46.6263 71.5557 -37.8125
373.409 49.3265 71.5557 -37.8125
373.297 52.0756 71.5557 -37.8125
373.174 54.8367 71.5557 -37.8125
373.04 57.583 71.5557 -37.8125
372.905 60.3085 71.5557 -37.8125
372.737 63.0311 71.5557 -37.8125
372.532 65.722 71.5557 -37.8125
372.333 68.4052 71.5557 -37.8125
372.146 71.0714 71.5557 -37.8125
371.976 73.7315 71.5557 -37.8125
371.849 76.3696 71.5557 -37.8125
371.76 78.9847 71.5557 -37.8125
371.707 81.5841 71.5557 -37.8125
371.698 84.1688 71.5557 -37.8125
371.718 86.6521 71.5557 -37.8125
371.742 88.9667 71.5557 -37.8125
371.755 91.0872 71.5557 -37.8125
371.738 92.9909 71.5557 -37.8125
371.673 94.7746 71.5557 -37.8125
371.571 96.5378 71.5557 -37.8125
371.439 98.2699 71.5557 -37.8125
371.272 100.017 71.5557 -37.8125
371.082 101.82 71.5557 -37.8125
370.859 103.677 71.5557 -37.8125
370.634 105.628 71.5557 -37.8125
370.384 107.71 71.5557 -37.8125
370.14 109.873 71.5557 -37.8125
369.916 112.225 71.5557 -37.8125
369.723 114.671 71.5557 -37.8125
369.517 117.275 71.5557 -37.8125
369.364 119.99 71.5557 -37.8125
369.291 122.844 71.5557 -37.8125
369.236 125.774 71.5557 -37.8125
369.216 128.744 71.5557 -37.8125
369.175 131.739 71.5557 -37.8125
369.142 134.711 71.5557 -37.8125
369.091 137.686 71.5557 -37.8125
368.984 140.608 71.5557 -37.8125
368.873 143.515 71.5557 -37.8125
368.758 146.42 71.5557 -37.8125
368.598 149.275 71.5557 -37.8125
368.425 152.137 71.5557 -37.8125
368.242 154.969 71.5557 -37.8125
368.045 157.761 71.5557 -37.8125
367.874 160.52 71.5557 -37.8125
367.721 163.255 71.5557 -37.8125
367.574 165.891 71.5557 -37.8125
367.427 168.415 71.5557 -37.8125
367.306 170.747 71.5557 -37.8125
367.201 172.931 71.5557 -37.8125
367.076 174.887 71.5557 -37.8125
366.928 176.706 71.5557 -37.8125
366.771 178.406 71.5557 -37.8125
366.524 180.013 71.5557 -37.8125
366.107 181.548 71.5557 -37.8125
365.486 182.977 71.5557 -37.8125
364.633 184.243 71.5557 -37.8125
363.538 185.318 71.5557 -37.8125
362.116 186.123 71.5557 -37.8125
360.581 186.726 71.5557 -37.8125
358.884 187.064 71.5557 -37.8125
357.055 187.18 71.5557 -37.8125
355.126 187.213 71.5557 -37.8125
353.12 187.17 71.5557 -37.8125
350.994 187.03 71.5557 -37.8125
348.759 186.837 71.5557 -37.8125
346.398 186.621 71.5557 -37.8125
343.935 186.343 71.5557 -37.8125
341.378 186.036 71.5557 -37.8125
338.696 185.741 71.5557 -37.8125
335.949 185.47 71.5557 -37.8125
333.155 185.218 71.5557 -37.8125
330.373 184.974 71.5557 -37.8125
327.573 184.757 71.5557 -37.8125
324.774 184.556 71.5557 -37.8125
321.949 184.348 71.5557 -37.8125
319.093 184.17 71.5557 -37.8125
316.225 184.024 71.5557 -37.8125
313.35 183.873 71.5557 -37.8125
310.514 183.71 71.5557 -37.8125
307.674 183.552 71.5557 -37.8125
304.86 183.419 71.5557 -37.8125
302.076 183.317 71.5557 -37.8125
299.286 183.237 71.5557 -37.8125
296.525 183.153 71.5557 -37.8125
293.763 183.04 71.5557 -37.8125
290.973 182.875 71.5557 -37.8125
288.165 182.722 71.5557 -37.8125
285.307 182.553 71.5557 -37.8125
282.428 182.393 71.5557 -37.8125
279.514 182.251 71.5557 -37.8125
276.583 182.098 71.5557 -37.8125
273.653 181.945 71.5557 -37.8125
270.712 181.762 71.5557 -37.8125
267.776 181.569 71.5557 -37.8125
264.806 181.353 71.5557 -37.8125
261.853 181.152 71.5557 -37.8125
258.832 180.929 71.5557 -37.8125
255.838 180.695 71.5557 -37.8125
252.875 180.497 71.5557 -37.8125
249.924 180.312 71.5557 -37.8125
247.017 180.131 71.5557 -37.8125
244.158 179.975 71.5557 -37.8125
241.398 179.84 71.5557 -37.8125
238.763 179.706 71.5557 -37.8125
236.242 179.565 71.5557 -37.8125
233.82 179.462 71.5557 -37.8125
231.559 179.41 71.5557 -37.8125
229.482 179.38 71.5557 -37.8125
227.597 179.367 71.5557 -37.8125
225.903 179.338 71.5557 -37.8125
224.422 179.252 71.5557 -37.8125
223.084 179.091 71.5557 -37.8125
221.793 178.755 71.5557 -37.8125
220.632 178.227 71.5557 -37.8125
219.528 177.539 71.5557 -37.8125
218.519 176.652 71.5557 -37.8125
217.602 175.534 71.5557 -37.8125
216.83 174.123 71.5557 -37.8125
216.26 172.474 71.5557 -37.8125
215.896 170.601 71.5557 -37.8125
215.705 168.566 71.5557 -37.8125
215.622 166.443 71.5557 -37.8125
215.568 164.246 71.5557 -37.8125
215.533 161.991 71.5557 -37.8125
215.512 159.609 71.5557 -37.8125
215.491 157.169 71.5557 -37.8125
215.491 154.651 71.5557 -37.8125
215.537 152.043 71.5557 -37.8125
215.577 149.356 71.5557 -37.8125
215.691 146.665 71.5557 -37.8125
215.798 143.951 71.5557 -37.8125
215.946 141.248 71.5557 -37.8125
216.165 138.556 71.5557 -37.8125
216.415 135.88 71.5557 -37.8125
216.646 133.229 71.5557 -37.8125
216.884 130.658 71.5557 -37.8125
217.076 128.171 71.5557 -37.8125
217.25 125.823 71.5557 -37.8125
217.366 123.657 71.5557 -37.8125
217.439 121.696 71.5557 -37.8125
217.479 119.858 71.5557 -37.8125
217.501 118.053 71.5557 -37.8125
217.492 116.251 71.5557 -37.8125
217.529 114.477 71.5557 -37.8125
217.554 112.752 71.5557 -37.8125
217.696 111.047 71.5557 -37.8125
218.001 109.377 71.5557 -37.8125
218.499 107.764 71.5557 -37.8125
219.215 106.273 71.5557 -37.8125
220.131 104.925 71.5557 -37.8125
221.233 103.745 71.5557 -37.8125
222.5 102.731 71.5557 -37.8125
223.853 101.931 71.5557 -37.8125
225.339 101.375 71.5557 -37.8125
226.91 101.007 71.5557 -37.8125
228.488 100.734 71.5557 -37.8125
230.016 100.447 71.5557 -37.8125
231.508 100.136 71.5557 -37.8125
232.933 99.7501 71.5557 -37.8125
234.199 99.2099 71.5557 -37.8125
235.208 98.5666 71.5557 -37.8125
236.08 97.8075 71.5557 -37.8125
236.654 96.8788 71.5557 -37.8125
237.053 95.9315 71.5557 -37.8125
237.469 94.9304 71.5557 -37.8125
237.747 93.7849 71.5557 -37.8125
237.969 92.5189 71.5557 -37.8125
238.159 91.1075 71.5557 -37.8125
238.288 89.532 71.5557 -37.8125
238.447 87.7646 71.5557 -37.8125
238.577 85.8189 71.5557 -37.8125
238.689 83.7365 71.5557 -37.8125
238.794 81.501 71.5557 -37.8125
238.906 79.14 71.5557 -37.8125
239.056 76.7297 71.5557 -37.8125
239.201 74.2535 71.5557 -37.8125
239.368 71.7261 71.5557 -37.8125
239.481 69.1157 71.5557 -37.8125
239.579 66.4564 71.5557 -37.8125
239.701 63.7768 71.5557 -37.8125
239.86 61.1032 71.5557 -37.8125
240.006 58.4305 71.5557 -37.8125
240.16 55.854 71.5557 -37.8125
240.331 53.3035 71.5557 -37.8125
240.471 50.7962 71.5557 -37.8125
240.614 48.2997 71.5557 -37.8125
240.771 45.8573 71.5557 -37.8125
240.948 43.4408 71.5557 -37.8125
241.162 41.1186 71.5557 -37.8125
241.385 38.9398 71.5557 -37.8125
241.61 36.8629 71.5557 -37.8125
241.816 34.8049 71.5557 -37.8125
241.998 32.7978 71.5557 -37.8125
242.184 30.928 71.5557 -37.8125
242.337 29.2143 71.5557 -37.8125
242.432 27.6821 71.5557 -37.8125
242.479 26.301 71.5557 -37.8125
242.466 25.064 71.5557 -37.8125
242.409 23.9679 71.5557 -37.8125
242.275 23.0239 71.5557 -37.8125
242.149 22.2492 71.5557 -37.8125
242.027 21.6752 71.5557 -37.8125
241.888 21.194 71.5557 -37.8125
241.743 20.7193 71.5557 -37.8125
241.586 20.2574 71.5557 -37.8125
241.362 19.7549 71.5557 -37.8125
241.001 19.0978 71.5557 -37.8125
240.465 18.3464 71.5557 -37.8125
239.744 17.5544 71.5557 -37.8125
238.801 16.8107 71.5557 -37.8125
237.646 16.1686 71.5557 -37.8125
236.244 15.6815 71.5557 -37.8125
234.595 15.3265 71.5557 -37.8125
232.72 15.0944 71.5557 -37.8125
230.65 14.9404 71.5557 -37.8125
228.39 14.8646 71.5557 -37.8125
225.953 14.8218 71.5557 -37.8125
223.337 14.7964 71.5557 -37.8125
220.563 14.762 71.5557 -37.8125
217.631 14.7082 71.5557 -37.8125
214.568 14.6052 71.5557 -37.8125
211.386 14.459 71.5557 -37.8125
208.096 14.3009 71.5557 -37.8125
204.744 14.1094 71.5557 -37.8125
201.336 13.8873 71.5557 -37.8125
197.892 13.6658 71.5557 -37.8125
194.403 13.4347 71.5557 -37.8125
190.876 13.1983 71.5557 -37.8125
187.299 12.9834 71.5557 -37.8125
183.673 12.7941 71.5557 -37.8125
179.987 12.6212 71.5557 -37.8125
176.246 12.4508 71.5557 -37.8125
172.45 12.284 71.5557 -37.8125
168.615 12.1239 71.5557 -37.8125
164.728 11.9612 71.5557 -37.8125
160.835 11.7788 71.5557 -37.8125
156.912 11.5911 71.5557 -37.8125
152.976 11.4047 71.5557 -37.8125
148.998 11.2175 71.5557 -37.8125
145.065 10.9799 71.5557 -37.8125
141.138 10.7322 71.5557 -37.8125
137.217 10.4904 71.5557 -37.8125
133.354 10.2676 71.5557 -37.8125
129.518 10.0536 71.5557 -37.8125
125.796 9.84221 71.5557 -37.8125
122.227 9.62653 71.5557 -37.8125
118.791 9.43038 71.5557 -37.8125
115.532 9.25444 71.5557 -37.8125
112.436 9.10542 71.5557 -37.8125
109.539 8.97377 71.5557 -37.8125
106.884 8.85038 71.5557 -37.8125
104.429 8.74335 71.5557 -37.8125
102.187 8.63715 71.5557 -37.8125
100.164 8.41084 71.5557 -37.8125
98.3388 8.00436 71.5557 -37.8125
96.7221 7.39198 71.5557 -37.8125
95.2671 6.55899 71.5557 -37.8125
93.9915 5.53843 71.5557 -37.8125
92.9312 4.351 71.5557 -37.8125
92.1057 2.97184 71.5557 -37.8125
91.527 1.46182 71.5557 -37.8125
91.1806 -0.0849347 71.5557 -37.8125
90.9604 -1.66986 71.5557 -37.8125
90.8427 -3.29903 71.5557 -37.8125
90.7384 -5.0162 71.5557 -37.8125
90.6484 -6.82147 71.5557 -37.8125
90.5428 -8.73118 71.5557 -37.8125
90.4367 -10.7716 71.5557 -37.8125
90.3313 -12.9511 71.5557 -37.8125
90.2864 -15.2848 71.5557 -37.8125
90.3559 -17.7449 71.5557 -37.8125
90.5223 -20.3132 71.5557 -37.8125
90.7494 -22.9146 71.5557 -37.8125
90.9584 -25.499 71.5557 -37.8125
91.0988 -28.0601 71.5557 -37.8125
91.127 -30.6091 71.5557 -37.8125
91.0447 -33.1244 71.5557 -37.8125
90.8711 -35.6416 71.5557 -37.8125
90.6533 -38.1745 71.5557 -37.8125
90.4329 -40.7715 71.5557 -37.8125
90.2242 -43.4443 71.5557 -37.8125
90.0342 -46.1437 71.5557 -37.8125
89.8287 -48.8397 71.5557 -37.8125
89.5039 -51.5004 71.5557 -37.8125
88.9954 -54.1154 71.5557 -37.8125
88.3197 -56.6544 71.5557 -37.8125
87.5137 -59.1386 71.5557 -37.8125
86.6161 -61.6501 71.5557 -37.8125
85.6827 -64.1523 71.5557 -37.8125
84.7349 -66.6885 71.5557 -37.8125
83.7444 -69.2686 71.5557 -37.8125
82.6715 -71.8591 71.5557 -37.8125
81.457 -74.4337 71.5557 -37.8125
80.1359 -77.0519 71.5557 -37.8125
78.7591 -79.7072 71.5557 -37.8125
77.3842 -82.3612 71.5557 -37.8125
76.0061 -84.9769 71.5557 -37.8125
74.5608 -87.5376 71.5557 -37.8125
73.0378 -89.9981 71.5557 -37.8125
71.4191 -92.344 71.5557 -37.8125
69.7026 -94.5863 71.5557 -37.8125
67.9232 -96.7226 71.5557 -37.8125
66.1614 -98.7837 71.5557 -37.8125
64.4908 -100.751 71.5557 -37.8125
62.9755 -102.601 71.5557 -37.8125
61.6421 -104.32 71.5557 -37.8125
60.3806 -105.943 71.5557 -37.8125
59.1028 -107.534 71.5557 -37.8125
57.8239 -109.109 71.5557 -37.8125
56.5332 -110.657 71.5557 -37.8125
55.1825 -112.255 71.5557 -37.8125
53.7751 -113.919 71.5557 -37.8125
52.3668 -115.669 71.5557 -37.8125
50.9728 -117.54 71.5557 -37.8125
49.5886 -119.501 71.5557 -37.8125
48.1017 -121.547 71.5557 -37.8125
46.5606 -123.643 71.5557 -37.8125
44.9311 -125.83 71.5557 -37.8125
43.2505 -128.092 71.5557 -37.8125
41.5053 -130.415 71.5557 -37.8125
39.769 -132.741 71.5557 -37.8125
38.0213 -135.076 71.5557 -37.8125
36.2703 -137.397 71.5557 -37.8125
34.577 -139.733 71.5557 -37.8125
32.9082 -142.063 71.5557 -37.8125
31.2347 -144.364 71.5557 -37.8125
29.5517 -146.623 71.5557 -37.8125
27.8532 -148.877 71.5557 -37.8125
26.2085 -151.073 71.5557 -37.8125
24.6123 -153.201 71.5557 -37.8125
23.0999 -155.161 71.5557 -37.8125
21.6311 -157.005 71.5557 -37.8125
20.3007 -158.618 71.5557 -37.8125
19.0694 -160.079 71.5557 -37.8125
17.9818 -161.512 71.5557 -37.8125
17.1134 -163.042 71.5557 -37.8125
16.511 -164.64 71.5557 -37.8125
16.1241 -166.302 71.5557 -37.8125
15.9413 -168.066 71.5557 -37.8125
15.9252 -169.899 71.5557 -37.8125
15.9666 -171.794 71.5557 -37.8125
15.9682 -173.768 71.5557 -37.8125
15.9283 -175.797 71.5557 -37.8125
15.8333 -177.87 71.5557 -37.8125
15.7095 -180.029 71.5557 -37.8125
15.532 -182.211 71.5557 -37.8125
15.3627 -184.461 71.5557 -37.8125
15.1812 -186.742 71.5557 -37.8125
15.017 -189.048 71.5557 -37.8125
14.8327 -191.344 71.5557 -37.8125
14.6436 -193.677 71.5557 -37.8125
14.4377 -196.036 71.5557 -37.8125
14.2027 -198.448 71.5557 -37.8125
13.9507 -200.922 71.5557 -37.8125
13.7044 -203.427 71.5557 -37.8125
13.4589 -205.951 71.5557 -37.8125
13.2386 -208.477 71.5557 -37.8125
13.047 -211.0 71.5557 -37.8125
12.8551 -213.536 71.5557 -37.8125
12.6614 -216.083 71.5557 -37.8125
12.4331 -218.665 71.5557 -37.8125
12.2092 -221.266 71.5557 -37.8125
12.0095 -223.923 71.5557 -37.8125
11.8062 -226.591 71.5557 -37.8125
11.572 -229.281 71.5557 -37.8125
11.3102 -231.959 71.5557 -37.8125
11.076 -234.672 71.5557 -37.8125
10.816 -237.34 71.5557 -37.8125
10.544 -240.005 71.5557 -37.8125
10.3195 -242.625 71.5557 -37.8125
10.106 -245.24 71.5557 -37.8125
9.91033 -247.8 71.5557 -37.8125
9.73558 -250.334 71.5557 -37.8125
9.56537 -252.763 71.5557 -37.8125
9.40147 -255.093 71.5557 -37.8125
9.24838 -257.272 71.5557 -37.8125
9.07942 -259.364 71.5557 -37.8125
8.76649 -261.049 71.5557 -37.8125
8.45409 -262.732 71.5557 -37.8125
8.14207 -264.413 71.5557 -37.8125
7.83065 -266.093 71.5557 -37.8125
7.51959 -267.772 71.5557 -37.8125
7.21193 -269.091 71.5557 -37.8125
6.97294 -270.081 71.5557 -37.8125
6.82924 -270.923 71.5557 -37.8125
6.77571 -271.689 71.5557 -37.8125
6.82644 -272.449 71.5557 -37.8125
6.98455 -273.191 71.5557 -37.8125
7.23763 -273.937 71.5557 -37.8125
7.63491 -274.708 71.5557 -37.8125
8.26445 -275.458 71.5557 -37.8125
9.55131 -276.03 71.5557 -37.8125
10.8286 -276.582 71.5557 -37.8125
12.0931 -277.115 71.5557 -37.8125
13.3424 -277.632 71.5557 -37.8125
14.5729 -278.135 71.5557 -37.8125
16.2289 -278.511 71.5557 -37.8125
18.2263 -278.749 71.5557 -37.8125
20.4463 -278.952 71.5557 -37.8125
22.8254 -279.082 71.5557 -37.8125
25.3763 -279.199 71.5557 -37.8125
28.0546 -279.367 71.5557 -37.8125
30.8422 -279.556 71.5557 -37.8125
33.6731 -279.748 71.5557 -37.8125
36.6079 -279.97 71.5557 -37.8125
39.5709 -280.196 71.5557 -37.8125
42.5737 -280.413 71.5557 -37.8125
45.6197 -280.623 71.5557 -37.8125
48.6866 -280.825 71.5557 -37.8125
51.7289 -281.037 71.5557 -37.8125
54.7931 -281.27 71.5557 -37.8125
57.8613 -281.457 71.5557 -37.8125
60.9464 -281.694 71.5557 -37.8125
64.0097 -282.0 71.5557 -37.8125
67.0949 -282.246 71.5557 -37.8125
70.1555 -282.454 71.5557 -37.8125
73.228 -282.631 71.5557 -37.8125
76.2706 -282.8 71.5557 -37.8125
79.317 -283.018 71.5557 -37.8125
82.3235 -283.272 71.5557 -37.8125
85.375 -283.526 71.5557 -37.8125
88.3434 -283.766 71.5557 -37.8125
91.3582 -284.034 71.5557 -37.8125
94.3448 -284.331 71.5557 -37.8125
97.3423 -284.667 71.5557 -37.8125
100.306 -285.083 71.5557 -37.8125
103.233 -285.542 71.5557 -37.8125
106.129 -285.998 71.5557 -37.8125
109.007 -286.485 71.5557 -37.8125
111.86 -286.936 71.5557 -37.8125
114.665 -287.354 71.5557 -37.8125
117.436 -287.774 71.5557 -37.8125
120.084 -288.19 71.5557 -37.8125
122.629 -288.577 71.5557 -37.8125
125.082 -288.988 71.5557 -37.8125
127.382 -289.438 71.5557 -37.8125
129.525 -289.902 71.5557 -37.8125
131.439 -290.368 71.5557 -37.8125
133.189 -290.846 71.5557 -37.8125
134.789 -291.308 71.5557 -37.8125
136.36 -291.727 71.5557 -37.8125
137.961 -292.043 71.5557 -37.8125
139.538 -292.222 71.5557 -37.8125
141.132 -292.181 71.5557 -37.8125
142.635 -291.396 71.5557 -37.8125
144.044 -290.296 71.5557 -37.8125
145.419 -289.197 71.5557 -37.8125
146.762 -288.106 71.5557 -37.8125
148.077 -287.029 71.5557 -37.8125
149.306 -285.833 71.5557 -37.8125
150.224 -283.925 71.5557 -37.8125
151.148 -281.926 71.5557 -37.8125
152.146 -279.855 71.5557 -37.8125
153.209 -277.685 71.5557 -37.8125
154.371 -275.421 71.5557 -37.8125
155.634 -273.05 71.5557 -37.8125
156.967 -270.591 71.5557 -37.8125
158.343 -268.072 71.5557 -37.8125
159.743 -265.543 71.5557 -37.8125
161.212 -262.976 71.5557 -37.8125
162.759 -260.533 71.5557 -37.8125
164.396 -258.137 71.5557 -37.8125
166.083 -255.791 71.5557 -37.8125
167.785 -253.421 71.5557 -37.8125
169.471 -250.991 71.5557 -37.8125
171.103 -248.516 71.5557 -37.8125
172.702 -245.979 71.5557 -37.8125
174.227 -243.407 71.5557 -37.8125
175.693 -240.82 71.5557 -37.8125
177.109 -238.186 71.5557 -37.8125
178.478 -235.56 71.5557 -37.8125
179.851 -232.964 71.5557 -37.8125
181.204 -230.402 71.5557 -37.8125
182.57 -227.87 71.5557 -37.8125
183.934 -225.393 71.5557 -37.8125
185.243 -222.962 71.5557 -37.8125
186.534 -220.587 71.5557 -37.8125
187.742 -218.317 71.5557 -37.8125
188.895 -216.115 71.5557 -37.8125
189.949 -214.062 71.5557 -37.8125
190.917 -212.138 71.5557 -37.8125
191.813 -210.362 71.5557 -37.8125
192.618 -208.786 71.5557 -37.8125
193.351 -207.386 71.5557 -37.8125
194.007 -206.211 71.5557 -37.8125
194.579 -205.242 71.5557 -37.8125
195.041 -204.515 71.5557 -37.8125
195.462 -203.931 71.5557 -37.8125
195.917 -203.373 71.5557 -37.8125
196.461 -202.875 71.5557 -37.8125
196.951 -202.33 71.5557 -37.8125
197.534 -201.726 71.5557 -37.8125
198.26 -200.895 71.5557 -37.8125
199.107 -199.863 71.5557 -37.8125
200.101 -198.651 71.5557 -37.8125
201.146 -197.253 71.5557 -37.8125
202.234 -195.732 71.5557 -37.8125
203.351 -193.955 71.5557 -37.8125
204.502 -191.952 71.5557 -37.8125
205.653 -189.947 71.5557 -37.8125
206.803 -187.943 71.5557 -37.8125
207.953 -185.94 71.5557 -37.8125
209.1 -183.947 71.5557 -37.8125
210.347 -181.695 71.5557 -37.8125
211.625 -179.391 71.5557 -37.8125
212.902 -177.088 71.5557 -37.8125
214.188 -174.792 71.5557 -37.8125
215.457 -172.506 71.5557 -37.8125
216.717 -170.263 71.5557 -37.8125
217.945 -168.039 71.5557 -37.8125
219.102 -165.953 71.5557 -37.8125
220.165 -164.01 71.5557 -37.8125
221.084 -162.218 71.5557 -37.8125
221.867 -160.574 71.5557 -37.8125
222.53 -158.96 71.5557 -37.8125
223.003 -157.294 71.5557 -37.8125
223.28 -155.633 71.5557 -37.8125
223.381 -153.945 71.5557 -37.8125
223.327 -152.194 71.5557 -37.8125
223.185 -150.343 71.5557 -37.8125
223.004 -148.383 71.5557 -37.8125
222.825 -146.286 71.5557 -37.8125
222.644 -144.041 71.5557 -37.8125
222.436 -141.645 71.5557 -37.8125
222.259 -139.12 71.5557 -37.8125
222.118 -136.433 71.5557 -37.8125
221.995 -133.619 71.5557 -37.8125
221.894 -130.715 71.5557 -37.8125
221.75 -127.689 71.5557 -37.8125
221.606 -124.638 71.5557 -37.8125
221.44 -121.591 71.5557 -37.8125
221.243 -118.52 71.5557 -37.8125
221.036 -115.515 71.5557 -37.8125
220.838 -112.517 71.5557 -37.8125
220.645 -109.571 71.5557 -37.8125
220.477 -106.665 71.5557 -37.8125
220.32 -103.757 71.5557 -37.8125
220.17 -100.889 71.5557 -37.8125
220.016 -98.0475 71.5557 -37.8125
219.832 -95.2596 71.5557 -37.8125
219.626 -92.5668 71.5557 -37.8125
219.438 -90.0119 71.5557 -37.8125
219.265 -87.6082 71.5557 -37.8125
219.116 -85.4127 71.5557 -37.8125
219.023 -83.4001 71.5557 -37.8125
219.038 -81.557 71.5557 -37.8125
219.181 -79.808 71.5557 -37.8125
219.497 -78.1104 71.5557 -37.8125
219.968 -76.4766 71.5557 -37.8125
220.705 -74.966 71.5557 -37.8125
221.768 -73.6354 71.5557 -37.8125
223.067 -72.5072 71.5557 -37.8125
224.57 -71.5503 71.5557 -37.8125
226.303 -70.7974 71.5557 -37.8125
228.195 -70.2652 71.5557 -37.8125
230.203 -69.9556 71.5557 -37.8125
232.335 -69.7611 71.5557 -37.8125
234.535 -69.64 71.5557 -37.8125
236.785 -69.5821 71.5557 -37.8125
239.133 -69.5355 71.5557 -37.8125
241.53 -69.4881 71.5557 -37.8125
244.043 -69.4497 71.5557 -37.8125
246.652 -69.3384 71.5557 -37.8125
249.331 -69.1858 71.5557 -37.8125
252.078 -69.0482 71.5557 -37.8125
254.95 -68.9023 71.5557 -37.8125
257.911 -68.7567 71.5557 -37.8125
260.97 -68.5872 71.5557 -37.8125
264.135 -68.4038 71.5557 -37.8125
267.325 -68.2267 71.5557 -37.8125
270.539 -68.0303 71.5557 -37.8125
273.749 -67.8442 71.5557 -37.8125
276.933 -67.6598 71.5557 -37.8125
280.103 -67.4563 71.5557 -37.8125
283.26 -67.2488 71.5557 -37.8125
286.398 -67.0433 71.5557 -37.8125
289.558 -66.8289 71.5557 -37.8125
292.697 -66.6192 71.5557 -37.8125
295.818 -66.4079 71.5557 -37.8125
298.903 -66.2215 71.5557 -37.8125
301.971 -65.999 71.5557 -37.8125
305.014 -65.7448 71.5557 -37.8125
308.026 -65.4805 71.5557 -37.8125
311.029 -65.1679 71.5557 -37.8125
314.024 -64.7996 71.5557 -37.8125
316.979 -64.3955 71.5557 -37.8125
319.931 -63.9443 71.5557 -37.8125
322.898 -63.541 71.5557 -37.8125
325.899 -63.1906 71.5557 -37.8125
328.895 -62.8685 71.5557 -37.8125
331.922 -62.643 71.5557 -37.8125
334.935 -62.5014 71.5557 -37.8125
337.974 -62.3533 71.5557 -37.8125
341.039 -62.2183 71.5557 -37.8125
344.031 -62.0718 71.5557 -37.8125
347.02 -61.9569 71.5557 -37.8125
349.962 -61.8244 71.5557 -37.8125
352.788 -61.7342 71.5557 -37.8125
355.507 -61.6466 71.5557 -37.8125
358.113 -61.5652 71.5557 -37.8125
360.589 -61.5557 71.5557 -37.8125
362.882 -61.5836 71.5557 -37.8125
364.972 -61.6182 71.5557 -37.8125
366.996 -61.632 71.5557 -37.8125
369.028 -61.6521 71.5557 -37.8125
371.013 -61.5938 71.5557 -37.8125
373.016 -61.4454 71.5557 -37.8125
375.091 -61.1821 71.5557 -37.8125
377.265 -60.8497 71.5557 -37.8125
379.59 -60.523 71.5557 -37.8125
382.033 -60.2375 71.5557 -37.8125
384.624 -59.9974 71.5557 -37.8125
387.325 -59.8435 71.5557 -37.8125
390.16 -59.768 71.5557 -37.8125
393.093 -59.7653 71.5557 -37.8125
396.16 -59.7616 71.5557 -37.8125
399.34 -59.7132 71.5557 -37.8125
402.56 -59.6468 71.5557 -37.8125
405.772 -59.5288 71.5557 -37.8125
408.98 -59.3744 71.5557 -37.8125
412.156 -59.2059 71.5557 -37.8125
415.313 -59.0265 71.5557 -37.8125
418.461 -58.8597 71.5557 -37.8125
421.557 -58.685 71.5557 -37.8125
424.624 -58.5271 71.5557 -37.8125
427.616 -58.3917 71.5557 -37.8125
430.458 -58.2325 71.5557 -37.8125
433.169 -58.057 71.5557 -37.8125
435.746 -57.8406 71.5557 -37.8125
438.174 -57.5691 71.5557 -37.8125
440.456 -57.26 71.5557 -37.8125
442.573 -56.9145 71.5557 -37.8125
444.488 -56.5323 71.5557 -37.8125
446.192 -56.2444 71.5557 -37.8125
447.763 -56.1296 71.5557 -37.8125
448.909 -56.8575 71.5557 -37.8125
450.009 -57.5666 71.5557 -37.8125
451.068 -58.2483 71.5557 -37.8125
452.086 -58.8936 71.5557 -37.8125
453.073 -59.4975 71.5557 -37.8125
453.673 -60.4355 71.5557 -37.8125
453.954 -61.6684 71.5557 -37.8125
454.137 -63.0551 71.5557 -37.8125
454.21 -64.613 71.5557 -37.8125
454.261 -66.3168 71.5557 -37.8125
454.349 -68.1686 71.5557 -37.8125
454.448 -70.1649 71.5557 -37.8125
454.553 -72.2875 71.5557 -37.8125
454.689 -74.5618 71.5557 -37.8125
454.843 -76.9738 71.5557 -37.8125
454.994 -79.4997 71.5557 -37.8125
455.178 -82.104 71.5557 -37.8125
455.363 -84.8388 71.5557 -37.8125
455.499 -87.6354 71.5557 -37.8125
455.63 -90.4832 71.5557 -37.8125
455.787 -93.3841 71.5557 -37.8125
455.948 -96.3009 71.5557 -37.8125
456.109 -99.2281 71.5557 -37.8125
456.282 -102.159 71.5557 -37.8125
456.44 -105.06 71.5557 -37.8125
456.565 -107.967 71.5557 -37.8125
456.704 -110.853 71.5557 -37.8125
456.863 -113.704 71.5557 -37.8125
457.007 -116.548 71.5557 -37.8125
457.152 -119.319 71.5557 -37.8125
457.322 -122.057 71.5557 -37.8125
457.515 -124.783 71.5557 -37.8125
457.758 -127.476 71.5557 -37.8125
458.091 -130.119 71.5557 -37.8125
458.504 -132.753 71.5557 -37.8125
458.977 -135.326 71.5557 -37.8125
459.512 -137.905 71.5557 -37.8125
460.113 -140.409 71.5557 -37.8125
460.772 -142.913 71.5557 -37.8125
461.49 -145.34 71.5557 -37.8125
462.318 -147.735 71.5557 -37.8125
463.191 -150.103 71.5557 -37.8125
464.103 -152.414 71.5557 -37.8125
465.065 -154.717 71.5557 -37.8125
466.056 -156.963 71.5557 -37.8125
467.112 -159.169 71.5557 -37.8125
468.218 -161.323 71.5557 -37.8125
469.353 -163.407 71.5557 -37.8125
470.534 -165.441 71.5557 -37.8125
471.732 -167.41 71.5557 -37.8125
472.919 -169.219 71.5557 -37.8125
474.075 -170.884 71.5557 -37.8125
475.137 -172.393 71.5557 -37.8125
476.082 -173.735 71.5557 -37.8125
476.861 -174.942 71.5557 -37.8125
477.453 -175.991 71.5557 -37.8125
477.938 -177.002 71.5557 -37.8125
478.31 -178.056 71.5557 -37.8125
478.505 -179.128 71.5557 -37.8125
478.591 -180.182 71.5557 -37.8125
478.495 -181.298 71.5557 -37.8125
478.245 -182.475 71.5557 -37.8125
477.694 -183.643 71.5557 -37.8125
476.951 -184.888 71.5557 -37.8125
475.88 -186.18 71.5557 -37.8125
474.511 -187.531 71.5557 -37.8125
472.901 -188.961 71.5557 -37.8125
471.065 -190.462 71.5557 -37.8125
469.033 -192.064 71.5557 -37.8125
466.867 -193.802 71.5557 -37.8125
464.532 -195.63 71.5557 -37.8125
462.129 -197.482 71.5557 -37.8125
459.723 -199.356 71.5557 -37.8125
457.324 -201.244 71.5557 -37.8125
454.936 -203.145 71.5557 -37.8125
452.572 -205.047 71.5557 -37.8125
450.219 -206.956 71.5557 -37.8125
447.89 -208.854 71.5557 -37.8125
445.561 -210.739 71.5557 -37.8125
443.243 -212.595 71.5557 -37.8125
440.94 -214.456 71.5557 -37.8125
438.665 -216.302 71.5557 -37.8125
436.375 -218.193 71.5557 -37.8125
434.035 -220.122 71.5557 -37.8125
431.647 -222.119 71.5557 -37.8125
429.213 -224.14 71.5557 -37.8125
426.799 -226.16 71.5557 -37.8125
424.387 -228.18 71.5557 -37.8125
421.975 -230.199 71.5557 -37.8125
419.563 -232.219 71.5557 -37.8125
417.151 -234.238 71.5557 -37.8125
414.84 -236.197 71.5557 -37.8125
412.722 -238.006 71.5557 -37.8125
410.902 -239.166 71.5557 -37.8125
409.086 -240.324 71.5557 -37.8125
407.274 -241.48 71.5557 -37.8125
405.466 -242.637 71.5557 -37.8125
403.579 -243.776 71.5557 -37.8125
401.962 -244.073 71.5557 -37.8125
400.344 -243.935 71.5557 -37.8125
398.825 -243.431 71.5557 -37.8125
397.385 -242.596 71.5557 -37.8125
396.047 -241.492 71.5557 -37.8125
394.784 -240.169 71.5557 -37.8125
393.644 -238.707 71.5557 -37.8125
392.611 -237.025 71.5557 -37.8125
391.686 -235.132 71.5557 -37.8125
390.876 -233.042 71.5557 -37.8125
390.193 -230.737 71.5557 -37.8125
389.577 -228.259 71.5557 -37.8125
389.044 -225.596 71.5557 -37.8125
388.628 -222.77 71.5557 -37.8125
388.243 -219.783 71.5557 -37.8125
387.854 -216.66 71.5557 -37.8125
387.488 -213.454 71.5557 -37.8125
387.13 -210.187 71.5557 -37.8125
386.801 -206.882 71.5557 -37.8125
386.496 -203.539 71.5557 -37.8125
386.209 -200.166 71.5557 -37.8125
385.947 -196.796 71.5557 -37.8125
385.707 -193.429 71.5557 -37.8125
385.484 -190.099 71.5557 -37.8125
385.301 -186.786 71.5557 -37.8125
385.134 -183.511 71.5557 -37.8125
384.982 -180.27 71.5557 -37.8125
384.829 -177.061 71.5557 -37.8125
384.687 -173.885 71.5557 -37.8125
384.564 -170.742 71.5557 -37.8125
384.439 -167.64 71.5557 -37.8125
384.347 -164.609 71.5557 -37.8125
384.281 -161.695 71.5557 -37.8125
384.247 -158.947 71.5557 -37.8125
384.247 -156.376 71.5557 -37.8125
384.224 -153.975 71.5557 -37.8125
384.141 -151.742 71.5557 -37.8125
383.966 -149.693 71.5557 -37.8125
383.67 -147.906 71.5557 -37.8125
383.165 -146.391 71.5557 -37.8125
382.402 -145.093 71.5557 -37.8125
381.374 -144.04 71.5557 -37.8125
380.157 -143.257 71.5557 -37.8125
378.76 -142.75 71.5557 -37.8125
377.205 -142.421 71.5557 -37.8125
375.563 -142.272 71.5557 -37.8125
373.798 -142.162 71.5557 -37.8125
371.932 -142.14 71.5557 -37.8125
369.919 -142.121 71.5557 -37.8125
367.76 -142.115 71.5557 -37.8125
365.443 -142.153 71.5557 -37.8125
362.972 -142.238 71.5557 -37.8125
360.329 -142.334 71.5557 -37.8125
357.522 -142.469 71.5557 -37.8125
354.557 -142.639 71.5557 -37.8125
351.511 -142.787 71.5557 -37.8125
348.393 -142.952 71.5557 -37.8125
345.222 -143.117 71.5557 -37.8125
342.025 -143.288 71.5557 -37.8125
338.826 -143.492 71.5557 -37.8125
335.627 -143.673 71.5557 -37.8125
332.446 -143.864 71.5557 -37.8125
329.27 -144.083 71.5557 -37.8125
326.062 -144.292 71.5557 -37.8125
322.795 -144.478 71.5557 -37.8125
319.48 -144.642 71.5557 -37.8125
316.11 -144.815 71.5557 -37.8125
312.678 -145.015 71.5557 -37.8125
309.198 -145.23 71.5557 -37.8125
305.689 -145.436 71.5557 -37.8125
302.145 -145.64 71.5557 -37.8125
298.595 -145.849 71.5557 -37.8125
295.046 -146.074 71.5557 -37.8125
291.559 -146.312 71.5557 -37.8125
288.056 -146.544 71.5557 -37.8125
284.591 -146.755 71.5557 -37.8125
281.138 -146.963 71.5557 -37.8125
277.683 -147.177 71.5557 -37.8125
274.247 -147.372 71.5557 -37.8125
270.9 -147.524 71.5557 -37.8125
267.514 -147.704 71.5557 -37.8125
264.189 -147.89 71.5557 -37.8125
260.928 -148.08 71.5557 -37.8125
257.705 -148.247 71.5557 -37.8125
254.524 -148.422 71.5557 -37.8125
251.487 -148.595 71.5557 -37.8125
248.564 -148.751 71.5557 -37.8125
245.803 -148.907 71.5557 -37.8125
243.207 -149.071 71.5557 -37.8125
240.773 -149.24 71.5557 -37.8125
238.516 -149.41 71.5557 -37.8125
236.486 -149.573 71.5557 -37.8125
234.654 -149.74 71.5557 -37.8125
233.008 -149.863 71.5557 -37.8125
231.523 -149.906 71.5557 -37.8125
230.194 -149.789 71.5557 -37.8125
228.941 -149.527 71.5557 -37.8125
227.779 -149.087 71.5557 -37.8125
226.698 -148.509 71.5557 -37.8125
225.657 -147.698 71.5557 -37.8125
224.73 -146.703 71.5557 -37.8125
223.949 -145.503 71.5557 -37.8125
223.311 -144.068 71.5557 -37.8125
222.822 -142.464 71.5557 -37.8125
222.478 -140.72 71.5557 -37.8125
222.275 -138.794 71.5557 -37.8125
222.122 -136.708 71.5557 -37.8125
222.01 -134.423 71.5557 -37.8125
221.945 -131.985 71.5557 -37.8125
221.901 -129.368 71.5557 -37.8125
221.87 -126.551 71.5557 -37.8125
221.85 -123.649 71.5557 -37.8125
221.813 -120.664 71.5557 -37.8125
221.737 -117.647 71.5557 -37.8125
221.657 -114.635 71.5557 -37.8125
221.514 -111.631 71.5557 -37.8125
221.282 -108.702 71.5557 -37.8125
221.097 -105.773 71.5557 -37.8125
220.918 -102.852 71.5557 -37.8125
220.766 -99.978 71.5557 -37.8125
220.598 -97.1319 71.5557 -37.8125
220.431 -94.3241 71.5557 -37.8125
220.307 -91.5938 71.5557 -37.8125
220.183 -89.0479 71.5557 -37.8125
220.042 -86.7147 71.5557 -37.8125
219.898 -84.6474 71.5557 -37.8125
219.783 -82.8486 71.5557 -37.8125
219.699 -81.325 71.5557 -37.8125
219.693 -79.9274 71.5557 -37.8125
219.837 -78.5505 71.5557 -37.8125
220.124 -77.2274 71.5557 -37.8125
220.585 -75.9566 71.5557 -37.8125
221.161 -74.7603 71.5557 -37.8125
222.017 -73.6311 71.5557 -37.8125
223.065 -72.5837 71.5557 -37.8125
224.31 -71.6787 71.5557 -37.8125
225.771 -70.9708 71.5557 -37.8125
227.236 -70.3856 71.5557 -37.8125
228.711 -69.9868 71.5557 -37.8125
230.235 -69.7166 71.5557 -37.8125
231.806 -69.5662 71.5557 -37.8125
233.426 -69.4779 71.5557 -37.8125
235.056 -69.3964 71.5557 -37.8125
236.69 -69.2919 71.5557 -37.8125
238.317 -69.0847 71.5557 -37.8125
239.898 -68.7077 71.5557 -37.8125
241.289 -68.2168 71.5557 -37.8125
242.497 -67.4447 71.5557 -37.8125
243.534 -66.4592 71.5557 -37.8125
244.371 -65.2972 71.5557 -37.8125
244.986 -64.0181 71.5557 -37.8125
245.366 -62.5892 71.5557 -37.8125
245.503 -61.0668 71.5557 -37.8125
245.534 -59.4832 71.5557 -37.8125
245.462 -57.7829 71.5557 -37.8125
245.343 -55.9158 71.5557 -37.8125
245.234 -53.8773 71.5557 -37.8125
245.141 -51.6648 71.5557 -37.8125
245.059 -49.2687 71.5557 -37.8125
244.986 -46.7097 71.5557 -37.8125
244.908 -44.0053 71.5557 -37.8125
244.771 -41.1579 71.5557 -37.8125
244.62 -38.1373 71.5557 -37.8125
244.45 -34.9976 71.5557 -37.8125
244.248 -31.7552 71.5557 -37.8125
244.057 -28.5157 71.5557 -37.8125
243.891 -25.2799 71.5557 -37.8125
243.719 -22.0641 71.5557 -37.8125
243.497 -18.8694 71.5557 -37.8125
243.251 -15.7292 71.5557 -37.8125
242.995 -12.6468 71.5557 -37.8125
242.729 -9.69718 71.5557 -37.8125
242.474 -6.90497 71.5557 -37.8125
242.253 -4.29605 71.5557 -37.8125
242.055 -1.91013 71.5557 -37.8125
241.874 0.236394 71.5557 -37.8125
241.734 2.12728 71.5557 -37.8125
241.652 3.72838 71.5557 -37.8125
241.628 5.01516 71.5557 -37.8125
241.646 6.04276 71.5557 -37.8125
241.693 6.84525 71.5557 -37.8125
241.762 7.5446 71.5557 -37.8125
241.868 8.22585 71.5557 -37.8125
242.031 8.8842 71.5557 -37.8125
242.253 9.53687 71.5557 -37.8125
242.646 10.3162 71.5557 -37.8125
243.206 11.201 71.5557 -37.8125
243.958 12.0709 71.5557 -37.8125
244.955 12.8564 71.5557 -37.8125
246.227 13.5269 71.5557 -37.8125
247.763 14.0234 71.5557 -37.8125
249.535 14.3484 71.5557 -37.8125
251.538 14.4879 71.5557 -37.8125
253.758 14.5548 71.5557 -37.8125
256.182 14.6199 71.5557 -37.8125
258.805 14.6882 71.5557 -37.8125
261.601 14.767 71.5557 -37.8125
264.608 14.8939 71.5557 -37.8125
267.808 14.9877 71.5557 -37.8125
271.154 15.0987 71.5557 -37.8125
274.654 15.2242 71.5557 -37.8125
278.22 15.3458 71.5557 -37.8125
281.892 15.491 71.5557 -37.8125
285.583 15.6457 71.5557 -37.8125
289.317 15.8256 71.5557 -37.8125
293.055 15.9994 71.5557 -37.8125
296.791 16.1486 71.5557 -37.8125
300.57 16.3153 71.5557 -37.8125
304.37 16.4803 71.5557 -37.8125
308.161 16.6472 71.5557 -37.8125
311.982 16.8065 71.5557 -37.8125
315.816 16.9636 71.5557 -37.8125
319.643 17.1089 71.5557 -37.8125
323.453 17.2593 71.5557 -37.8125
327.263 17.4087 71.5557 -37.8125
331.035 17.5519 71.5557 -37.8125
334.789 17.703 71.5557 -37.8125
338.502 17.8533 71.5557 -37.8125
342.124 18.0252 71.5557 -37.8125
345.606 18.1934 71.5557 -37.8125
348.918 18.3735 71.5557 -37.8125
352.122 18.5583 71.5557 -37.8125
355.18 18.701 71.5557 -37.8125
358.052 18.8167 71.5557 -37.8125
360.737 18.8963 71.5557 -37.8125
363.194 18.964 71.5557 -37.8125
365.435 19.0085 71.5557 -37.8125
367.416 19.0761 71.5557 -37.8125
369.164 19.1907 71.5557 -37.8125
370.756 19.3672 71.5557 -37.8125
372.244 19.7647 71.5557 -37.8125
373.59 20.4415 71.5557 -37.8125
374.742 21.3878 71.5557 -37.8125
375.665 22.5484 71.5557 -37.8125
376.335 23.9336 71.5557 -37.8125
376.658 25.4641 71.5557 -37.8125
376.658 27.1276 71.5557 -37.8125
376.43 28.8523 71.5557 -37.8125
376.116 30.6848 71.5557 -37.8125
375.767 32.6381 71.5557 -37.8125
375.42 34.7831 71.5557 -37.8125
375.053 37.1042 71.5557 -37.8125
374.707 39.59 71.5557 -37.8125
374.429 42.2518 71.5557 -37.8125
374.186 45.0526 71.5557 -37.8125
373.964 48.0089 71.5557 -37.8125
373.754 51.0767 71.5557 -37.8125
373.554 54.2531 71.5557 -37.8125
373.362 57.4889 71.5557 -37.8125
373.197 60.7458 71.5557 -37.8125
373.023 64.034 71.5557 -37.8125
372.85 67.3081 71.5557 -37.8125
372.669 70.5694 71.5557 -37.8125
372.466 73.8059 71.5557 -37.8125
372.296 77.0165 71.5557 -37.8125
372.157 80.1845 71.5557 -37.8125
372.06 83.3066 71.5557 -37.8125
372.01 86.2944 71.5557 -37.8125
371.996 89.127 71.5557 -37.8125
371.985 91.8108 71.5557 -37.8125
371.962 94.4319 71.5557 -37.8125
371.84 97.0269 71.5557 -37.8125
371.606 99.5941 71.5557 -37.8125
371.302 102.216 71.5557 -37.8125
370.992 104.911 71.5557 -37.8125
370.685 107.738 71.5557 -37.8125
370.388 110.668 71.5557 -37.8125
370.165 113.797 71.5557 -37.8125
369.963 117.036 71.5557 -37.8125
369.784 120.413 71.5557 -37.8125
369.702 123.918 71.5557 -37.8125
369.664 127.471 71.5557 -37.8125
369.659 131.028 71.5557 -37.8125
369.648 134.554 71.5557 -37.8125
369.609 138.07 71.5557 -37.8125
369.456 141.554 71.5557 -37.8125
369.286 145.023 71.5557 -37.8125
369.099 148.466 71.5557 -37.8125
368.908 151.882 71.5557 -37.8125
368.708 155.288 71.5557 -37.8125
368.452 158.648 71.5557 -37.8125
368.197 161.977 71.5557 -37.8125
367.935 165.272 71.5557 -37.8125
367.658 168.513 71.5557 -37.8125
367.404 171.7 71.5557 -37.8125
367.137 174.9 71.5557 -37.8125
366.867 178.097 71.5557 -37.8125
366.674 181.316 71.5557 -37.8125
366.543 184.556 71.5557 -37.8125
366.436 187.839 71.5557 -37.8125
366.328 191.14 71.5557 -37.8125
366.223 194.469 71.5557 -37.8125
366.18 197.846 71.5557 -37.8125
366.188 201.26 71.5557 -37.8125
366.206 204.683 71.5557 -37.8125
366.247 208.086 71.5557 -37.8125
366.31 211.471 71.5557 -37.8125
366.402 214.818 71.5557 -37.8125
366.53 218.081 71.5557 -37.8125
366.727 221.202 71.5557 -37.8125
366.957 224.168 71.5557 -37.8125
367.192 227.02 71.5557 -37.8125
367.421 229.701 71.5557 -37.8125
367.673 232.184 71.5557 -37.8125
368.003 234.428 71.5557 -37.8125
368.424 236.438 71.5557 -37.8125
368.9 238.259 71.5557 -37.8125
369.352 239.901 71.5557 -37.8125
369.738 241.411 71.5557 -37.8125
370.038 242.783 71.5557 -37.8125
370.267 244.035 71.5557 -37.8125
370.366 245.271 71.5557 -37.8125
370.396 246.478 71.5557 -37.8125
370.365 247.666 71.5557 -37.8125
370.322 248.92 71.5557 -37.8125
370.302 250.217 71.5557 -37.8125
370.309 251.507 71.5557 -37.8125
370.379 252.784 71.5557 -37.8125
370.477 254.052 71.5557 -37.8125
370.636 255.23 71.5557 -37.8125
370.781 256.27 71.5557 -37.8125
370.949 257.24 71.5557 -37.8125
371.054 258.2 71.5557 -37.8125
371.079 259.142 71.5557 -37.8125
371.003 260.14 71.5557 -37.8125
370.75 261.205 71.5557 -37.8125
370.325 262.344 71.5557 -37.8125
369.671 263.513 71.5557 -37.8125
368.735 264.684 71.5557 -37.8125
367.489 265.771 71.5557 -37.8125
365.937 266.72 71.5557 -37.8125
364.087 267.508 71.5557 -37.8125
361.994 268.15 71.5557 -37.8125
359.697 268.667 71.5557 -37.8125
357.154 269.051 71.5557 -37.8125
354.416 269.289 71.5557 -37.8125
351.474 269.539 71.5557 -37.8125
348.348 269.805 71.5557 -37.8125
345.073 270.078 71.5557 -37.8125
341.709 270.346 71.5557 -37.8125
338.24 270.599 71.5557 -37.8125
334.652 270.829 71.5557 -37.8125
331.095 271.009 71.5557 -37.8125
327.501 271.143 71.5557 -37.8125
323.945 271.232 71.5557 -37.8125
320.412 271.276 71.5557 -37.8125
316.906 271.264 71.5557 -37.8125
313.423 271.191 71.5557 -37.8125
309.971 271.077 71.5557 -37.8125
306.545 270.919 71.5557 -37.8125
303.127 270.706 71.5557 -37.8125
299.715 270.436 71.5557 -37.8125
296.286 270.14 71.5557 -37.8125
292.84 269.799 71.5557 -37.8125
289.369 269.415 71.5557 -37.8125
285.868 268.995 71.5557 -37.8125
282.353 268.526 71.5557 -37.8125
278.815 268.012 71.5557 -37.8125
275.249 267.454 71.5557 -37.8125
271.668 266.854 71.5557 -37.8125
268.065 266.184 71.5557 -37.8125
264.456 265.454 71.5557 -37.8125
260.807 264.658 71.5557 -37.8125
257.133 263.79 71.5557 -37.8125
253.479 262.893 71.5557 -37.8125
249.841 261.918 71.5557 -37.8125
246.234 260.894 71.5557 -37.8125
242.64 259.83 71.5557 -37.8125
239.052 258.719 71.5557 -37.8125
235.48 257.568 71.5557 -37.8125
231.918 256.364 71.5557 -37.8125
228.369 255.107 71.5557 -37.8125
224.865 253.809 71.5557 -37.8125
221.386 252.473 71.5557 -37.8125
217.931 251.122 71.5557 -37.8125
214.488 249.748 71.5557 -37.8125
211.078 248.352 71.5557 -37.8125
207.687 246.912 71.5557 -37.8125
204.322 245.423 71.5557 -37.8125
200.984 243.897 71.5557 -37.8125
197.658 242.34 71.5557 -37.8125
194.389 240.739 71.5557 -37.8125
191.167 239.098 71.5557 -37.8125
187.973 237.422 71.5557 -37.8125
184.804 235.734 71.5557 -37.8125
181.661 234.013 71.5557 -37.8125
178.554 232.232 71.5557 -37.8125
175.406 230.379 71.5557 -37.8125
172.166 228.469 71.5557 -37.8125
168.96 226.52 71.5557 -37.8125
165.78 224.495 71.5557 -37.8125
162.641 222.423 71.5557 -37.8125
159.559 220.318 71.5557 -37.8125
156.519 218.195 71.5557 -37.8125
153.52 216.037 71.5557 -37.8125
150.565 213.878 71.5557 -37.8125
147.642 211.691 71.5557 -37.8125
144.771 209.488 71.5557 -37.8125
141.932 207.229 71.5557 -37.8125
139.107 204.937 71.5557 -37.8125
136.324 202.576 71.5557 -37.8125
133.553 200.181 71.5557 -37.8125
130.786 197.72 71.5557 -37.8125
128.023 195.221 71.5557 -37.8125
125.287 192.645 71.5557 -37.8125
122.562 190.014 71.5557 -37.8125
119.867 187.327 71.5557 -37.8125
117.19 184.576 71.5557 -37.8125
114.523 181.782 71.5557 -37.8125
111.882 178.909 71.5557 -37.8125
109.246 175.984 71.5557 -37.8125
106.596 173.04 71.5557 -37.8125
103.954 170.068 71.5557 -37.8125
101.323 167.07 71.5557 -37.8125
98.6982 164.066 71.5557 -37.8125
96.0278 161.116 71.5557 -37.8125
93.3592 158.18 71.5557 -37.8125
90.7101 155.247 71.5557 -37.8125
88.0628 152.34 71.5557 -37.8125
85.4004 149.455 71.5557 -37.8125
82.7309 146.561 71.5557 -37.8125
80.0894 143.64 71.5557 -37.8125
77.457 140.702 71.5557 -37.8125
74.8243 137.766 71.5557 -37.8125
72.1865 134.821 71.5557 -37.8125
69.5542 131.887 71.5557 -37.8125
66.9179 128.958 71.5557 -37.8125
64.2998 126.036 71.5557 -37.8125
61.6983 123.126 71.5557 -37.8125
59.096 120.217 71.5557 -37.8125
56.4885 117.31 71.5557 -37.8125
53.873 114.419 71.5557 -37.8125
51.2586 111.511 71.5557 -37.8125
48.6362 108.596 71.5557 -37.8125
46.003 105.672 71.5557 -37.8125
43.3661 102.745 71.5557 -37.8125
40.7259 99.7851 71.5557 -37.8125
38.0695 96.8349 71.5557 -37.8125
35.4168 93.8733 71.5557 -37.8125
32.7574 90.8929 71.5557 -37.8125
30.103 87.9126 71.5557 -37.8125
27.4362 84.9213 71.5557 -37.8125
24.79 81.933 71.5557 -37.8125
22.1656 78.9488 71.5557 -37.8125
19.5546 75.9745 71.5557 -37.8125
16.9563 73.0276 71.5557 -37.8125
14.3635 70.1292 71.5557 -37.8125
11.7723 67.251 71.5557 -37.8125
9.19775 64.4153 71.5557 -37.8125
6.62229 61.6091 71.5557 -37.8125
4.08413 58.8316 71.5557 -37.8125
1.60798 56.1124 71.5557 -37.8125
-0.773922 53.4694 71.5557 -37.8125
-3.04592 50.9249 71.5557 -37.8125
-5.25612 48.4447 71.5557 -37.8125
-7.36548 46.0781 71.5557 -37.8125
-9.31846 43.8355 71.5557 -37.8125
-11.1046 41.7106 71.5557 -37.8125
-12.717 39.7029 71.5557 -37.8125
-14.1554 37.7378 71.5557 -37.8125
-15.3929 35.7638 71.5557 -37.8125
-16.4033 33.7428 71.5557 -37.8125
-17.1165 31.6696 71.5557 -37.8125
-17.5144 29.5661 71.5557 -37.8125
-17.5945 27.4708 71.5557 -37.8125
-17.337 25.4451 71.5557 -37.8125
-16.7598 23.5137 71.5557 -37.8125
-15.9113 21.7131 71.5557 -37.8125
-14.8724 20.0675 71.5557 -37.8125
-13.7938 18.4779 71.5557 -37.8125
-12.7465 16.905 71.5557 -37.8125
-11.7395 15.3671 71.5557 -37.8125
-10.8092 13.8732 71.5557 -37.8125
-9.97285 12.4641 71.5557 -37.8125
-9.2312 11.1441 71.5557 -37.8125
-8.57709 9.92565 71.5557 -37.8125
-8.02343 8.84301 71.5557 -37.8125
-7.57808 7.92688 71.5557 -37.8125
-7.22548 7.19561 71.5557 -37.8125
-6.88227 6.50916 71.5557 -37.8125
-6.49625 5.88026 71.5557 -37.8125
-6.09482 5.29983 71.5557 -37.8125
-5.64472 4.74575 71.5557 -37.8125
-5.07384 4.13046 71.5557 -37.8125
-4.33412 3.47337 71.5557 -37.8125
-3.45695 2.82803 71.5557 -37.8125
-2.43021 2.19941 71.5557 -37.8125
-1.17714 1.6193 71.5557 -37.8125
0.3018 1.10238 71.5557 -37.8125
2.02044 0.712833 71.5557 -37.8125
3.99253 0.528936 71.5557 -37.8125
6.16218 0.463744 71.5557 -37.8125
8.48903 0.497059 71.5557 -37.8125
10.9591 0.604811 71.5557 -37.8125
13.5692 0.680117 71.5557 -37.8125
16.3073 0.786507 71.5557 -37.8125
19.1449 0.905012 71.5557 -37.8125
22.0736 1.0504 71.5557 -37.8125
25.1355 1.24557 71.5557 -37.8125
28.2777 1.47706 71.5557 -37.8125
31.5049 1.72472 71.5557 -37.8125
34.7424 1.96662 71.5557 -37.8125
38.0277 2.23825 71.5557 -37.8125
41.3638 2.4815 71.5557 -37.8125
44.7103 2.71506 71.5557 -37.8125
48.0964 2.91476 71.5557 -37.8125
51.5088 3.09823 71.5557 -37.8125
54.9768 3.26826 71.5557 -37.8125
58.484 3.43758 71.5557 -37.8125
62.0085 3.63703 71.5557 -37.8125
65.579 3.85719 71.5557 -37.8125
69.1687 4.03686 71.5557 -37.8125
72.7528 4.25106 71.5557 -37.8125
76.2838 4.46503 71.5557 -37.8125
79.7989 4.66043 71.5557 -37.8125
83.2943 4.87128 71.5557 -37.8125
86.7357 5.08674 71.5557 -37.8125
90.1508 5.27507 71.5557 -37.8125
93.5677 5.41899 71.5557 -37.8125
