1.00073 -0.0515466 5.97534 2.86328
3.96385 -0.46575 5.06372 4.48584
6.8262 -1.28808 4.76892 3.89111
9.52739 -2.48868 4.5 5.78589
12.0188 -4.03669 3.24878 7.4165
14.2373 -5.91346 3.28552 9.34119
16.155 -8.05965 -12.9553 7.08008
17.7358 -10.4357 -6.91675 8.32202
18.9849 -13.0239 -7.65308 8.44897
19.9486 -15.7882 -0.690063 11.25
20.6454 -18.6907 -0.124512 13.1245
21.0745 -21.7416 -0.562988 13.9105
21.2407 -24.9311 -0.90625 15.106
21.1697 -28.2425 -2.21997 13.3923
20.9398 -31.642 -2.17493 13.2065
20.5853 -35.1147 -1.99939 10.9658
20.1108 -38.7673 -0.851318 10.9281
19.5506 -42.6068 0.0690918 12.9025
18.9223 -46.6485 -0.529541 14.4072
18.2399 -50.8713 -0.0411377 16.8464
17.5287 -55.2756 -0.0257568 19.2064
16.8055 -59.87 -1.82812 26.2025
16.0655 -64.6615 -2.7168 26.0688
15.3106 -69.5915 -2.7168 26.0688
14.5538 -74.6568 -2.7168 26.0688
13.7761 -79.8642 -2.7168 26.0688
12.98 -85.1938 -2.7168 26.0688
12.1486 -90.6666 -2.7168 26.0688
11.2675 -96.2638 -2.7168 26.0688
10.3099 -101.955 -2.7168 26.0688
9.24638 -107.725 -2.7168 26.0688
8.08692 -113.581 -2.7168 26.0688
6.80828 -119.496 -2.7168 26.0688
5.40353 -125.479 -2.7168 26.0688
3.88011 -131.523 -2.7168 26.0688
2.25799 -137.625 -2.7168 26.0688
0.551587 -143.793 -2.7168 26.0688
-1.26111 -150.007 -2.7168 26.0688
-3.18765 -156.275 -2.7168 26.0688
-5.21197 -162.587 -2.7168 26.0688
-7.33146 -168.954 -2.7168 26.0688
-9.55783 -175.367 -2.7168 26.0688
-11.8623 -181.83 -2.7168 26.0688
-14.2555 -188.344 -2.7168 26.0688
-16.7532 -194.901 -2.7168 26.0688
-19.3445 -201.48 -2.7168 26.0688
-22.0366 -208.075 -2.7168 26.0688
-24.8069 -214.67 -2.7168 26.0688
-27.6423 -221.275 -2.7168 26.0688
-30.5421 -227.869 -2.7168 26.0688
-33.5041 -234.448 -2.7168 26.0688
-36.5336 -241.01 -2.7168 26.0688
-39.632 -247.524 -2.7168 26.0688
-42.8137 -253.99 -2.7168 26.0688
-46.0741 -260.445 -2.7168 26.0688
-49.4345 -266.892 -2.7168 26.0688
-52.8877 -273.332 -2.7168 26.0688
-56.4551 -279.827 -2.7168 26.0688
-60.1296 -286.372 -2.7168 26.0688
-63.9234 -292.983 -2.7168 26.0688
-67.8087 -299.642 -2.7168 26.0688
-71.7917 -306.359 -2.7168 26.0688
-75.9001 -313.13 -2.7168 26.0688
-80.1727 -319.895 -2.7168 26.0688
-84.5797 -326.663 -2.7168 26.0688
-89.0867 -333.384 -2.7168 26.0688
-93.7001 -340.056 -2.7168 26.0688
-98.4119 -346.701 -2.7168 26.0688
-103.203 -353.311 -2.7168 26.0688
-108.078 -359.867 -2.7168 26.0688
-113.018 -366.363 -2.7168 26.0688
-118.026 -372.793 -2.7168 26.0688
-123.073 -379.149 -2.7168 26.0688
-128.206 -385.462 -2.7168 26.0688
-133.351 -391.717 -2.7168 26.0688
-138.57 -397.893 -2.7168 26.0688
-143.84 -404.013 -2.7168 26.0688
-149.165 -410.086 -2.7168 26.0688
-154.506 -416.13 -2.7168 26.0688
-159.858 -422.141 -2.7168 26.0688
-165.238 -428.129 -2.7168 26.0688
-170.628 -434.072 -2.7168 26.0688
-175.971 -440.03 -2.7168 26.0688
-181.288 -446.046 -2.7168 26.0688
-186.533 -452.092 -2.7168 26.0688
-191.72 -458.187 -2.7168 26.0688
-196.906 -464.279 -2.7168 26.0688
-202.048 -470.384 -2.7168 26.0688
-207.186 -476.511 -2.7168 26.0688
-212.285 -482.655 -2.7168 26.0688
-217.371 -488.807 -2.7168 26.0688
-222.448 -494.971 -2.7168 26.0688
-227.527 -501.133 -2.7168 26.0688
-232.607 -507.292 -2.7168 26.0688
-237.691 -513.445 -2.7168 26.0688
-242.768 -519.601 -2.7168 26.0688
-247.846 -525.763 -2.7168 26.0688
-252.916 -531.926 -2.7168 26.0688
-257.983 -538.095 -2.7168 26.0688
-263.055 -544.268 -2.7168 26.0688
-268.134 -550.437 -2.7168 26.0688
-273.22 -556.605 -2.7168 26.0688
-278.311 -562.778 -2.7168 26.0688
-283.395 -568.95 -2.7168 26.0688
-288.477 -575.138 -2.7168 26.0688
-293.543 -581.314 -2.7168 26.0688
-298.612 -587.519 -2.7168 26.0688
-303.609 -593.672 -2.7168 26.0688
-308.613 -599.867 -2.7168 26.0688
-313.624 -606.07 -2.7168 26.0688
-318.636 -612.271 -2.7168 26.0688
-323.646 -618.466 -2.7168 26.0688
-328.658 -624.675 -2.7168 26.0688
-333.666 -630.889 -2.7168 26.0688
-338.659 -637.095 -2.7168 26.0688
-343.65 -643.305 -2.7168 26.0688
-348.624 -649.516 -2.7168 26.0688
-353.587 -655.736 -2.7168 26.0688
-358.533 -661.959 -2.7168 26.0688
-363.475 -668.19 -2.7168 26.0688
-368.419 -674.432 -2.7168 26.0688
-373.374 -680.666 -2.7168 26.0688
-378.337 -686.894 -2.7168 26.0688
-383.305 -693.116 -2.7168 26.0688
-388.265 -699.346 -2.7168 26.0688
-393.217 -705.583 -2.7168 26.0688
-398.161 -711.824 -2.7168 26.0688
-403.067 -718.063 -2.7168 26.0688
-407.958 -724.316 -2.7168 26.0688
-412.829 -730.589 -2.7168 26.0688
-417.694 -736.856 -2.7168 26.0688
-422.551 -743.142 -2.7168 26.0688
-427.413 -749.421 -2.7168 26.0688
-432.271 -755.711 -2.7168 26.0688
-437.112 -762.018 -2.7168 26.0688
-441.935 -768.347 -2.7168 26.0688
-446.741 -774.69 -2.7168 26.0688
-451.529 -781.038 -2.7168 26.0688
-456.304 -787.387 -2.7168 26.0688
-461.082 -793.71 -2.7168 26.0688
-465.863 -800.012 -2.7168 26.0688
-470.637 -806.299 -2.7168 26.0688
-475.413 -812.591 -2.7168 26.0688
-480.175 -818.895 -2.7168 26.0688
-484.918 -825.23 -2.7168 26.0688
-489.632 -831.591 -2.7168 26.0688
-494.345 -837.986 -2.7168 26.0688
-499.056 -844.404 -2.7168 26.0688
-503.767 -850.821 -2.7168 26.0688
-508.487 -857.262 -2.7168 26.0688
-513.214 -863.71 -2.7168 26.0688
-517.922 -870.157 -2.7168 26.0688
-522.608 -876.589 -2.7168 26.0688
-527.248 -883.032 -2.7168 26.0688
-531.831 -889.471 -2.7168 26.0688
-536.37 -895.895 -2.7168 26.0688
-540.866 -902.308 -2.7168 26.0688
-545.332 -908.727 -2.7168 26.0688
-549.773 -915.123 -2.7168 26.0688
-554.202 -921.544 -2.7168 26.0688
-558.595 -927.945 -2.7168 26.0688
-562.996 -934.354 -2.7168 26.0688
-567.397 -940.772 -2.7168 26.0688
-571.786 -947.205 -2.7168 26.0688
-576.166 -953.66 -2.7168 26.0688
-580.526 -960.138 -2.7168 26.0688
-584.874 -966.637 -2.7168 26.0688
-589.204 -973.125 -2.7168 26.0688
-593.533 -979.625 -2.7168 26.0688
-597.869 -986.127 -2.7168 26.0688
-602.212 -992.63 -2.7168 26.0688
-606.537 -999.138 -2.7168 26.0688
-610.84 -1005.64 -2.7168 26.0688
-615.119 -1012.14 -2.7168 26.0688
-619.381 -1018.62 -2.7168 26.0688
-623.631 -1025.07 -2.7168 26.0688
-627.857 -1031.51 -2.7168 26.0688
-632.024 -1037.94 -2.7168 26.0688
-636.185 -1044.37 -2.7168 26.0688
-640.317 -1050.8 -2.7168 26.0688
-644.417 -1057.23 -2.7168 26.0688
-648.492 -1063.67 -2.7168 26.0688
-652.535 -1070.11 -2.7168 26.0688
-656.59 -1076.55 -2.7168 26.0688
-660.639 -1082.99 -2.7168 26.0688
-664.669 -1089.41 -2.7168 26.0688
-668.678 -1095.88 -2.7168 26.0688
-672.673 -1102.35 -2.7168 26.0688
-676.637 -1108.83 -2.7168 26.0688
-680.587 -1115.33 -2.7168 26.0688
-684.512 -1121.84 -2.7168 26.0688
-688.439 -1128.38 -2.7168 26.0688
-692.35 -1134.95 -2.7168 26.0688
-696.255 -1141.54 -2.7168 26.0688
-700.149 -1148.16 -2.7168 26.0688
-704.041 -1154.8 -2.7168 26.0688
-707.936 -1161.45 -2.7168 26.0688
-711.844 -1168.11 -2.7168 26.0688
-715.768 -1174.79 -2.7168 26.0688
-719.711 -1181.52 -2.7168 26.0688
-723.659 -1188.27 -2.7168 26.0688
-727.62 -1195.05 -2.7168 26.0688
-731.582 -1201.87 -2.7168 26.0688
-735.534 -1208.71 -2.7168 26.0688
-739.476 -1215.58 -2.7168 26.0688
-743.415 -1222.48 -2.7168 26.0688
-747.328 -1229.42 -2.7168 26.0688
-751.227 -1236.41 -2.7168 26.0688
-755.12 -1243.42 -2.7168 26.0688
-759.014 -1250.48 -2.7168 26.0688
-762.911 -1257.58 -2.7168 26.0688
-766.807 -1264.72 -2.7168 26.0688
-770.693 -1271.87 -2.7168 26.0688
-774.582 -1279.07 -2.7168 26.0688
-778.462 -1286.29 -2.7168 26.0688
-782.328 -1293.51 -2.7168 26.0688
-786.182 -1300.74 -2.7168 26.0688
-790.017 -1307.97 -2.7168 26.0688
-793.844 -1315.21 -2.7168 26.0688
-797.648 -1322.45 -2.7168 26.0688
-801.429 -1329.71 -2.7168 26.0688
-805.211 -1336.96 -2.7168 26.0688
-808.974 -1344.21 -2.7168 26.0688
-812.734 -1351.48 -2.7168 26.0688
-816.481 -1358.74 -2.7168 26.0688
-820.197 -1365.98 -2.7168 26.0688
-823.893 -1373.21 -2.7168 26.0688
-827.566 -1380.42 -2.7168 26.0688
-831.216 -1387.65 -2.7168 26.0688
-834.847 -1394.88 -2.7168 26.0688
-838.459 -1402.12 -2.7168 26.0688
-842.049 -1409.34 -2.7168 26.0688
-845.603 -1416.55 -2.7168 26.0688
-849.132 -1423.74 -2.7168 26.0688
-852.643 -1430.94 -2.7168 26.0688
-856.139 -1438.13 -2.7168 26.0688
-859.618 -1445.33 -2.7168 26.0688
-863.071 -1452.51 -2.7168 26.0688
-866.49 -1459.67 -2.7168 26.0688
-869.886 -1466.81 -2.7168 26.0688
-873.257 -1473.92 -2.7168 26.0688
-876.593 -1481.0 -2.7168 26.0688
-879.897 -1488.04 -2.7168 26.0688
-883.175 -1495.04 -2.7168 26.0688
-886.427 -1502.0 -2.7168 26.0688
-889.652 -1508.91 -2.7168 26.0688
-892.849 -1515.8 -2.7168 26.0688
-896.019 -1522.68 -2.7168 26.0688
-899.162 -1529.52 -2.7168 26.0688
-902.274 -1536.34 -2.7168 26.0688
-905.358 -1543.13 -2.7168 26.0688
-908.407 -1549.88 -2.7168 26.0688
-911.427 -1556.61 -2.7168 26.0688
-914.426 -1563.29 -2.7168 26.0688
-917.422 -1569.92 -2.7168 26.0688
-920.429 -1576.53 -2.7168 26.0688
-923.439 -1583.11 -2.7168 26.0688
-926.457 -1589.66 -2.7168 26.0688
-929.503 -1596.16 -2.7168 26.0688
-932.581 -1602.59 -2.7168 26.0688
-935.699 -1608.97 -2.7168 26.0688
-938.849 -1615.28 -2.7168 26.0688
-942.017 -1621.51 -2.7168 26.0688
-945.195 -1627.69 -2.7168 26.0688
-948.357 -1633.82 -2.7168 26.0688
-951.509 -1639.9 -2.7168 26.0688
-954.636 -1645.93 -2.7168 26.0688
-957.723 -1651.93 -2.7168 26.0688
-960.745 -1657.89 -2.7168 26.0688
-963.714 -1663.84 -2.7168 26.0688
-966.61 -1669.81 -2.7168 26.0688
-969.464 -1675.78 -2.7168 26.0688
-972.264 -1681.72 -2.7168 26.0688
-975.06 -1687.66 -2.7168 26.0688
-977.834 -1693.55 -2.7168 26.0688
-980.599 -1699.42 -2.7168 26.0688
-983.335 -1705.26 -2.7168 26.0688
-986.044 -1711.08 -2.7168 26.0688
-988.714 -1716.88 -2.7168 26.0688
-991.337 -1722.68 -2.7168 26.0688
-993.918 -1728.44 -2.7168 26.0688
-996.458 -1734.16 -2.7168 26.0688
-998.953 -1739.78 -2.7168 26.0688
-1001.4 -1745.31 -2.7168 26.0688
-1003.79 -1750.78 -2.7168 26.0688
-1006.16 -1756.19 -2.7168 26.0688
-1008.54 -1761.51 -2.7168 26.0688
-1010.91 -1766.72 -2.7168 26.0688
-1013.24 -1771.79 -2.7168 26.0688
-1015.55 -1776.73 -2.7168 26.0688
-1017.84 -1781.54 -2.7168 26.0688
-1020.1 -1786.18 -2.7168 26.0688
-1022.36 -1790.64 -2.7168 26.0688
-1024.67 -1794.92 -2.7168 26.0688
-1027.1 -1798.99 -2.7168 26.0688
-1029.7 -1802.85 -2.7168 26.0688
-1032.48 -1806.51 -2.7168 26.0688
-1035.47 -1809.96 -2.7168 26.0688
-1038.63 -1813.13 -2.7168 26.0688
-1042.06 -1816.08 -2.7168 26.0688
-1045.69 -1818.74 -2.7168 26.0688
-1049.52 -1821.1 -2.7168 26.0688
-1053.52 -1823.12 -2.7168 26.0688
-1057.67 -1824.8 -2.7168 26.0688
-1061.93 -1826.1 -2.7168 26.0688
-1066.3 -1827.05 -2.7168 26.0688
-1070.73 -1827.64 -2.7168 26.0688
-1075.15 -1827.81 -2.7168 26.0688
-1079.64 -1827.7 -2.7168 26.0688
-1084.11 -1827.23 -2.7168 26.0688
-1088.57 -1826.41 -2.7168 26.0688
-1092.95 -1825.21 -2.7168 26.0688
-1097.24 -1823.64 -2.7168 26.0688
-1101.36 -1821.68 -2.7168 26.0688
-1105.31 -1819.35 -2.7168 26.0688
-1109.03 -1816.69 -2.7168 26.0688
-1112.44 -1813.65 -2.7168 26.0688
-1115.62 -1810.38 -2.7168 26.0688
-1118.51 -1806.82 -2.7168 26.0688
-1121.09 -1803.01 -2.7168 26.0688
-1123.36 -1798.96 -2.7168 26.0688
-1125.32 -1794.7 -2.7168 26.0688
-1127.0 -1790.26 -2.7168 26.0688
-1128.4 -1785.65 -2.7168 26.0688
-1129.54 -1780.92 -2.7168 26.0688
-1130.49 -1776.08 -2.7168 26.0688
-1131.28 -1771.14 -2.7168 26.0688
-1131.95 -1766.11 -2.7168 26.0688
-1132.53 -1761.05 -2.7168 26.0688
-1133.05 -1755.96 -2.7168 26.0688
-1133.52 -1750.86 -2.7168 26.0688
-1133.96 -1745.76 -2.7168 26.0688
-1134.39 -1740.64 -2.7168 26.0688
-1134.8 -1735.52 -2.7168 26.0688
-1135.19 -1730.43 -2.7168 26.0688
-1135.56 -1725.4 -2.7168 26.0688
-1135.89 -1720.43 -2.7168 26.0688
-1136.16 -1715.54 -2.7168 26.0688
-1136.3 -1710.75 -2.7168 26.0688
-1136.25 -1706.08 -2.7168 26.0688
-1135.97 -1701.55 -2.7168 26.0688
-1135.4 -1697.16 -2.7168 26.0688
-1134.47 -1692.83 -2.7168 26.0688
-1133.23 -1688.62 -2.7168 26.0688
-1131.54 -1684.48 -2.7168 26.0688
-1129.52 -1680.64 -2.7168 26.0688
-1127.1 -1677.08 -2.7168 26.0688
-1124.33 -1673.81 -2.7168 26.0688
-1121.23 -1670.88 -2.7168 26.0688
-1117.83 -1668.32 -2.7168 26.0688
-1114.18 -1666.12 -2.7168 26.0688
-1110.32 -1664.27 -2.7168 26.0688
-1106.3 -1662.78 -2.7168 26.0688
-1102.06 -1661.56 -2.7168 26.0688
-1097.8 -1660.88 -2.7168 26.0688
-1093.44 -1660.62 -2.7168 26.0688
-1089.08 -1660.81 -2.7168 26.0688
-1084.74 -1661.42 -2.7168 26.0688
-1080.42 -1662.47 -2.7168 26.0688
-1076.15 -1663.91 -2.7168 26.0688
-1071.93 -1665.69 -2.7168 26.0688
-1067.76 -1667.75 -2.7168 26.0688
-1063.61 -1670.01 -2.7168 26.0688
-1059.46 -1672.45 -2.7168 26.0688
-1055.28 -1674.99 -2.7168 26.0688
-1051.03 -1677.59 -2.7168 26.0688
-1046.74 -1680.26 -2.7168 26.0688
