1.52898 -0.00554252 -0.155701 -0.208191
6.07941 0.00664887 -0.209412 -0.0908203
10.5993 0.04481 -0.501953 -0.71991
15.0759 0.10778 -3.03186 -0.210938
19.5164 0.205848 -4.88116 -1.81879
23.9087 0.297799 -4.83105 -2.89398
28.2351 0.388164 -5.7179 -2.77197
32.4934 0.467863 -6.10638 -2.10907
36.6397 0.554867 -5.81195 -3.77802
40.654 0.635159 -7.19397 -6.75861
44.5029 0.686541 -7.50256 -6.85101
48.1977 0.700199 -6.55432 -6.74725
51.7913 0.67597 -6.64935 -7.0224
55.2811 0.560062 -6.28595 -7.25482
58.6401 0.304374 -7.31049 -7.64221
61.8684 -0.141416 -9.52179 -8.18927
64.949 -0.822607 -9.00385 -12.033
67.8562 -1.71945 1.11749 -10.517
70.5884 -2.83665 -5.21173 -10.5818
73.1322 -4.16577 -5.42102 -11.6204
75.5014 -5.70743 -5.40179 -12.3414
77.6271 -7.46976 -6.18671 -13.7622
79.5064 -9.42095 -6.00977 -12.3945
81.1617 -11.554 -6.66376 -13.8966
82.6605 -13.8564 -8.19672 -14.1142
83.906 -16.3519 -9.3183 -15.952
84.8737 -19.0035 -11.0117 -17.7853
85.5159 -21.7962 -11.0117 -17.7853
85.8388 -24.6634 -11.0117 -17.7853
85.9082 -27.5777 -11.0117 -17.7853
85.8096 -30.5206 -11.0117 -17.7853
85.5875 -33.4852 -11.0117 -17.7853
85.3328 -36.4741 -11.0117 -17.7853
85.0471 -39.4879 -11.0117 -17.7853
84.7334 -42.5415 -11.0117 -17.7853
84.3962 -45.6239 -11.0117 -17.7853
84.038 -48.7426 -11.0117 -17.7853
83.6459 -51.9071 -11.0117 -17.7853
83.2312 -55.0895 -11.0117 -17.7853
82.8319 -58.3122 -11.0117 -17.7853
82.4201 -61.5895 -11.0117 -17.7853
81.9717 -64.903 -11.0117 -17.7853
81.5274 -68.2284 -11.0117 -17.7853
81.1103 -71.6212 -11.0117 -17.7853
80.6896 -75.0275 -11.0117 -17.7853
80.2607 -78.4968 -11.0117 -17.7853
79.8408 -81.9887 -11.0117 -17.7853
79.4186 -85.4813 -11.0117 -17.7853
78.9918 -89.0303 -11.0117 -17.7853
78.5734 -92.6664 -11.0117 -17.7853
78.1715 -96.338 -11.0117 -17.7853
77.8218 -100.043 -11.0117 -17.7853
77.4504 -103.785 -11.0117 -17.7853
77.0473 -107.533 -11.0117 -17.7853
76.6079 -111.239 -11.0117 -17.7853
76.049 -114.911 -11.0117 -17.7853
75.3166 -118.541 -11.0117 -17.7853
74.4473 -122.08 -11.0117 -17.7853
73.4272 -125.597 -11.0117 -17.7853
72.2359 -129.015 -11.0117 -17.7853
70.9045 -132.355 -11.0117 -17.7853
69.4146 -135.604 -11.0117 -17.7853
67.7536 -138.81 -11.0117 -17.7853
65.9118 -141.967 -11.0117 -17.7853
63.8755 -145.045 -11.0117 -17.7853
61.6407 -148.036 -11.0117 -17.7853
59.2263 -150.918 -11.0117 -17.7853
56.6081 -153.688 -11.0117 -17.7853
53.772 -156.298 -11.0117 -17.7853
50.7264 -158.756 -11.0117 -17.7853
47.5606 -161.003 -11.0117 -17.7853
44.229 -162.973 -11.0117 -17.7853
40.7888 -164.751 -11.0117 -17.7853
37.2625 -166.349 -11.0117 -17.7853
33.6581 -167.797 -11.0117 -17.7853
30.0282 -169.138 -11.0117 -17.7853
26.3551 -170.362 -11.0117 -17.7853
22.6727 -171.513 -11.0117 -17.7853
19.0101 -172.618 -11.0117 -17.7853
15.4012 -173.783 -11.0117 -17.7853
11.8119 -175.061 -11.0117 -17.7853
8.27014 -176.4 -11.0117 -17.7853
4.7515 -177.861 -11.0117 -17.7853
1.2863 -179.498 -11.0117 -17.7853
-2.08345 -181.288 -11.0117 -17.7853
-5.31267 -183.206 -11.0117 -17.7853
-8.39702 -185.272 -11.0117 -17.7853
-11.3224 -187.524 -11.0117 -17.7853
-14.0031 -189.943 -11.0117 -17.7853
-16.4366 -192.559 -11.0117 -17.7853
-18.6443 -195.323 -11.0117 -17.7853
-20.6057 -198.214 -11.0117 -17.7853
-22.2634 -201.311 -11.0117 -17.7853
-23.6192 -204.529 -11.0117 -17.7853
-24.6144 -207.905 -11.0117 -17.7853
-25.2291 -211.336 -11.0117 -17.7853
-25.4606 -214.798 -11.0117 -17.7853
-25.3195 -218.271 -11.0117 -17.7853
-24.8474 -221.723 -11.0117 -17.7853
-24.0686 -225.163 -11.0117 -17.7853
-22.9704 -228.539 -11.0117 -17.7853
-21.5549 -231.818 -11.0117 -17.7853
-19.8355 -234.979 -11.0117 -17.7853
-17.8278 -238.016 -11.0117 -17.7853
-15.5848 -240.914 -11.0117 -17.7853
-13.1589 -243.698 -11.0117 -17.7853
-10.5186 -246.324 -11.0117 -17.7853
-7.72309 -248.811 -11.0117 -17.7853
-4.75083 -251.159 -11.0117 -17.7853
-1.62979 -253.382 -11.0117 -17.7853
1.62872 -255.497 -11.0117 -17.7853
4.98932 -257.54 -11.0117 -17.7853
8.41091 -259.554 -11.0117 -17.7853
11.883 -261.532 -11.0117 -17.7853
15.3951 -263.468 -11.0117 -17.7853
18.917 -265.374 -11.0117 -17.7853
22.4411 -267.266 -11.0117 -17.7853
25.9592 -269.162 -11.0117 -17.7853
29.5258 -270.976 -11.0117 -17.7853
33.1201 -272.843 -11.0117 -17.7853
36.6943 -274.772 -11.0117 -17.7853
40.2589 -276.68 -11.0117 -17.7853
43.8693 -278.641 -11.0117 -17.7853
47.5169 -280.538 -11.0117 -17.7853
51.1508 -282.375 -11.0117 -17.7853
54.7116 -284.167 -11.0117 -17.7853
58.2246 -285.94 -11.0117 -17.7853
61.6848 -287.629 -11.0117 -17.7853
65.0785 -289.248 -11.0117 -17.7853
68.3854 -290.816 -11.0117 -17.7853
71.634 -292.408 -11.0117 -17.7853
74.7982 -294.13 -11.0117 -17.7853
77.887 -295.971 -11.0117 -17.7853
80.8724 -297.947 -11.0117 -17.7853
83.6885 -300.113 -11.0117 -17.7853
86.2844 -302.463 -11.0117 -17.7853
88.62 -304.988 -11.0117 -17.7853
90.6456 -307.705 -11.0117 -17.7853
92.3417 -310.567 -11.0117 -17.7853
93.7043 -313.549 -11.0117 -17.7853
94.7333 -316.637 -11.0117 -17.7853
95.4223 -319.795 -11.0117 -17.7853
95.8114 -323.038 -11.0117 -17.7853
95.8511 -326.29 -11.0117 -17.7853
95.5237 -329.44 -11.0117 -17.7853
94.8117 -332.691 -11.0117 -17.7853
93.8008 -335.719 -11.0117 -17.7853
92.4881 -338.557 -11.0117 -17.7853
90.9184 -341.251 -11.0117 -17.7853
89.0164 -343.805 -11.0117 -17.7853
86.7917 -346.174 -11.0117 -17.7853
84.1882 -348.26 -11.0117 -17.7853
81.3612 -350.027 -11.0117 -17.7853
78.4074 -351.45 -11.0117 -17.7853
75.3875 -352.529 -11.0117 -17.7853
72.2439 -353.354 -11.0117 -17.7853
69.0295 -354.038 -11.0117 -17.7853
65.8108 -354.673 -11.0117 -17.7853
62.5883 -355.21 -11.0117 -17.7853
59.3878 -355.632 -11.0117 -17.7853
56.259 -355.981 -11.0117 -17.7853
53.2004 -356.312 -11.0117 -17.7853
50.2541 -356.643 -11.0117 -17.7853
47.4713 -357.147 -11.0117 -17.7853
44.9389 -357.77 -11.0117 -17.7853
42.6479 -358.587 -11.0117 -17.7853
40.5858 -359.688 -11.0117 -17.7853
38.8272 -361.095 -11.0117 -17.7853
37.4053 -362.759 -11.0117 -17.7853
36.3039 -364.588 -11.0117 -17.7853
35.5499 -366.828 -11.0117 -17.7853
35.1265 -369.39 -11.0117 -17.7853
35.0567 -372.055 -11.0117 -17.7853
35.2906 -374.838 -11.0117 -17.7853
35.8176 -377.631 -11.0117 -17.7853
36.6141 -380.381 -11.0117 -17.7853
37.6771 -383.095 -11.0117 -17.7853
38.9769 -385.712 -11.0117 -17.7853
40.5565 -388.175 -11.0117 -17.7853
42.44 -390.437 -11.0117 -17.7853
44.5757 -392.465 -11.0117 -17.7853
46.8836 -394.271 -11.0117 -17.7853
49.2827 -395.919 -11.0117 -17.7853
51.7576 -397.415 -11.0117 -17.7853
54.3055 -398.746 -11.0117 -17.7853
56.937 -399.918 -11.0117 -17.7853
59.6363 -400.877 -11.0117 -17.7853
62.43 -401.618 -11.0117 -17.7853
65.2972 -402.129 -11.0117 -17.7853
68.2463 -402.404 -11.0117 -17.7853
71.2852 -402.483 -11.0117 -17.7853
74.4039 -402.408 -11.0117 -17.7853
77.6211 -402.311 -11.0117 -17.7853
80.9092 -402.177 -11.0117 -17.7853
84.2996 -402.028 -11.0117 -17.7853
87.7536 -401.867 -11.0117 -17.7853
91.3107 -401.633 -11.0117 -17.7853
94.9645 -401.364 -11.0117 -17.7853
98.684 -401.063 -11.0117 -17.7853
102.458 -400.718 -11.0117 -17.7853
106.24 -400.356 -11.0117 -17.7853
109.993 -399.945 -11.0117 -17.7853
113.741 -399.476 -11.0117 -17.7853
117.463 -398.967 -11.0117 -17.7853
121.154 -398.415 -11.0117 -17.7853
124.844 -397.823 -11.0117 -17.7853
128.545 -397.215 -11.0117 -17.7853
132.24 -396.63 -11.0117 -17.7853
135.892 -396.01 -11.0117 -17.7853
139.484 -395.412 -11.0117 -17.7853
143.084 -394.847 -11.0117 -17.7853
146.685 -394.305 -11.0117 -17.7853
150.3 -393.792 -11.0117 -17.7853
153.935 -393.29 -11.0117 -17.7853
157.578 -392.8 -11.0117 -17.7853
161.234 -392.31 -11.0117 -17.7853
164.904 -391.829 -11.0117 -17.7853
168.586 -391.352 -11.0117 -17.7853
172.272 -390.884 -11.0117 -17.7853
175.978 -390.417 -11.0117 -17.7853
179.676 -389.96 -11.0117 -17.7853
183.387 -389.516 -11.0117 -17.7853
187.155 -389.119 -11.0117 -17.7853
190.939 -388.793 -11.0117 -17.7853
194.721 -388.529 -11.0117 -17.7853
198.516 -388.337 -11.0117 -17.7853
202.318 -388.209 -11.0117 -17.7853
206.115 -388.155 -11.0117 -17.7853
209.926 -388.179 -11.0117 -17.7853
213.735 -388.259 -11.0117 -17.7853
217.548 -388.387 -11.0117 -17.7853
221.371 -388.603 -11.0117 -17.7853
225.205 -388.881 -11.0117 -17.7853
229.043 -389.239 -11.0117 -17.7853
232.882 -389.673 -11.0117 -17.7853
236.742 -390.175 -11.0117 -17.7853
240.619 -390.72 -11.0117 -17.7853
244.486 -391.348 -11.0117 -17.7853
248.379 -392.061 -11.0117 -17.7853
252.307 -392.661 -11.0117 -17.7853
256.243 -393.5 -11.0117 -17.7853
260.14 -394.474 -11.0117 -17.7853
264.012 -395.594 -11.0117 -17.7853
267.818 -396.784 -11.0117 -17.7853
271.542 -398.022 -11.0117 -17.7853
275.204 -399.361 -11.0117 -17.7853
278.821 -400.731 -11.0117 -17.7853
282.436 -402.141 -11.0117 -17.7853
286.018 -403.594 -11.0117 -17.7853
289.538 -405.029 -11.0117 -17.7853
293.008 -406.455 -11.0117 -17.7853
296.417 -407.866 -11.0117 -17.7853
299.766 -409.245 -11.0117 -17.7853
303.062 -410.617 -11.0117 -17.7853
306.34 -411.993 -11.0117 -17.7853
309.608 -413.37 -11.0117 -17.7853
312.922 -414.741 -11.0117 -17.7853
316.288 -416.074 -11.0117 -17.7853
319.686 -417.411 -11.0117 -17.7853
323.089 -418.857 -11.0117 -17.7853
326.495 -420.476 -11.0117 -17.7853
329.918 -422.222 -11.0117 -17.7853
333.348 -424.097 -11.0117 -17.7853
336.793 -426.05 -11.0117 -17.7853
340.191 -428.071 -11.0117 -17.7853
343.537 -430.129 -11.0117 -17.7853
346.837 -432.186 -11.0117 -17.7853
350.137 -434.247 -11.0117 -17.7853
353.456 -436.348 -11.0117 -17.7853
356.783 -438.434 -11.0117 -17.7853
360.13 -440.558 -11.0117 -17.7853
363.473 -442.628 -11.0117 -17.7853
366.82 -444.704 -11.0117 -17.7853
370.16 -446.759 -11.0117 -17.7853
373.508 -448.775 -11.0117 -17.7853
376.861 -450.761 -11.0117 -17.7853
380.183 -452.74 -11.0117 -17.7853
383.483 -454.748 -11.0117 -17.7853
386.769 -456.868 -11.0117 -17.7853
390.053 -458.921 -11.0117 -17.7853
393.274 -461.076 -11.0117 -17.7853
396.422 -463.2 -11.0117 -17.7853
399.398 -465.258 -11.0117 -17.7853
402.311 -467.313 -11.0117 -17.7853
405.167 -469.324 -11.0117 -17.7853
407.972 -471.318 -11.0117 -17.7853
410.686 -473.349 -11.0117 -17.7853
413.382 -475.304 -11.0117 -17.7853
416.004 -477.228 -11.0117 -17.7853
418.555 -479.129 -11.0117 -17.7853
421.025 -480.989 -11.0117 -17.7853
423.367 -482.788 -11.0117 -17.7853
425.557 -484.526 -11.0117 -17.7853
427.581 -486.157 -11.0117 -17.7853
429.498 -487.703 -11.0117 -17.7853
431.332 -489.178 -11.0117 -17.7853
433.053 -490.549 -11.0117 -17.7853
434.657 -491.769 -11.0117 -17.7853
436.147 -492.877 -11.0117 -17.7853
437.555 -493.937 -11.0117 -17.7853
438.98 -494.921 -11.0117 -17.7853
440.449 -495.765 -11.0117 -17.7853
441.993 -496.393 -11.0117 -17.7853
443.598 -496.763 -11.0117 -17.7853
445.221 -496.888 -11.0117 -17.7853
446.996 -496.743 -11.0117 -17.7853
448.813 -496.408 -11.0117 -17.7853
450.663 -495.818 -11.0117 -17.7853
452.496 -495.028 -11.0117 -17.7853
454.336 -494.051 -11.0117 -17.7853
456.227 -492.993 -11.0117 -17.7853
458.188 -491.893 -11.0117 -17.7853
460.21 -490.753 -11.0117 -17.7853
462.284 -489.581 -11.0117 -17.7853
464.466 -488.365 -11.0117 -17.7853
466.762 -487.102 -11.0117 -17.7853
469.134 -485.809 -11.0117 -17.7853
471.563 -484.486 -11.0117 -17.7853
474.023 -483.147 -11.0117 -17.7853
476.503 -481.79 -11.0117 -17.7853
479.025 -480.421 -11.0117 -17.7853
481.565 -479.056 -11.0117 -17.7853
484.085 -477.68 -11.0117 -17.7853
486.641 -476.265 -11.0117 -17.7853
489.214 -474.858 -11.0117 -17.7853
491.781 -473.426 -11.0117 -17.7853
494.358 -471.982 -11.0117 -17.7853
496.875 -470.565 -11.0117 -17.7853
499.297 -469.203 -11.0117 -17.7853
501.67 -467.867 -11.0117 -17.7853
503.944 -466.582 -11.0117 -17.7853
506.081 -465.373 -11.0117 -17.7853
508.066 -464.254 -11.0117 -17.7853
509.899 -463.232 -11.0117 -17.7853
511.666 -462.26 -11.0117 -17.7853
513.398 -461.308 -11.0117 -17.7853
515.058 -460.403 -11.0117 -17.7853
516.619 -459.552 -11.0117 -17.7853
518.037 -458.789 -11.0117 -17.7853
519.336 -458.077 -11.0117 -17.7853
520.582 -457.324 -11.0117 -17.7853
521.748 -456.462 -11.0117 -17.7853
522.795 -455.463 -11.0117 -17.7853
523.592 -454.317 -11.0117 -17.7853
524.175 -453.027 -11.0117 -17.7853
524.592 -451.505 -11.0117 -17.7853
524.718 -449.835 -11.0117 -17.7853
524.563 -448.083 -11.0117 -17.7853
524.067 -446.256 -11.0117 -17.7853
523.3 -444.348 -11.0117 -17.7853
522.36 -442.392 -11.0117 -17.7853
521.227 -440.406 -11.0117 -17.7853
519.955 -438.401 -11.0117 -17.7853
518.634 -436.415 -11.0117 -17.7853
517.234 -434.501 -11.0117 -17.7853
515.782 -432.627 -11.0117 -17.7853
514.256 -430.807 -11.0117 -17.7853
512.654 -429.087 -11.0117 -17.7853
510.996 -427.438 -11.0117 -17.7853
509.308 -425.873 -11.0117 -17.7853
507.578 -424.415 -11.0117 -17.7853
505.798 -423.027 -11.0117 -17.7853
503.994 -421.723 -11.0117 -17.7853
502.126 -420.486 -11.0117 -17.7853
500.198 -419.312 -11.0117 -17.7853
498.209 -418.179 -11.0117 -17.7853
496.165 -417.07 -11.0117 -17.7853
494.061 -415.986 -11.0117 -17.7853
491.879 -414.957 -11.0117 -17.7853
489.66 -413.949 -11.0117 -17.7853
487.43 -412.961 -11.0117 -17.7853
485.172 -411.973 -11.0117 -17.7853
482.901 -411.009 -11.0117 -17.7853
480.604 -410.08 -11.0117 -17.7853
478.299 -409.187 -11.0117 -17.7853
476.007 -408.316 -11.0117 -17.7853
473.72 -407.466 -11.0117 -17.7853
471.434 -406.645 -11.0117 -17.7853
469.178 -405.842 -11.0117 -17.7853
467.0 -405.068 -11.0117 -17.7853
464.943 -404.345 -11.0117 -17.7853
463.027 -403.658 -11.0117 -17.7853
461.253 -402.988 -11.0117 -17.7853
459.487 -402.353 -11.0117 -17.7853
457.723 -401.73 -11.0117 -17.7853
455.955 -401.087 -11.0117 -17.7853
454.181 -400.427 -11.0117 -17.7853
452.376 -399.78 -11.0117 -17.7853
450.492 -399.095 -11.0117 -17.7853
448.569 -398.369 -11.0117 -17.7853
446.573 -397.536 -11.0117 -17.7853
444.516 -396.693 -11.0117 -17.7853
442.405 -395.819 -11.0117 -17.7853
440.235 -394.907 -11.0117 -17.7853
437.999 -393.977 -11.0117 -17.7853
435.742 -393.018 -11.0117 -17.7853
433.458 -392.025 -11.0117 -17.7853
431.122 -390.997 -11.0117 -17.7853
428.729 -389.92 -11.0117 -17.7853
426.284 -388.794 -11.0117 -17.7853
423.807 -387.602 -11.0117 -17.7853
421.322 -386.37 -11.0117 -17.7853
418.805 -385.11 -11.0117 -17.7853
416.271 -383.813 -11.0117 -17.7853
413.734 -382.48 -11.0117 -17.7853
411.173 -381.14 -11.0117 -17.7853
408.609 -379.765 -11.0117 -17.7853
406.027 -378.356 -11.0117 -17.7853
403.443 -376.922 -11.0117 -17.7853
400.863 -375.444 -11.0117 -17.7853
398.272 -373.918 -11.0117 -17.7853
395.687 -372.351 -11.0117 -17.7853
393.099 -370.745 -11.0117 -17.7853
390.507 -369.116 -11.0117 -17.7853
387.952 -367.466 -11.0117 -17.7853
385.402 -365.799 -11.0117 -17.7853
382.821 -364.125 -11.0117 -17.7853
380.247 -362.42 -11.0117 -17.7853
377.709 -360.666 -11.0117 -17.7853
375.281 -358.895 -11.0117 -17.7853
372.944 -357.177 -11.0117 -17.7853
370.668 -355.48 -11.0117 -17.7853
368.42 -353.782 -11.0117 -17.7853
366.215 -352.11 -11.0117 -17.7853
364.075 -350.487 -11.0117 -17.7853
362.0 -348.94 -11.0117 -17.7853
360.018 -347.502 -11.0117 -17.7853
358.155 -346.143 -11.0117 -17.7853
356.457 -344.839 -11.0117 -17.7853
354.917 -343.565 -11.0117 -17.7853
353.479 -342.292 -11.0117 -17.7853
352.191 -341.005 -11.0117 -17.7853
351.082 -339.691 -11.0117 -17.7853
350.136 -338.279 -11.0117 -17.7853
349.451 -336.822 -11.0117 -17.7853
349.046 -335.258 -11.0117 -17.7853
348.931 -333.593 -11.0117 -17.7853
349.156 -331.918 -11.0117 -17.7853
349.593 -330.223 -11.0117 -17.7853
350.44 -328.662 -11.0117 -17.7853
351.445 -327.114 -11.0117 -17.7853
352.641 -325.569 -11.0117 -17.7853
353.935 -323.978 -11.0117 -17.7853
355.343 -322.313 -11.0117 -17.7853
356.788 -320.525 -11.0117 -17.7853
358.153 -318.597 -11.0117 -17.7853
359.408 -316.541 -11.0117 -17.7853
360.518 -314.362 -11.0117 -17.7853
361.473 -312.088 -11.0117 -17.7853
362.251 -309.711 -11.0117 -17.7853
362.838 -307.235 -11.0117 -17.7853
363.257 -304.694 -11.0117 -17.7853
363.494 -302.075 -11.0117 -17.7853
363.562 -299.43 -11.0117 -17.7853
363.487 -296.724 -11.0117 -17.7853
363.318 -293.96 -11.0117 -17.7853
363.096 -291.172 -11.0117 -17.7853
362.857 -288.366 -11.0117 -17.7853
362.583 -285.549 -11.0117 -17.7853
362.273 -282.767 -11.0117 -17.7853
362.013 -280.0 -11.0117 -17.7853
361.786 -277.259 -11.0117 -17.7853
361.603 -274.542 -11.0117 -17.7853
361.489 -271.837 -11.0117 -17.7853
361.458 -269.134 -11.0117 -17.7853
361.538 -266.427 -11.0117 -17.7853
361.762 -263.73 -11.0117 -17.7853
362.109 -261.044 -11.0117 -17.7853
362.576 -258.353 -11.0117 -17.7853
363.182 -255.686 -11.0117 -17.7853
363.918 -253.046 -11.0117 -17.7853
364.821 -250.412 -11.0117 -17.7853
365.879 -247.814 -11.0117 -17.7853
367.093 -245.252 -11.0117 -17.7853
368.473 -242.722 -11.0117 -17.7853
370.044 -240.268 -11.0117 -17.7853
371.758 -237.931 -11.0117 -17.7853
373.619 -235.701 -11.0117 -17.7853
375.586 -233.589 -11.0117 -17.7853
377.678 -231.564 -11.0117 -17.7853
379.887 -229.656 -11.0117 -17.7853
382.19 -227.871 -11.0117 -17.7853
384.605 -226.231 -11.0117 -17.7853
387.13 -224.762 -11.0117 -17.7853
389.76 -223.446 -11.0117 -17.7853
392.511 -222.287 -11.0117 -17.7853
395.38 -221.303 -11.0117 -17.7853
398.349 -220.481 -11.0117 -17.7853
401.417 -219.837 -11.0117 -17.7853
404.635 -219.356 -11.0117 -17.7853
407.942 -219.056 -11.0117 -17.7853
411.297 -218.937 -11.0117 -17.7853
414.695 -219.003 -11.0117 -17.7853
418.104 -219.232 -11.0117 -17.7853
421.527 -219.57 -11.0117 -17.7853
424.968 -219.98 -11.0117 -17.7853
428.387 -220.489 -11.0117 -17.7853
431.841 -221.059 -11.0117 -17.7853
435.326 -221.636 -11.0117 -17.7853
438.836 -222.245 -11.0117 -17.7853
442.378 -222.891 -11.0117 -17.7853
445.968 -223.543 -11.0117 -17.7853
449.606 -224.197 -11.0117 -17.7853
453.276 -224.87 -11.0117 -17.7853
456.975 -225.55 -11.0117 -17.7853
460.668 -226.251 -11.0117 -17.7853
464.366 -226.993 -11.0117 -17.7853
468.06 -227.74 -11.0117 -17.7853
471.758 -228.502 -11.0117 -17.7853
475.444 -229.263 -11.0117 -17.7853
479.122 -230.005 -11.0117 -17.7853
482.792 -230.747 -11.0117 -17.7853
486.453 -231.505 -11.0117 -17.7853
490.102 -232.263 -11.0117 -17.7853
493.749 -233.024 -11.0117 -17.7853
497.379 -233.808 -11.0117 -17.7853
501.02 -234.586 -11.0117 -17.7853
504.621 -235.372 -11.0117 -17.7853
508.216 -236.176 -11.0117 -17.7853
511.793 -236.965 -11.0117 -17.7853
515.342 -237.735 -11.0117 -17.7853
518.883 -238.508 -11.0117 -17.7853
522.4 -239.263 -11.0117 -17.7853
525.905 -239.984 -11.0117 -17.7853
529.39 -240.66 -11.0117 -17.7853
532.839 -241.316 -11.0117 -17.7853
536.275 -241.949 -11.0117 -17.7853
539.683 -242.568 -11.0117 -17.7853
543.057 -243.21 -11.0117 -17.7853
546.414 -243.874 -11.0117 -17.7853
549.731 -244.53 -11.0117 -17.7853
553.012 -245.216 -11.0117 -17.7853
556.27 -245.92 -11.0117 -17.7853
559.477 -246.651 -11.0117 -17.7853
562.654 -247.42 -11.0117 -17.7853
565.792 -248.231 -11.0117 -17.7853
568.859 -249.097 -11.0117 -17.7853
571.885 -250.042 -11.0117 -17.7853
574.862 -251.03 -11.0117 -17.7853
577.787 -252.077 -11.0117 -17.7853
580.683 -253.161 -11.0117 -17.7853
583.591 -254.267 -11.0117 -17.7853
586.519 -255.369 -11.0117 -17.7853
589.439 -256.436 -11.0117 -17.7853
592.394 -257.477 -11.0117 -17.7853
595.315 -258.479 -11.0117 -17.7853
598.277 -259.476 -11.0117 -17.7853
601.204 -260.46 -11.0117 -17.7853
604.108 -261.468 -11.0117 -17.7853
606.967 -262.544 -11.0117 -17.7853
609.772 -263.733 -11.0117 -17.7853
612.505 -265.053 -11.0117 -17.7853
615.147 -266.516 -11.0117 -17.7853
617.731 -268.145 -11.0117 -17.7853
620.254 -269.933 -11.0117 -17.7853
622.685 -271.874 -11.0117 -17.7853
625.021 -273.939 -11.0117 -17.7853
627.239 -276.112 -11.0117 -17.7853
629.315 -278.399 -11.0117 -17.7853
631.24 -280.789 -11.0117 -17.7853
633.003 -283.304 -11.0117 -17.7853
634.639 -285.956 -11.0117 -17.7853
636.189 -288.709 -11.0117 -17.7853
637.636 -291.584 -11.0117 -17.7853
639.007 -294.589 -11.0117 -17.7853
640.337 -297.685 -11.0117 -17.7853
641.634 -300.899 -11.0117 -17.7853
642.921 -304.169 -11.0117 -17.7853
644.185 -307.459 -11.0117 -17.7853
645.432 -310.782 -11.0117 -17.7853
646.648 -314.113 -11.0117 -17.7853
647.864 -317.451 -11.0117 -17.7853
649.106 -320.755 -11.0117 -17.7853
650.403 -324.028 -11.0117 -17.7853
651.782 -327.228 -11.0117 -17.7853
653.228 -330.381 -11.0117 -17.7853
654.694 -333.452 -11.0117 -17.7853
656.138 -336.342 -11.0117 -17.7853
657.57 -339.087 -11.0117 -17.7853
658.988 -341.71 -11.0117 -17.7853
660.352 -344.21 -11.0117 -17.7853
661.644 -346.565 -11.0117 -17.7853
662.876 -348.795 -11.0117 -17.7853
664.04 -350.924 -11.0117 -17.7853
665.106 -352.921 -11.0117 -17.7853
666.045 -354.756 -11.0117 -17.7853
666.848 -356.396 -11.0117 -17.7853
667.543 -357.845 -11.0117 -17.7853
668.126 -359.076 -11.0117 -17.7853
668.607 -360.108 -11.0117 -17.7853
669.0 -360.944 -11.0117 -17.7853
669.361 -361.708 -11.0117 -17.7853
669.752 -362.44 -11.0117 -17.7853
670.219 -363.112 -11.0117 -17.7853
670.833 -363.779 -11.0117 -17.7853
671.664 -364.445 -11.0117 -17.7853
672.612 -364.986 -11.0117 -17.7853
673.938 -365.438 -11.0117 -17.7853
675.544 -365.713 -11.0117 -17.7853
677.317 -365.687 -11.0117 -17.7853
679.2 -365.415 -11.0117 -17.7853
681.164 -364.905 -11.0117 -17.7853
683.214 -364.213 -11.0117 -17.7853
685.31 -363.259 -11.0117 -17.7853
687.487 -362.089 -11.0117 -17.7853
689.76 -360.809 -11.0117 -17.7853
692.14 -359.459 -11.0117 -17.7853
694.658 -358.03 -11.0117 -17.7853
697.301 -356.534 -11.0117 -17.7853
700.041 -354.981 -11.0117 -17.7853
702.883 -353.361 -11.0117 -17.7853
705.805 -351.697 -11.0117 -17.7853
708.813 -349.992 -11.0117 -17.7853
711.876 -348.258 -11.0117 -17.7853
715.002 -346.453 -11.0117 -17.7853
718.206 -344.633 -11.0117 -17.7853
721.482 -342.77 -11.0117 -17.7853
724.807 -340.889 -11.0117 -17.7853
728.196 -338.981 -11.0117 -17.7853
731.641 -337.051 -11.0117 -17.7853
735.136 -335.085 -11.0117 -17.7853
738.687 -333.111 -11.0117 -17.7853
742.298 -331.125 -11.0117 -17.7853
745.89 -329.139 -11.0117 -17.7853
749.425 -327.17 -11.0117 -17.7853
752.91 -325.237 -11.0117 -17.7853
756.375 -323.313 -11.0117 -17.7853
759.865 -321.362 -11.0117 -17.7853
763.327 -319.384 -11.0117 -17.7853
766.767 -317.46 -11.0117 -17.7853
770.202 -315.543 -11.0117 -17.7853
773.64 -313.597 -11.0117 -17.7853
777.076 -311.609 -11.0117 -17.7853
780.506 -309.559 -11.0117 -17.7853
783.911 -307.384 -11.0117 -17.7853
787.29 -305.086 -11.0117 -17.7853
790.604 -302.674 -11.0117 -17.7853
793.848 -300.106 -11.0117 -17.7853
796.985 -297.45 -11.0117 -17.7853
800.076 -294.711 -11.0117 -17.7853
803.151 -291.917 -11.0117 -17.7853
806.166 -289.067 -11.0117 -17.7853
809.133 -286.135 -11.0117 -17.7853
812.01 -283.098 -11.0117 -17.7853
814.774 -279.994 -11.0117 -17.7853
817.415 -276.799 -11.0117 -17.7853
819.928 -273.561 -11.0117 -17.7853
822.306 -270.293 -11.0117 -17.7853
824.54 -267.032 -11.0117 -17.7853
826.673 -263.781 -11.0117 -17.7853
828.738 -260.538 -11.0117 -17.7853
830.711 -257.359 -11.0117 -17.7853
832.582 -254.229 -11.0117 -17.7853
834.371 -251.146 -11.0117 -17.7853
835.963 -247.895 -11.0117 -17.7853
837.43 -244.592 -11.0117 -17.7853
838.868 -241.553 -11.0117 -17.7853
840.227 -238.72 -11.0117 -17.7853
841.517 -236.114 -11.0117 -17.7853
842.743 -233.69 -11.0117 -17.7853
843.904 -231.473 -11.0117 -17.7853
844.989 -229.432 -11.0117 -17.7853
845.93 -227.548 -11.0117 -17.7853
846.716 -225.735 -11.0117 -17.7853
847.296 -223.977 -11.0117 -17.7853
847.661 -222.29 -11.0117 -17.7853
847.783 -220.55 -11.0117 -17.7853
847.608 -218.766 -11.0117 -17.7853
847.059 -217.074 -11.0117 -17.7853
846.188 -215.482 -11.0117 -17.7853
844.993 -214.043 -11.0117 -17.7853
843.539 -212.765 -11.0117 -17.7853
841.834 -211.617 -11.0117 -17.7853
840.01 -210.614 -11.0117 -17.7853
837.968 -209.736 -11.0117 -17.7853
835.741 -208.914 -11.0117 -17.7853
833.417 -208.173 -11.0117 -17.7853
830.901 -207.446 -11.0117 -17.7853
828.29 -206.725 -11.0117 -17.7853
825.584 -205.987 -11.0117 -17.7853
822.787 -205.24 -11.0117 -17.7853
819.905 -204.47 -11.0117 -17.7853
816.955 -203.702 -11.0117 -17.7853
813.926 -202.925 -11.0117 -17.7853
810.808 -202.116 -11.0117 -17.7853
807.612 -201.277 -11.0117 -17.7853
804.357 -200.421 -11.0117 -17.7853
801.071 -199.546 -11.0117 -17.7853
797.74 -198.666 -11.0117 -17.7853
794.392 -197.787 -11.0117 -17.7853
791.003 -196.92 -11.0117 -17.7853
787.583 -196.024 -11.0117 -17.7853
784.142 -195.072 -11.0117 -17.7853
780.677 -194.067 -11.0117 -17.7853
777.197 -193.011 -11.0117 -17.7853
773.696 -191.886 -11.0117 -17.7853
770.174 -190.705 -11.0117 -17.7853
766.613 -189.504 -11.0117 -17.7853
763.005 -188.299 -11.0117 -17.7853
759.343 -187.147 -11.0117 -17.7853
755.636 -186.064 -11.0117 -17.7853
751.891 -185.063 -11.0117 -17.7853
748.118 -184.113 -11.0117 -17.7853
744.316 -183.21 -11.0117 -17.7853
740.478 -182.348 -11.0117 -17.7853
736.632 -181.53 -11.0117 -17.7853
732.752 -180.734 -11.0117 -17.7853
728.866 -179.991 -11.0117 -17.7853
724.965 -179.269 -11.0117 -17.7853
721.053 -178.54 -11.0117 -17.7853
717.123 -177.826 -11.0117 -17.7853
713.159 -177.134 -11.0117 -17.7853
709.153 -176.456 -11.0117 -17.7853
705.201 -175.794 -11.0117 -17.7853
701.266 -175.162 -11.0117 -17.7853
697.37 -174.581 -11.0117 -17.7853
693.508 -174.025 -11.0117 -17.7853
689.708 -173.48 -11.0117 -17.7853
685.944 -172.946 -11.0117 -17.7853
682.221 -172.443 -11.0117 -17.7853
678.527 -171.947 -11.0117 -17.7853
674.857 -171.452 -11.0117 -17.7853
671.211 -170.95 -11.0117 -17.7853
667.583 -170.417 -11.0117 -17.7853
663.946 -169.882 -11.0117 -17.7853
660.295 -169.316 -11.0117 -17.7853
656.628 -168.734 -11.0117 -17.7853
652.934 -168.162 -11.0117 -17.7853
649.235 -167.604 -11.0117 -17.7853
645.519 -167.063 -11.0117 -17.7853
641.792 -166.532 -11.0117 -17.7853
638.047 -165.975 -11.0117 -17.7853
634.296 -165.414 -11.0117 -17.7853
630.523 -164.813 -11.0117 -17.7853
626.718 -164.204 -11.0117 -17.7853
622.888 -163.589 -11.0117 -17.7853
619.051 -162.987 -11.0117 -17.7853
615.191 -162.389 -11.0117 -17.7853
611.35 -161.811 -11.0117 -17.7853
607.523 -161.189 -11.0117 -17.7853
603.701 -160.55 -11.0117 -17.7853
599.852 -159.921 -11.0117 -17.7853
595.971 -159.276 -11.0117 -17.7853
592.062 -158.624 -11.0117 -17.7853
588.138 -158.001 -11.0117 -17.7853
584.194 -157.369 -11.0117 -17.7853
580.235 -156.731 -11.0117 -17.7853
576.257 -156.106 -11.0117 -17.7853
572.272 -155.494 -11.0117 -17.7853
568.283 -154.901 -11.0117 -17.7853
564.298 -154.291 -11.0117 -17.7853
560.308 -153.685 -11.0117 -17.7853
556.338 -153.067 -11.0117 -17.7853
552.378 -152.452 -11.0117 -17.7853
548.418 -151.782 -11.0117 -17.7853
544.468 -151.123 -11.0117 -17.7853
540.517 -150.499 -11.0117 -17.7853
536.533 -149.927 -11.0117 -17.7853
532.552 -149.39 -11.0117 -17.7853
528.553 -148.918 -11.0117 -17.7853
524.562 -148.417 -11.0117 -17.7853
520.573 -147.937 -11.0117 -17.7853
516.578 -147.433 -11.0117 -17.7853
512.594 -146.909 -11.0117 -17.7853
508.607 -146.37 -11.0117 -17.7853
504.621 -145.801 -11.0117 -17.7853
500.669 -145.222 -11.0117 -17.7853
496.709 -144.632 -11.0117 -17.7853
492.734 -144.038 -11.0117 -17.7853
488.761 -143.458 -11.0117 -17.7853
484.77 -142.906 -11.0117 -17.7853
480.78 -142.329 -11.0117 -17.7853
476.789 -141.77 -11.0117 -17.7853
472.783 -141.23 -11.0117 -17.7853
468.786 -140.684 -11.0117 -17.7853
464.805 -140.153 -11.0117 -17.7853
460.861 -139.631 -11.0117 -17.7853
456.965 -139.111 -11.0117 -17.7853
453.09 -138.601 -11.0117 -17.7853
449.26 -138.102 -11.0117 -17.7853
445.44 -137.624 -11.0117 -17.7853
441.618 -137.181 -11.0117 -17.7853
437.787 -136.774 -11.0117 -17.7853
433.965 -136.391 -11.0117 -17.7853
430.14 -136.03 -11.0117 -17.7853
426.314 -135.727 -11.0117 -17.7853
422.455 -135.449 -11.0117 -17.7853
418.618 -135.188 -11.0117 -17.7853
414.741 -134.97 -11.0117 -17.7853
410.88 -134.809 -11.0117 -17.7853
407.046 -134.704 -11.0117 -17.7853
403.257 -134.643 -11.0117 -17.7853
399.533 -134.612 -11.0117 -17.7853
395.866 -134.6 -11.0117 -17.7853
392.268 -134.633 -11.0117 -17.7853
388.728 -134.686 -11.0117 -17.7853
385.239 -134.777 -11.0117 -17.7853
381.809 -134.887 -11.0117 -17.7853
378.454 -135.021 -11.0117 -17.7853
375.158 -135.195 -11.0117 -17.7853
371.959 -135.404 -11.0117 -17.7853
368.825 -135.641 -11.0117 -17.7853
365.769 -135.953 -11.0117 -17.7853
362.813 -136.381 -11.0117 -17.7853
359.946 -136.93 -11.0117 -17.7853
357.155 -137.595 -11.0117 -17.7853
354.38 -138.389 -11.0117 -17.7853
351.618 -139.268 -11.0117 -17.7853
348.916 -140.219 -11.0117 -17.7853
346.292 -141.246 -11.0117 -17.7853
343.734 -142.346 -11.0117 -17.7853
341.271 -143.536 -11.0117 -17.7853
338.882 -144.836 -11.0117 -17.7853
336.574 -146.277 -11.0117 -17.7853
334.341 -147.889 -11.0117 -17.7853
332.182 -149.676 -11.0117 -17.7853
330.088 -151.644 -11.0117 -17.7853
328.133 -153.775 -11.0117 -17.7853
326.33 -156.077 -11.0117 -17.7853
324.679 -158.526 -11.0117 -17.7853
323.225 -161.147 -11.0117 -17.7853
322.007 -163.906 -11.0117 -17.7853
321.009 -166.828 -11.0117 -17.7853
320.208 -169.843 -11.0117 -17.7853
319.544 -172.965 -11.0117 -17.7853
318.971 -176.173 -11.0117 -17.7853
318.453 -179.462 -11.0117 -17.7853
317.921 -182.75 -11.0117 -17.7853
317.367 -186.088 -11.0117 -17.7853
316.847 -189.504 -11.0117 -17.7853
316.319 -192.971 -11.0117 -17.7853
315.767 -196.473 -11.0117 -17.7853
315.163 -199.977 -11.0117 -17.7853
314.499 -203.502 -11.0117 -17.7853
313.761 -207.035 -11.0117 -17.7853
312.923 -210.554 -11.0117 -17.7853
311.99 -214.015 -11.0117 -17.7853
310.961 -217.403 -11.0117 -17.7853
309.815 -220.682 -11.0117 -17.7853
308.536 -223.856 -11.0117 -17.7853
307.141 -226.896 -11.0117 -17.7853
305.605 -229.818 -11.0117 -17.7853
303.949 -232.62 -11.0117 -17.7853
302.213 -235.277 -11.0117 -17.7853
300.416 -237.779 -11.0117 -17.7853
298.573 -240.123 -11.0117 -17.7853
296.741 -242.261 -11.0117 -17.7853
294.928 -244.199 -11.0117 -17.7853
293.164 -245.914 -11.0117 -17.7853
291.432 -247.396 -11.0117 -17.7853
289.781 -248.637 -11.0117 -17.7853
288.19 -249.635 -11.0117 -17.7853
286.609 -250.389 -11.0117 -17.7853
285.061 -250.926 -11.0117 -17.7853
283.459 -251.232 -11.0117 -17.7853
281.809 -251.323 -11.0117 -17.7853
280.153 -251.116 -11.0117 -17.7853
278.491 -250.569 -11.0117 -17.7853
276.78 -249.632 -11.0117 -17.7853
275.199 -248.391 -11.0117 -17.7853
273.694 -246.817 -11.0117 -17.7853
272.232 -244.955 -11.0117 -17.7853
270.732 -242.909 -11.0117 -17.7853
269.098 -240.752 -11.0117 -17.7853
267.324 -238.495 -11.0117 -17.7853
265.41 -236.156 -11.0117 -17.7853
263.358 -233.779 -11.0117 -17.7853
261.168 -231.409 -11.0117 -17.7853
258.871 -229.033 -11.0117 -17.7853
256.48 -226.678 -11.0117 -17.7853
253.976 -224.341 -11.0117 -17.7853
251.405 -222.031 -11.0117 -17.7853
248.831 -219.808 -11.0117 -17.7853
246.322 -217.682 -11.0117 -17.7853
243.884 -215.682 -11.0117 -17.7853
241.516 -213.863 -11.0117 -17.7853
239.245 -212.198 -11.0117 -17.7853
237.112 -210.646 -11.0117 -17.7853
235.195 -209.15 -11.0117 -17.7853
233.537 -207.645 -11.0117 -17.7853
232.16 -206.116 -11.0117 -17.7853
231.055 -204.521 -11.0117 -17.7853
230.218 -202.803 -11.0117 -17.7853
229.629 -200.919 -11.0117 -17.7853
229.413 -198.975 -11.0117 -17.7853
229.542 -197.005 -11.0117 -17.7853
230.028 -195.061 -11.0117 -17.7853
230.87 -193.124 -11.0117 -17.7853
231.969 -191.259 -11.0117 -17.7853
233.212 -189.369 -11.0117 -17.7853
234.51 -187.332 -11.0117 -17.7853
235.831 -185.149 -11.0117 -17.7853
237.14 -182.815 -11.0117 -17.7853
238.423 -180.298 -11.0117 -17.7853
239.65 -177.6 -11.0117 -17.7853
240.762 -174.747 -11.0117 -17.7853
241.734 -171.674 -11.0117 -17.7853
242.658 -168.553 -11.0117 -17.7853
243.468 -165.389 -11.0117 -17.7853
244.225 -162.197 -11.0117 -17.7853
244.946 -158.93 -11.0117 -17.7853
245.616 -155.629 -11.0117 -17.7853
246.236 -152.294 -11.0117 -17.7853
246.836 -148.991 -11.0117 -17.7853
247.422 -145.708 -11.0117 -17.7853
247.991 -142.407 -11.0117 -17.7853
248.554 -139.114 -11.0117 -17.7853
249.114 -135.853 -11.0117 -17.7853
249.669 -132.634 -11.0117 -17.7853
250.227 -129.457 -11.0117 -17.7853
250.832 -126.334 -11.0117 -17.7853
251.503 -123.257 -11.0117 -17.7853
252.251 -120.226 -11.0117 -17.7853
253.09 -117.249 -11.0117 -17.7853
254.056 -114.334 -11.0117 -17.7853
255.204 -111.463 -11.0117 -17.7853
256.541 -108.607 -11.0117 -17.7853
258.083 -105.856 -11.0117 -17.7853
259.774 -103.172 -11.0117 -17.7853
261.609 -100.616 -11.0117 -17.7853
263.622 -98.145 -11.0117 -17.7853
265.77 -95.781 -11.0117 -17.7853
268.089 -93.4725 -11.0117 -17.7853
270.509 -91.2735 -11.0117 -17.7853
273.096 -89.1917 -11.0117 -17.7853
275.828 -87.2283 -11.0117 -17.7853
278.708 -85.3917 -11.0117 -17.7853
281.714 -83.6953 -11.0117 -17.7853
284.834 -82.0947 -11.0117 -17.7853
288.04 -80.6258 -11.0117 -17.7853
291.375 -79.3754 -11.0117 -17.7853
294.79 -78.1828 -11.0117 -17.7853
298.254 -77.1354 -11.0117 -17.7853
301.762 -76.2153 -11.0117 -17.7853
305.306 -75.437 -11.0117 -17.7853
308.886 -74.7951 -11.0117 -17.7853
312.506 -74.2976 -11.0117 -17.7853
316.154 -73.9396 -11.0117 -17.7853
319.824 -73.7176 -11.0117 -17.7853
323.474 -73.7403 -11.0117 -17.7853
327.126 -73.7769 -11.0117 -17.7853
330.761 -73.8756 -11.0117 -17.7853
334.387 -74.0624 -11.0117 -17.7853
338.02 -74.2239 -11.0117 -17.7853
341.658 -74.4055 -11.0117 -17.7853
345.305 -74.5705 -11.0117 -17.7853
348.97 -74.6924 -11.0117 -17.7853
352.604 -74.7478 -11.0117 -17.7853
356.195 -74.7839 -11.0117 -17.7853
359.781 -74.8066 -11.0117 -17.7853
363.365 -74.7207 -11.0117 -17.7853
366.944 -74.6587 -11.0117 -17.7853
370.524 -74.4948 -11.0117 -17.7853
374.141 -74.279 -11.0117 -17.7853
377.729 -74.0208 -11.0117 -17.7853
381.332 -73.7166 -11.0117 -17.7853
384.909 -73.333 -11.0117 -17.7853
388.484 -72.9225 -11.0117 -17.7853
392.007 -72.4713 -11.0117 -17.7853
395.549 -71.9506 -11.0117 -17.7853
399.089 -71.3902 -11.0117 -17.7853
402.611 -70.7602 -11.0117 -17.7853
406.128 -70.0791 -11.0117 -17.7853
409.612 -69.3575 -11.0117 -17.7853
413.115 -68.6338 -11.0117 -17.7853
416.629 -67.8988 -11.0117 -17.7853
420.161 -67.1999 -11.0117 -17.7853
423.671 -66.5071 -11.0117 -17.7853
427.15 -65.7998 -11.0117 -17.7853
430.606 -65.1078 -11.0117 -17.7853
434.175 -64.4768 -11.0117 -17.7853
437.759 -63.9022 -11.0117 -17.7853
441.375 -63.3781 -11.0117 -17.7853
444.987 -62.949 -11.0117 -17.7853
448.611 -62.5779 -11.0117 -17.7853
452.213 -62.3159 -11.0117 -17.7853
455.793 -62.122 -11.0117 -17.7853
459.379 -61.9687 -11.0117 -17.7853
462.956 -61.8408 -11.0117 -17.7853
466.534 -61.7576 -11.0117 -17.7853
470.118 -61.6909 -11.0117 -17.7853
473.699 -61.6755 -11.0117 -17.7853
477.29 -61.7014 -11.0117 -17.7853
480.863 -61.7542 -11.0117 -17.7853
484.473 -61.8596 -11.0117 -17.7853
488.078 -61.9685 -11.0117 -17.7853
491.688 -62.0993 -11.0117 -17.7853
495.333 -62.2094 -11.0117 -17.7853
498.996 -62.2921 -11.0117 -17.7853
502.732 -62.3465 -11.0117 -17.7853
506.504 -62.389 -11.0117 -17.7853
510.277 -62.5118 -11.0117 -17.7853
514.075 -62.7127 -11.0117 -17.7853
517.907 -62.9458 -11.0117 -17.7853
521.732 -63.194 -11.0117 -17.7853
525.525 -63.4514 -11.0117 -17.7853
529.363 -63.6604 -11.0117 -17.7853
533.159 -63.8782 -11.0117 -17.7853
536.933 -64.0962 -11.0117 -17.7853
540.727 -64.2588 -11.0117 -17.7853
544.483 -64.3898 -11.0117 -17.7853
548.256 -64.5574 -11.0117 -17.7853
551.981 -64.6649 -11.0117 -17.7853
555.698 -64.8035 -11.0117 -17.7853
559.407 -64.9703 -11.0117 -17.7853
563.082 -65.177 -11.0117 -17.7853
566.746 -65.4167 -11.0117 -17.7853
570.417 -65.6497 -11.0117 -17.7853
574.085 -65.8566 -11.0117 -17.7853
577.737 -66.0478 -11.0117 -17.7853
581.397 -66.2423 -11.0117 -17.7853
585.074 -66.4218 -11.0117 -17.7853
588.737 -66.5944 -11.0117 -17.7853
592.382 -66.7148 -11.0117 -17.7853
596.02 -66.8126 -11.0117 -17.7853
599.63 -66.9351 -11.0117 -17.7853
603.247 -67.0767 -11.0117 -17.7853
606.803 -67.2286 -11.0117 -17.7853
610.397 -67.3647 -11.0117 -17.7853
613.934 -67.5097 -11.0117 -17.7853
617.469 -67.7265 -11.0117 -17.7853
620.979 -67.9577 -11.0117 -17.7853
624.473 -68.2556 -11.0117 -17.7853
627.956 -68.5313 -11.0117 -17.7853
631.407 -68.9155 -11.0117 -17.7853
634.831 -69.3331 -11.0117 -17.7853
638.235 -69.742 -11.0117 -17.7853
641.6 -70.2003 -11.0117 -17.7853
644.92 -70.6458 -11.0117 -17.7853
648.263 -71.0153 -11.0117 -17.7853
651.539 -71.3359 -11.0117 -17.7853
654.794 -71.7144 -11.0117 -17.7853
658.023 -72.1133 -11.0117 -17.7853
661.283 -72.3961 -11.0117 -17.7853
664.482 -72.7088 -11.0117 -17.7853
667.71 -73.0247 -11.0117 -17.7853
670.915 -73.3691 -11.0117 -17.7853
674.134 -73.7647 -11.0117 -17.7853
677.353 -74.1761 -11.0117 -17.7853
680.626 -74.6202 -11.0117 -17.7853
683.889 -75.1278 -11.0117 -17.7853
687.209 -75.6481 -11.0117 -17.7853
690.557 -76.1991 -11.0117 -17.7853
693.961 -76.8217 -11.0117 -17.7853
697.411 -77.4618 -11.0117 -17.7853
700.891 -78.0596 -11.0117 -17.7853
704.444 -78.657 -11.0117 -17.7853
708.034 -79.2719 -11.0117 -17.7853
711.648 -79.9694 -11.0117 -17.7853
715.321 -80.5834 -11.0117 -17.7853
719.034 -81.1817 -11.0117 -17.7853
722.758 -81.765 -11.0117 -17.7853
726.463 -82.475 -11.0117 -17.7853
730.169 -83.2202 -11.0117 -17.7853
733.873 -83.9652 -11.0117 -17.7853
737.573 -84.7095 -11.0117 -17.7853
741.276 -85.4542 -11.0117 -17.7853
744.949 -86.2852 -11.0117 -17.7853
748.586 -87.1724 -11.0117 -17.7853
752.233 -88.0589 -11.0117 -17.7853
755.854 -88.9542 -11.0117 -17.7853
759.47 -89.8863 -11.0117 -17.7853
763.107 -90.8534 -11.0117 -17.7853
766.713 -91.8419 -11.0117 -17.7853
770.323 -92.8578 -11.0117 -17.7853
773.904 -93.8904 -11.0117 -17.7853
777.482 -94.9754 -11.0117 -17.7853
781.009 -96.0438 -11.0117 -17.7853
784.547 -97.1274 -11.0117 -17.7853
788.053 -98.2321 -11.0117 -17.7853
791.523 -99.3475 -11.0117 -17.7853
794.991 -100.49 -11.0117 -17.7853
798.42 -101.678 -11.0117 -17.7853
801.834 -102.886 -11.0117 -17.7853
805.206 -104.118 -11.0117 -17.7853
808.57 -105.36 -11.0117 -17.7853
811.909 -106.616 -11.0117 -17.7853
815.217 -107.894 -11.0117 -17.7853
818.511 -109.215 -11.0117 -17.7853
821.762 -110.499 -11.0117 -17.7853
824.987 -111.757 -11.0117 -17.7853
828.116 -113.016 -11.0117 -17.7853
831.164 -114.287 -11.0117 -17.7853
834.154 -115.54 -11.0117 -17.7853
837.109 -116.9 -11.0117 -17.7853
839.987 -118.405 -11.0117 -17.7853
842.825 -119.983 -11.0117 -17.7853
845.611 -121.637 -11.0117 -17.7853
848.131 -123.49 -11.0117 -17.7853
850.651 -125.342 -11.0117 -17.7853
853.169 -127.192 -11.0117 -17.7853
855.688 -129.043 -11.0117 -17.7853
858.206 -130.893 -11.0117 -17.7853
860.609 -132.748 -11.0117 -17.7853
862.691 -134.604 -11.0117 -17.7853
864.696 -136.417 -11.0117 -17.7853
866.611 -138.188 -11.0117 -17.7853
868.436 -139.842 -11.0117 -17.7853
870.196 -141.448 -11.0117 -17.7853
871.89 -142.98 -11.0117 -17.7853
873.459 -144.406 -11.0117 -17.7853
874.852 -145.73 -11.0117 -17.7853
876.015 -146.955 -11.0117 -17.7853
876.62 -147.997 -11.0117 -17.7853
877.222 -149.029 -11.0117 -17.7853
877.828 -150.056 -11.0117 -17.7853
878.429 -151.07 -11.0117 -17.7853
879.032 -152.077 -11.0117 -17.7853
879.368 -153.207 -11.0117 -17.7853
879.496 -154.5 -11.0117 -17.7853
879.474 -155.899 -11.0117 -17.7853
879.184 -157.413 -11.0117 -17.7853
878.722 -159.026 -11.0117 -17.7853
878.051 -160.703 -11.0117 -17.7853
877.199 -162.456 -11.0117 -17.7853
876.226 -164.298 -11.0117 -17.7853
875.169 -166.256 -11.0117 -17.7853
874.063 -168.323 -11.0117 -17.7853
872.896 -170.513 -11.0117 -17.7853
871.692 -172.799 -11.0117 -17.7853
870.444 -175.197 -11.0117 -17.7853
869.158 -177.699 -11.0117 -17.7853
867.847 -180.264 -11.0117 -17.7853
866.529 -182.827 -11.0117 -17.7853
865.19 -185.386 -11.0117 -17.7853
863.827 -187.898 -11.0117 -17.7853
862.482 -190.341 -11.0117 -17.7853
861.175 -192.699 -11.0117 -17.7853
859.904 -194.947 -11.0117 -17.7853
858.555 -197.033 -11.0117 -17.7853
857.564 -199.01 -11.0117 -17.7853
856.623 -200.921 -11.0117 -17.7853
855.873 -202.831 -11.0117 -17.7853
855.391 -204.702 -11.0117 -17.7853
855.195 -206.613 -11.0117 -17.7853
855.179 -208.462 -11.0117 -17.7853
855.616 -210.293 -11.0117 -17.7853
856.41 -212.062 -11.0117 -17.7853
857.588 -213.745 -11.0117 -17.7853
859.079 -215.288 -11.0117 -17.7853
860.819 -216.69 -11.0117 -17.7853
862.789 -218.03 -11.0117 -17.7853
864.921 -219.272 -11.0117 -17.7853
867.294 -220.393 -11.0117 -17.7853
869.807 -221.443 -11.0117 -17.7853
872.434 -222.522 -11.0117 -17.7853
875.148 -223.639 -11.0117 -17.7853
877.943 -224.783 -11.0117 -17.7853
880.789 -225.911 -11.0117 -17.7853
883.677 -227.009 -11.0117 -17.7853
886.574 -228.055 -11.0117 -17.7853
889.457 -229.065 -11.0117 -17.7853
892.308 -230.075 -11.0117 -17.7853
895.125 -231.1 -11.0117 -17.7853
897.891 -232.148 -11.0117 -17.7853
900.572 -233.227 -11.0117 -17.7853
903.147 -234.414 -11.0117 -17.7853
905.581 -235.747 -11.0117 -17.7853
907.862 -237.232 -11.0117 -17.7853
909.977 -238.859 -11.0117 -17.7853
911.921 -240.637 -11.0117 -17.7853
913.692 -242.584 -11.0117 -17.7853
915.224 -244.67 -11.0117 -17.7853
916.604 -246.933 -11.0117 -17.7853
917.748 -249.322 -11.0117 -17.7853
918.674 -251.818 -11.0117 -17.7853
919.383 -254.435 -11.0117 -17.7853
919.809 -257.168 -11.0117 -17.7853
920.031 -260.038 -11.0117 -17.7853
920.103 -263.001 -11.0117 -17.7853
920.099 -266.087 -11.0117 -17.7853
920.043 -269.309 -11.0117 -17.7853
919.861 -272.599 -11.0117 -17.7853
919.594 -275.946 -11.0117 -17.7853
919.194 -279.387 -11.0117 -17.7853
918.716 -282.823 -11.0117 -17.7853
918.148 -286.292 -11.0117 -17.7853
917.501 -289.794 -11.0117 -17.7853
916.763 -293.295 -11.0117 -17.7853
915.962 -296.778 -11.0117 -17.7853
915.027 -300.241 -11.0117 -17.7853
914.01 -303.678 -11.0117 -17.7853
912.95 -307.068 -11.0117 -17.7853
911.811 -310.431 -11.0117 -17.7853
910.661 -313.806 -11.0117 -17.7853
909.524 -317.194 -11.0117 -17.7853
908.36 -320.573 -11.0117 -17.7853
907.158 -323.978 -11.0117 -17.7853
905.955 -327.39 -11.0117 -17.7853
904.73 -330.854 -11.0117 -17.7853
903.48 -334.371 -11.0117 -17.7853
902.194 -337.956 -11.0117 -17.7853
900.881 -341.605 -11.0117 -17.7853
899.507 -345.303 -11.0117 -17.7853
898.136 -348.992 -11.0117 -17.7853
896.76 -352.601 -11.0117 -17.7853
895.382 -356.153 -11.0117 -17.7853
894.002 -359.645 -11.0117 -17.7853
892.633 -363.088 -11.0117 -17.7853
891.284 -366.446 -11.0117 -17.7853
889.954 -369.684 -11.0117 -17.7853
888.705 -372.751 -11.0117 -17.7853
887.542 -375.609 -11.0117 -17.7853
886.482 -378.244 -11.0117 -17.7853
885.529 -380.659 -11.0117 -17.7853
884.646 -382.909 -11.0117 -17.7853
883.836 -385.023 -11.0117 -17.7853
883.052 -387.072 -11.0117 -17.7853
882.282 -389.021 -11.0117 -17.7853
881.518 -390.963 -11.0117 -17.7853
880.723 -392.99 -11.0117 -17.7853
879.871 -395.092 -11.0117 -17.7853
878.952 -397.297 -11.0117 -17.7853
877.994 -399.634 -11.0117 -17.7853
877.005 -402.093 -11.0117 -17.7853
875.982 -404.658 -11.0117 -17.7853
874.937 -407.346 -11.0117 -17.7853
873.852 -410.171 -11.0117 -17.7853
872.73 -413.116 -11.0117 -17.7853
871.568 -416.14 -11.0117 -17.7853
870.361 -419.266 -11.0117 -17.7853
869.086 -422.462 -11.0117 -17.7853
867.733 -425.716 -11.0117 -17.7853
866.275 -429.025 -11.0117 -17.7853
864.738 -432.357 -11.0117 -17.7853
863.155 -435.647 -11.0117 -17.7853
861.539 -438.867 -11.0117 -17.7853
859.901 -442.004 -11.0117 -17.7853
858.274 -445.061 -11.0117 -17.7853
856.661 -448.065 -11.0117 -17.7853
855.095 -451.011 -11.0117 -17.7853
853.592 -453.9 -11.0117 -17.7853
852.213 -456.693 -11.0117 -17.7853
850.982 -459.327 -11.0117 -17.7853
849.817 -461.81 -11.0117 -17.7853
848.706 -464.221 -11.0117 -17.7853
847.638 -466.561 -11.0117 -17.7853
846.608 -468.856 -11.0117 -17.7853
845.599 -471.139 -11.0117 -17.7853
844.544 -473.507 -11.0117 -17.7853
843.441 -475.939 -11.0117 -17.7853
842.303 -478.433 -11.0117 -17.7853
841.136 -481.024 -11.0117 -17.7853
839.944 -483.652 -11.0117 -17.7853
838.731 -486.351 -11.0117 -17.7853
837.469 -489.113 -11.0117 -17.7853
836.193 -491.932 -11.0117 -17.7853
834.934 -494.737 -11.0117 -17.7853
833.667 -497.573 -11.0117 -17.7853
832.376 -500.432 -11.0117 -17.7853
831.076 -503.328 -11.0117 -17.7853
829.81 -506.268 -11.0117 -17.7853
828.516 -509.246 -11.0117 -17.7853
827.222 -512.249 -11.0117 -17.7853
825.906 -515.281 -11.0117 -17.7853
824.601 -518.35 -11.0117 -17.7853
823.28 -521.401 -11.0117 -17.7853
822.004 -524.371 -11.0117 -17.7853
820.792 -527.219 -11.0117 -17.7853
819.654 -529.951 -11.0117 -17.7853
818.587 -532.56 -11.0117 -17.7853
817.591 -535.046 -11.0117 -17.7853
816.619 -537.45 -11.0117 -17.7853
815.6 -539.794 -11.0117 -17.7853
814.489 -542.071 -11.0117 -17.7853
813.281 -544.26 -11.0117 -17.7853
811.951 -546.393 -11.0117 -17.7853
810.467 -548.396 -11.0117 -17.7853
808.712 -550.185 -11.0117 -17.7853
806.806 -551.781 -11.0117 -17.7853
804.695 -553.207 -11.0117 -17.7853
802.324 -554.412 -11.0117 -17.7853
799.73 -555.345 -11.0117 -17.7853
796.954 -556.059 -11.0117 -17.7853
794.05 -556.696 -11.0117 -17.7853
791.027 -557.303 -11.0117 -17.7853
787.899 -557.911 -11.0117 -17.7853
784.671 -558.523 -11.0117 -17.7853
781.37 -559.196 -11.0117 -17.7853
778.0 -559.9 -11.0117 -17.7853
774.542 -560.629 -11.0117 -17.7853
771.007 -561.41 -11.0117 -17.7853
767.385 -562.233 -11.0117 -17.7853
763.683 -563.08 -11.0117 -17.7853
759.943 -563.948 -11.0117 -17.7853
756.186 -564.795 -11.0117 -17.7853
752.449 -565.641 -11.0117 -17.7853
748.705 -566.479 -11.0117 -17.7853
744.958 -567.327 -11.0117 -17.7853
741.205 -568.209 -11.0117 -17.7853
737.449 -569.1 -11.0117 -17.7853
733.693 -569.928 -11.0117 -17.7853
729.903 -570.796 -11.0117 -17.7853
726.141 -571.67 -11.0117 -17.7853
722.401 -572.505 -11.0117 -17.7853
718.657 -573.331 -11.0117 -17.7853
714.909 -574.169 -11.0117 -17.7853
711.154 -574.991 -11.0117 -17.7853
707.381 -575.784 -11.0117 -17.7853
703.608 -576.484 -11.0117 -17.7853
699.789 -577.151 -11.0117 -17.7853
695.949 -577.783 -11.0117 -17.7853
692.086 -578.391 -11.0117 -17.7853
688.196 -578.969 -11.0117 -17.7853
684.284 -579.527 -11.0117 -17.7853
680.353 -580.012 -11.0117 -17.7853
676.394 -580.463 -11.0117 -17.7853
672.43 -580.896 -11.0117 -17.7853
668.482 -581.278 -11.0117 -17.7853
664.562 -581.619 -11.0117 -17.7853
660.679 -581.917 -11.0117 -17.7853
656.833 -582.149 -11.0117 -17.7853
652.987 -582.329 -11.0117 -17.7853
649.146 -582.495 -11.0117 -17.7853
645.283 -582.653 -11.0117 -17.7853
641.399 -582.799 -11.0117 -17.7853
637.509 -582.865 -11.0117 -17.7853
633.579 -582.926 -11.0117 -17.7853
629.633 -583.012 -11.0117 -17.7853
625.686 -583.11 -11.0117 -17.7853
621.757 -583.237 -11.0117 -17.7853
617.836 -583.378 -11.0117 -17.7853
613.914 -583.523 -11.0117 -17.7853
609.968 -583.652 -11.0117 -17.7853
606.029 -583.763 -11.0117 -17.7853
602.082 -583.867 -11.0117 -17.7853
598.16 -583.963 -11.0117 -17.7853
594.271 -584.081 -11.0117 -17.7853
590.406 -584.193 -11.0117 -17.7853
586.586 -584.254 -11.0117 -17.7853
582.744 -584.365 -11.0117 -17.7853
578.925 -584.588 -11.0117 -17.7853
575.14 -584.942 -11.0117 -17.7853
571.392 -585.412 -11.0117 -17.7853
567.663 -586.009 -11.0117 -17.7853
563.963 -586.73 -11.0117 -17.7853
560.283 -587.51 -11.0117 -17.7853
556.613 -588.295 -11.0117 -17.7853
552.947 -589.117 -11.0117 -17.7853
549.294 -589.954 -11.0117 -17.7853
545.66 -590.795 -11.0117 -17.7853
542.072 -591.613 -11.0117 -17.7853
538.522 -592.376 -11.0117 -17.7853
534.986 -593.042 -11.0117 -17.7853
531.514 -593.656 -11.0117 -17.7853
528.189 -594.211 -11.0117 -17.7853
525.058 -594.724 -11.0117 -17.7853
522.108 -595.256 -11.0117 -17.7853
519.364 -595.799 -11.0117 -17.7853
516.782 -596.349 -11.0117 -17.7853
514.353 -596.874 -11.0117 -17.7853
512.097 -597.335 -11.0117 -17.7853
510.002 -597.659 -11.0117 -17.7853
507.984 -597.788 -11.0117 -17.7853
506.007 -597.708 -11.0117 -17.7853
504.065 -597.403 -11.0117 -17.7853
502.212 -596.894 -11.0117 -17.7853
500.367 -596.07 -11.0117 -17.7853
498.609 -594.997 -11.0117 -17.7853
496.942 -593.622 -11.0117 -17.7853
495.439 -591.945 -11.0117 -17.7853
494.13 -589.962 -11.0117 -17.7853
492.982 -587.746 -11.0117 -17.7853
491.948 -585.382 -11.0117 -17.7853
490.932 -582.893 -11.0117 -17.7853
489.849 -580.286 -11.0117 -17.7853
488.687 -577.577 -11.0117 -17.7853
487.434 -574.789 -11.0117 -17.7853
486.106 -571.951 -11.0117 -17.7853
484.723 -569.085 -11.0117 -17.7853
483.271 -566.211 -11.0117 -17.7853
481.78 -563.31 -11.0117 -17.7853
480.267 -560.373 -11.0117 -17.7853
478.756 -557.401 -11.0117 -17.7853
477.239 -554.361 -11.0117 -17.7853
475.711 -551.337 -11.0117 -17.7853
474.127 -548.297 -11.0117 -17.7853
472.535 -545.249 -11.0117 -17.7853
470.922 -542.181 -11.0117 -17.7853
469.308 -539.096 -11.0117 -17.7853
467.688 -536.048 -11.0117 -17.7853
466.092 -533.044 -11.0117 -17.7853
464.521 -530.1 -11.0117 -17.7853
462.99 -527.25 -11.0117 -17.7853
461.482 -524.479 -11.0117 -17.7853
459.989 -521.828 -11.0117 -17.7853
458.54 -519.321 -11.0117 -17.7853
457.156 -517.0 -11.0117 -17.7853
455.839 -514.84 -11.0117 -17.7853
454.583 -512.799 -11.0117 -17.7853
453.425 -510.895 -11.0117 -17.7853
452.465 -509.027 -11.0117 -17.7853
451.74 -507.238 -11.0117 -17.7853
451.212 -505.376 -11.0117 -17.7853
450.974 -503.496 -11.0117 -17.7853
451.013 -501.611 -11.0117 -17.7853
451.348 -499.775 -11.0117 -17.7853
451.994 -497.958 -11.0117 -17.7853
452.981 -496.22 -11.0117 -17.7853
454.241 -494.494 -11.0117 -17.7853
455.904 -492.987 -11.0117 -17.7853
457.858 -491.709 -11.0117 -17.7853
460.092 -490.493 -11.0117 -17.7853
462.526 -489.283 -11.0117 -17.7853
465.095 -487.992 -11.0117 -17.7853
467.844 -486.582 -11.0117 -17.7853
470.734 -485.077 -11.0117 -17.7853
473.765 -483.453 -11.0117 -17.7853
476.884 -481.737 -11.0117 -17.7853
480.099 -479.972 -11.0117 -17.7853
483.357 -478.165 -11.0117 -17.7853
486.575 -476.368 -11.0117 -17.7853
489.853 -474.548 -11.0117 -17.7853
493.114 -472.705 -11.0117 -17.7853
496.406 -470.84 -11.0117 -17.7853
499.729 -468.926 -11.0117 -17.7853
503.079 -467.005 -11.0117 -17.7853
506.464 -465.062 -11.0117 -17.7853
509.87 -463.126 -11.0117 -17.7853
513.315 -461.215 -11.0117 -17.7853
516.779 -459.259 -11.0117 -17.7853
520.283 -457.28 -11.0117 -17.7853
523.788 -455.284 -11.0117 -17.7853
527.277 -453.26 -11.0117 -17.7853
530.793 -451.272 -11.0117 -17.7853
534.318 -449.31 -11.0117 -17.7853
537.872 -447.362 -11.0117 -17.7853
541.422 -445.394 -11.0117 -17.7853
545.015 -443.387 -11.0117 -17.7853
548.618 -441.382 -11.0117 -17.7853
552.234 -439.368 -11.0117 -17.7853
555.832 -437.348 -11.0117 -17.7853
559.439 -435.294 -11.0117 -17.7853
563.063 -433.224 -11.0117 -17.7853
566.684 -431.15 -11.0117 -17.7853
570.312 -429.076 -11.0117 -17.7853
573.979 -426.949 -11.0117 -17.7853
577.66 -424.84 -11.0117 -17.7853
581.321 -422.728 -11.0117 -17.7853
584.994 -420.62 -11.0117 -17.7853
588.678 -418.519 -11.0117 -17.7853
592.37 -416.43 -11.0117 -17.7853
596.078 -414.295 -11.0117 -17.7853
599.78 -412.177 -11.0117 -17.7853
603.513 -410.052 -11.0117 -17.7853
607.237 -407.937 -11.0117 -17.7853
610.971 -405.78 -11.0117 -17.7853
614.69 -403.635 -11.0117 -17.7853
618.384 -401.524 -11.0117 -17.7853
622.004 -399.453 -11.0117 -17.7853
625.547 -397.42 -11.0117 -17.7853
629.04 -395.425 -11.0117 -17.7853
632.529 -393.429 -11.0117 -17.7853
635.987 -391.438 -11.0117 -17.7853
639.42 -389.458 -11.0117 -17.7853
642.861 -387.483 -11.0117 -17.7853
646.336 -385.551 -11.0117 -17.7853
649.759 -383.659 -11.0117 -17.7853
653.125 -381.749 -11.0117 -17.7853
656.471 -379.827 -11.0117 -17.7853
659.828 -377.825 -11.0117 -17.7853
663.161 -375.826 -11.0117 -17.7853
666.494 -373.834 -11.0117 -17.7853
669.894 -371.833 -11.0117 -17.7853
673.33 -369.83 -11.0117 -17.7853
676.779 -367.786 -11.0117 -17.7853
680.3 -365.739 -11.0117 -17.7853
683.823 -363.681 -11.0117 -17.7853
687.361 -361.602 -11.0117 -17.7853
690.934 -359.542 -11.0117 -17.7853
694.479 -357.497 -11.0117 -17.7853
698.027 -355.431 -11.0117 -17.7853
701.524 -353.405 -11.0117 -17.7853
705.028 -351.36 -11.0117 -17.7853
708.518 -349.335 -11.0117 -17.7853
712.016 -347.306 -11.0117 -17.7853
715.472 -345.258 -11.0117 -17.7853
718.93 -343.237 -11.0117 -17.7853
722.373 -341.216 -11.0117 -17.7853
725.8 -339.215 -11.0117 -17.7853
729.259 -337.198 -11.0117 -17.7853
732.737 -335.203 -11.0117 -17.7853
736.307 -333.379 -11.0117 -17.7853
739.904 -331.46 -11.0117 -17.7853
743.539 -329.431 -11.0117 -17.7853
747.226 -327.357 -11.0117 -17.7853
750.929 -325.266 -11.0117 -17.7853
754.622 -323.196 -11.0117 -17.7853
758.236 -321.113 -11.0117 -17.7853
761.874 -318.973 -11.0117 -17.7853
765.485 -316.918 -11.0117 -17.7853
769.108 -314.874 -11.0117 -17.7853
772.728 -312.833 -11.0117 -17.7853
776.302 -310.759 -11.0117 -17.7853
779.774 -308.646 -11.0117 -17.7853
783.186 -306.455 -11.0117 -17.7853
786.573 -304.164 -11.0117 -17.7853
789.906 -301.793 -11.0117 -17.7853
793.204 -299.321 -11.0117 -17.7853
796.441 -296.736 -11.0117 -17.7853
799.59 -294.037 -11.0117 -17.7853
802.698 -291.215 -11.0117 -17.7853
805.677 -288.176 -11.0117 -17.7853
808.592 -285.125 -11.0117 -17.7853
811.398 -282.041 -11.0117 -17.7853
814.12 -278.985 -11.0117 -17.7853
816.782 -275.912 -11.0117 -17.7853
819.33 -272.749 -11.0117 -17.7853
821.75 -269.521 -11.0117 -17.7853
824.066 -266.217 -11.0117 -17.7853
826.299 -262.894 -11.0117 -17.7853
828.439 -259.527 -11.0117 -17.7853
830.488 -256.14 -11.0117 -17.7853
832.46 -252.722 -11.0117 -17.7853
834.407 -249.311 -11.0117 -17.7853
836.262 -245.927 -11.0117 -17.7853
838.083 -242.552 -11.0117 -17.7853
839.893 -239.169 -11.0117 -17.7853
841.689 -235.771 -11.0117 -17.7853
843.507 -232.377 -11.0117 -17.7853
845.33 -229.005 -11.0117 -17.7853
847.103 -225.653 -11.0117 -17.7853
848.849 -222.279 -11.0117 -17.7853
850.575 -218.9 -11.0117 -17.7853
852.305 -215.531 -11.0117 -17.7853
854.005 -212.14 -11.0117 -17.7853
855.721 -208.748 -11.0117 -17.7853
857.466 -205.315 -11.0117 -17.7853
859.201 -201.849 -11.0117 -17.7853
860.941 -198.336 -11.0117 -17.7853
862.7 -194.833 -11.0117 -17.7853
864.49 -191.374 -11.0117 -17.7853
866.295 -187.918 -11.0117 -17.7853
868.135 -184.483 -11.0117 -17.7853
869.986 -181.04 -11.0117 -17.7853
871.823 -177.608 -11.0117 -17.7853
873.672 -174.165 -11.0117 -17.7853
875.582 -170.741 -11.0117 -17.7853
877.542 -167.336 -11.0117 -17.7853
879.604 -163.984 -11.0117 -17.7853
881.788 -160.704 -11.0117 -17.7853
884.092 -157.487 -11.0117 -17.7853
886.559 -154.333 -11.0117 -17.7853
889.142 -151.253 -11.0117 -17.7853
891.804 -148.274 -11.0117 -17.7853
894.545 -145.308 -11.0117 -17.7853
897.302 -142.366 -11.0117 -17.7853
900.063 -139.431 -11.0117 -17.7853
902.79 -136.427 -11.0117 -17.7853
905.48 -133.432 -11.0117 -17.7853
908.165 -130.423 -11.0117 -17.7853
910.833 -127.386 -11.0117 -17.7853
913.496 -124.409 -11.0117 -17.7853
