0.961713 0.011011 0.844421 -0.0377197
3.84831 0.0446274 3.74054 0.0185547
6.67639 0.0754279 6.53424 0.00274658
9.46587 0.114132 9.36511 0.0379639
12.2234 0.154881 11.3561 0.0715942
14.9455 0.199285 14.1295 0.103882
17.6348 0.254852 15.0025 0.112488
20.2948 0.314603 16.8644 0.136536
22.9009 0.372549 17.1614 0.174316
25.4422 0.428033 17.0956 0.192444
27.877 0.491623 19.1472 0.234741
30.2267 0.56105 21.6168 0.318176
32.4975 0.637347 23.7881 0.364807
34.7035 0.747597 22.5119 0.410461
36.7734 0.857975 21.1362 0.572083
38.7635 0.966244 20.6136 0.629883
40.6868 1.05457 21.9319 0.768127
42.4757 1.12746 23.0714 0.851624
44.1195 1.16369 21.9502 0.913574
45.5745 1.16212 19.9503 1.03271
46.8327 1.11911 19.6413 1.32819
47.8784 1.05949 18.871 1.34015
48.7166 0.973096 18.9335 1.33435
49.4871 0.856741 20.5319 1.40985
50.2306 0.697158 21.11 1.33405
50.9453 0.488921 22.39 1.30829
51.6593 0.221245 23.1737 1.11969
52.3559 -0.130953 23.4241 0.84021
53.019 -0.590791 23.8223 0.511292
53.6948 -1.17229 25.2495 0.656738
54.3689 -1.94608 25.0812 0.206421
54.9838 -2.97376 25.4431 -0.242004
55.484 -4.19836 23.6952 0.105469
55.8023 -5.58554 23.6523 -0.0313721
55.9379 -7.12638 22.433 0.325562
55.9775 -8.77494 21.5897 -0.753723
55.9798 -10.5377 22.4325 -1.5968
55.9295 -12.3828 22.3496 -2.21582
55.8585 -14.3336 23.4966 -3.31702
55.7407 -16.3872 25.7096 -4.84747
55.643 -18.5047 25.9221 -5.08594
55.569 -20.7128 25.4672 -4.93402
55.5054 -22.9033 25.4952 -5.27295
55.4636 -25.1116 25.5458 -6.56927
55.4896 -27.3049 27.178 -8.76544
55.5223 -29.5123 28.755 -10.0757
55.5619 -31.7263 30.0905 -11.6904
55.6398 -33.951 31.5234 -11.8214
55.7486 -36.1978 30.4825 -12.8351
55.8685 -38.4658 31.2377 -12.4498
56.0249 -40.7783 32.854 -13.463
56.2033 -43.1303 35.4618 -14.309
56.423 -45.5044 37.1899 -15.0894
56.7066 -47.9141 37.1638 -15.6064
57.041 -50.3568 36.4139 -18.4638
57.4249 -52.7738 35.2155 -20.8251
57.8375 -55.1044 35.3325 -22.4567
58.2625 -57.3891 35.4728 -22.9372
58.7161 -59.5996 33.6769 -23.8698
59.1724 -61.7044 32.2952 -24.747
59.6169 -63.7223 32.9597 -28.752
60.0352 -65.6718 34.5526 -30.0312
60.4322 -67.5457 35.9258 -31.8942
60.8031 -69.3031 37.7391 -33.6916
61.1404 -71.0007 38.3672 -34.7724
61.4508 -72.6229 36.7467 -34.0373
61.7495 -74.2427 36.2982 -35.7968
62.0582 -75.8867 37.9554 -37.132
62.4239 -77.5684 40.0305 -38.0771
62.8458 -79.285 42.1538 -38.9453
63.3568 -81.0484 43.5559 -38.9026
63.9481 -82.8951 44.6104 -38.6419
64.6374 -84.8614 43.2684 -38.4052
65.4284 -86.9275 41.3473 -38.1474
66.289 -89.0769 41.7695 -36.9538
67.2287 -91.2181 42.8218 -36.9425
68.2475 -93.2889 44.4269 -38.0389
69.2482 -95.2755 44.3419 -38.5086
70.2361 -97.2065 41.7808 -38.3022
71.1979 -99.0331 39.9525 -34.7089
72.1255 -100.787 36.9652 -34.0685
73.0324 -102.445 37.7512 -34.3294
73.9098 -104.036 39.4747 -34.8769
74.7663 -105.564 41.257 -34.8711
75.6342 -107.06 42.8677 -34.8068
76.5323 -108.508 43.8499 -33.5272
77.4899 -109.986 44.953 -32.9839
78.5197 -111.537 44.5887 -32.1926
79.6277 -113.116 43.9595 -33.1096
80.8487 -114.793 42.6204 -32.543
82.1889 -116.53 42.4893 -32.86
83.6524 -118.299 40.3221 -33.2422
85.2239 -120.164 37.9834 -33.7817
86.8516 -122.085 37.8273 -34.0959
88.5548 -124.02 37.069 -33.2695
90.3599 -125.964 34.7457 -33.5569
92.2182 -127.927 36.0133 -31.4625
94.1064 -129.879 33.751 -28.7998
96.0704 -131.792 33.8551 -29.0876
98.1044 -133.685 35.9943 -27.9087
100.196 -135.601 36.7936 -31.7009
102.28 -137.484 37.6959 -36.5797
104.383 -139.39 37.2738 -37.5735
106.457 -141.31 39.0592 -37.593
108.465 -143.23 39.2672 -35.9604
110.449 -145.154 39.2925 -33.9881
112.378 -147.083 35.7482 -32.1595
114.25 -149.052 35.7096 -30.4135
116.037 -151.048 35.8888 -33.6203
117.816 -153.086 36.6885 -33.7094
119.566 -155.189 36.9581 -32.6982
121.298 -157.384 31.2007 -33.6622
122.972 -159.646 35.517 -40.7031
124.583 -161.964 34.6154 -38.3915
126.114 -164.27 36.9271 -37.6837
127.577 -166.553 37.892 -35.2993
128.979 -168.764 39.8339 -33.2263
130.322 -170.912 41.2244 -32.5794
131.593 -173.01 41.2549 -33.3071
132.827 -175.035 41.4961 -32.5198
134.03 -177.007 40.7705 -33.1901
135.14 -178.931 40.6611 -32.1684
136.217 -180.779 42.5007 -30.331
137.214 -182.581 43.0446 -29.4662
138.15 -184.328 44.3092 -28.0449
139.056 -186.097 44.2318 -27.519
139.942 -187.939 43.658 -28.3536
140.816 -189.84 43.5742 -27.6171
141.654 -191.846 42.1597 -26.3273
142.481 -193.963 41.5309 -24.1795
143.294 -196.214 41.8746 -22.7812
144.097 -198.559 38.2531 -22.1476
144.868 -200.975 36.5972 -20.1379
145.654 -203.532 75.179 -6.35254
146.423 -206.105 76.9626 -4.60364
147.171 -208.747 82.7843 -3.67041
147.881 -211.462 85.5405 -2.117
148.583 -214.227 88.0217 -1.60693
149.278 -217.009 88.7871 0.824585
149.95 -219.794 88.8752 1.513
150.6 -222.574 93.4971 12.2896
151.232 -225.328 93.4971 12.2896
151.845 -228.104 93.4971 12.2896
152.418 -230.838 93.4971 12.2896
152.965 -233.615 93.4971 12.2896
153.478 -236.379 93.4971 12.2896
153.959 -239.105 93.4971 12.2896
154.398 -241.85 93.4971 12.2896
154.798 -244.576 93.4971 12.2896
155.145 -247.273 93.4971 12.2896
155.453 -249.955 93.4971 12.2896
155.721 -252.621 93.4971 12.2896
155.956 -255.282 93.4971 12.2896
156.145 -257.92 93.4971 12.2896
156.258 -260.527 93.4971 12.2896
156.332 -263.14 93.4971 12.2896
156.362 -265.729 93.4971 12.2896
156.353 -268.321 93.4971 12.2896
156.341 -270.893 93.4971 12.2896
156.328 -273.437 93.4971 12.2896
156.336 -275.862 93.4971 12.2896
156.378 -278.224 93.4971 12.2896
156.455 -280.481 93.4971 12.2896
156.56 -282.651 93.4971 12.2896
156.676 -284.675 93.4971 12.2896
156.807 -286.594 93.4971 12.2896
156.943 -288.411 93.4971 12.2896
157.089 -290.11 93.4971 12.2896
157.229 -291.728 93.4971 12.2896
157.372 -293.259 93.4971 12.2896
157.517 -294.725 93.4971 12.2896
157.669 -296.199 93.4971 12.2896
157.809 -297.72 93.4971 12.2896
157.936 -299.311 93.4971 12.2896
158.047 -301.013 93.4971 12.2896
158.193 -302.79 93.4971 12.2896
158.31 -304.681 93.4971 12.2896
158.447 -306.666 93.4971 12.2896
158.58 -308.748 93.4971 12.2896
158.698 -310.897 93.4971 12.2896
158.802 -313.14 93.4971 12.2896
158.903 -315.454 93.4971 12.2896
159.013 -317.844 93.4971 12.2896
159.14 -320.302 93.4971 12.2896
159.282 -322.834 93.4971 12.2896
159.443 -325.435 93.4971 12.2896
159.622 -328.093 93.4971 12.2896
159.837 -330.789 93.4971 12.2896
160.074 -333.518 93.4971 12.2896
160.328 -336.259 93.4971 12.2896
160.587 -338.998 93.4971 12.2896
160.835 -341.712 93.4971 12.2896
161.067 -344.424 93.4971 12.2896
161.308 -347.117 93.4971 12.2896
161.556 -349.806 93.4971 12.2896
161.798 -352.483 93.4971 12.2896
162.053 -355.17 93.4971 12.2896
162.346 -357.863 93.4971 12.2896
162.654 -360.574 93.4971 12.2896
163.035 -363.272 93.4971 12.2896
163.485 -365.955 93.4971 12.2896
164.049 -368.6 93.4971 12.2896
164.696 -371.22 93.4971 12.2896
165.362 -373.842 93.4971 12.2896
166.067 -376.477 93.4971 12.2896
166.828 -379.096 93.4971 12.2896
167.622 -381.646 93.4971 12.2896
168.449 -384.156 93.4971 12.2896
169.293 -386.621 93.4971 12.2896
170.138 -389.052 93.4971 12.2896
170.968 -391.44 93.4971 12.2896
171.762 -393.816 93.4971 12.2896
172.539 -396.19 93.4971 12.2896
173.332 -398.586 93.4971 12.2896
174.146 -401.042 93.4971 12.2896
174.97 -403.54 93.4971 12.2896
175.812 -406.099 93.4971 12.2896
176.654 -408.665 93.4971 12.2896
177.532 -411.237 93.4971 12.2896
178.362 -413.801 93.4971 12.2896
179.178 -416.343 93.4971 12.2896
179.986 -418.797 93.4971 12.2896
180.748 -421.185 93.4971 12.2896
181.472 -423.474 93.4971 12.2896
182.192 -425.714 93.4971 12.2896
182.878 -427.917 93.4971 12.2896
183.557 -430.088 93.4971 12.2896
184.242 -432.252 93.4971 12.2896
184.937 -434.444 93.4971 12.2896
185.625 -436.593 93.4971 12.2896
186.322 -438.658 93.4971 12.2896
186.999 -440.629 93.4971 12.2896
187.639 -442.524 93.4971 12.2896
188.247 -444.311 93.4971 12.2896
188.827 -445.983 93.4971 12.2896
189.385 -447.578 93.4971 12.2896
189.913 -449.082 93.4971 12.2896
190.415 -450.474 93.4971 12.2896
190.871 -451.776 93.4971 12.2896
191.293 -452.975 93.4971 12.2896
191.673 -454.056 93.4971 12.2896
192.029 -455.047 93.4971 12.2896
192.344 -455.946 93.4971 12.2896
192.63 -456.78 93.4971 12.2896
192.921 -457.585 93.4971 12.2896
193.207 -458.373 93.4971 12.2896
193.522 -459.157 93.4971 12.2896
193.884 -459.97 93.4971 12.2896
194.32 -460.816 93.4971 12.2896
194.797 -461.646 93.4971 12.2896
195.309 -462.41 93.4971 12.2896
195.744 -463.135 93.4971 12.2896
196.075 -463.853 93.4971 12.2896
196.364 -464.604 93.4971 12.2896
196.635 -465.402 93.4971 12.2896
196.87 -466.211 93.4971 12.2896
197.073 -466.953 93.4971 12.2896
197.276 -467.618 93.4971 12.2896
197.497 -468.167 93.4971 12.2896
197.692 -468.628 93.4971 12.2896
197.852 -468.992 93.4971 12.2896
198.035 -469.299 93.4971 12.2896
198.181 -469.556 93.4971 12.2896
198.303 -469.772 93.4971 12.2896
198.442 -469.894 93.4971 12.2896
198.534 -470.03 93.4971 12.2896
198.634 -470.117 93.4971 12.2896
