1.31064 -0.00128913 1.20905 -0.0770874
5.26102 -0.00277789 1.62091 -0.0197144
9.23896 -0.00832382 2.01544 -1.85889
13.2421 -0.0034194 4.15643 -0.579529
17.2822 0.00426771 5.46063 0.202942
21.3413 -0.00413469 3.15887 -0.462097
25.4487 0.00971926 -2.10168 -3.14093
29.5701 -0.00528159 -6.22815 -2.64569
33.7178 -0.00830517 -9.28418 -5.30664
37.9059 -0.0151148 -7.34003 -4.78583
42.111 -0.0191634 -9.41278 -4.61877
46.3413 -0.0308604 -12.2584 -4.85663
50.6022 -0.0317553 -16.822 -11.0255
54.8846 -0.0208294 -16.84 -13.4376
59.1736 -0.0100754 -17.944 -12.8206
63.452 0.00130824 -17.9482 -14.2799
67.7031 0.0100203 -17.9918 -14.8171
71.9398 0.0351344 -18.0182 -14.5742
76.1445 0.0532768 -131.549 79.0537
80.3254 0.0495425 -131.549 79.0537
84.4837 0.0526907 -131.549 79.0537
88.6291 0.0843762 -131.549 79.0537
92.7413 0.128335 -131.549 79.0537
96.8138 0.191341 -131.549 79.0537
100.86 0.248572 -131.549 79.0537
104.884 0.305326 -131.549 79.0537
108.906 0.350813 -131.549 79.0537
112.905 0.413713 -131.549 79.0537
116.893 0.433478 -131.549 79.0537
120.905 0.433415 -131.549 79.0537
124.983 0.462255 -131.549 79.0537
129.05 0.471809 -131.549 79.0537
133.11 0.465694 -131.549 79.0537
137.161 0.464495 -131.549 79.0537
141.213 0.467442 -131.549 79.0537
145.258 0.478901 -131.549 79.0537
149.303 0.483284 -131.549 79.0537
153.337 0.51399 -131.549 79.0537
157.383 0.510487 -131.549 79.0537
161.429 0.484876 -131.549 79.0537
165.481 0.468784 -131.549 79.0537
169.56 0.442444 -131.549 79.0537
173.653 0.388112 -131.549 79.0537
177.785 0.340531 -131.549 79.0537
181.921 0.309 -131.549 79.0537
186.099 0.314131 -131.549 79.0537
190.305 0.307021 -131.549 79.0537
194.54 0.297934 -131.549 79.0537
198.801 0.299864 -131.549 79.0537
203.095 0.348581 -131.549 79.0537
207.418 0.343831 -131.549 79.0537
211.785 0.347951 -131.549 79.0537
216.186 0.357484 -131.549 79.0537
220.619 0.366905 -131.549 79.0537
225.079 0.37715 -131.549 79.0537
229.551 0.378661 -131.549 79.0537
234.038 0.373963 -131.549 79.0537
238.55 0.381494 -131.549 79.0537
243.087 0.38188 -131.549 79.0537
247.648 0.372157 -131.549 79.0537
252.224 0.362986 -131.549 79.0537
256.823 0.351899 -131.549 79.0537
261.435 0.334678 -131.549 79.0537
266.057 0.324905 -131.549 79.0537
270.677 0.316602 -131.549 79.0537
275.307 0.311231 -131.549 79.0537
279.945 0.301129 -131.549 79.0537
284.6 0.259923 -131.549 79.0537
289.254 0.217081 -131.549 79.0537
293.932 0.182827 -131.549 79.0537
298.65 0.157166 -131.549 79.0537
303.413 0.136231 -131.549 79.0537
308.212 0.10099 -131.549 79.0537
313.044 0.0965843 -131.549 79.0537
317.924 0.10867 -131.549 79.0537
322.814 0.100918 -131.549 79.0537
327.698 0.0941105 -131.549 79.0537
332.569 0.0642123 -131.549 79.0537
337.41 0.0494975 -131.549 79.0537
342.246 0.039303 -131.549 79.0537
347.055 0.0345479 -131.549 79.0537
351.848 0.0526102 -131.549 79.0537
356.631 0.0857036 -131.549 79.0537
361.404 0.122301 -131.549 79.0537
366.184 0.1553 -131.549 79.0537
370.975 0.202918 -131.549 79.0537
375.781 0.251989 -131.549 79.0537
380.607 0.278358 -131.549 79.0537
385.451 0.303965 -131.549 79.0537
390.306 0.320658 -131.549 79.0537
