0.565351 -0.00349972 -0.0950623 -0.341797
2.2513 0.0150813 1.58383 -0.306305
3.96949 0.0415274 3.25812 -0.308105
5.75129 0.087982 5.12314 -0.273529
7.6376 0.144474 6.96671 -0.239197
9.66192 0.207719 9.00351 -0.225739
11.7984 0.270128 11.1177 -0.116241
14.124 0.31283 13.4925 -0.0356445
16.5818 0.358557 16.2894 0.127106
19.1697 0.381287 19.0291 0.241211
21.9249 0.419658 21.7657 0.227386
24.825 0.46864 24.598 0.360168
27.7959 0.525875 27.5914 0.409393
30.8382 0.588476 30.7112 0.445374
33.9495 0.656257 33.8265 0.57486
37.1299 0.731816 36.954 0.6604
40.3536 0.786111 39.5701 0.700836
43.5805 0.870911 41.6119 0.852448
46.7798 0.981509 40.5114 0.760742
50.0107 1.0795 41.3248 0.906738
53.2326 1.1775 40.5637 0.725739
56.4438 1.28223 39.8479 0.778961
59.6858 1.38718 39.1608 0.661926
62.9251 1.4695 41.2735 0.724213
66.1697 1.55877 41.6024 0.719391
69.4349 1.64924 42.0292 0.688049
72.6896 1.72404 41.9988 0.800049
75.9117 1.81802 43.0544 0.720947
79.115 1.93169 44.4799 0.956543
82.2956 2.04609 43.8727 0.866852
85.4064 2.15226 46.0545 0.919281
88.3826 2.26242 47.2858 0.859467
91.1707 2.39014 48.0127 0.940277
93.754 2.53828 48.7825 1.07404
96.1106 2.70982 48.5651 1.15616
98.1968 2.8853 49.168 1.21353
100.02 3.04365 50.9657 1.242
101.636 3.1624 52.3712 1.40112
103.055 3.20197 54.1613 1.40656
104.319 3.15688 55.4396 1.40512
105.498 2.99391 56.1718 1.20767
106.603 2.69944 57.0509 0.91806
107.617 2.27937 56.3143 0.531555
108.515 1.72022 57.2164 -0.00408936
109.31 1.04701 57.8569 -0.572845
110.016 0.246636 58.3586 -0.948486
110.568 -0.705109 57.5413 -1.05063
110.988 -1.7741 57.715 -1.15823
111.266 -2.93463 57.139 -1.52948
111.402 -4.22727 57.6268 -2.51498
111.518 -5.67265 58.2905 -3.56528
111.5 -7.28232 58.8845 -4.7934
111.462 -9.06575 59.6095 -6.32831
111.398 -11.0417 60.3578 -8.14682
111.361 -13.1636 60.8249 -9.11581
111.324 -15.4238 61.433 -11.6482
111.276 -17.7675 62.403 -13.8528
111.207 -20.1879 63.4288 -15.7671
111.15 -22.6584 57.1791 -18.6382
111.111 -25.1821 50.9301 -16.5657
111.066 -27.6965 49.9543 -16.5268
110.996 -30.1718 49.7012 -16.2434
110.931 -32.6373 50.6728 -16.9708
110.873 -35.0597 50.0134 -17.5673
110.812 -37.4503 49.3555 -18.1714
110.731 -39.8044 50.1249 -20.191
110.626 -42.1159 49.6092 -22.7581
110.533 -44.359 49.0334 -24.7946
110.441 -46.4792 47.7534 -26.3864
110.348 -48.5656 47.7534 -26.3864
110.263 -50.6236 47.7534 -26.3864
110.164 -52.6411 47.7534 -26.3864
110.029 -54.6275 47.7534 -26.3864
109.86 -56.6451 47.7534 -26.3864
109.652 -58.7092 47.7534 -26.3864
109.43 -60.8681 47.7534 -26.3864
109.174 -63.07 47.7534 -26.3864
108.934 -65.3156 47.7534 -26.3864
108.72 -67.5462 47.7534 -26.3864
108.483 -69.7701 47.7534 -26.3864
108.229 -72.0277 47.7534 -26.3864
107.966 -74.323 47.7534 -26.3864
107.685 -76.6636 47.7534 -26.3864
107.378 -79.0466 47.7534 -26.3864
107.049 -81.4741 47.7534 -26.3864
106.716 -83.9628 47.7534 -26.3864
106.39 -86.4992 47.7534 -26.3864
106.076 -89.0433 47.7534 -26.3864
105.777 -91.6216 47.7534 -26.3864
105.475 -94.2111 47.7534 -26.3864
105.166 -96.7909 47.7534 -26.3864
104.878 -99.352 47.7534 -26.3864
104.606 -101.878 47.7534 -26.3864
104.315 -104.361 47.7534 -26.3864
104.021 -106.798 47.7534 -26.3864
103.731 -109.192 47.7534 -26.3864
103.427 -111.535 47.7534 -26.3864
103.109 -113.842 47.7534 -26.3864
102.766 -116.117 47.7534 -26.3864
102.411 -118.386 47.7534 -26.3864
102.053 -120.611 47.7534 -26.3864
101.684 -122.813 47.7534 -26.3864
101.27 -124.997 47.7534 -26.3864
100.812 -127.132 47.7534 -26.3864
100.265 -129.235 47.7534 -26.3864
99.642 -131.304 47.7534 -26.3864
98.9927 -133.345 47.7534 -26.3864
98.3406 -135.347 47.7534 -26.3864
97.7184 -137.316 47.7534 -26.3864
97.1198 -139.242 47.7534 -26.3864
96.5545 -141.13 47.7534 -26.3864
96.0345 -142.983 47.7534 -26.3864
95.539 -144.801 47.7534 -26.3864
95.0991 -146.565 47.7534 -26.3864
94.7184 -148.302 47.7534 -26.3864
94.4044 -150.022 47.7534 -26.3864
94.1997 -151.729 47.7534 -26.3864
94.1304 -153.415 47.7534 -26.3864
94.1393 -155.089 47.7534 -26.3864
94.0931 -156.742 47.7534 -26.3864
93.9601 -158.353 47.7534 -26.3864
93.7572 -159.916 47.7534 -26.3864
93.4852 -161.435 47.7534 -26.3864
93.161 -162.899 47.7534 -26.3864
92.8353 -164.332 47.7534 -26.3864
92.5132 -165.744 47.7534 -26.3864
92.187 -167.149 47.7534 -26.3864
91.8103 -168.622 47.7534 -26.3864
91.3811 -170.158 47.7534 -26.3864
90.8965 -171.748 47.7534 -26.3864
90.397 -173.387 47.7534 -26.3864
89.8625 -175.029 47.7534 -26.3864
89.341 -176.658 47.7534 -26.3864
88.8461 -178.272 47.7534 -26.3864
88.3945 -179.825 47.7534 -26.3864
87.9937 -181.282 47.7534 -26.3864
87.6509 -182.612 47.7534 -26.3864
87.4098 -183.833 47.7534 -26.3864
87.2561 -185.02 47.7534 -26.3864
87.2442 -186.194 47.7534 -26.3864
87.3403 -187.332 47.7534 -26.3864
87.5259 -188.424 47.7534 -26.3864
87.8462 -189.51 47.7534 -26.3864
88.3538 -190.601 47.7534 -26.3864
89.0323 -191.693 47.7534 -26.3864
89.9295 -192.748 47.7534 -26.3864
91.0878 -193.78 47.7534 -26.3864
92.4855 -194.764 47.7534 -26.3864
94.1217 -195.684 47.7534 -26.3864
95.957 -196.562 47.7534 -26.3864
97.9701 -197.418 47.7534 -26.3864
100.16 -198.207 47.7534 -26.3864
102.487 -198.972 47.7534 -26.3864
104.914 -199.798 47.7534 -26.3864
107.444 -200.661 47.7534 -26.3864
110.032 -201.55 47.7534 -26.3864
112.621 -202.454 47.7534 -26.3864
115.214 -203.364 47.7534 -26.3864
117.82 -204.266 47.7534 -26.3864
120.437 -205.151 47.7534 -26.3864
123.049 -206.023 47.7534 -26.3864
125.657 -206.881 47.7534 -26.3864
128.227 -207.712 47.7534 -26.3864
130.736 -208.502 47.7534 -26.3864
133.144 -209.24 47.7534 -26.3864
135.39 -209.905 47.7534 -26.3864
137.493 -210.505 47.7534 -26.3864
139.387 -211.015 47.7534 -26.3864
141.062 -211.456 47.7534 -26.3864
142.554 -211.848 47.7534 -26.3864
143.94 -212.202 47.7534 -26.3864
145.296 -212.509 47.7534 -26.3864
146.609 -212.693 47.7534 -26.3864
147.897 -212.736 47.7534 -26.3864
149.14 -212.594 47.7534 -26.3864
150.305 -212.253 47.7534 -26.3864
151.398 -211.765 47.7534 -26.3864
152.351 -211.1 47.7534 -26.3864
153.167 -210.304 47.7534 -26.3864
153.816 -209.384 47.7534 -26.3864
154.238 -208.345 47.7534 -26.3864
154.538 -207.27 47.7534 -26.3864
154.727 -206.137 47.7534 -26.3864
154.869 -204.924 47.7534 -26.3864
154.948 -203.602 47.7534 -26.3864
155.02 -202.15 47.7534 -26.3864
154.98 -200.504 47.7534 -26.3864
154.91 -198.697 47.7534 -26.3864
154.826 -196.723 47.7534 -26.3864
154.754 -194.586 47.7534 -26.3864
154.76 -192.285 47.7534 -26.3864
154.851 -189.835 47.7534 -26.3864
155.04 -187.254 47.7534 -26.3864
155.303 -184.63 47.7534 -26.3864
155.604 -181.999 47.7534 -26.3864
155.906 -179.34 47.7534 -26.3864
156.218 -176.665 47.7534 -26.3864
156.532 -173.987 47.7534 -26.3864
156.849 -171.32 47.7534 -26.3864
157.161 -168.641 47.7534 -26.3864
157.472 -165.965 47.7534 -26.3864
157.795 -163.305 47.7534 -26.3864
158.127 -160.669 47.7534 -26.3864
158.461 -158.045 47.7534 -26.3864
158.799 -155.435 47.7534 -26.3864
159.144 -152.83 47.7534 -26.3864
159.501 -150.19 47.7534 -26.3864
159.874 -147.523 47.7534 -26.3864
160.257 -144.824 47.7534 -26.3864
160.64 -142.09 47.7534 -26.3864
161.019 -139.316 47.7534 -26.3864
161.359 -136.497 47.7534 -26.3864
161.656 -133.636 47.7534 -26.3864
161.936 -130.741 47.7534 -26.3864
162.224 -127.789 47.7534 -26.3864
162.489 -124.87 47.7534 -26.3864
162.748 -121.952 47.7534 -26.3864
162.998 -119.04 47.7534 -26.3864
163.248 -116.126 47.7534 -26.3864
163.504 -113.214 47.7534 -26.3864
163.762 -110.299 47.7534 -26.3864
164.015 -107.386 47.7534 -26.3864
164.269 -104.478 47.7534 -26.3864
164.514 -101.572 47.7534 -26.3864
164.752 -98.6801 47.7534 -26.3864
165.025 -95.7795 47.7534 -26.3864
165.326 -92.8865 47.7534 -26.3864
165.637 -89.9719 47.7534 -26.3864
165.963 -87.0961 47.7534 -26.3864
166.305 -84.1841 47.7534 -26.3864
166.646 -81.2655 47.7534 -26.3864
166.974 -78.3389 47.7534 -26.3864
167.314 -75.4097 47.7534 -26.3864
167.648 -72.4561 47.7534 -26.3864
167.968 -69.4976 47.7534 -26.3864
168.262 -66.5297 47.7534 -26.3864
168.529 -63.5437 47.7534 -26.3864
168.778 -60.5389 47.7534 -26.3864
169.021 -57.536 47.7534 -26.3864
169.265 -54.5342 47.7534 -26.3864
169.495 -51.5499 47.7534 -26.3864
169.708 -48.5877 47.7534 -26.3864
169.901 -45.6609 47.7534 -26.3864
170.072 -42.7442 47.7534 -26.3864
170.228 -39.8647 47.7534 -26.3864
170.378 -37.0042 47.7534 -26.3864
170.519 -34.2079 47.7534 -26.3864
170.642 -31.4845 47.7534 -26.3864
170.746 -28.8259 47.7534 -26.3864
170.834 -26.2444 47.7534 -26.3864
170.897 -23.7759 47.7534 -26.3864
170.964 -21.4456 47.7534 -26.3864
171.065 -19.2061 47.7534 -26.3864
171.183 -17.0282 47.7534 -26.3864
171.317 -14.8995 47.7534 -26.3864
171.447 -12.8758 47.7534 -26.3864
171.588 -10.9339 47.7534 -26.3864
171.74 -9.12053 47.7534 -26.3864
171.909 -7.46175 47.7534 -26.3864
172.09 -5.9412 47.7534 -26.3864
172.299 -4.54199 47.7534 -26.3864
172.549 -3.26275 47.7534 -26.3864
172.84 -2.10015 47.7534 -26.3864
173.186 -1.0667 47.7534 -26.3864
173.585 -0.124488 47.7534 -26.3864
174.082 0.774407 47.7534 -26.3864
174.666 1.58099 47.7534 -26.3864
175.308 2.29897 47.7534 -26.3864
176.102 2.984 47.7534 -26.3864
177.056 3.61363 47.7534 -26.3864
178.135 4.17251 47.7534 -26.3864
179.398 4.65889 47.7534 -26.3864
180.879 5.03712 47.7534 -26.3864
182.524 5.27335 47.7534 -26.3864
184.331 5.37439 47.7534 -26.3864
186.294 5.39418 47.7534 -26.3864
188.4 5.38074 47.7534 -26.3864
190.633 5.37608 47.7534 -26.3864
192.984 5.38856 47.7534 -26.3864
195.395 5.41488 47.7534 -26.3864
197.828 5.4507 47.7534 -26.3864
200.28 5.48971 47.7534 -26.3864
202.76 5.53031 47.7534 -26.3864
205.23 5.57464 47.7534 -26.3864
207.676 5.6384 47.7534 -26.3864
210.095 5.7197 47.7534 -26.3864
212.46 5.80704 47.7534 -26.3864
214.732 5.88549 47.7534 -26.3864
216.847 5.97002 47.7534 -26.3864
218.804 6.05376 47.7534 -26.3864
220.567 6.14573 47.7534 -26.3864
222.147 6.23967 47.7534 -26.3864
223.545 6.30843 47.7534 -26.3864
224.867 6.31942 47.7534 -26.3864
226.152 6.23617 47.7534 -26.3864
227.383 6.05534 47.7534 -26.3864
228.552 5.70541 47.7534 -26.3864
229.621 5.21527 47.7534 -26.3864
230.599 4.63922 47.7534 -26.3864
231.486 3.8942 47.7534 -26.3864
232.292 3.05113 47.7534 -26.3864
232.974 2.03929 47.7534 -26.3864
233.542 0.874758 47.7534 -26.3864
233.981 -0.470349 47.7534 -26.3864
234.246 -1.96817 47.7534 -26.3864
234.447 -3.63315 47.7534 -26.3864
234.536 -5.43245 47.7534 -26.3864
234.522 -7.38999 47.7534 -26.3864
234.437 -9.48222 47.7534 -26.3864
234.319 -11.714 47.7534 -26.3864
234.197 -14.0799 47.7534 -26.3864
234.08 -16.5014 47.7534 -26.3864
233.981 -18.9181 47.7534 -26.3864
233.92 -21.3503 47.7534 -26.3864
233.893 -23.8119 47.7534 -26.3864
233.893 -26.2766 47.7534 -26.3864
233.888 -28.7547 47.7534 -26.3864
233.863 -31.2345 47.7534 -26.3864
233.849 -33.7038 47.7534 -26.3864
233.818 -36.1534 47.7534 -26.3864
233.772 -38.5853 47.7534 -26.3864
233.707 -40.9714 47.7534 -26.3864
233.643 -43.3372 47.7534 -26.3864
233.571 -45.6898 47.7534 -26.3864
233.49 -47.994 47.7534 -26.3864
233.411 -50.2844 47.7534 -26.3864
233.346 -52.557 47.7534 -26.3864
233.283 -54.7957 47.7534 -26.3864
233.21 -57.0082 47.7534 -26.3864
233.123 -59.1738 47.7534 -26.3864
233.066 -61.3337 47.7534 -26.3864
233.03 -63.4544 47.7534 -26.3864
232.98 -65.5395 47.7534 -26.3864
232.908 -67.5853 47.7534 -26.3864
232.849 -69.5855 47.7534 -26.3864
232.796 -71.5363 47.7534 -26.3864
232.746 -73.4682 47.7534 -26.3864
232.67 -75.3666 47.7534 -26.3864
232.591 -77.2393 47.7534 -26.3864
232.473 -79.121 47.7534 -26.3864
232.319 -81.0785 47.7534 -26.3864
232.123 -83.1116 47.7534 -26.3864
231.882 -85.2431 47.7534 -26.3864
231.598 -87.4663 47.7534 -26.3864
231.264 -89.8255 47.7534 -26.3864
230.899 -92.3083 47.7534 -26.3864
230.52 -94.9009 47.7534 -26.3864
230.132 -97.6241 47.7534 -26.3864
229.778 -100.455 47.7534 -26.3864
229.468 -103.377 47.7534 -26.3864
229.193 -106.348 47.7534 -26.3864
228.921 -109.35 47.7534 -26.3864
228.65 -112.367 47.7534 -26.3864
228.394 -115.372 47.7534 -26.3864
228.153 -118.354 47.7534 -26.3864
227.93 -121.331 47.7534 -26.3864
227.734 -124.289 47.7534 -26.3864
227.574 -127.217 47.7534 -26.3864
227.426 -130.11 47.7534 -26.3864
227.26 -132.962 47.7534 -26.3864
227.099 -135.796 47.7534 -26.3864
226.919 -138.59 47.7534 -26.3864
226.703 -141.363 47.7534 -26.3864
226.441 -144.133 47.7534 -26.3864
226.123 -146.902 47.7534 -26.3864
225.721 -149.665 47.7534 -26.3864
225.231 -152.426 47.7534 -26.3864
224.651 -155.186 47.7534 -26.3864
223.974 -157.937 47.7534 -26.3864
223.256 -160.685 47.7534 -26.3864
222.554 -163.439 47.7534 -26.3864
221.9 -166.214 47.7534 -26.3864
221.32 -168.971 47.7534 -26.3864
220.808 -171.738 47.7534 -26.3864
220.341 -174.47 47.7534 -26.3864
219.901 -177.119 47.7534 -26.3864
219.506 -179.64 47.7534 -26.3864
219.131 -182.065 47.7534 -26.3864
218.757 -184.483 47.7534 -26.3864
218.363 -186.883 47.7534 -26.3864
217.971 -189.238 47.7534 -26.3864
217.6 -191.582 47.7534 -26.3864
217.266 -193.905 47.7534 -26.3864
216.954 -196.195 47.7534 -26.3864
216.667 -198.485 47.7534 -26.3864
216.403 -200.697 47.7534 -26.3864
216.153 -202.77 47.7534 -26.3864
215.925 -204.639 47.7534 -26.3864
215.704 -206.268 47.7534 -26.3864
215.519 -207.704 47.7534 -26.3864
215.309 -209.06 47.7534 -26.3864
215.091 -210.35 47.7534 -26.3864
214.875 -211.491 47.7534 -26.3864
214.677 -212.447 47.7534 -26.3864
214.462 -213.365 47.7534 -26.3864
214.24 -214.253 47.7534 -26.3864
214.009 -215.109 47.7534 -26.3864
213.736 -215.978 47.7534 -26.3864
213.413 -216.878 47.7534 -26.3864
213.016 -217.808 47.7534 -26.3864
212.521 -218.789 47.7534 -26.3864
211.889 -219.818 47.7534 -26.3864
211.092 -220.866 47.7534 -26.3864
210.117 -221.895 47.7534 -26.3864
208.952 -222.873 47.7534 -26.3864
207.624 -223.767 47.7534 -26.3864
206.128 -224.572 47.7534 -26.3864
204.454 -225.247 47.7534 -26.3864
202.631 -225.753 47.7534 -26.3864
200.7 -226.041 47.7534 -26.3864
198.696 -226.114 47.7534 -26.3864
196.591 -225.976 47.7534 -26.3864
194.431 -225.694 47.7534 -26.3864
192.215 -225.277 47.7534 -26.3864
189.948 -224.717 47.7534 -26.3864
187.671 -224.029 47.7534 -26.3864
185.337 -223.236 47.7534 -26.3864
182.981 -222.372 47.7534 -26.3864
180.579 -221.48 47.7534 -26.3864
178.197 -220.596 47.7534 -26.3864
175.796 -219.751 47.7534 -26.3864
173.408 -218.969 47.7534 -26.3864
171.065 -218.254 47.7534 -26.3864
168.845 -217.611 47.7534 -26.3864
166.792 -217.026 47.7534 -26.3864
164.884 -216.473 47.7534 -26.3864
163.124 -215.938 47.7534 -26.3864
161.479 -215.393 47.7534 -26.3864
159.923 -214.787 47.7534 -26.3864
158.518 -214.101 47.7534 -26.3864
157.272 -213.292 47.7534 -26.3864
156.182 -212.307 47.7534 -26.3864
155.29 -211.219 47.7534 -26.3864
154.61 -210.025 47.7534 -26.3864
154.085 -208.699 47.7534 -26.3864
153.779 -207.289 47.7534 -26.3864
153.62 -205.762 47.7534 -26.3864
153.563 -204.109 47.7534 -26.3864
153.589 -202.379 47.7534 -26.3864
153.69 -200.497 47.7534 -26.3864
153.861 -198.495 47.7534 -26.3864
154.07 -196.372 47.7534 -26.3864
154.276 -194.124 47.7534 -26.3864
154.508 -191.761 47.7534 -26.3864
154.765 -189.288 47.7534 -26.3864
155.043 -186.708 47.7534 -26.3864
155.361 -184.027 47.7534 -26.3864
155.712 -181.272 47.7534 -26.3864
156.059 -178.461 47.7534 -26.3864
156.401 -175.624 47.7534 -26.3864
156.735 -172.794 47.7534 -26.3864
157.068 -169.956 47.7534 -26.3864
157.41 -167.148 47.7534 -26.3864
157.756 -164.357 47.7534 -26.3864
158.104 -161.586 47.7534 -26.3864
158.448 -158.826 47.7534 -26.3864
158.797 -156.06 47.7534 -26.3864
159.152 -153.294 47.7534 -26.3864
159.529 -150.51 47.7534 -26.3864
159.93 -147.703 47.7534 -26.3864
160.34 -144.868 47.7534 -26.3864
160.739 -142.001 47.7534 -26.3864
161.121 -139.074 47.7534 -26.3864
161.455 -136.081 47.7534 -26.3864
161.745 -133.044 47.7534 -26.3864
162.035 -129.955 47.7534 -26.3864
162.331 -126.807 47.7534 -26.3864
162.614 -123.621 47.7534 -26.3864
162.892 -120.428 47.7534 -26.3864
163.18 -117.233 47.7534 -26.3864
163.475 -114.041 47.7534 -26.3864
163.771 -110.848 47.7534 -26.3864
164.063 -107.659 47.7534 -26.3864
164.349 -104.468 47.7534 -26.3864
164.63 -101.282 47.7534 -26.3864
164.929 -98.0992 47.7534 -26.3864
165.287 -94.891 47.7534 -26.3864
165.68 -91.6754 47.7534 -26.3864
166.096 -88.4542 47.7534 -26.3864
166.528 -85.2104 47.7534 -26.3864
166.96 -81.9441 47.7534 -26.3864
167.373 -78.6334 47.7534 -26.3864
167.751 -75.3098 47.7534 -26.3864
168.097 -71.9185 47.7534 -26.3864
168.424 -68.4961 47.7534 -26.3864
168.738 -65.0396 47.7534 -26.3864
169.023 -61.5417 47.7534 -26.3864
169.284 -58.0516 47.7534 -26.3864
169.525 -54.5777 47.7534 -26.3864
169.756 -51.1248 47.7534 -26.3864
169.975 -47.6999 47.7534 -26.3864
170.187 -44.2994 47.7534 -26.3864
170.374 -40.9451 47.7534 -26.3864
170.533 -37.663 47.7534 -26.3864
170.674 -34.4941 47.7534 -26.3864
170.795 -31.4654 47.7534 -26.3864
170.895 -28.5777 47.7534 -26.3864
170.981 -25.8387 47.7534 -26.3864
171.061 -23.253 47.7534 -26.3864
171.174 -20.7912 47.7534 -26.3864
171.449 -18.6117 47.7534 -26.3864
171.763 -16.4979 47.7534 -26.3864
172.076 -14.3862 47.7534 -26.3864
172.388 -12.2772 47.7534 -26.3864
172.7 -10.1702 47.7534 -26.3864
173.002 -8.25153 47.7534 -26.3864
173.254 -6.60505 47.7534 -26.3864
173.446 -5.15088 47.7534 -26.3864
173.583 -3.92563 47.7534 -26.3864
173.68 -2.92919 47.7534 -26.3864
173.753 -2.13064 47.7534 -26.3864
173.819 -1.46576 47.7534 -26.3864
173.879 -0.859618 47.7534 -26.3864
173.925 -0.266755 47.7534 -26.3864
173.978 0.324786 47.7534 -26.3864
174.013 0.917514 47.7534 -26.3864
174.033 1.55939 47.7534 -26.3864
174.068 2.36959 47.7534 -26.3864
174.105 3.33969 47.7534 -26.3864
174.132 4.51292 47.7534 -26.3864
174.187 5.90432 47.7534 -26.3864
174.263 7.4782 47.7534 -26.3864
174.363 9.20589 47.7534 -26.3864
174.452 11.1247 47.7534 -26.3864
174.511 13.2002 47.7534 -26.3864
174.568 15.431 47.7534 -26.3864
174.628 17.8414 47.7534 -26.3864
174.671 20.3819 47.7534 -26.3864
174.711 23.0541 47.7534 -26.3864
174.752 25.8252 47.7534 -26.3864
174.812 28.6979 47.7534 -26.3864
174.901 31.6643 47.7534 -26.3864
175.005 34.6865 47.7534 -26.3864
175.105 37.765 47.7534 -26.3864
175.196 40.8947 47.7534 -26.3864
175.286 44.0619 47.7534 -26.3864
175.385 47.2482 47.7534 -26.3864
175.47 50.4329 47.7534 -26.3864
175.558 53.6266 47.7534 -26.3864
175.643 56.813 47.7534 -26.3864
175.737 59.9921 47.7534 -26.3864
175.839 63.1968 47.7534 -26.3864
175.939 66.3942 47.7534 -26.3864
176.031 69.6132 47.7534 -26.3864
176.103 72.8196 47.7534 -26.3864
176.171 76.0576 47.7534 -26.3864
176.234 79.2874 47.7534 -26.3864
176.27 82.5276 47.7534 -26.3864
176.293 85.773 47.7534 -26.3864
176.283 89.0247 47.7534 -26.3864
176.241 92.3025 47.7534 -26.3864
176.181 95.5735 47.7534 -26.3864
176.087 98.854 47.7534 -26.3864
175.959 102.143 47.7534 -26.3864
175.81 105.437 47.7534 -26.3864
175.637 108.74 47.7534 -26.3864
175.46 112.058 47.7534 -26.3864
175.259 115.376 47.7534 -26.3864
175.055 118.71 47.7534 -26.3864
174.857 122.062 47.7534 -26.3864
174.649 125.413 47.7534 -26.3864
174.438 128.791 47.7534 -26.3864
174.222 132.18 47.7534 -26.3864
173.996 135.575 47.7534 -26.3864
173.775 138.982 47.7534 -26.3864
173.566 142.4 47.7534 -26.3864
173.338 145.816 47.7534 -26.3864
173.117 149.232 47.7534 -26.3864
172.888 152.637 47.7534 -26.3864
172.649 156.043 47.7534 -26.3864
172.411 159.403 47.7534 -26.3864
172.174 162.753 47.7534 -26.3864
171.945 166.074 47.7534 -26.3864
171.734 169.32 47.7534 -26.3864
171.521 172.571 47.7534 -26.3864
171.284 175.684 47.7534 -26.3864
171.055 178.776 47.7534 -26.3864
170.832 181.8 47.7534 -26.3864
170.616 184.751 47.7534 -26.3864
170.404 187.668 47.7534 -26.3864
170.201 190.513 47.7534 -26.3864
170.004 193.315 47.7534 -26.3864
169.785 196.064 47.7534 -26.3864
169.55 198.777 47.7534 -26.3864
169.279 201.435 47.7534 -26.3864
168.946 204.071 47.7534 -26.3864
168.57 206.635 47.7534 -26.3864
168.152 209.166 47.7534 -26.3864
167.751 211.646 47.7534 -26.3864
167.366 214.041 47.7534 -26.3864
167.069 216.342 47.7534 -26.3864
166.906 218.557 47.7534 -26.3864
166.824 220.671 47.7534 -26.3864
166.843 222.696 47.7534 -26.3864
166.963 224.615 47.7534 -26.3864
167.158 226.411 47.7534 -26.3864
167.42 228.107 47.7534 -26.3864
167.712 229.692 47.7534 -26.3864
168.018 231.179 47.7534 -26.3864
168.273 232.579 47.7534 -26.3864
168.462 233.871 47.7534 -26.3864
168.547 235.056 47.7534 -26.3864
168.528 236.139 47.7534 -26.3864
168.357 237.12 47.7534 -26.3864
168.099 238.042 47.7534 -26.3864
167.741 238.905 47.7534 -26.3864
167.281 239.68 47.7534 -26.3864
166.774 240.393 47.7534 -26.3864
166.207 241.052 47.7534 -26.3864
165.607 241.699 47.7534 -26.3864
164.998 242.344 47.7534 -26.3864
164.334 242.963 47.7534 -26.3864
163.585 243.571 47.7534 -26.3864
162.748 244.146 47.7534 -26.3864
161.809 244.668 47.7534 -26.3864
160.735 245.128 47.7534 -26.3864
159.484 245.557 47.7534 -26.3864
158.053 245.938 47.7534 -26.3864
156.431 246.343 47.7534 -26.3864
154.589 246.736 47.7534 -26.3864
152.48 247.075 47.7534 -26.3864
150.141 247.355 47.7534 -26.3864
147.573 247.601 47.7534 -26.3864
144.804 247.845 47.7534 -26.3864
141.824 248.105 47.7534 -26.3864
138.635 248.361 47.7534 -26.3864
135.232 248.604 47.7534 -26.3864
131.686 248.856 47.7534 -26.3864
128.165 249.087 47.7534 -26.3864
124.642 249.278 47.7534 -26.3864
121.109 249.457 47.7534 -26.3864
117.58 249.612 47.7534 -26.3864
114.068 249.738 47.7534 -26.3864
110.584 249.861 47.7534 -26.3864
107.114 249.979 47.7534 -26.3864
103.67 250.074 47.7534 -26.3864
100.251 250.148 47.7534 -26.3864
96.8553 250.207 47.7534 -26.3864
93.4827 250.264 47.7534 -26.3864
90.1458 250.33 47.7534 -26.3864
86.84 250.448 47.7534 -26.3864
83.5472 250.598 47.7534 -26.3864
80.2723 250.734 47.7534 -26.3864
77.0131 250.906 47.7534 -26.3864
73.7271 251.074 47.7534 -26.3864
70.4648 251.238 47.7534 -26.3864
67.2209 251.406 47.7534 -26.3864
63.9916 251.549 47.7534 -26.3864
60.7869 251.675 47.7534 -26.3864
57.6015 251.782 47.7534 -26.3864
54.4388 251.876 47.7534 -26.3864
51.2977 251.967 47.7534 -26.3864
48.1824 252.065 47.7534 -26.3864
45.0929 252.188 47.7534 -26.3864
42.0186 252.337 47.7534 -26.3864
38.9732 252.505 47.7534 -26.3864
35.9533 252.689 47.7534 -26.3864
32.959 252.872 47.7534 -26.3864
29.9939 253.03 47.7534 -26.3864
27.0498 253.115 47.7534 -26.3864
24.1304 253.102 47.7534 -26.3864
21.2413 252.992 47.7534 -26.3864
18.3747 252.75 47.7534 -26.3864
15.5346 252.322 47.7534 -26.3864
12.7127 251.717 47.7534 -26.3864
9.91772 250.92 47.7534 -26.3864
7.14579 249.911 47.7534 -26.3864
4.41145 248.691 47.7534 -26.3864
1.73272 247.238 47.7534 -26.3864
-0.886348 245.601 47.7534 -26.3864
-3.48279 243.782 47.7534 -26.3864
-6.06639 241.857 47.7534 -26.3864
-8.68089 239.876 47.7534 -26.3864
-11.3274 237.846 47.7534 -26.3864
-13.9887 235.808 47.7534 -26.3864
-16.6772 233.803 47.7534 -26.3864
-19.3881 231.874 47.7534 -26.3864
-22.1279 230.029 47.7534 -26.3864
-24.8948 228.273 47.7534 -26.3864
-27.6463 226.548 47.7534 -26.3864
-30.374 224.863 47.7534 -26.3864
-33.0692 223.207 47.7534 -26.3864
-35.7343 221.575 47.7534 -26.3864
-38.3497 219.974 47.7534 -26.3864
-40.8216 218.444 47.7534 -26.3864
-43.0751 217.002 47.7534 -26.3864
-45.0963 215.634 47.7534 -26.3864
-46.8784 214.368 47.7534 -26.3864
-48.453 213.203 47.7534 -26.3864
-49.855 212.112 47.7534 -26.3864
-51.1035 211.05 47.7534 -26.3864
-52.2239 210.007 47.7534 -26.3864
-53.1825 208.996 47.7534 -26.3864
-53.938 208.023 47.7534 -26.3864
-54.4702 207.16 47.7534 -26.3864
-54.881 206.38 47.7534 -26.3864
-55.2088 205.581 47.7534 -26.3864
-55.451 204.785 47.7534 -26.3864
-55.6242 203.948 47.7534 -26.3864
-55.7591 203.023 47.7534 -26.3864
-55.83 201.99 47.7534 -26.3864
-55.8119 200.831 47.7534 -26.3864
-55.6683 199.501 47.7534 -26.3864
-55.4217 197.999 47.7534 -26.3864
-55.0281 196.317 47.7534 -26.3864
-54.4676 194.465 47.7534 -26.3864
-53.6986 192.469 47.7534 -26.3864
-52.6936 190.391 47.7534 -26.3864
-51.4201 188.23 47.7534 -26.3864
-49.9478 185.994 47.7534 -26.3864
-48.3368 183.653 47.7534 -26.3864
-46.6776 181.203 47.7534 -26.3864
-44.9496 178.628 47.7534 -26.3864
-43.1648 175.936 47.7534 -26.3864
-41.3376 173.129 47.7534 -26.3864
-39.478 170.196 47.7534 -26.3864
-37.6437 167.157 47.7534 -26.3864
-35.8419 164.041 47.7534 -26.3864
-34.0871 160.874 47.7534 -26.3864
-32.4102 157.655 47.7534 -26.3864
-30.7886 154.423 47.7534 -26.3864
-29.2325 151.211 47.7534 -26.3864
-27.6577 148.004 47.7534 -26.3864
-26.0982 144.789 47.7534 -26.3864
-24.5301 141.561 47.7534 -26.3864
-22.9682 138.324 47.7534 -26.3864
-21.4157 135.097 47.7534 -26.3864
-19.8662 131.877 47.7534 -26.3864
-18.3371 128.699 47.7534 -26.3864
-16.8002 125.552 47.7534 -26.3864
-15.2669 122.447 47.7534 -26.3864
-13.7996 119.357 47.7534 -26.3864
-12.4353 116.244 47.7534 -26.3864
-11.1877 113.102 47.7534 -26.3864
-10.0073 109.925 47.7534 -26.3864
-8.86429 106.766 47.7534 -26.3864
-7.76012 103.575 47.7534 -26.3864
-6.64698 100.383 47.7534 -26.3864
-5.58444 97.2112 47.7534 -26.3864
-4.60433 93.9769 47.7534 -26.3864
-3.69591 90.7331 47.7534 -26.3864
-2.8711 87.4694 47.7534 -26.3864
-2.11309 84.1787 47.7534 -26.3864
-1.41313 80.888 47.7534 -26.3864
-0.725446 77.569 47.7534 -26.3864
-0.0910308 74.3378 47.7534 -26.3864
0.52172 71.0852 47.7534 -26.3864
1.12026 67.8523 47.7534 -26.3864
1.6866 64.6252 47.7534 -26.3864
2.22538 61.4256 47.7534 -26.3864
2.75408 58.2343 47.7534 -26.3864
3.25761 55.0758 47.7534 -26.3864
3.73199 51.9487 47.7534 -26.3864
4.18587 48.8308 47.7534 -26.3864
4.5965 45.756 47.7534 -26.3864
4.98099 42.697 47.7534 -26.3864
5.34022 39.6627 47.7534 -26.3864
5.6763 36.7124 47.7534 -26.3864
5.99203 33.8424 47.7534 -26.3864
6.28422 31.0873 47.7534 -26.3864
6.55403 28.421 47.7534 -26.3864
6.80006 25.9002 47.7534 -26.3864
7.0252 23.5589 47.7534 -26.3864
7.22837 21.38 47.7534 -26.3864
7.42624 19.3623 47.7534 -26.3864
7.60654 17.5015 47.7534 -26.3864
7.74364 15.7808 47.7534 -26.3864
7.85855 14.2316 47.7534 -26.3864
7.96159 12.8954 47.7534 -26.3864
8.04801 11.7762 47.7534 -26.3864
8.12948 10.8439 47.7534 -26.3864
8.23151 10.0238 47.7534 -26.3864
8.35643 9.27129 47.7534 -26.3864
8.54739 8.55563 47.7534 -26.3864
8.71155 8.00035 47.7534 -26.3864
8.78606 7.79172 47.7534 -26.3864
8.78358 7.81142 47.7534 -26.3864
8.7872 7.81353 47.7534 -26.3864
8.785 7.81035 47.7534 -26.3864
8.77608 7.80885 47.7534 -26.3864
8.76869 7.80645 47.7534 -26.3864
8.76106 7.80402 47.7534 -26.3864
8.75292 7.79853 47.7534 -26.3864
8.74852 7.79344 47.7534 -26.3864
8.7434 7.78833 47.7534 -26.3864
8.73816 7.78331 47.7534 -26.3864
8.73363 7.77889 47.7534 -26.3864
8.72855 7.77411 47.7534 -26.3864
8.72571 7.77053 47.7534 -26.3864
8.72337 7.76786 47.7534 -26.3864
8.72048 7.76633 47.7534 -26.3864
8.71631 7.76515 47.7534 -26.3864
8.71383 7.76362 47.7534 -26.3864
8.71283 7.76333 47.7534 -26.3864
8.71251 7.76302 47.7534 -26.3864
8.71329 7.76278 47.7534 -26.3864
8.71634 7.76218 47.7534 -26.3864
8.72696 7.74403 47.7534 -26.3864
8.75102 7.70036 47.7534 -26.3864
8.7865 7.62709 47.7534 -26.3864
8.87307 7.42402 47.7534 -26.3864
9.05481 7.02012 47.7534 -26.3864
9.35531 6.42112 47.7534 -26.3864
9.82567 5.66973 47.7534 -26.3864
10.5091 4.83733 47.7534 -26.3864
11.4059 3.97491 47.7534 -26.3864
12.5464 3.13539 47.7534 -26.3864
13.9724 2.35285 47.7534 -26.3864
15.686 1.66177 47.7534 -26.3864
17.6611 1.07396 47.7534 -26.3864
19.8828 0.647612 47.7534 -26.3864
22.3233 0.411778 47.7534 -26.3864
24.9742 0.34565 47.7534 -26.3864
27.8213 0.369986 47.7534 -26.3864
30.874 0.42502 47.7534 -26.3864
34.1263 0.474721 47.7534 -26.3864
37.539 0.535546 47.7534 -26.3864
40.9857 0.609695 47.7534 -26.3864
44.4222 0.703525 47.7534 -26.3864
47.8533 0.814936 47.7534 -26.3864
51.2668 0.923089 47.7534 -26.3864
54.6439 1.02673 47.7534 -26.3864
58.0086 1.12125 47.7534 -26.3864
61.3599 1.21347 47.7534 -26.3864
64.6649 1.30467 47.7534 -26.3864
67.967 1.41168 47.7534 -26.3864
71.2437 1.50159 47.7534 -26.3864
74.4945 1.59362 47.7534 -26.3864
77.7096 1.6981 47.7534 -26.3864
80.9145 1.81574 47.7534 -26.3864
84.0885 1.93672 47.7534 -26.3864
87.238 2.06021 47.7534 -26.3864
90.3682 2.18783 47.7534 -26.3864
93.4769 2.30041 47.7534 -26.3864
96.565 2.40667 47.7534 -26.3864
99.6181 2.492 47.7534 -26.3864
102.672 2.55942 47.7534 -26.3864
105.691 2.58754 47.7534 -26.3864
108.673 2.60307 47.7534 -26.3864
111.716 2.63218 47.7534 -26.3864
114.837 2.65898 47.7534 -26.3864
118.039 2.69373 47.7534 -26.3864
121.293 2.73736 47.7534 -26.3864
124.634 2.79685 47.7534 -26.3864
128.046 2.86863 47.7534 -26.3864
131.508 2.95533 47.7534 -26.3864
134.969 3.06149 47.7534 -26.3864
138.413 3.1812 47.7534 -26.3864
141.827 3.30842 47.7534 -26.3864
145.227 3.43133 47.7534 -26.3864
148.577 3.57749 47.7534 -26.3864
151.861 3.71479 47.7534 -26.3864
155.066 3.83171 47.7534 -26.3864
158.215 3.93812 47.7534 -26.3864
161.303 4.02416 47.7534 -26.3864
164.347 4.08898 47.7534 -26.3864
167.372 4.14323 47.7534 -26.3864
170.397 4.21886 47.7534 -26.3864
173.47 4.27924 47.7534 -26.3864
176.602 4.34271 47.7534 -26.3864
179.762 4.42839 47.7534 -26.3864
182.972 4.53825 47.7534 -26.3864
186.257 4.63554 47.7534 -26.3864
189.6 4.74043 47.7534 -26.3864
192.975 4.83423 47.7534 -26.3864
196.329 4.91323 47.7534 -26.3864
199.674 5.00417 47.7534 -26.3864
202.99 5.08026 47.7534 -26.3864
206.266 5.16233 47.7534 -26.3864
209.434 5.22969 47.7534 -26.3864
212.432 5.30641 47.7534 -26.3864
215.319 5.3765 47.7534 -26.3864
218.145 5.43693 47.7534 -26.3864
220.944 5.48324 47.7534 -26.3864
223.722 5.51651 47.7534 -26.3864
226.498 5.54576 47.7534 -26.3864
229.259 5.56532 47.7534 -26.3864
232.071 5.62733 47.7534 -26.3864
234.962 5.77101 47.7534 -26.3864
237.902 5.96098 47.7534 -26.3864
240.934 6.12703 47.7534 -26.3864
244.063 6.26097 47.7534 -26.3864
247.307 6.41819 47.7534 -26.3864
250.677 6.56848 47.7534 -26.3864
254.135 6.69917 47.7534 -26.3864
257.674 6.83737 47.7534 -26.3864
261.197 6.96719 47.7534 -26.3864
264.682 7.09359 47.7534 -26.3864
268.158 7.20139 47.7534 -26.3864
271.591 7.33054 47.7534 -26.3864
274.97 7.4511 47.7534 -26.3864
278.251 7.56446 47.7534 -26.3864
281.392 7.69544 47.7534 -26.3864
284.402 7.82783 47.7534 -26.3864
287.251 7.96593 47.7534 -26.3864
290.054 8.09966 47.7534 -26.3864
292.835 8.22955 47.7534 -26.3864
295.587 8.35257 47.7534 -26.3864
298.365 8.45245 47.7534 -26.3864
301.18 8.50329 47.7534 -26.3864
304.059 8.53388 47.7534 -26.3864
307.001 8.53691 47.7534 -26.3864
310.056 8.49283 47.7534 -26.3864
313.167 8.417 47.7534 -26.3864
316.365 8.30969 47.7534 -26.3864
319.61 8.15587 47.7534 -26.3864
322.934 7.9604 47.7534 -26.3864
326.311 7.7034 47.7534 -26.3864
329.735 7.41919 47.7534 -26.3864
333.249 7.12778 47.7534 -26.3864
336.846 6.83286 47.7534 -26.3864
340.458 6.5379 47.7534 -26.3864
344.038 6.26662 47.7534 -26.3864
347.592 6.01588 47.7534 -26.3864
351.112 5.78718 47.7534 -26.3864
354.601 5.57686 47.7534 -26.3864
358.03 5.37022 47.7534 -26.3864
361.443 5.19476 47.7534 -26.3864
364.777 5.04826 47.7534 -26.3864
368.089 4.90157 47.7534 -26.3864
