1.199 0.0140175 1.07135 -0.0535583
4.76729 0.0557354 4.67245 -0.0376282
8.3454 0.0975696 8.22592 -0.00424194
11.9198 0.139362 11.8211 -0.00473022
15.4966 0.181814 15.3915 0.0899353
19.0766 0.222069 18.9573 0.106445
22.6588 0.270764 22.5707 0.162079
26.2431 0.327351 26.151 0.204681
29.8283 0.389214 29.7127 0.279602
33.4202 0.459653 33.284 0.339844
37.0093 0.536706 36.8594 0.426575
40.6024 0.61817 40.0956 0.557861
44.1956 0.708016 44.0863 0.593231
47.8015 0.784447 47.6879 0.69162
51.4046 0.84029 51.2817 0.730621
55.0152 0.892873 54.9046 0.799774
58.6326 0.956215 58.5426 0.883606
62.2456 1.03113 62.1315 0.931946
65.8504 1.10319 65.7477 1.00177
69.4353 1.18693 69.3303 1.09601
73.0022 1.26857 72.9155 1.15341
76.5408 1.32014 76.4285 1.20004
80.0684 1.34094 79.9708 1.23395
83.558 1.32387 83.4427 1.22214
87.0311 1.27312 86.939 1.12106
90.4834 1.18274 89.6696 1.06665
93.9471 1.05602 93.0175 0.932281
97.4132 0.89754 95.0836 0.730774
100.914 0.723357 95.4631 0.245026
104.47 0.550572 95.1017 -0.157745
108.072 0.405377 93.8802 -0.788483
111.707 0.298528 93.6366 -2.50888
115.363 0.241552 94.156 -5.13519
119.04 0.237293 93.3784 -4.2395
122.742 0.269679 93.7349 -4.38641
126.47 0.316815 95.1304 -4.28958
130.22 0.370442 97.1312 -6.41937
133.996 0.413373 99.4902 -9.74979
137.79 0.457056 102.039 -11.9433
141.606 0.509951 105.831 -13.8062
145.424 0.568107 108.633 -15.9775
149.227 0.618401 110.201 -17.3802
153.025 0.666905 111.681 -19.6602
156.817 0.721231 113.031 -19.7007
160.604 0.778517 114.133 -20.5003
164.39 0.844849 114.803 -21.981
168.176 0.915926 115.645 -22.6766
171.971 0.99577 117.006 -23.932
175.759 1.08317 119.092 -22.2927
179.549 1.1675 117.169 -23.3886
183.337 1.24982 117.553 -25.4958
187.092 1.34277 116.135 -27.3624
190.831 1.42991 117.689 -28.1755
194.534 1.50439 117.689 -28.1755
198.199 1.56131 117.689 -28.1755
201.821 1.60705 117.689 -28.1755
205.382 1.6397 117.689 -28.1755
208.852 1.66316 117.689 -28.1755
212.191 1.69261 117.689 -28.1755
215.405 1.73064 117.689 -28.1755
218.508 1.77596 117.689 -28.1755
221.461 1.84453 117.689 -28.1755
224.219 1.93108 117.689 -28.1755
226.776 2.03611 117.689 -28.1755
229.159 2.14943 117.689 -28.1755
231.388 2.24791 117.689 -28.1755
233.56 2.33855 117.689 -28.1755
235.702 2.41471 117.689 -28.1755
237.811 2.47522 117.689 -28.1755
239.888 2.51195 117.689 -28.1755
241.957 2.53435 117.689 -28.1755
244.059 2.5456 117.689 -28.1755
246.186 2.54558 117.689 -28.1755
248.37 2.5419 117.689 -28.1755
250.61 2.5354 117.689 -28.1755
252.929 2.53441 117.689 -28.1755
255.306 2.5169 117.689 -28.1755
257.758 2.47644 117.689 -28.1755
260.268 2.40183 117.689 -28.1755
262.779 2.31559 117.689 -28.1755
265.303 2.21167 117.689 -28.1755
267.835 2.07093 117.689 -28.1755
270.382 1.92383 117.689 -28.1755
272.943 1.78334 117.689 -28.1755
275.504 1.66066 117.689 -28.1755
278.052 1.55063 117.689 -28.1755
280.569 1.46624 117.689 -28.1755
283.004 1.41905 117.689 -28.1755
285.305 1.41432 117.689 -28.1755
287.433 1.43582 117.689 -28.1755
289.389 1.50637 117.689 -28.1755
291.23 1.66504 117.689 -28.1755
292.937 1.94299 117.689 -28.1755
294.512 2.3679 117.689 -28.1755
295.902 2.94905 117.689 -28.1755
297.164 3.68733 117.689 -28.1755
298.262 4.58632 117.689 -28.1755
299.167 5.63558 117.689 -28.1755
299.805 6.80887 117.689 -28.1755
300.181 8.02723 117.689 -28.1755
300.329 9.27029 117.689 -28.1755
300.229 10.5813 117.689 -28.1755
299.798 11.9432 117.689 -28.1755
299.143 13.3109 117.689 -28.1755
298.181 14.6631 117.689 -28.1755
296.918 16.0243 117.689 -28.1755
295.284 17.3224 117.689 -28.1755
293.35 18.5053 117.689 -28.1755
291.079 19.5385 117.689 -28.1755
288.505 20.3818 117.689 -28.1755
285.632 20.9774 117.689 -28.1755
282.521 21.307 117.689 -28.1755
279.173 21.3772 117.689 -28.1755
275.639 21.2092 117.689 -28.1755
271.963 20.8862 117.689 -28.1755
268.136 20.5552 117.689 -28.1755
264.179 20.2497 117.689 -28.1755
260.19 19.9933 117.689 -28.1755
256.17 19.7967 117.689 -28.1755
252.123 19.6682 117.689 -28.1755
248.064 19.5903 117.689 -28.1755
243.97 19.538 117.689 -28.1755
239.839 19.5032 117.689 -28.1755
235.684 19.4667 117.689 -28.1755
231.492 19.4066 117.689 -28.1755
227.283 19.3324 117.689 -28.1755
223.034 19.2653 117.689 -28.1755
218.757 19.1907 117.689 -28.1755
214.452 19.1149 117.689 -28.1755
210.124 19.0221 117.689 -28.1755
205.758 18.9279 117.689 -28.1755
201.368 18.8371 117.689 -28.1755
196.976 18.7519 117.689 -28.1755
192.6 18.6712 117.689 -28.1755
188.243 18.6104 117.689 -28.1755
183.908 18.5605 117.689 -28.1755
179.601 18.5231 117.689 -28.1755
175.337 18.5103 117.689 -28.1755
171.156 18.5267 117.689 -28.1755
167.126 18.5681 117.689 -28.1755
163.279 18.6254 117.689 -28.1755
159.653 18.6821 117.689 -28.1755
156.25 18.7334 117.689 -28.1755
153.088 18.7779 117.689 -28.1755
150.162 18.8164 117.689 -28.1755
147.461 18.8475 117.689 -28.1755
144.922 18.8738 117.689 -28.1755
142.52 18.892 117.689 -28.1755
140.242 18.9135 117.689 -28.1755
138.044 18.9351 117.689 -28.1755
135.917 18.9643 117.689 -28.1755
133.82 18.9831 117.689 -28.1755
131.74 19.0082 117.689 -28.1755
129.693 19.0266 117.689 -28.1755
127.564 19.0329 117.689 -28.1755
125.339 19.0431 117.689 -28.1755
122.991 19.0261 117.689 -28.1755
120.489 18.9955 117.689 -28.1755
117.841 18.9409 117.689 -28.1755
115.028 18.8457 117.689 -28.1755
112.071 18.711 117.689 -28.1755
108.955 18.5266 117.689 -28.1755
105.693 18.3238 117.689 -28.1755
102.246 18.1174 117.689 -28.1755
98.6718 17.8976 117.689 -28.1755
94.9528 17.6842 117.689 -28.1755
91.0903 17.4771 117.689 -28.1755
87.1097 17.2933 117.689 -28.1755
82.9564 17.1385 117.689 -28.1755
78.6838 17.0091 117.689 -28.1755
74.2843 16.9054 117.689 -28.1755
69.8619 16.8211 117.689 -28.1755
65.4569 16.7602 117.689 -28.1755
61.0593 16.7074 117.689 -28.1755
56.651 16.6607 117.689 -28.1755
52.277 16.6009 117.689 -28.1755
47.9114 16.5315 117.689 -28.1755
43.5757 16.4517 117.689 -28.1755
39.2618 16.38 117.689 -28.1755
34.97 16.3076 117.689 -28.1755
30.7078 16.2461 117.689 -28.1755
26.4574 16.1949 117.689 -28.1755
22.2484 16.1341 117.689 -28.1755
18.0884 16.0866 117.689 -28.1755
13.9623 16.0404 117.689 -28.1755
9.853 15.9818 117.689 -28.1755
5.76379 15.9496 117.689 -28.1755
1.6761 15.9092 117.689 -28.1755
-2.43652 15.854 117.689 -28.1755
-6.57647 15.8083 117.689 -28.1755
-10.7552 15.7559 117.689 -28.1755
-14.951 15.7058 117.689 -28.1755
-19.1735 15.6595 117.689 -28.1755
-23.4244 15.6178 117.689 -28.1755
-27.688 15.5733 117.689 -28.1755
-31.9731 15.5214 117.689 -28.1755
-36.2445 15.4766 117.689 -28.1755
-40.499 15.4267 117.689 -28.1755
-44.7247 15.3752 117.689 -28.1755
-48.944 15.3171 117.689 -28.1755
-53.1527 15.2568 117.689 -28.1755
-57.3521 15.1994 117.689 -28.1755
-61.5494 15.157 117.689 -28.1755
-65.7507 15.1134 117.689 -28.1755
-69.9346 15.083 117.689 -28.1755
-74.0953 15.0538 117.689 -28.1755
-78.2265 15.0168 117.689 -28.1755
-82.3173 14.9596 117.689 -28.1755
-86.384 14.9082 117.689 -28.1755
-90.408 14.8566 117.689 -28.1755
-94.4004 14.8108 117.689 -28.1755
-98.3634 14.776 117.689 -28.1755
-102.29 14.7518 117.689 -28.1755
-106.186 14.7343 117.689 -28.1755
-110.046 14.7273 117.689 -28.1755
-113.877 14.7215 117.689 -28.1755
-117.669 14.7158 117.689 -28.1755
-121.414 14.7057 117.689 -28.1755
-125.081 14.6988 117.689 -28.1755
-128.67 14.7012 117.689 -28.1755
-132.162 14.719 117.689 -28.1755
-135.514 14.7431 117.689 -28.1755
-138.687 14.7585 117.689 -28.1755
-141.631 14.7849 117.689 -28.1755
-144.321 14.818 117.689 -28.1755
-146.745 14.7976 117.689 -28.1755
-148.926 14.5993 117.689 -28.1755
-150.833 14.2131 117.689 -28.1755
-152.477 13.6085 117.689 -28.1755
-153.874 12.7772 117.689 -28.1755
-155.033 11.7165 117.689 -28.1755
-155.856 10.4659 117.689 -28.1755
-156.406 9.10629 117.689 -28.1755
-156.663 7.69941 117.689 -28.1755
-156.617 6.24316 117.689 -28.1755
-156.244 4.77901 117.689 -28.1755
-155.554 3.37534 117.689 -28.1755
-154.484 2.05796 117.689 -28.1755
-153.141 0.898358 117.689 -28.1755
-151.484 -0.0623072 117.689 -28.1755
-149.55 -0.748482 117.689 -28.1755
-147.348 -1.16323 117.689 -28.1755
-144.927 -1.40767 117.689 -28.1755
-142.303 -1.46967 117.689 -28.1755
-139.492 -1.47997 117.689 -28.1755
-136.505 -1.50484 117.689 -28.1755
-133.352 -1.50333 117.689 -28.1755
-130.039 -1.49165 117.689 -28.1755
-126.576 -1.45844 117.689 -28.1755
-122.965 -1.4264 117.689 -28.1755
-119.231 -1.41038 117.689 -28.1755
-115.348 -1.40266 117.689 -28.1755
-111.34 -1.36969 117.689 -28.1755
-107.2 -1.30829 117.689 -28.1755
-102.932 -1.23026 117.689 -28.1755
-98.5291 -1.14214 117.689 -28.1755
-94.0023 -1.06298 117.689 -28.1755
-89.4761 -0.984734 117.689 -28.1755
-84.9672 -0.919141 117.689 -28.1755
-80.4455 -0.867953 117.689 -28.1755
-75.9344 -0.825573 117.689 -28.1755
-71.4434 -0.784979 117.689 -28.1755
-66.9713 -0.725241 117.689 -28.1755
-62.5255 -0.677741 117.689 -28.1755
-58.1035 -0.613503 117.689 -28.1755
-53.698 -0.525398 117.689 -28.1755
-49.3229 -0.423541 117.689 -28.1755
-44.9684 -0.333567 117.689 -28.1755
-40.6366 -0.254373 117.689 -28.1755
-36.328 -0.177799 117.689 -28.1755
-32.036 -0.113374 117.689 -28.1755
-27.7775 -0.0722408 117.689 -28.1755
-23.5434 -0.0439024 117.689 -28.1755
-19.3406 -0.0292589 117.689 -28.1755
-15.1661 -0.0241604 117.689 -28.1755
-11.0274 -0.0152809 117.689 -28.1755
-6.91413 0.00978548 117.689 -28.1755
-2.81852 0.0443722 117.689 -28.1755
1.26942 0.0886426 117.689 -28.1755
5.3441 0.131883 117.689 -28.1755
9.4159 0.175095 117.689 -28.1755
13.4773 0.223104 117.689 -28.1755
17.5336 0.258853 117.689 -28.1755
21.5802 0.295209 117.689 -28.1755
25.6135 0.338071 117.689 -28.1755
29.6238 0.383673 117.689 -28.1755
33.6065 0.427007 117.689 -28.1755
37.555 0.461529 117.689 -28.1755
41.4802 0.49749 117.689 -28.1755
45.3732 0.555204 117.689 -28.1755
49.2494 0.623098 117.689 -28.1755
53.0872 0.702063 117.689 -28.1755
56.9016 0.794281 117.689 -28.1755
60.6946 0.895091 117.689 -28.1755
64.4584 0.996173 117.689 -28.1755
68.1914 1.10741 117.689 -28.1755
71.9003 1.22708 117.689 -28.1755
75.5436 1.31823 117.689 -28.1755
79.0374 1.37797 117.689 -28.1755
82.3668 1.40727 117.689 -28.1755
85.6552 1.39729 117.689 -28.1755
88.9192 1.38556 117.689 -28.1755
92.1496 1.36383 117.689 -28.1755
95.3447 1.34311 117.689 -28.1755
98.508 1.358 117.689 -28.1755
101.71 1.42669 117.689 -28.1755
104.957 1.56179 117.689 -28.1755
108.251 1.74877 117.689 -28.1755
111.608 1.89703 117.689 -28.1755
115.026 1.95871 117.689 -28.1755
118.508 1.91321 117.689 -28.1755
122.056 1.78139 117.689 -28.1755
125.684 1.6021 117.689 -28.1755
129.386 1.37492 117.689 -28.1755
133.189 1.13533 117.689 -28.1755
137.089 0.941992 117.689 -28.1755
141.091 0.832678 117.689 -28.1755
145.191 0.806307 117.689 -28.1755
149.366 0.831134 117.689 -28.1755
153.63 0.881861 117.689 -28.1755
157.949 0.950588 117.689 -28.1755
162.271 1.03944 117.689 -28.1755
166.581 1.15096 117.689 -28.1755
170.888 1.26247 117.689 -28.1755
175.169 1.3663 117.689 -28.1755
179.425 1.45339 117.689 -28.1755
183.661 1.51887 117.689 -28.1755
187.848 1.57611 117.689 -28.1755
192.021 1.61333 117.689 -28.1755
196.151 1.64554 117.689 -28.1755
200.255 1.6823 117.689 -28.1755
204.323 1.71741 117.689 -28.1755
208.351 1.74644 117.689 -28.1755
212.35 1.78 117.689 -28.1755
216.248 1.81496 117.689 -28.1755
219.951 1.85973 117.689 -28.1755
223.411 1.91724 117.689 -28.1755
226.604 2.00458 117.689 -28.1755
229.512 2.10601 117.689 -28.1755
232.126 2.20789 117.689 -28.1755
234.492 2.31497 117.689 -28.1755
236.807 2.39117 117.689 -28.1755
239.102 2.43817 117.689 -28.1755
241.365 2.46485 117.689 -28.1755
243.601 2.48123 117.689 -28.1755
245.816 2.49325 117.689 -28.1755
248.072 2.49861 117.689 -28.1755
250.367 2.50851 117.689 -28.1755
252.712 2.50854 117.689 -28.1755
255.099 2.49198 117.689 -28.1755
257.526 2.46159 117.689 -28.1755
260.007 2.3981 117.689 -28.1755
262.541 2.33165 117.689 -28.1755
265.167 2.24888 117.689 -28.1755
267.869 2.14456 117.689 -28.1755
270.643 2.03986 117.689 -28.1755
273.451 1.94858 117.689 -28.1755
276.256 1.8863 117.689 -28.1755
279.055 1.85017 117.689 -28.1755
281.828 1.82954 117.689 -28.1755
284.574 1.81919 117.689 -28.1755
287.216 1.82466 117.689 -28.1755
289.717 1.83857 117.689 -28.1755
292.186 1.84405 117.689 -28.1755
294.62 1.83619 117.689 -28.1755
297.031 1.81794 117.689 -28.1755
299.423 1.80952 117.689 -28.1755
