0.0915427 0.00459671 0.0295105 0.120529
0.38731 0.0286319 0.335342 0.11676
0.76694 0.0827569 0.640259 0.14093
1.25138 0.181606 1.11574 0.166672
1.78864 0.361651 1.63486 0.392578
2.36874 0.620094 2.27307 0.634369
2.95042 0.968759 2.82765 0.963135
3.52303 1.39248 3.39899 1.36528
4.0495 1.96936 3.93478 1.88495
4.54077 2.66315 4.48991 2.50854
4.94818 3.51784 4.90898 3.35992
5.23379 4.53434 5.1935 4.36908
5.40169 5.70136 5.32391 5.53217
5.42402 7.00909 5.37895 6.83382
5.35364 8.44461 5.33057 8.24724
5.21123 10.023 5.17339 9.83235
5.02588 11.7394 4.97388 11.5673
4.83568 13.6002 4.8949 12.3575
4.63 15.5937 4.77345 12.9444
4.42653 17.7332 4.91098 12.023
4.22312 19.9883 4.98715 10.8585
4.03596 22.3642 5.15036 10.9247
3.84905 24.7895 5.07907 10.7988
3.64475 27.3076 5.08852 11.011
3.41846 29.8372 4.86557 12.0404
3.19882 32.3544 5.23303 9.55852
2.98036 34.86 5.09319 10.101
2.77507 37.3737 4.82684 12.8473
2.57226 39.8817 4.73438 14.2798
2.36307 42.3652 4.53745 14.5708
2.16091 44.8388 4.42627 14.3396
1.95912 47.3074 4.6028 13.6459
1.74069 49.7355 4.62903 13.4165
1.49375 52.1228 4.63226 13.5082
1.25899 54.484 4.34213 14.7758
1.03264 56.8107 4.50018 13.4907
0.810007 59.0776 4.57118 13.3329
0.591948 61.2455 4.70815 11.6186
0.408841 63.2855 4.57184 12.9273
0.285958 65.1899 4.35553 15.052
0.26462 66.937 4.25388 16.7575
0.416481 68.4821 4.45695 16.1115
0.741967 69.8485 4.92851 14.8317
1.28575 71.0686 5.77556 13.3864
2.01365 72.1708 6.42519 14.612
2.90866 73.1086 7.28871 15.1307
3.91127 73.9133 8.26472 15.8026
5.15583 74.6152 9.17525 16.5688
6.6181 75.2056 10.8942 17.4263
8.28109 75.692 12.5958 17.7115
10.1122 76.1223 14.5387 18.0991
12.0915 76.4929 16.4962 18.367
14.2125 76.7966 18.394 19.0395
16.4468 77.0409 20.6019 19.3809
18.7675 77.272 22.8518 22.1912
21.0725 77.4637 24.3994 22.8676
23.3777 77.6221 26.0788 24.5389
25.6548 77.7896 26.9055 17.56
27.9392 77.969 27.5168 17.8892
30.1928 78.1097 30.2593 17.4039
32.4641 78.2423 30.5315 14.8841
34.7769 78.3993 32.4532 15.4322
37.1435 78.5715 31.8372 15.633
39.546 78.7627 34.9768 14.0617
42.0306 78.9599 35.4617 13.5114
44.5789 79.1713 34.5529 13.8372
47.163 79.3849 96.593 60.9761
49.7789 79.5738 96.593 60.9761
52.3966 79.7647 95.7505 61.3595
54.9656 79.9696 95.7505 61.3595
57.5269 80.1556 95.7505 61.3595
60.0426 80.3387 95.7505 61.3595
62.5136 80.5497 95.7505 61.3595
64.9451 80.7781 95.7505 61.3595
67.3635 81.0341 95.7505 61.3595
69.7395 81.3168 95.7505 61.3595
72.0594 81.6637 95.7505 61.3595
74.3434 82.0491 95.7505 61.3595
76.5947 82.4671 95.7505 61.3595
78.8078 82.9303 95.7505 61.3595
81.0106 83.4673 95.7505 61.3595
83.1404 84.0574 95.7505 61.3595
85.303 84.7275 95.7505 61.3595
87.417 85.4688 95.7505 61.3595
89.5211 86.2803 95.7505 61.3595
91.6219 87.1588 95.7505 61.3595
93.687 88.118 95.7505 61.3595
95.7661 89.0845 95.7505 61.3595
97.8498 90.085 95.7505 61.3595
99.9095 91.131 95.7505 61.3595
101.954 92.1962 95.7505 61.3595
103.96 93.2832 95.7505 61.3595
105.91 94.3821 95.7505 61.3595
107.823 95.4962 95.7505 61.3595
109.668 96.574 95.7505 61.3595
111.365 97.6008 95.7505 61.3595
112.925 98.5503 95.7505 61.3595
114.302 99.3968 95.7505 61.3595
115.494 100.162 95.7505 61.3595
116.529 100.865 95.7505 61.3595
117.401 101.506 95.7505 61.3595
118.122 102.051 95.7505 61.3595
118.682 102.576 95.7505 61.3595
119.116 103.068 95.7505 61.3595
119.498 103.595 95.7505 61.3595
119.838 104.148 95.7505 61.3595
120.114 104.733 95.7505 61.3595
120.328 105.344 95.7505 61.3595
120.5 106.057 95.7505 61.3595
120.621 106.946 95.7505 61.3595
120.616 107.973 95.7505 61.3595
120.465 109.103 95.7505 61.3595
120.121 110.311 95.7505 61.3595
119.569 111.604 95.7505 61.3595
118.769 112.96 95.7505 61.3595
117.749 114.379 95.7505 61.3595
116.588 115.907 95.7505 61.3595
115.292 117.527 95.7505 61.3595
113.887 119.24 95.7505 61.3595
112.381 121.057 95.7505 61.3595
110.773 122.97 95.7505 61.3595
109.08 124.956 95.7505 61.3595
107.318 127.037 95.7505 61.3595
105.482 129.186 95.7505 61.3595
103.574 131.413 95.7505 61.3595
101.668 133.68 95.7505 61.3595
99.7511 135.947 95.7505 61.3595
97.8279 138.227 95.7505 61.3595
95.9042 140.511 95.7505 61.3595
93.9789 142.77 95.7505 61.3595
92.0489 145.041 95.7505 61.3595
90.1393 147.307 95.7505 61.3595
88.237 149.6 95.7505 61.3595
86.3499 151.867 95.7505 61.3595
84.4568 154.132 95.7505 61.3595
82.5791 156.374 95.7505 61.3595
80.7035 158.603 95.7505 61.3595
78.8443 160.78 95.7505 61.3595
76.9941 162.94 95.7505 61.3595
75.1702 165.093 95.7505 61.3595
73.3721 167.242 95.7505 61.3595
71.6127 169.381 95.7505 61.3595
69.9057 171.472 95.7505 61.3595
68.27 173.494 95.7505 61.3595
66.6982 175.419 95.7505 61.3595
65.1854 177.275 95.7505 61.3595
63.7122 179.008 95.7505 61.3595
62.3114 180.625 95.7505 61.3595
60.98 182.142 95.7505 61.3595
59.6725 183.537 95.7505 61.3595
58.3607 184.812 95.7505 61.3595
57.0003 185.88 95.7505 61.3595
55.5968 186.715 95.7505 61.3595
54.1708 187.283 95.7505 61.3595
52.7371 187.631 95.7505 61.3595
51.291 187.772 95.7505 61.3595
49.8672 187.683 95.7505 61.3595
48.5087 187.386 95.7505 61.3595
47.2498 186.905 95.7505 61.3595
46.025 186.243 95.7505 61.3595
44.8249 185.476 95.7505 61.3595
43.6515 184.597 95.7505 61.3595
42.4563 183.643 95.7505 61.3595
41.2043 182.625 95.7505 61.3595
39.8949 181.501 95.7505 61.3595
38.4615 180.327 95.7505 61.3595
36.9374 179.064 95.7505 61.3595
35.2962 177.684 95.7505 61.3595
33.5389 176.208 95.7505 61.3595
31.665 174.639 95.7505 61.3595
29.696 173.002 95.7505 61.3595
27.6606 171.288 95.7505 61.3595
25.5462 169.531 95.7505 61.3595
23.3687 167.743 95.7505 61.3595
21.1796 166.0 95.7505 61.3595
18.9925 164.257 95.7505 61.3595
16.8568 162.525 95.7505 61.3595
14.7121 160.803 95.7505 61.3595
12.591 159.134 95.7505 61.3595
10.4231 157.593 95.7505 61.3595
8.18748 156.214 95.7505 61.3595
5.85425 155.074 95.7505 61.3595
3.47526 154.18 95.7505 61.3595
1.0043 153.486 95.7505 61.3595
-1.55102 152.946 95.7505 61.3595
-4.18441 152.535 95.7505 61.3595
-6.93267 152.23 95.7505 61.3595
-9.76727 151.931 95.7505 61.3595
-12.686 151.591 95.7505 61.3595
-15.7097 151.254 95.7505 61.3595
-18.7945 150.899 95.7505 61.3595
-21.9352 150.542 95.7505 61.3595
-25.0939 150.21 95.7505 61.3595
-28.2432 149.891 95.7505 61.3595
-31.3652 149.588 95.7505 61.3595
-34.4724 149.3 95.7505 61.3595
-37.5499 149.039 95.7505 61.3595
-40.6027 148.81 95.7505 61.3595
-43.6216 148.593 95.7505 61.3595
-46.6139 148.369 95.7505 61.3595
-49.5761 148.156 95.7505 61.3595
-52.5118 147.942 95.7505 61.3595
-55.4135 147.724 95.7505 61.3595
-58.2811 147.5 95.7505 61.3595
-61.108 147.26 95.7505 61.3595
-63.8691 147.022 95.7505 61.3595
-66.5073 146.805 95.7505 61.3595
-68.9992 146.637 95.7505 61.3595
-71.2894 146.551 95.7505 61.3595
-73.3485 146.506 95.7505 61.3595
-75.1677 146.5 95.7505 61.3595
-76.745 146.531 95.7505 61.3595
-78.0456 146.583 95.7505 61.3595
-79.0606 146.627 95.7505 61.3595
-79.7972 146.65 95.7505 61.3595
-80.3847 146.664 95.7505 61.3595
-80.9115 146.645 95.7505 61.3595
-81.3349 146.624 95.7505 61.3595
-81.6918 146.591 95.7505 61.3595
-81.9641 146.537 95.7505 61.3595
-82.1081 146.499 95.7505 61.3595
-82.1547 146.475 95.7505 61.3595
-82.1429 146.467 95.7505 61.3595
-82.1481 146.478 95.7505 61.3595
-82.1443 146.485 95.7505 61.3595
-82.1465 146.49 95.7505 61.3595
-82.1525 146.493 95.7505 61.3595
-82.1566 146.496 95.7505 61.3595
-82.1552 146.493 95.7505 61.3595
-82.1454 146.486 95.7505 61.3595
-82.1384 146.488 95.7505 61.3595
-82.1336 146.486 95.7505 61.3595
-82.133 146.489 95.7505 61.3595
-82.1332 146.488 95.7505 61.3595
-82.1336 146.485 95.7505 61.3595
-82.1334 146.485 95.7505 61.3595
-82.1328 146.476 95.7505 61.3595
-82.1328 146.475 95.7505 61.3595
-82.1332 146.477 95.7505 61.3595
-82.176 146.541 95.7505 61.3595
-82.2457 146.579 95.7505 61.3595
-82.3443 146.588 95.7505 61.3595
-82.4735 146.578 95.7505 61.3595
-82.6323 146.533 95.7505 61.3595
-82.8803 146.445 95.7505 61.3595
-83.2584 146.296 95.7505 61.3595
-83.743 146.07 95.7505 61.3595
-84.2913 145.76 95.7505 61.3595
-84.8808 145.315 95.7505 61.3595
-85.5649 144.66 95.7505 61.3595
-86.3272 143.742 95.7505 61.3595
-87.088 142.503 95.7505 61.3595
-87.7514 140.976 95.7505 61.3595
-88.2199 139.159 95.7505 61.3595
-88.5015 137.113 95.7505 61.3595
-88.6465 134.825 95.7505 61.3595
-88.7056 132.328 95.7505 61.3595
-88.6495 129.631 95.7505 61.3595
-88.5405 126.735 95.7505 61.3595
-88.4197 123.629 95.7505 61.3595
-88.2108 120.35 95.7505 61.3595
-87.9487 116.93 95.7505 61.3595
-87.6392 113.384 95.7505 61.3595
-87.3429 109.774 95.7505 61.3595
-87.0499 106.198 95.7505 61.3595
-86.764 102.632 95.7505 61.3595
-86.4807 99.0844 95.7505 61.3595
-86.2014 95.5628 95.7505 61.3595
-85.9301 92.0708 95.7505 61.3595
-85.6741 88.6076 95.7505 61.3595
-85.4316 85.1764 95.7505 61.3595
-85.1782 81.7744 95.7505 61.3595
-84.8824 78.4097 95.7505 61.3595
-84.5844 75.0636 95.7505 61.3595
-84.2675 71.7486 95.7505 61.3595
-83.9466 68.4631 95.7505 61.3595
-83.6486 65.1736 95.7505 61.3595
-83.3719 61.8938 95.7505 61.3595
-83.1058 58.6532 95.7505 61.3595
-82.8456 55.4392 95.7505 61.3595
-82.5945 52.2149 95.7505 61.3595
-82.337 49.0533 95.7505 61.3595
-82.0772 45.9138 95.7505 61.3595
-81.836 42.7298 95.7505 61.3595
-81.5933 39.5517 95.7505 61.3595
-81.3435 36.3993 95.7505 61.3595
-81.0983 33.2907 95.7505 61.3595
-80.8633 30.2054 95.7505 61.3595
-80.6509 27.1549 95.7505 61.3595
-80.4451 24.1262 95.7505 61.3595
-80.2473 21.1362 95.7505 61.3595
-80.0561 18.2654 95.7505 61.3595
-79.8663 15.5581 95.7505 61.3595
-79.6577 13.048 95.7505 61.3595
-79.4284 10.7141 95.7505 61.3595
-79.159 8.57703 95.7505 61.3595
-78.8234 6.66099 95.7505 61.3595
-78.4073 4.94033 95.7505 61.3595
-77.9027 3.35899 95.7505 61.3595
-77.2871 1.92174 95.7505 61.3595
-76.5331 0.603678 95.7505 61.3595
-75.5816 -0.520539 95.7505 61.3595
-74.5093 -1.47305 95.7505 61.3595
-73.2991 -2.21127 95.7505 61.3595
-71.9684 -2.77869 95.7505 61.3595
-70.5796 -3.16087 95.7505 61.3595
-69.1165 -3.39498 95.7505 61.3595
-67.5757 -3.55108 95.7505 61.3595
-65.9503 -3.64777 95.7505 61.3595
-64.185 -3.67731 95.7505 61.3595
-62.2713 -3.64305 95.7505 61.3595
-60.2096 -3.55639 95.7505 61.3595
-58.0127 -3.4513 95.7505 61.3595
-55.7296 -3.33243 95.7505 61.3595
-53.438 -3.19235 95.7505 61.3595
-51.1424 -3.00549 95.7505 61.3595
-48.8462 -2.80322 95.7505 61.3595
-46.5559 -2.63285 95.7505 61.3595
-44.2863 -2.45592 95.7505 61.3595
-42.0436 -2.28139 95.7505 61.3595
-39.8533 -2.12816 95.7505 61.3595
-37.7538 -1.97541 95.7505 61.3595
-35.7576 -1.85161 95.7505 61.3595
-33.8138 -1.72742 95.7505 61.3595
-31.9172 -1.60284 95.7505 61.3595
-30.0592 -1.48805 95.7505 61.3595
-28.2346 -1.37831 95.7505 61.3595
-26.4307 -1.26769 95.7505 61.3595
-24.6469 -1.15207 95.7505 61.3595
-22.8985 -1.02281 95.7505 61.3595
-21.2127 -0.886782 95.7505 61.3595
-19.6199 -0.76671 95.7505 61.3595
-18.132 -0.667367 95.7505 61.3595
-16.7443 -0.567945 95.7505 61.3595
-15.4649 -0.475696 95.7505 61.3595
-14.3851 -0.391631 95.7505 61.3595
-13.4744 -0.331922 95.7505 61.3595
-12.67 -0.286085 95.7505 61.3595
-11.8967 -0.25612 95.7505 61.3595
-11.1402 -0.225556 95.7505 61.3595
-10.3981 -0.183954 95.7505 61.3595
-9.66506 -0.132765 95.7505 61.3595
-8.94769 -0.0654352 95.7505 61.3595
-8.24259 0.00813069 95.7505 61.3595
-7.54992 0.105572 95.7505 61.3595
-6.86759 0.181726 95.7505 61.3595
-6.18884 0.260514 95.7505 61.3595
-5.51933 0.32764 95.7505 61.3595
-4.83385 0.376189 95.7505 61.3595
-4.05757 0.412903 95.7505 61.3595
-3.18164 0.440851 95.7505 61.3595
-2.23127 0.472589 95.7505 61.3595
-1.20688 0.492906 95.7505 61.3595
-0.108858 0.508838 95.7505 61.3595
1.0889 0.473736 95.7505 61.3595
2.28151 0.369629 95.7505 61.3595
3.42858 0.414732 95.7505 61.3595
4.5458 0.521258 95.7505 61.3595
5.60868 0.754007 95.7505 61.3595
6.62642 1.03201 95.7505 61.3595
7.61763 1.31286 95.7505 61.3595
8.52108 1.48532 95.7505 61.3595
9.10658 1.58938 95.7505 61.3595
9.38087 1.6266 95.7505 61.3595
9.38696 1.63681 95.7505 61.3595
9.37246 1.64113 95.7505 61.3595
9.37028 1.64373 95.7505 61.3595
