0.808514 -0.00387974 0.705078 -0.0961304
3.17391 -0.0295866 3.00665 -0.112488
5.3216 -0.0505932 5.13531 -0.12793
7.17943 -0.0774708 7.03839 -0.158325
8.77105 -0.0526946 8.60382 -0.155396
10.0472 -0.0472548 9.98291 -0.170593
11.0483 -0.0317648 11.0909 -0.164368
11.7952 -0.095297 12.0293 -0.255493
12.1044 -0.106489 12.6688 -0.277649
12.2932 -0.1056 13.1141 -0.31488
12.4238 -0.120544 13.5565 -0.33783
12.5006 -0.127033 13.3128 -0.231628
12.6296 -0.160183 12.522 -0.262634
12.7549 -0.155181 12.6463 -0.256165
12.8667 -0.131374 12.5611 -0.226013
13.0785 -0.11342 12.7894 -0.233826
13.3622 -0.002379 13.4463 -0.11084
13.8467 0.17841 13.7469 0.0674438
14.4659 0.491289 14.2849 0.372864
15.169 0.984812 14.9611 0.0649414
15.8372 1.62828 15.287 1.33075
16.4813 2.47742 14.6924 0.805054
17.1135 3.55852 16.4366 3.12225
17.6252 4.86851 17.6064 4.38507
18.049 6.44453 18.0583 5.80255
18.2863 8.25299 17.3859 6.81836
18.3282 10.2776 16.9731 5.83112
18.2251 12.5414 17.4836 7.67194
18.0981 14.9304 14.9305 8.58234
18.0072 17.5535 14.9305 8.58234
17.8938 20.309 14.9305 8.58234
17.7326 23.2266 14.9305 8.58234
17.5552 26.3404 14.9305 8.58234
17.3827 29.5326 14.9305 8.58234
17.187 32.8401 14.9305 8.58234
16.913 36.1721 14.9305 8.58234
16.5892 39.5274 14.9305 8.58234
16.2652 42.8245 14.9305 8.58234
15.8747 46.1246 14.9305 8.58234
15.4598 49.4435 14.9305 8.58234
15.0513 52.7974 14.9305 8.58234
14.5756 56.1494 14.9305 8.58234
14.2194 59.5394 14.9305 8.58234
13.959 62.9689 14.9305 8.58234
13.7702 66.404 14.9305 8.58234
13.5637 70.0011 14.9305 8.58234
13.4153 73.6104 14.9305 8.58234
13.3421 77.2349 14.9305 8.58234
13.2477 80.8142 14.9305 8.58234
13.154 84.4003 14.9305 8.58234
13.0905 88.0058 14.9305 8.58234
13.0019 91.5902 14.9305 8.58234
12.91 95.1057 14.9305 8.58234
12.793 98.5864 14.9305 8.58234
12.695 102.087 14.9305 8.58234
12.622 105.589 14.9305 8.58234
12.5453 109.132 14.9305 8.58234
12.4706 112.706 14.9305 8.58234
12.4015 116.345 14.9305 8.58234
12.3317 120.02 14.9305 8.58234
12.2431 123.766 14.9305 8.58234
12.1239 127.541 14.9305 8.58234
12.0358 131.318 14.9305 8.58234
11.8815 135.113 14.9305 8.58234
11.7155 138.906 14.9305 8.58234
11.5926 142.686 14.9305 8.58234
11.4927 146.426 14.9305 8.58234
11.4292 150.161 14.9305 8.58234
11.3592 153.879 14.9305 8.58234
11.2813 157.58 14.9305 8.58234
11.1779 161.277 14.9305 8.58234
11.0581 164.928 14.9305 8.58234
10.9657 168.565 14.9305 8.58234
10.9143 172.169 14.9305 8.58234
10.8615 175.774 14.9305 8.58234
10.8172 179.285 14.9305 8.58234
10.7879 182.555 14.9305 8.58234
10.7646 185.576 14.9305 8.58234
10.7623 188.392 14.9305 8.58234
10.7111 191.156 14.9305 8.58234
10.6411 193.897 14.9305 8.58234
10.5588 196.609 14.9305 8.58234
10.4652 199.322 14.9305 8.58234
10.3882 202.08 14.9305 8.58234
10.331 204.886 14.9305 8.58234
10.2825 207.765 14.9305 8.58234
10.3369 210.768 14.9305 8.58234
10.376 213.849 14.9305 8.58234
10.3753 216.93 14.9305 8.58234
10.3451 220.058 14.9305 8.58234
10.2887 223.216 14.9305 8.58234
10.2264 226.472 14.9305 8.58234
10.2195 229.833 14.9305 8.58234
10.217 233.259 14.9305 8.58234
10.2194 236.735 14.9305 8.58234
10.2064 240.296 14.9305 8.58234
10.1696 243.912 14.9305 8.58234
10.1041 247.572 14.9305 8.58234
9.99556 251.299 14.9305 8.58234
9.82238 255.028 14.9305 8.58234
9.66964 258.78 14.9305 8.58234
9.54702 262.557 14.9305 8.58234
9.42187 266.319 14.9305 8.58234
9.29033 270.066 14.9305 8.58234
9.10379 273.799 14.9305 8.58234
8.91969 277.484 14.9305 8.58234
8.78975 281.18 14.9305 8.58234
8.68243 284.882 14.9305 8.58234
8.57273 288.542 14.9305 8.58234
8.46749 292.21 14.9305 8.58234
8.36071 295.905 14.9305 8.58234
8.25345 299.551 14.9305 8.58234
8.13597 303.255 14.9305 8.58234
8.04645 306.996 14.9305 8.58234
7.94166 310.734 14.9305 8.58234
7.83984 314.481 14.9305 8.58234
7.74992 318.242 14.9305 8.58234
7.64052 322.006 14.9305 8.58234
7.52701 325.796 14.9305 8.58234
7.42133 329.587 14.9305 8.58234
7.3096 333.369 14.9305 8.58234
7.20852 337.112 14.9305 8.58234
7.11479 340.848 14.9305 8.58234
7.02416 344.523 14.9305 8.58234
6.92348 348.081 14.9305 8.58234
6.83235 351.51 14.9305 8.58234
6.7359 354.782 14.9305 8.58234
6.62678 357.919 14.9305 8.58234
6.51532 361.033 14.9305 8.58234
6.39553 364.015 14.9305 8.58234
6.32493 366.742 14.9305 8.58234
6.3165 369.245 14.9305 8.58234
6.4548 371.506 14.9305 8.58234
6.76783 373.502 14.9305 8.58234
7.29005 375.28 14.9305 8.58234
8.02509 376.895 14.9305 8.58234
8.9826 378.334 14.9305 8.58234
10.0964 379.586 14.9305 8.58234
11.4432 380.724 14.9305 8.58234
12.9959 381.694 14.9305 8.58234
14.7292 382.528 14.9305 8.58234
16.6515 383.222 14.9305 8.58234
18.7816 383.78 14.9305 8.58234
21.1074 384.244 14.9305 8.58234
23.6038 384.603 14.9305 8.58234
26.2692 384.85 14.9305 8.58234
29.0878 385.059 14.9305 8.58234
32.1093 385.288 14.9305 8.58234
35.2382 385.555 14.9305 8.58234
38.3575 385.884 14.9305 8.58234
41.4579 386.131 14.9305 8.58234
44.5043 386.264 14.9305 8.58234
47.5206 386.336 14.9305 8.58234
50.4831 386.406 14.9305 8.58234
53.3649 386.448 14.9305 8.58234
56.1384 386.514 14.9305 8.58234
58.8373 386.573 14.9305 8.58234
61.4273 386.612 14.9305 8.58234
63.8819 386.547 14.9305 8.58234
66.1931 386.255 14.9305 8.58234
68.3566 385.73 14.9305 8.58234
70.3209 384.947 14.9305 8.58234
72.1445 383.997 14.9305 8.58234
73.8072 383.009 14.9305 8.58234
75.3164 381.918 14.9305 8.58234
76.5761 380.636 14.9305 8.58234
77.6748 379.29 14.9305 8.58234
78.5222 377.732 14.9305 8.58234
79.1956 375.976 14.9305 8.58234
79.7001 374.088 14.9305 8.58234
80.0391 372.044 14.9305 8.58234
80.2765 369.878 14.9305 8.58234
80.4715 367.596 14.9305 8.58234
80.6128 365.232 14.9305 8.58234
80.6917 362.767 14.9305 8.58234
80.7193 360.209 14.9305 8.58234
80.6884 357.595 14.9305 8.58234
80.6124 354.941 14.9305 8.58234
80.523 352.263 14.9305 8.58234
80.4409 349.553 14.9305 8.58234
80.381 346.868 14.9305 8.58234
80.3746 344.195 14.9305 8.58234
80.4275 341.536 14.9305 8.58234
80.512 338.892 14.9305 8.58234
80.6132 336.27 14.9305 8.58234
80.7343 333.659 14.9305 8.58234
80.8612 331.066 14.9305 8.58234
80.9449 328.462 14.9305 8.58234
81.0101 325.874 14.9305 8.58234
81.0515 323.28 14.9305 8.58234
81.1211 320.714 14.9305 8.58234
81.2263 318.156 14.9305 8.58234
81.3559 315.602 14.9305 8.58234
81.4883 313.065 14.9305 8.58234
81.6215 310.553 14.9305 8.58234
81.7555 308.046 14.9305 8.58234
81.8976 305.55 14.9305 8.58234
82.0441 303.053 14.9305 8.58234
82.2145 300.535 14.9305 8.58234
82.3833 297.97 14.9305 8.58234
82.5676 295.369 14.9305 8.58234
82.7435 292.686 14.9305 8.58234
82.9021 289.965 14.9305 8.58234
83.0206 287.192 14.9305 8.58234
83.0735 284.364 14.9305 8.58234
83.0951 281.509 14.9305 8.58234
83.1066 278.67 14.9305 8.58234
83.1055 275.874 14.9305 8.58234
83.0938 273.152 14.9305 8.58234
83.0273 270.457 14.9305 8.58234
82.9444 267.789 14.9305 8.58234
82.8898 265.163 14.9305 8.58234
82.8752 262.549 14.9305 8.58234
82.9264 259.928 14.9305 8.58234
83.0333 257.284 14.9305 8.58234
83.2134 254.623 14.9305 8.58234
83.4634 251.954 14.9305 8.58234
83.7255 249.246 14.9305 8.58234
84.0056 246.533 14.9305 8.58234
84.2555 243.813 14.9305 8.58234
84.432 241.1 14.9305 8.58234
84.5442 238.43 14.9305 8.58234
84.5625 235.777 14.9305 8.58234
84.4947 233.162 14.9305 8.58234
84.3561 230.592 14.9305 8.58234
84.2046 228.105 14.9305 8.58234
84.0594 225.778 14.9305 8.58234
83.931 223.63 14.9305 8.58234
83.8163 221.702 14.9305 8.58234
83.7121 219.97 14.9305 8.58234
83.6362 218.417 14.9305 8.58234
83.6146 217.052 14.9305 8.58234
83.7244 215.792 14.9305 8.58234
84.0176 214.578 14.9305 8.58234
84.4532 213.445 14.9305 8.58234
85.0359 212.437 14.9305 8.58234
85.728 211.518 14.9305 8.58234
86.5554 210.665 14.9305 8.58234
87.5742 209.867 14.9305 8.58234
88.8322 209.138 14.9305 8.58234
90.3245 208.491 14.9305 8.58234
92.0322 207.934 14.9305 8.58234
93.9738 207.515 14.9305 8.58234
96.1263 207.281 14.9305 8.58234
98.479 207.185 14.9305 8.58234
100.967 207.184 14.9305 8.58234
103.647 207.276 14.9305 8.58234
106.427 207.386 14.9305 8.58234
109.278 207.469 14.9305 8.58234
112.189 207.507 14.9305 8.58234
115.118 207.485 14.9305 8.58234
117.989 207.446 14.9305 8.58234
120.729 207.31 14.9305 8.58234
123.513 207.207 14.9305 8.58234
126.275 207.159 14.9305 8.58234
128.97 207.148 14.9305 8.58234
131.505 207.171 14.9305 8.58234
133.859 207.207 14.9305 8.58234
136.0 207.286 14.9305 8.58234
137.902 207.404 14.9305 8.58234
139.58 207.595 14.9305 8.58234
141.15 207.911 14.9305 8.58234
142.629 208.374 14.9305 8.58234
144.019 209.032 14.9305 8.58234
145.297 209.861 14.9305 8.58234
146.485 210.861 14.9305 8.58234
147.598 212.069 14.9305 8.58234
148.57 213.488 14.9305 8.58234
149.358 215.152 14.9305 8.58234
149.934 217.027 14.9305 8.58234
150.269 219.053 14.9305 8.58234
150.48 221.24 14.9305 8.58234
150.591 223.537 14.9305 8.58234
150.669 225.937 14.9305 8.58234
150.763 228.444 14.9305 8.58234
150.873 231.059 14.9305 8.58234
150.998 233.797 14.9305 8.58234
151.131 236.657 14.9305 8.58234
151.255 239.645 14.9305 8.58234
151.348 242.762 14.9305 8.58234
151.367 245.979 14.9305 8.58234
151.317 249.229 14.9305 8.58234
151.198 252.471 14.9305 8.58234
151.016 255.707 14.9305 8.58234
150.776 258.917 14.9305 8.58234
150.505 262.004 14.9305 8.58234
150.25 264.935 14.9305 8.58234
150.008 267.651 14.9305 8.58234
149.805 270.215 14.9305 8.58234
149.643 272.755 14.9305 8.58234
149.501 275.263 14.9305 8.58234
149.389 277.746 14.9305 8.58234
149.318 280.211 14.9305 8.58234
149.268 282.669 14.9305 8.58234
149.236 285.166 14.9305 8.58234
149.205 287.695 14.9305 8.58234
149.156 290.207 14.9305 8.58234
149.089 292.703 14.9305 8.58234
149.003 295.204 14.9305 8.58234
148.917 297.762 14.9305 8.58234
148.828 300.373 14.9305 8.58234
148.729 303.059 14.9305 8.58234
148.63 305.822 14.9305 8.58234
148.535 308.645 14.9305 8.58234
148.443 311.494 14.9305 8.58234
148.36 314.355 14.9305 8.58234
148.289 317.203 14.9305 8.58234
148.218 320.018 14.9305 8.58234
148.133 322.801 14.9305 8.58234
148.06 325.556 14.9305 8.58234
147.995 328.284 14.9305 8.58234
147.919 330.992 14.9305 8.58234
147.868 333.631 14.9305 8.58234
147.84 336.194 14.9305 8.58234
147.808 338.771 14.9305 8.58234
147.753 341.301 14.9305 8.58234
147.672 343.813 14.9305 8.58234
147.562 346.366 14.9305 8.58234
147.465 348.951 14.9305 8.58234
147.343 351.577 14.9305 8.58234
147.211 354.248 14.9305 8.58234
147.079 356.93 14.9305 8.58234
146.948 359.595 14.9305 8.58234
146.827 362.242 14.9305 8.58234
146.711 364.872 14.9305 8.58234
146.628 367.44 14.9305 8.58234
146.571 369.914 14.9305 8.58234
146.555 372.267 14.9305 8.58234
146.595 374.432 14.9305 8.58234
146.755 376.398 14.9305 8.58234
147.029 378.157 14.9305 8.58234
147.37 379.725 14.9305 8.58234
147.84 381.119 14.9305 8.58234
148.478 382.41 14.9305 8.58234
149.258 383.562 14.9305 8.58234
150.112 384.594 14.9305 8.58234
151.195 385.556 14.9305 8.58234
152.5 386.522 14.9305 8.58234
154.084 387.356 14.9305 8.58234
155.904 388.005 14.9305 8.58234
157.913 388.457 14.9305 8.58234
160.145 388.775 14.9305 8.58234
162.536 388.964 14.9305 8.58234
165.099 389.062 14.9305 8.58234
167.821 389.128 14.9305 8.58234
170.658 389.203 14.9305 8.58234
173.589 389.265 14.9305 8.58234
176.552 389.308 14.9305 8.58234
179.503 389.361 14.9305 8.58234
182.443 389.432 14.9305 8.58234
185.368 389.497 14.9305 8.58234
188.263 389.555 14.9305 8.58234
191.074 389.615 14.9305 8.58234
193.73 389.665 14.9305 8.58234
196.182 389.697 14.9305 8.58234
198.464 389.696 14.9305 8.58234
200.561 389.578 14.9305 8.58234
202.559 389.293 14.9305 8.58234
204.467 388.765 14.9305 8.58234
206.175 387.916 14.9305 8.58234
207.779 386.853 14.9305 8.58234
209.2 385.525 14.9305 8.58234
210.44 383.944 14.9305 8.58234
211.426 382.136 14.9305 8.58234
212.261 380.157 14.9305 8.58234
212.913 378.011 14.9305 8.58234
213.415 375.676 14.9305 8.58234
213.808 373.197 14.9305 8.58234
214.126 370.564 14.9305 8.58234
214.385 367.799 14.9305 8.58234
214.626 364.941 14.9305 8.58234
214.847 361.998 14.9305 8.58234
215.04 358.991 14.9305 8.58234
215.19 355.916 14.9305 8.58234
215.299 352.806 14.9305 8.58234
215.363 349.692 14.9305 8.58234
215.412 346.585 14.9305 8.58234
215.442 343.467 14.9305 8.58234
215.421 340.37 14.9305 8.58234
215.339 337.277 14.9305 8.58234
215.207 334.204 14.9305 8.58234
215.036 331.16 14.9305 8.58234
214.865 328.103 14.9305 8.58234
214.708 325.07 14.9305 8.58234
214.622 322.02 14.9305 8.58234
214.591 318.979 14.9305 8.58234
214.636 315.933 14.9305 8.58234
214.748 312.874 14.9305 8.58234
214.908 309.815 14.9305 8.58234
215.083 306.739 14.9305 8.58234
215.274 303.658 14.9305 8.58234
215.468 300.596 14.9305 8.58234
215.664 297.55 14.9305 8.58234
215.825 294.518 14.9305 8.58234
215.979 291.536 14.9305 8.58234
216.126 288.609 14.9305 8.58234
216.249 285.733 14.9305 8.58234
216.353 282.911 14.9305 8.58234
216.443 280.174 14.9305 8.58234
216.497 277.501 14.9305 8.58234
216.537 274.887 14.9305 8.58234
216.575 272.394 14.9305 8.58234
216.608 269.997 14.9305 8.58234
216.641 267.695 14.9305 8.58234
216.684 265.483 14.9305 8.58234
216.732 263.356 14.9305 8.58234
216.773 261.309 14.9305 8.58234
216.818 259.369 14.9305 8.58234
216.861 257.509 14.9305 8.58234
216.907 255.74 14.9305 8.58234
216.95 254.027 14.9305 8.58234
216.98 252.36 14.9305 8.58234
217.008 250.712 14.9305 8.58234
217.045 249.083 14.9305 8.58234
217.09 247.462 14.9305 8.58234
217.142 245.863 14.9305 8.58234
217.196 244.276 14.9305 8.58234
217.265 242.723 14.9305 8.58234
217.324 241.185 14.9305 8.58234
217.403 239.647 14.9305 8.58234
217.474 238.116 14.9305 8.58234
217.537 236.589 14.9305 8.58234
217.598 235.053 14.9305 8.58234
217.649 233.487 14.9305 8.58234
217.687 231.89 14.9305 8.58234
217.715 230.281 14.9305 8.58234
217.732 228.681 14.9305 8.58234
217.749 227.092 14.9305 8.58234
217.743 225.515 14.9305 8.58234
217.705 223.958 14.9305 8.58234
217.605 222.456 14.9305 8.58234
217.426 221.066 14.9305 8.58234
217.176 219.785 14.9305 8.58234
216.883 218.662 14.9305 8.58234
216.564 217.686 14.9305 8.58234
216.168 216.78 14.9305 8.58234
215.709 215.956 14.9305 8.58234
215.187 215.222 14.9305 8.58234
214.576 214.529 14.9305 8.58234
213.753 213.86 14.9305 8.58234
212.819 213.256 14.9305 8.58234
211.715 212.754 14.9305 8.58234
210.434 212.328 14.9305 8.58234
208.928 212.012 14.9305 8.58234
207.24 211.803 14.9305 8.58234
205.38 211.727 14.9305 8.58234
203.336 211.749 14.9305 8.58234
201.111 211.775 14.9305 8.58234
198.717 211.798 14.9305 8.58234
196.159 211.778 14.9305 8.58234
193.467 211.741 14.9305 8.58234
190.7 211.678 14.9305 8.58234
187.874 211.599 14.9305 8.58234
185.052 211.505 14.9305 8.58234
182.232 211.42 14.9305 8.58234
179.451 211.333 14.9305 8.58234
176.675 211.234 14.9305 8.58234
173.919 211.14 14.9305 8.58234
171.26 211.028 14.9305 8.58234
168.713 210.893 14.9305 8.58234
166.355 210.772 14.9305 8.58234
164.193 210.631 14.9305 8.58234
162.169 210.469 14.9305 8.58234
160.275 210.32 14.9305 8.58234
158.618 210.218 14.9305 8.58234
157.19 210.159 14.9305 8.58234
155.802 210.102 14.9305 8.58234
154.446 210.037 14.9305 8.58234
153.14 209.949 14.9305 8.58234
151.825 209.856 14.9305 8.58234
150.424 209.721 14.9305 8.58234
148.953 209.551 14.9305 8.58234
147.371 209.326 14.9305 8.58234
145.666 209.096 14.9305 8.58234
143.819 208.861 14.9305 8.58234
141.813 208.637 14.9305 8.58234
139.671 208.455 14.9305 8.58234
137.369 208.379 14.9305 8.58234
134.912 208.408 14.9305 8.58234
132.308 208.486 14.9305 8.58234
129.579 208.594 14.9305 8.58234
126.753 208.722 14.9305 8.58234
123.792 208.853 14.9305 8.58234
120.777 208.952 14.9305 8.58234
117.769 209.003 14.9305 8.58234
114.749 208.992 14.9305 8.58234
111.78 208.909 14.9305 8.58234
108.828 208.797 14.9305 8.58234
105.975 208.674 14.9305 8.58234
103.291 208.584 14.9305 8.58234
100.811 208.486 14.9305 8.58234
98.5755 208.373 14.9305 8.58234
96.6038 208.28 14.9305 8.58234
94.9068 208.225 14.9305 8.58234
93.4787 208.173 14.9305 8.58234
92.1986 208.159 14.9305 8.58234
90.9401 208.102 14.9305 8.58234
89.7019 208.094 14.9305 8.58234
88.4975 208.038 14.9305 8.58234
87.2713 207.951 14.9305 8.58234
85.9899 207.851 14.9305 8.58234
84.6465 207.69 14.9305 8.58234
83.1761 207.51 14.9305 8.58234
81.5888 207.28 14.9305 8.58234
79.8797 207.04 14.9305 8.58234
78.0214 206.809 14.9305 8.58234
76.0563 206.584 14.9305 8.58234
73.9822 206.431 14.9305 8.58234
71.8021 206.39 14.9305 8.58234
69.5322 206.474 14.9305 8.58234
67.2216 206.695 14.9305 8.58234
64.8081 206.991 14.9305 8.58234
62.2962 207.261 14.9305 8.58234
59.7148 207.477 14.9305 8.58234
57.0304 207.602 14.9305 8.58234
54.2542 207.653 14.9305 8.58234
51.4369 207.652 14.9305 8.58234
48.6109 207.603 14.9305 8.58234
45.7905 207.553 14.9305 8.58234
43.0392 207.516 14.9305 8.58234
40.2923 207.46 14.9305 8.58234
37.5996 207.41 14.9305 8.58234
34.999 207.398 14.9305 8.58234
32.5091 207.389 14.9305 8.58234
30.1712 207.375 14.9305 8.58234
28.0611 207.358 14.9305 8.58234
26.1798 207.326 14.9305 8.58234
24.5668 207.244 14.9305 8.58234
23.2087 207.155 14.9305 8.58234
22.0342 207.04 14.9305 8.58234
20.9832 206.906 14.9305 8.58234
20.026 206.706 14.9305 8.58234
19.1536 206.472 14.9305 8.58234
18.3461 206.19 14.9305 8.58234
17.6051 205.837 14.9305 8.58234
16.939 205.475 14.9305 8.58234
16.2863 205.018 14.9305 8.58234
15.6086 204.434 14.9305 8.58234
14.8894 203.699 14.9305 8.58234
14.1806 202.787 14.9305 8.58234
13.4874 201.713 14.9305 8.58234
12.8548 200.438 14.9305 8.58234
12.2546 198.922 14.9305 8.58234
11.6426 197.219 14.9305 8.58234
11.0827 195.352 14.9305 8.58234
10.6884 193.451 14.9305 8.58234
10.5102 191.659 14.9305 8.58234
10.4949 189.932 14.9305 8.58234
10.5189 188.199 14.9305 8.58234
10.5431 186.48 14.9305 8.58234
10.617 184.716 14.9305 8.58234
10.7 182.839 14.9305 8.58234
10.8083 180.835 14.9305 8.58234
10.9456 178.713 14.9305 8.58234
11.1133 176.477 14.9305 8.58234
11.2839 174.103 14.9305 8.58234
11.4791 171.615 14.9305 8.58234
11.718 168.988 14.9305 8.58234
12.0086 166.247 14.9305 8.58234
12.3646 163.387 14.9305 8.58234
12.7214 160.414 14.9305 8.58234
13.0698 157.345 14.9305 8.58234
13.3513 154.251 14.9305 8.58234
13.517 151.099 14.9305 8.58234
13.5167 147.91 14.9305 8.58234
13.407 144.677 14.9305 8.58234
13.2911 141.427 14.9305 8.58234
13.2512 138.109 14.9305 8.58234
13.233 134.749 14.9305 8.58234
13.2452 131.316 14.9305 8.58234
13.255 127.833 14.9305 8.58234
13.2379 124.247 14.9305 8.58234
13.2164 120.596 14.9305 8.58234
13.1931 116.902 14.9305 8.58234
13.1992 113.092 14.9305 8.58234
13.2116 109.28 14.9305 8.58234
13.2324 105.427 14.9305 8.58234
13.2701 101.59 14.9305 8.58234
13.378 97.7804 14.9305 8.58234
13.4716 93.9664 14.9305 8.58234
13.5762 90.1504 14.9305 8.58234
13.7212 86.3537 14.9305 8.58234
13.859 82.5688 14.9305 8.58234
13.9844 78.7841 14.9305 8.58234
14.0974 75.0143 14.9305 8.58234
14.2189 71.2675 14.9305 8.58234
14.3587 67.5189 14.9305 8.58234
14.4934 63.8177 14.9305 8.58234
14.6507 60.2065 14.9305 8.58234
14.8024 56.6241 14.9305 8.58234
14.9882 53.1395 14.9305 8.58234
15.1692 49.7236 14.9305 8.58234
15.3489 46.3306 14.9305 8.58234
15.5068 43.0037 14.9305 8.58234
15.6647 39.8139 14.9305 8.58234
15.8239 36.7931 14.9305 8.58234
16.0795 33.9352 14.9305 8.58234
16.2743 31.2048 14.9305 8.58234
16.3507 28.5247 14.9305 8.58234
16.4042 26.0773 14.9305 8.58234
16.4726 23.8463 14.9305 8.58234
16.5083 21.8379 14.9305 8.58234
16.5217 19.9833 14.9305 8.58234
16.4985 18.3103 14.9305 8.58234
16.4778 16.8698 14.9305 8.58234
16.4793 15.657 14.9305 8.58234
16.5422 14.629 14.9305 8.58234
16.642 13.7155 14.9305 8.58234
16.8283 12.8347 14.9305 8.58234
17.1399 12.0099 14.9305 8.58234
17.5372 11.2817 14.9305 8.58234
18.0182 10.546 14.9305 8.58234
18.6702 9.77827 14.9305 8.58234
19.5412 9.02132 14.9305 8.58234
20.6263 8.23336 14.9305 8.58234
21.9104 7.45531 14.9305 8.58234
23.4467 6.68425 14.9305 8.58234
25.2682 6.00232 14.9305 8.58234
27.3621 5.40091 14.9305 8.58234
29.7811 4.98555 14.9305 8.58234
32.4495 4.78541 14.9305 8.58234
35.3032 4.75198 14.9305 8.58234
38.3799 4.82492 14.9305 8.58234
41.5673 4.96416 14.9305 8.58234
44.765 5.15302 14.9305 8.58234
47.9766 5.33258 14.9305 8.58234
51.2051 5.54117 14.9305 8.58234
54.4201 5.7753 14.9305 8.58234
57.6346 6.00104 14.9305 8.58234
60.7931 6.21663 14.9305 8.58234
63.8585 6.36892 14.9305 8.58234
66.7747 6.48643 14.9305 8.58234
69.5335 6.58965 14.9305 8.58234
72.1253 6.62722 14.9305 8.58234
74.5246 6.67259 14.9305 8.58234
76.6865 6.68274 14.9305 8.58234
78.5896 6.61989 14.9305 8.58234
80.2198 6.43849 14.9305 8.58234
81.6041 6.06437 14.9305 8.58234
82.7689 5.54748 14.9305 8.58234
83.7194 4.96219 14.9305 8.58234
84.4985 4.31108 14.9305 8.58234
85.0553 3.65254 14.9305 8.58234
85.422 3.08309 14.9305 8.58234
85.6854 2.63287 14.9305 8.58234
85.923 2.11983 14.9305 8.58234
86.0707 1.53691 14.9305 8.58234
86.1914 0.923084 14.9305 8.58234
86.2819 0.311055 14.9305 8.58234
86.3914 -0.303078 14.9305 8.58234
86.4407 -0.901994 14.9305 8.58234
86.5198 -1.50289 14.9305 8.58234
86.5459 -2.07776 14.9305 8.58234
86.5871 -2.68315 14.9305 8.58234
86.6048 -3.29364 14.9305 8.58234
86.6493 -4.02676 14.9305 8.58234
86.7182 -4.93401 14.9305 8.58234
86.802 -5.93042 14.9305 8.58234
86.8602 -6.95035 14.9305 8.58234
86.925 -7.98914 14.9305 8.58234
86.9713 -9.08239 14.9305 8.58234
87.0234 -10.2153 14.9305 8.58234
86.9986 -11.4231 14.9305 8.58234
86.9538 -12.7168 14.9305 8.58234
86.892 -14.0986 14.9305 8.58234
86.7979 -15.5723 14.9305 8.58234
86.8058 -17.1581 14.9305 8.58234
86.9386 -18.8627 14.9305 8.58234
87.1494 -20.656 14.9305 8.58234
87.3569 -22.5386 14.9305 8.58234
87.518 -24.5389 14.9305 8.58234
87.6122 -26.5899 14.9305 8.58234
87.6598 -28.7279 14.9305 8.58234
87.667 -30.8814 14.9305 8.58234
87.6618 -33.0328 14.9305 8.58234
87.6643 -35.176 14.9305 8.58234
87.6754 -37.3115 14.9305 8.58234
87.7006 -39.4403 14.9305 8.58234
87.7469 -41.5397 14.9305 8.58234
87.8103 -43.6083 14.9305 8.58234
87.8775 -45.6672 14.9305 8.58234
87.9508 -47.7145 14.9305 8.58234
88.0109 -49.7745 14.9305 8.58234
88.0598 -51.8095 14.9305 8.58234
88.1016 -53.8669 14.9305 8.58234
88.1596 -55.9066 14.9305 8.58234
88.2038 -57.9324 14.9305 8.58234
88.2367 -59.9592 14.9305 8.58234
88.2905 -61.9847 14.9305 8.58234
88.3236 -64.0118 14.9305 8.58234
88.3707 -66.071 14.9305 8.58234
88.4053 -68.1266 14.9305 8.58234
88.4285 -70.1709 14.9305 8.58234
88.4452 -72.2356 14.9305 8.58234
88.4514 -74.2714 14.9305 8.58234
88.4515 -76.3242 14.9305 8.58234
88.4477 -78.3515 14.9305 8.58234
88.4649 -80.3789 14.9305 8.58234
88.4913 -82.4281 14.9305 8.58234
88.5257 -84.4416 14.9305 8.58234
88.565 -86.4789 14.9305 8.58234
88.6255 -88.4658 14.9305 8.58234
88.6657 -90.4818 14.9305 8.58234
88.7116 -92.4594 14.9305 8.58234
88.7593 -94.3965 14.9305 8.58234
88.8014 -96.2965 14.9305 8.58234
88.8336 -98.1479 14.9305 8.58234
88.859 -99.8848 14.9305 8.58234
88.872 -101.465 14.9305 8.58234
88.8764 -102.843 14.9305 8.58234
88.8754 -104.046 14.9305 8.58234
88.8515 -105.11 14.9305 8.58234
88.8441 -105.993 14.9305 8.58234
88.8454 -106.683 14.9305 8.58234
88.8358 -107.269 14.9305 8.58234
88.8949 -107.762 14.9305 8.58234
89.0265 -108.229 14.9305 8.58234
89.2534 -108.644 14.9305 8.58234
89.5392 -109.019 14.9305 8.58234
89.859 -109.381 14.9305 8.58234
90.31 -109.755 14.9305 8.58234
90.8505 -110.105 14.9305 8.58234
91.4916 -110.452 14.9305 8.58234
92.2208 -110.767 14.9305 8.58234
93.0435 -111.039 14.9305 8.58234
93.9595 -111.237 14.9305 8.58234
95.0326 -111.35 14.9305 8.58234
96.2445 -111.376 14.9305 8.58234
97.6399 -111.376 14.9305 8.58234
99.2867 -111.278 14.9305 8.58234
101.134 -111.132 14.9305 8.58234
103.139 -111.02 14.9305 8.58234
105.323 -110.916 14.9305 8.58234
107.666 -110.812 14.9305 8.58234
110.158 -110.692 14.9305 8.58234
112.751 -110.555 14.9305 8.58234
115.418 -110.39 14.9305 8.58234
118.152 -110.189 14.9305 8.58234
120.88 -109.985 14.9305 8.58234
123.588 -109.795 14.9305 8.58234
126.284 -109.607 14.9305 8.58234
128.972 -109.456 14.9305 8.58234
131.641 -109.335 14.9305 8.58234
134.287 -109.218 14.9305 8.58234
136.838 -109.114 14.9305 8.58234
139.211 -109.004 14.9305 8.58234
141.388 -108.915 14.9305 8.58234
143.337 -108.817 14.9305 8.58234
145.024 -108.736 14.9305 8.58234
146.521 -108.69 14.9305 8.58234
147.804 -108.763 14.9305 8.58234
148.875 -108.856 14.9305 8.58234
149.766 -108.953 14.9305 8.58234
150.532 -109.021 14.9305 8.58234
151.272 -109.063 14.9305 8.58234
151.962 -109.163 14.9305 8.58234
152.631 -109.27 14.9305 8.58234
153.353 -109.388 14.9305 8.58234
154.253 -109.477 14.9305 8.58234
155.301 -109.54 14.9305 8.58234
156.475 -109.614 14.9305 8.58234
157.783 -109.651 14.9305 8.58234
159.242 -109.684 14.9305 8.58234
160.876 -109.725 14.9305 8.58234
162.717 -109.674 14.9305 8.58234
164.709 -109.64 14.9305 8.58234
166.835 -109.639 14.9305 8.58234
169.117 -109.627 14.9305 8.58234
171.53 -109.605 14.9305 8.58234
174.066 -109.573 14.9305 8.58234
176.699 -109.544 14.9305 8.58234
179.413 -109.533 14.9305 8.58234
182.139 -109.543 14.9305 8.58234
184.839 -109.587 14.9305 8.58234
187.533 -109.599 14.9305 8.58234
190.189 -109.638 14.9305 8.58234
192.776 -109.651 14.9305 8.58234
195.232 -109.614 14.9305 8.58234
197.53 -109.555 14.9305 8.58234
199.654 -109.498 14.9305 8.58234
201.602 -109.461 14.9305 8.58234
203.419 -109.444 14.9305 8.58234
205.191 -109.459 14.9305 8.58234
206.93 -109.503 14.9305 8.58234
208.619 -109.57 14.9305 8.58234
210.239 -109.632 14.9305 8.58234
211.754 -109.685 14.9305 8.58234
213.167 -109.715 14.9305 8.58234
214.54 -109.738 14.9305 8.58234
215.888 -109.723 14.9305 8.58234
217.196 -109.703 14.9305 8.58234
218.474 -109.697 14.9305 8.58234
219.81 -109.674 14.9305 8.58234
221.217 -109.651 14.9305 8.58234
222.677 -109.623 14.9305 8.58234
224.216 -109.618 14.9305 8.58234
225.834 -109.594 14.9305 8.58234
227.541 -109.536 14.9305 8.58234
229.331 -109.375 14.9305 8.58234
231.205 -109.089 14.9305 8.58234
233.162 -108.71 14.9305 8.58234
235.195 -108.331 14.9305 8.58234
237.319 -107.998 14.9305 8.58234
239.536 -107.749 14.9305 8.58234
241.851 -107.577 14.9305 8.58234
244.241 -107.463 14.9305 8.58234
246.715 -107.381 14.9305 8.58234
249.277 -107.309 14.9305 8.58234
251.893 -107.229 14.9305 8.58234
254.488 -107.147 14.9305 8.58234
257.078 -107.054 14.9305 8.58234
259.641 -106.96 14.9305 8.58234
262.194 -106.858 14.9305 8.58234
264.671 -106.79 14.9305 8.58234
267.027 -106.739 14.9305 8.58234
269.198 -106.732 14.9305 8.58234
271.193 -106.71 14.9305 8.58234
273.054 -106.646 14.9305 8.58234
274.808 -106.577 14.9305 8.58234
276.485 -106.532 14.9305 8.58234
278.059 -106.465 14.9305 8.58234
279.474 -106.428 14.9305 8.58234
280.725 -106.455 14.9305 8.58234
281.843 -106.571 14.9305 8.58234
282.817 -106.765 14.9305 8.58234
283.666 -107.045 14.9305 8.58234
284.414 -107.363 14.9305 8.58234
285.122 -107.762 14.9305 8.58234
285.764 -108.22 14.9305 8.58234
286.383 -108.745 14.9305 8.58234
287.043 -109.34 14.9305 8.58234
287.756 -109.871 14.9305 8.58234
288.405 -110.228 14.9305 8.58234
289.006 -110.492 14.9305 8.58234
289.65 -110.619 14.9305 8.58234
290.305 -110.603 14.9305 8.58234
290.931 -110.49 14.9305 8.58234
291.539 -110.308 14.9305 8.58234
292.158 -110.057 14.9305 8.58234
292.724 -109.712 14.9305 8.58234
293.354 -109.377 14.9305 8.58234
294.005 -108.988 14.9305 8.58234
294.758 -108.56 14.9305 8.58234
295.594 -108.095 14.9305 8.58234
296.568 -107.683 14.9305 8.58234
297.708 -107.31 14.9305 8.58234
298.969 -106.952 14.9305 8.58234
300.362 -106.67 14.9305 8.58234
301.967 -106.425 14.9305 8.58234
303.792 -106.212 14.9305 8.58234
305.785 -106.01 14.9305 8.58234
307.957 -105.755 14.9305 8.58234
310.302 -105.587 14.9305 8.58234
312.768 -105.488 14.9305 8.58234
315.36 -105.433 14.9305 8.58234
318.036 -105.427 14.9305 8.58234
320.811 -105.441 14.9305 8.58234
323.634 -105.44 14.9305 8.58234
326.518 -105.412 14.9305 8.58234
329.445 -105.388 14.9305 8.58234
332.36 -105.343 14.9305 8.58234
335.259 -105.268 14.9305 8.58234
338.149 -105.195 14.9305 8.58234
340.994 -105.116 14.9305 8.58234
343.795 -105.057 14.9305 8.58234
346.496 -104.996 14.9305 8.58234
348.999 -104.948 14.9305 8.58234
351.319 -104.874 14.9305 8.58234
353.402 -104.765 14.9305 8.58234
355.251 -104.659 14.9305 8.58234
356.858 -104.6 14.9305 8.58234
358.232 -104.631 14.9305 8.58234
359.411 -104.755 14.9305 8.58234
360.449 -104.972 14.9305 8.58234
361.441 -105.304 14.9305 8.58234
362.341 -105.755 14.9305 8.58234
363.179 -106.29 14.9305 8.58234
363.843 -106.921 14.9305 8.58234
364.549 -107.649 14.9305 8.58234
365.208 -108.54 14.9305 8.58234
365.863 -109.676 14.9305 8.58234
366.579 -110.978 14.9305 8.58234
367.214 -112.495 14.9305 8.58234
367.815 -114.223 14.9305 8.58234
368.26 -116.163 14.9305 8.58234
368.558 -118.301 14.9305 8.58234
368.697 -120.614 14.9305 8.58234
368.742 -123.081 14.9305 8.58234
368.75 -125.7 14.9305 8.58234
368.747 -128.436 14.9305 8.58234
368.74 -131.303 14.9305 8.58234
368.749 -134.316 14.9305 8.58234
368.78 -137.434 14.9305 8.58234
368.843 -140.635 14.9305 8.58234
368.944 -143.913 14.9305 8.58234
369.065 -147.244 14.9305 8.58234
369.181 -150.618 14.9305 8.58234
369.375 -154.029 14.9305 8.58234
369.586 -157.449 14.9305 8.58234
369.727 -160.886 14.9305 8.58234
369.85 -164.361 14.9305 8.58234
369.972 -167.863 14.9305 8.58234
370.082 -171.389 14.9305 8.58234
370.194 -174.964 14.9305 8.58234
370.302 -178.568 14.9305 8.58234
370.405 -182.164 14.9305 8.58234
370.534 -185.694 14.9305 8.58234
370.638 -189.253 14.9305 8.58234
370.714 -192.852 14.9305 8.58234
370.798 -196.461 14.9305 8.58234
370.888 -200.029 14.9305 8.58234
370.979 -203.543 14.9305 8.58234
371.074 -206.993 14.9305 8.58234
371.172 -210.42 14.9305 8.58234
371.315 -213.808 14.9305 8.58234
371.45 -217.205 14.9305 8.58234
371.584 -220.619 14.9305 8.58234
371.724 -224.022 14.9305 8.58234
371.859 -227.439 14.9305 8.58234
371.993 -230.892 14.9305 8.58234
372.124 -234.347 14.9305 8.58234
372.232 -237.802 14.9305 8.58234
372.315 -241.266 14.9305 8.58234
372.385 -244.711 14.9305 8.58234
372.465 -248.165 14.9305 8.58234
372.537 -251.604 14.9305 8.58234
372.625 -255.031 14.9305 8.58234
372.724 -258.427 14.9305 8.58234
372.816 -261.818 14.9305 8.58234
372.912 -265.196 14.9305 8.58234
373.03 -268.545 14.9305 8.58234
373.146 -271.887 14.9305 8.58234
373.285 -275.218 14.9305 8.58234
373.427 -278.54 14.9305 8.58234
373.548 -281.865 14.9305 8.58234
373.68 -285.156 14.9305 8.58234
373.773 -288.46 14.9305 8.58234
373.852 -291.76 14.9305 8.58234
373.906 -295.043 14.9305 8.58234
373.953 -298.332 14.9305 8.58234
374.006 -301.611 14.9305 8.58234
374.072 -304.831 14.9305 8.58234
374.145 -308.026 14.9305 8.58234
374.188 -311.203 14.9305 8.58234
374.156 -314.382 14.9305 8.58234
374.143 -317.531 14.9305 8.58234
374.136 -320.654 14.9305 8.58234
374.142 -323.73 14.9305 8.58234
374.181 -326.76 14.9305 8.58234
374.315 -329.754 14.9305 8.58234
374.599 -332.705 14.9305 8.58234
375.086 -335.569 14.9305 8.58234
375.819 -338.359 14.9305 8.58234
376.755 -341.086 14.9305 8.58234
377.908 -343.737 14.9305 8.58234
379.206 -346.328 14.9305 8.58234
380.643 -348.867 14.9305 8.58234
382.168 -351.361 14.9305 8.58234
383.672 -353.848 14.9305 8.58234
385.13 -356.309 14.9305 8.58234
386.491 -358.779 14.9305 8.58234
387.674 -361.294 14.9305 8.58234
388.634 -363.848 14.9305 8.58234
389.398 -366.505 14.9305 8.58234
389.953 -369.184 14.9305 8.58234
390.303 -371.933 14.9305 8.58234
390.463 -374.764 14.9305 8.58234
390.51 -377.625 14.9305 8.58234
390.44 -380.541 14.9305 8.58234
390.26 -383.528 14.9305 8.58234
390.006 -386.596 14.9305 8.58234
389.702 -389.71 14.9305 8.58234
389.397 -392.85 14.9305 8.58234
389.096 -395.995 14.9305 8.58234
388.742 -399.101 14.9305 8.58234
388.344 -402.147 14.9305 8.58234
387.898 -404.973 14.9305 8.58234
387.327 -407.504 14.9305 8.58234
386.538 -409.713 14.9305 8.58234
385.518 -411.499 14.9305 8.58234
384.427 -413.093 14.9305 8.58234
383.117 -414.444 14.9305 8.58234
381.537 -415.479 14.9305 8.58234
379.909 -416.345 14.9305 8.58234
378.128 -416.984 14.9305 8.58234
376.245 -417.36 14.9305 8.58234
374.274 -417.52 14.9305 8.58234
372.28 -417.583 14.9305 8.58234
370.299 -417.602 14.9305 8.58234
368.339 -417.599 14.9305 8.58234
366.387 -417.581 14.9305 8.58234
364.446 -417.553 14.9305 8.58234
362.525 -417.536 14.9305 8.58234
360.623 -417.539 14.9305 8.58234
358.745 -417.527 14.9305 8.58234
356.874 -417.526 14.9305 8.58234
355.021 -417.536 14.9305 8.58234
353.146 -417.543 14.9305 8.58234
351.23 -417.586 14.9305 8.58234
349.309 -417.651 14.9305 8.58234
347.378 -417.723 14.9305 8.58234
345.429 -417.823 14.9305 8.58234
343.434 -417.949 14.9305 8.58234
341.384 -418.046 14.9305 8.58234
339.242 -418.089 14.9305 8.58234
336.995 -418.081 14.9305 8.58234
334.62 -418.026 14.9305 8.58234
332.137 -417.918 14.9305 8.58234
329.595 -417.823 14.9305 8.58234
327.042 -417.647 14.9305 8.58234
324.489 -417.373 14.9305 8.58234
321.966 -416.821 14.9305 8.58234
319.48 -416.085 14.9305 8.58234
317.056 -415.191 14.9305 8.58234
314.705 -414.118 14.9305 8.58234
312.448 -412.896 14.9305 8.58234
310.261 -411.596 14.9305 8.58234
308.114 -410.252 14.9305 8.58234
306.04 -408.871 14.9305 8.58234
304.022 -407.462 14.9305 8.58234
302.033 -405.977 14.9305 8.58234
300.065 -404.439 14.9305 8.58234
298.073 -402.908 14.9305 8.58234
296.018 -401.382 14.9305 8.58234
293.956 -399.858 14.9305 8.58234
291.87 -398.363 14.9305 8.58234
289.762 -396.956 14.9305 8.58234
287.667 -395.605 14.9305 8.58234
285.591 -394.289 14.9305 8.58234
283.499 -392.977 14.9305 8.58234
281.394 -391.686 14.9305 8.58234
279.271 -390.413 14.9305 8.58234
277.117 -389.168 14.9305 8.58234
274.941 -387.936 14.9305 8.58234
272.744 -386.708 14.9305 8.58234
270.523 -385.46 14.9305 8.58234
268.313 -384.21 14.9305 8.58234
266.109 -382.964 14.9305 8.58234
263.936 -381.703 14.9305 8.58234
261.797 -380.466 14.9305 8.58234
259.683 -379.265 14.9305 8.58234
257.593 -378.024 14.9305 8.58234
255.556 -376.685 14.9305 8.58234
253.518 -375.44 14.9305 8.58234
251.457 -374.267 14.9305 8.58234
249.401 -373.071 14.9305 8.58234
247.315 -371.849 14.9305 8.58234
245.184 -370.567 14.9305 8.58234
242.982 -369.248 14.9305 8.58234
240.735 -367.841 14.9305 8.58234
238.424 -366.414 14.9305 8.58234
236.09 -364.978 14.9305 8.58234
233.711 -363.511 14.9305 8.58234
231.294 -362.058 14.9305 8.58234
228.822 -360.639 14.9305 8.58234
226.338 -359.165 14.9305 8.58234
223.819 -357.674 14.9305 8.58234
221.27 -356.155 14.9305 8.58234
218.708 -354.545 14.9305 8.58234
216.133 -352.856 14.9305 8.58234
213.526 -351.137 14.9305 8.58234
210.861 -349.391 14.9305 8.58234
208.141 -347.626 14.9305 8.58234
205.373 -345.852 14.9305 8.58234
202.55 -344.161 14.9305 8.58234
199.736 -342.479 14.9305 8.58234
196.955 -340.74 14.9305 8.58234
194.163 -338.992 14.9305 8.58234
191.347 -337.301 14.9305 8.58234
188.52 -335.639 14.9305 8.58234
185.705 -333.938 14.9305 8.58234
182.867 -332.25 14.9305 8.58234
180.032 -330.585 14.9305 8.58234
177.227 -328.955 14.9305 8.58234
174.539 -327.438 14.9305 8.58234
172.012 -326.005 14.9305 8.58234
169.692 -324.651 14.9305 8.58234
167.467 -323.315 14.9305 8.58234
165.272 -321.949 14.9305 8.58234
163.117 -320.547 14.9305 8.58234
160.949 -319.194 14.9305 8.58234
158.728 -317.848 14.9305 8.58234
156.473 -316.505 14.9305 8.58234
154.21 -315.109 14.9305 8.58234
151.923 -313.647 14.9305 8.58234
149.601 -312.142 14.9305 8.58234
147.209 -310.637 14.9305 8.58234
144.758 -309.096 14.9305 8.58234
142.276 -307.46 14.9305 8.58234
139.764 -305.737 14.9305 8.58234
137.221 -303.985 14.9305 8.58234
134.648 -302.195 14.9305 8.58234
132.002 -300.405 14.9305 8.58234
129.319 -298.631 14.9305 8.58234
126.578 -296.838 14.9305 8.58234
123.793 -295.058 14.9305 8.58234
120.954 -293.297 14.9305 8.58234
118.044 -291.501 14.9305 8.58234
115.105 -289.693 14.9305 8.58234
112.154 -287.879 14.9305 8.58234
109.228 -286.086 14.9305 8.58234
106.296 -284.303 14.9305 8.58234
103.382 -282.534 14.9305 8.58234
100.495 -280.764 14.9305 8.58234
97.6515 -279.015 14.9305 8.58234
94.8532 -277.274 14.9305 8.58234
92.1049 -275.548 14.9305 8.58234
89.3966 -273.836 14.9305 8.58234
86.7403 -272.125 14.9305 8.58234
84.1258 -270.42 14.9305 8.58234
81.4965 -268.788 14.9305 8.58234
78.8975 -267.186 14.9305 8.58234
76.3359 -265.596 14.9305 8.58234
73.8098 -264.018 14.9305 8.58234
71.3202 -262.47 14.9305 8.58234
68.8537 -260.932 14.9305 8.58234
66.4363 -259.379 14.9305 8.58234
64.1159 -257.774 14.9305 8.58234
61.7895 -256.251 14.9305 8.58234
59.4476 -254.836 14.9305 8.58234
57.0425 -253.599 14.9305 8.58234
54.5769 -252.592 14.9305 8.58234
52.0718 -251.832 14.9305 8.58234
49.5381 -251.319 14.9305 8.58234
47.0164 -251.032 14.9305 8.58234
44.5536 -250.9 14.9305 8.58234
42.1914 -250.846 14.9305 8.58234
39.9699 -250.888 14.9305 8.58234
37.8232 -250.819 14.9305 8.58234
35.7519 -250.528 14.9305 8.58234
33.7747 -250.015 14.9305 8.58234
31.9386 -249.3 14.9305 8.58234
30.2928 -248.356 14.9305 8.58234
28.8151 -247.166 14.9305 8.58234
27.5755 -245.826 14.9305 8.58234
26.5777 -244.3 14.9305 8.58234
25.8471 -242.68 14.9305 8.58234
25.4038 -241.132 14.9305 8.58234
25.1888 -239.725 14.9305 8.58234
25.1866 -238.533 14.9305 8.58234
25.3588 -237.454 14.9305 8.58234
25.6944 -236.445 14.9305 8.58234
26.2243 -235.561 14.9305 8.58234
26.8278 -234.731 14.9305 8.58234
27.6365 -234.07 14.9305 8.58234
28.6347 -233.506 14.9305 8.58234
29.7842 -233.016 14.9305 8.58234
31.0788 -232.596 14.9305 8.58234
32.5318 -232.316 14.9305 8.58234
34.1014 -232.076 14.9305 8.58234
35.8235 -231.924 14.9305 8.58234
37.6959 -231.775 14.9305 8.58234
39.6498 -231.685 14.9305 8.58234
41.7803 -231.571 14.9305 8.58234
44.027 -231.467 14.9305 8.58234
46.3648 -231.372 14.9305 8.58234
48.7757 -231.292 14.9305 8.58234
51.31 -231.221 14.9305 8.58234
53.9303 -231.163 14.9305 8.58234
56.6518 -231.093 14.9305 8.58234
59.5003 -230.986 14.9305 8.58234
62.4506 -230.886 14.9305 8.58234
65.351 -230.714 14.9305 8.58234
68.2898 -230.483 14.9305 8.58234
71.2729 -230.34 14.9305 8.58234
74.2626 -230.209 14.9305 8.58234
77.2918 -230.071 14.9305 8.58234
80.3123 -229.91 14.9305 8.58234
83.3626 -229.764 14.9305 8.58234
86.3683 -229.585 14.9305 8.58234
89.384 -229.463 14.9305 8.58234
92.3995 -229.341 14.9305 8.58234
95.3924 -229.161 14.9305 8.58234
98.3891 -229.001 14.9305 8.58234
101.425 -228.875 14.9305 8.58234
104.45 -228.721 14.9305 8.58234
107.55 -228.575 14.9305 8.58234
110.662 -228.447 14.9305 8.58234
113.816 -228.305 14.9305 8.58234
117.012 -228.237 14.9305 8.58234
120.189 -228.141 14.9305 8.58234
123.346 -228.021 14.9305 8.58234
126.475 -227.878 14.9305 8.58234
129.553 -227.753 14.9305 8.58234
132.617 -227.607 14.9305 8.58234
135.641 -227.495 14.9305 8.58234
138.634 -227.379 14.9305 8.58234
141.626 -227.286 14.9305 8.58234
144.521 -227.157 14.9305 8.58234
147.476 -227.03 14.9305 8.58234
150.383 -226.933 14.9305 8.58234
153.24 -226.851 14.9305 8.58234
156.072 -226.779 14.9305 8.58234
158.845 -226.709 14.9305 8.58234
161.6 -226.64 14.9305 8.58234
164.339 -226.548 14.9305 8.58234
167.044 -226.46 14.9305 8.58234
169.72 -226.363 14.9305 8.58234
172.397 -226.257 14.9305 8.58234
175.044 -226.165 14.9305 8.58234
177.758 -226.07 14.9305 8.58234
180.526 -225.967 14.9305 8.58234
183.299 -225.862 14.9305 8.58234
186.064 -225.749 14.9305 8.58234
188.792 -225.625 14.9305 8.58234
191.491 -225.528 14.9305 8.58234
194.173 -225.41 14.9305 8.58234
196.857 -225.311 14.9305 8.58234
199.543 -225.237 14.9305 8.58234
202.23 -225.169 14.9305 8.58234
204.886 -225.106 14.9305 8.58234
207.501 -225.046 14.9305 8.58234
210.109 -224.986 14.9305 8.58234
212.679 -224.928 14.9305 8.58234
215.258 -224.873 14.9305 8.58234
217.75 -224.807 14.9305 8.58234
220.182 -224.459 14.9305 8.58234
222.661 -224.219 14.9305 8.58234
225.184 -224.022 14.9305 8.58234
227.772 -223.857 14.9305 8.58234
230.398 -223.697 14.9305 8.58234
233.119 -223.534 14.9305 8.58234
235.943 -223.312 14.9305 8.58234
238.752 -223.091 14.9305 8.58234
241.637 -222.898 14.9305 8.58234
244.464 -222.734 14.9305 8.58234
247.298 -222.516 14.9305 8.58234
250.092 -222.327 14.9305 8.58234
252.841 -222.168 14.9305 8.58234
255.574 -222.036 14.9305 8.58234
258.265 -221.918 14.9305 8.58234
260.91 -221.784 14.9305 8.58234
263.519 -221.649 14.9305 8.58234
266.125 -221.536 14.9305 8.58234
268.696 -221.415 14.9305 8.58234
271.193 -221.29 14.9305 8.58234
273.532 -221.154 14.9305 8.58234
275.709 -221.061 14.9305 8.58234
277.673 -221.027 14.9305 8.58234
279.446 -221.07 14.9305 8.58234
281.071 -221.161 14.9305 8.58234
282.603 -221.26 14.9305 8.58234
284.047 -221.365 14.9305 8.58234
285.435 -221.409 14.9305 8.58234
286.711 -221.417 14.9305 8.58234
287.893 -221.317 14.9305 8.58234
288.989 -221.192 14.9305 8.58234
289.992 -220.932 14.9305 8.58234
290.943 -220.565 14.9305 8.58234
291.82 -220.19 14.9305 8.58234
292.657 -219.674 14.9305 8.58234
293.513 -219.054 14.9305 8.58234
294.352 -218.281 14.9305 8.58234
295.177 -217.371 14.9305 8.58234
295.951 -216.284 14.9305 8.58234
296.565 -214.973 14.9305 8.58234
297.087 -213.492 14.9305 8.58234
297.417 -211.775 14.9305 8.58234
297.557 -209.831 14.9305 8.58234
297.537 -207.683 14.9305 8.58234
297.447 -205.329 14.9305 8.58234
297.363 -202.775 14.9305 8.58234
297.283 -200.044 14.9305 8.58234
297.213 -197.084 14.9305 8.58234
297.146 -193.922 14.9305 8.58234
297.051 -190.57 14.9305 8.58234
296.932 -187.078 14.9305 8.58234
296.788 -183.469 14.9305 8.58234
296.65 -179.749 14.9305 8.58234
296.488 -176.021 14.9305 8.58234
296.319 -172.336 14.9305 8.58234
296.26 -168.718 14.9305 8.58234
296.193 -165.122 14.9305 8.58234
296.158 -161.519 14.9305 8.58234
296.093 -157.944 14.9305 8.58234
296.01 -154.38 14.9305 8.58234
295.931 -150.827 14.9305 8.58234
295.845 -147.29 14.9305 8.58234
295.754 -143.776 14.9305 8.58234
295.668 -140.286 14.9305 8.58234
295.589 -136.8 14.9305 8.58234
295.489 -133.325 14.9305 8.58234
295.331 -129.874 14.9305 8.58234
295.103 -126.452 14.9305 8.58234
294.813 -123.067 14.9305 8.58234
294.432 -119.724 14.9305 8.58234
294.006 -116.44 14.9305 8.58234
293.57 -113.196 14.9305 8.58234
293.112 -109.986 14.9305 8.58234
292.687 -106.812 14.9305 8.58234
292.32 -103.637 14.9305 8.58234
292.023 -100.462 14.9305 8.58234
291.802 -97.2437 14.9305 8.58234
291.661 -93.9837 14.9305 8.58234
291.573 -90.6762 14.9305 8.58234
291.476 -87.3487 14.9305 8.58234
291.387 -83.958 14.9305 8.58234
291.29 -80.5248 14.9305 8.58234
291.183 -77.0662 14.9305 8.58234
291.067 -73.6211 14.9305 8.58234
290.945 -70.2125 14.9305 8.58234
290.839 -66.8117 14.9305 8.58234
290.73 -63.4593 14.9305 8.58234
290.62 -60.1467 14.9305 8.58234
290.525 -56.8541 14.9305 8.58234
290.433 -53.6113 14.9305 8.58234
290.35 -50.3924 14.9305 8.58234
290.275 -47.1785 14.9305 8.58234
290.2 -43.9924 14.9305 8.58234
290.135 -40.8181 14.9305 8.58234
290.053 -37.6628 14.9305 8.58234
289.975 -34.5393 14.9305 8.58234
289.895 -31.4419 14.9305 8.58234
289.839 -28.3815 14.9305 8.58234
289.788 -25.3906 14.9305 8.58234
289.735 -22.5276 14.9305 8.58234
289.675 -19.8142 14.9305 8.58234
289.613 -17.2105 14.9305 8.58234
289.555 -14.7334 14.9305 8.58234
289.503 -12.3772 14.9305 8.58234
289.491 -10.1653 14.9305 8.58234
289.545 -8.1407 14.9305 8.58234
289.656 -6.27083 14.9305 8.58234
289.84 -4.50305 14.9305 8.58234
290.071 -2.8003 14.9305 8.58234
290.335 -1.15004 14.9305 8.58234
290.622 0.439359 14.9305 8.58234
290.932 1.94919 14.9305 8.58234
291.267 3.37531 14.9305 8.58234
291.615 4.68412 14.9305 8.58234
291.985 5.84411 14.9305 8.58234
292.408 6.91203 14.9305 8.58234
292.88 7.83332 14.9305 8.58234
293.251 8.41095 14.9305 8.58234
293.466 8.67181 14.9305 8.58234
293.486 8.68974 14.9305 8.58234
293.479 8.67343 14.9305 8.58234
293.48 8.66947 14.9305 8.58234
293.476 8.65913 14.9305 8.58234
293.466 8.64697 14.9305 8.58234
293.46 8.64401 14.9305 8.58234
293.476 8.66147 14.9305 8.58234
293.52 8.70631 14.9305 8.58234
293.613 8.80417 14.9305 8.58234
293.801 8.99568 14.9305 8.58234
294.116 9.27361 14.9305 8.58234
294.566 9.6404 14.9305 8.58234
295.16 10.1355 14.9305 8.58234
295.958 10.7254 14.9305 8.58234
297.03 11.3173 14.9305 8.58234
298.343 11.8935 14.9305 8.58234
299.885 12.3891 14.9305 8.58234
301.621 12.8198 14.9305 8.58234
303.517 13.1803 14.9305 8.58234
305.622 13.4487 14.9305 8.58234
307.879 13.6183 14.9305 8.58234
310.306 13.7644 14.9305 8.58234
