0.288071 -0.0213887 0.299866 -0.134949
1.18521 -0.0651508 1.12982 -0.174377
2.16198 -0.057859 2.11151 -0.149902
3.24715 0.030863 3.18115 -0.0446167
4.41836 0.193124 4.32306 0.102722
5.68309 0.441034 5.56293 0.342834
7.05753 0.727014 6.91962 0.626404
8.55497 1.05287 8.46014 0.928101
10.149 1.46151 10.0358 1.33612
11.8293 1.9029 11.7167 1.81274
13.6035 2.43094 13.5037 2.36365
15.4771 3.02473 15.3732 2.92871
17.4415 3.70362 17.2876 3.69867
19.4975 4.46663 19.3881 4.39111
21.6551 5.28531 21.577 5.18475
23.8785 6.21501 23.8074 6.1474
26.1472 7.24616 26.0338 7.19287
28.4691 8.36227 28.3868 8.26288
30.8642 9.5807 30.6057 9.4632
33.317 10.895 32.5595 10.7624
35.8444 12.3022 33.3539 11.6552
38.5166 13.7845 32.3018 11.589
41.2652 15.3347 32.9354 11.6293
44.0351 16.9452 32.3656 11.9104
46.7661 18.6194 32.4863 12.0456
49.4334 20.4338 32.588 12.5555
52.0118 22.2986 33.4152 12.7402
54.5969 24.2013 35.68 12.5193
57.1703 26.1483 36.9591 13.6848
59.6958 28.1597 36.89 14.0654
62.1921 30.245 38.1505 14.5632
64.6696 32.4174 38.9372 14.8865
67.0945 34.6737 39.1215 15.0714
69.473 37.0546 39.0746 15.4443
71.839 39.5189 39.0579 14.783
74.1846 42.0471 39.0033 14.9999
76.5097 44.6583 38.8986 14.6472
78.8248 47.334 38.5855 14.2506
81.1292 50.076 38.9951 14.2762
83.3966 52.8957 39.0587 14.2905
85.5773 55.8416 39.6476 15.0584
87.6763 58.8809 40.8586 15.9877
89.6838 62.0219 40.7581 15.6185
91.5851 65.2682 39.8087 15.0637
93.4083 68.6065 39.68 15.1432
95.1581 71.9916 39.1988 14.9296
96.8445 75.4027 40.5001 14.6927
98.4755 78.8072 40.8785 14.8886
100.057 82.1801 40.3994 14.8919
101.554 85.4619 40.2059 15.111
102.977 88.6828 41.5462 15.945
104.327 91.8228 41.7801 16.2527
105.733 94.8824 41.66 17.3976
107.211 97.8684 40.8462 17.6639
108.779 100.755 40.6272 18.649
110.48 103.56 40.7772 19.302
112.256 106.259 41.9791 19.0749
114.087 108.816 43.1761 18.9752
115.96 111.243 43.8936 19.3319
117.859 113.542 45.7374 20.9186
119.773 115.73 47.3607 22.8365
121.688 117.79 49.8356 24.0513
123.577 119.702 50.0315 24.5182
125.506 121.473 52.2603 26.023
127.45 123.091 54.2828 27.0162
129.464 124.609 55.5723 26.6517
131.55 126.01 56.6972 26.7705
133.694 127.326 58.0123 27.6302
135.915 128.574 58.7032 26.3152
138.221 129.799 59.6962 26.7256
140.63 131.035 61.0839 27.7429
143.168 132.254 62.7435 28.783
145.832 133.444 64.4244 31.5143
148.626 134.589 64.1639 32.4443
151.596 135.607 64.5177 31.8813
154.717 136.447 64.5177 31.8813
158.0 137.094 64.5177 31.8813
161.425 137.536 64.5177 31.8813
165.0 137.77 64.5177 31.8813
168.692 137.798 64.5177 31.8813
172.461 137.603 64.5177 31.8813
176.307 137.176 64.5177 31.8813
180.228 136.522 64.5177 31.8813
184.219 135.639 64.5177 31.8813
188.231 134.53 64.5177 31.8813
192.271 133.204 64.5177 31.8813
196.301 131.621 64.5177 31.8813
200.306 129.756 64.5177 31.8813
204.191 127.547 64.5177 31.8813
207.898 124.994 64.5177 31.8813
211.424 122.129 64.5177 31.8813
214.748 119.004 64.5177 31.8813
217.895 115.657 64.5177 31.8813
220.829 112.14 64.5177 31.8813
223.465 108.535 64.5177 31.8813
225.798 104.83 64.5177 31.8813
227.793 101.071 64.5177 31.8813
229.454 97.2876 64.5177 31.8813
230.819 93.5117 64.5177 31.8813
231.913 89.8071 64.5177 31.8813
232.764 86.1384 64.5177 31.8813
233.373 82.5097 64.5177 31.8813
233.774 78.953 64.5177 31.8813
233.979 75.4682 64.5177 31.8813
234.07 72.1143 64.5177 31.8813
234.099 68.8815 64.5177 31.8813
234.082 65.6953 64.5177 31.8813
234.073 62.6125 64.5177 31.8813
234.093 59.5852 64.5177 31.8813
234.154 56.593 64.5177 31.8813
234.267 53.6495 64.5177 31.8813
234.447 50.7175 64.5177 31.8813
234.685 47.8287 64.5177 31.8813
234.987 44.9604 64.5177 31.8813
235.348 42.1097 64.5177 31.8813
235.758 39.2912 64.5177 31.8813
236.242 36.5165 64.5177 31.8813
236.786 33.7445 64.5177 31.8813
237.348 30.928 64.5177 31.8813
237.945 28.0779 64.5177 31.8813
238.575 25.2064 64.5177 31.8813
239.249 22.3264 64.5177 31.8813
239.999 19.4733 64.5177 31.8813
240.855 16.651 64.5177 31.8813
241.811 13.8654 64.5177 31.8813
242.853 11.1123 64.5177 31.8813
243.967 8.39843 64.5177 31.8813
245.139 5.73669 64.5177 31.8813
246.366 3.1383 64.5177 31.8813
247.661 0.608991 64.5177 31.8813
249.018 -1.85925 64.5177 31.8813
250.429 -4.27192 64.5177 31.8813
251.91 -6.6574 64.5177 31.8813
253.495 -9.01696 64.5177 31.8813
255.107 -11.3695 64.5177 31.8813
256.711 -13.7491 64.5177 31.8813
258.322 -16.1492 64.5177 31.8813
259.943 -18.5572 64.5177 31.8813
261.577 -21.0087 64.5177 31.8813
263.212 -23.4653 64.5177 31.8813
264.854 -25.9097 64.5177 31.8813
266.511 -28.3374 64.5177 31.8813
268.202 -30.7219 64.5177 31.8813
269.951 -33.0674 64.5177 31.8813
271.763 -35.3743 64.5177 31.8813
273.665 -37.619 64.5177 31.8813
275.686 -39.8325 64.5177 31.8813
277.814 -42.011 64.5177 31.8813
280.056 -44.1389 64.5177 31.8813
282.426 -46.188 64.5177 31.8813
284.909 -48.1619 64.5177 31.8813
287.501 -50.0565 64.5177 31.8813
290.18 -51.9033 64.5177 31.8813
292.94 -53.6939 64.5177 31.8813
295.748 -55.4626 64.5177 31.8813
298.599 -57.2467 64.5177 31.8813
301.474 -59.0466 64.5177 31.8813
304.377 -60.8558 64.5177 31.8813
307.312 -62.6268 64.5177 31.8813
310.296 -64.3056 64.5177 31.8813
313.328 -65.8496 64.5177 31.8813
316.393 -67.2617 64.5177 31.8813
319.497 -68.519 64.5177 31.8813
322.62 -69.6814 64.5177 31.8813
325.743 -70.8184 64.5177 31.8813
328.869 -71.8974 64.5177 31.8813
332.015 -72.9072 64.5177 31.8813
335.152 -73.8468 64.5177 31.8813
338.258 -74.7513 64.5177 31.8813
341.266 -75.6466 64.5177 31.8813
344.109 -76.6143 64.5177 31.8813
346.811 -77.588 64.5177 31.8813
349.49 -78.5169 64.5177 31.8813
352.178 -79.3321 64.5177 31.8813
354.876 -79.9816 64.5177 31.8813
357.594 -80.4021 64.5177 31.8813
360.347 -80.5779 64.5177 31.8813
363.108 -80.5038 64.5177 31.8813
365.886 -80.2083 64.5177 31.8813
368.705 -79.8154 64.5177 31.8813
371.601 -79.426 64.5177 31.8813
374.578 -79.0754 64.5177 31.8813
377.661 -78.7307 64.5177 31.8813
380.853 -78.3639 64.5177 31.8813
384.12 -77.9805 64.5177 31.8813
387.447 -77.5924 64.5177 31.8813
390.785 -77.1443 64.5177 31.8813
394.104 -76.5888 64.5177 31.8813
397.401 -75.9369 64.5177 31.8813
400.641 -75.2019 64.5177 31.8813
403.843 -74.425 64.5177 31.8813
407.019 -73.5955 64.5177 31.8813
410.2 -72.6958 64.5177 31.8813
413.391 -71.7633 64.5177 31.8813
416.589 -70.8311 64.5177 31.8813
419.804 -69.8792 64.5177 31.8813
423.028 -68.8972 64.5177 31.8813
426.232 -67.9072 64.5177 31.8813
429.427 -66.9449 64.5177 31.8813
432.612 -65.9997 64.5177 31.8813
435.764 -65.0918 64.5177 31.8813
438.896 -64.2094 64.5177 31.8813
441.977 -63.3475 64.5177 31.8813
445.013 -62.5114 64.5177 31.8813
448.005 -61.681 64.5177 31.8813
450.936 -60.8599 64.5177 31.8813
453.821 -60.0475 64.5177 31.8813
456.661 -59.2279 64.5177 31.8813
459.454 -58.4112 64.5177 31.8813
462.22 -57.5952 64.5177 31.8813
464.94 -56.7847 64.5177 31.8813
467.616 -55.9752 64.5177 31.8813
470.219 -55.1902 64.5177 31.8813
472.73 -54.4398 64.5177 31.8813
475.119 -53.7209 64.5177 31.8813
477.435 -53.0299 64.5177 31.8813
479.727 -52.3682 64.5177 31.8813
482.029 -51.7612 64.5177 31.8813
484.35 -51.2648 64.5177 31.8813
486.686 -50.9237 64.5177 31.8813
489.04 -50.7896 64.5177 31.8813
491.404 -50.8376 64.5177 31.8813
493.768 -51.0769 64.5177 31.8813
496.154 -51.5074 64.5177 31.8813
498.538 -52.1039 64.5177 31.8813
500.93 -52.8371 64.5177 31.8813
503.31 -53.7184 64.5177 31.8813
505.671 -54.7547 64.5177 31.8813
507.988 -55.92 64.5177 31.8813
510.261 -57.2209 64.5177 31.8813
512.434 -58.7036 64.5177 31.8813
514.474 -60.3569 64.5177 31.8813
516.349 -62.148 64.5177 31.8813
518.099 -64.0636 64.5177 31.8813
519.763 -66.0813 64.5177 31.8813
521.333 -68.2267 64.5177 31.8813
522.775 -70.4901 64.5177 31.8813
524.054 -72.882 64.5177 31.8813
525.153 -75.4026 64.5177 31.8813
526.099 -78.0489 64.5177 31.8813
526.846 -80.8123 64.5177 31.8813
527.366 -83.6838 64.5177 31.8813
527.669 -86.6344 64.5177 31.8813
527.759 -89.6647 64.5177 31.8813
527.632 -92.7424 64.5177 31.8813
527.266 -95.8477 64.5177 31.8813
526.669 -98.9759 64.5177 31.8813
525.862 -102.111 64.5177 31.8813
524.86 -105.232 64.5177 31.8813
523.649 -108.336 64.5177 31.8813
522.268 -111.409 64.5177 31.8813
520.781 -114.489 64.5177 31.8813
519.262 -117.619 64.5177 31.8813
517.72 -120.793 64.5177 31.8813
516.137 -123.999 64.5177 31.8813
514.516 -127.26 64.5177 31.8813
512.863 -130.564 64.5177 31.8813
511.172 -133.9 64.5177 31.8813
509.462 -137.304 64.5177 31.8813
507.73 -140.757 64.5177 31.8813
505.955 -144.291 64.5177 31.8813
504.158 -147.873 64.5177 31.8813
502.322 -151.513 64.5177 31.8813
500.459 -155.205 64.5177 31.8813
498.591 -158.949 64.5177 31.8813
496.697 -162.71 64.5177 31.8813
494.777 -166.473 64.5177 31.8813
492.866 -170.241 64.5177 31.8813
490.949 -174.002 64.5177 31.8813
489.062 -177.785 64.5177 31.8813
487.199 -181.544 64.5177 31.8813
485.358 -185.287 64.5177 31.8813
483.529 -189.023 64.5177 31.8813
481.695 -192.73 64.5177 31.8813
479.858 -196.399 64.5177 31.8813
477.998 -200.011 64.5177 31.8813
476.127 -203.574 64.5177 31.8813
474.263 -207.055 64.5177 31.8813
472.443 -210.388 64.5177 31.8813
470.701 -213.557 64.5177 31.8813
469.05 -216.564 64.5177 31.8813
467.53 -219.437 64.5177 31.8813
466.158 -222.267 64.5177 31.8813
464.99 -225.095 64.5177 31.8813
463.994 -227.947 64.5177 31.8813
463.173 -230.861 64.5177 31.8813
462.551 -233.802 64.5177 31.8813
462.127 -236.782 64.5177 31.8813
461.909 -239.801 64.5177 31.8813
461.959 -242.887 64.5177 31.8813
462.301 -246.015 64.5177 31.8813
462.905 -249.116 64.5177 31.8813
463.815 -252.218 64.5177 31.8813
464.992 -255.284 64.5177 31.8813
466.431 -258.284 64.5177 31.8813
468.115 -261.213 64.5177 31.8813
470.009 -264.039 64.5177 31.8813
472.095 -266.771 64.5177 31.8813
474.302 -269.445 64.5177 31.8813
476.625 -272.08 64.5177 31.8813
479.0 -274.679 64.5177 31.8813
481.387 -277.233 64.5177 31.8813
483.771 -279.748 64.5177 31.8813
486.121 -282.202 64.5177 31.8813
488.362 -284.6 64.5177 31.8813
490.428 -286.935 64.5177 31.8813
492.294 -289.24 64.5177 31.8813
493.948 -291.497 64.5177 31.8813
495.367 -293.652 64.5177 31.8813
496.606 -295.756 64.5177 31.8813
497.573 -297.85 64.5177 31.8813
498.248 -299.973 64.5177 31.8813
498.68 -302.158 64.5177 31.8813
498.847 -304.383 64.5177 31.8813
498.688 -306.549 64.5177 31.8813
498.23 -308.665 64.5177 31.8813
497.641 -310.776 64.5177 31.8813
496.906 -312.86 64.5177 31.8813
496.049 -314.931 64.5177 31.8813
495.064 -316.959 64.5177 31.8813
493.891 -318.877 64.5177 31.8813
492.438 -320.615 64.5177 31.8813
490.843 -322.16 64.5177 31.8813
489.102 -323.425 64.5177 31.8813
487.31 -324.461 64.5177 31.8813
485.451 -325.381 64.5177 31.8813
483.51 -326.146 64.5177 31.8813
481.491 -326.713 64.5177 31.8813
479.387 -327.058 64.5177 31.8813
477.249 -327.218 64.5177 31.8813
475.064 -327.15 64.5177 31.8813
472.829 -326.887 64.5177 31.8813
470.545 -326.456 64.5177 31.8813
468.195 -325.911 64.5177 31.8813
465.771 -325.253 64.5177 31.8813
463.283 -324.526 64.5177 31.8813
460.699 -323.76 64.5177 31.8813
458.042 -322.973 64.5177 31.8813
455.305 -322.15 64.5177 31.8813
452.496 -321.293 64.5177 31.8813
449.633 -320.401 64.5177 31.8813
446.743 -319.5 64.5177 31.8813
443.841 -318.566 64.5177 31.8813
440.932 -317.625 64.5177 31.8813
438.006 -316.73 64.5177 31.8813
435.073 -315.881 64.5177 31.8813
432.12 -315.106 64.5177 31.8813
429.152 -314.416 64.5177 31.8813
426.183 -313.851 64.5177 31.8813
423.19 -313.411 64.5177 31.8813
420.193 -313.101 64.5177 31.8813
417.185 -312.918 64.5177 31.8813
414.174 -312.852 64.5177 31.8813
411.16 -312.9 64.5177 31.8813
408.161 -313.048 64.5177 31.8813
405.157 -313.298 64.5177 31.8813
402.17 -313.646 64.5177 31.8813
399.207 -314.076 64.5177 31.8813
396.281 -314.583 64.5177 31.8813
393.396 -315.156 64.5177 31.8813
390.542 -315.779 64.5177 31.8813
387.765 -316.428 64.5177 31.8813
385.095 -317.106 64.5177 31.8813
382.613 -317.816 64.5177 31.8813
380.353 -318.502 64.5177 31.8813
378.297 -319.15 64.5177 31.8813
376.291 -319.716 64.5177 31.8813
374.324 -320.203 64.5177 31.8813
372.371 -320.548 64.5177 31.8813
370.458 -320.698 64.5177 31.8813
368.565 -320.586 64.5177 31.8813
366.666 -320.194 64.5177 31.8813
364.818 -319.556 64.5177 31.8813
363.039 -318.655 64.5177 31.8813
361.353 -317.527 64.5177 31.8813
359.728 -316.188 64.5177 31.8813
358.106 -314.66 64.5177 31.8813
356.444 -312.996 64.5177 31.8813
354.755 -311.183 64.5177 31.8813
352.955 -309.268 64.5177 31.8813
351.031 -307.282 64.5177 31.8813
349.037 -305.221 64.5177 31.8813
346.959 -303.105 64.5177 31.8813
344.801 -300.947 64.5177 31.8813
342.576 -298.768 64.5177 31.8813
340.301 -296.586 64.5177 31.8813
337.968 -294.43 64.5177 31.8813
335.579 -292.306 64.5177 31.8813
333.108 -290.267 64.5177 31.8813
330.531 -288.369 64.5177 31.8813
327.861 -286.593 64.5177 31.8813
325.123 -284.911 64.5177 31.8813
322.296 -283.306 64.5177 31.8813
319.379 -281.758 64.5177 31.8813
316.387 -280.262 64.5177 31.8813
313.355 -278.776 64.5177 31.8813
310.278 -277.274 64.5177 31.8813
307.144 -275.761 64.5177 31.8813
303.95 -274.25 64.5177 31.8813
300.715 -272.682 64.5177 31.8813
297.427 -271.088 64.5177 31.8813
294.085 -269.481 64.5177 31.8813
290.716 -267.791 64.5177 31.8813
287.361 -266.0 64.5177 31.8813
284.026 -264.078 64.5177 31.8813
280.682 -262.085 64.5177 31.8813
277.379 -260.008 64.5177 31.8813
274.068 -257.922 64.5177 31.8813
270.72 -255.789 64.5177 31.8813
267.368 -253.623 64.5177 31.8813
263.958 -251.438 64.5177 31.8813
260.542 -249.194 64.5177 31.8813
257.11 -246.95 64.5177 31.8813
253.65 -244.697 64.5177 31.8813
250.163 -242.433 64.5177 31.8813
246.649 -240.122 64.5177 31.8813
243.083 -237.762 64.5177 31.8813
239.49 -235.373 64.5177 31.8813
235.883 -232.955 64.5177 31.8813
232.238 -230.508 64.5177 31.8813
228.6 -228.011 64.5177 31.8813
224.954 -225.502 64.5177 31.8813
221.322 -222.973 64.5177 31.8813
217.689 -220.441 64.5177 31.8813
214.053 -217.915 64.5177 31.8813
210.425 -215.421 64.5177 31.8813
206.787 -212.944 64.5177 31.8813
203.127 -210.508 64.5177 31.8813
199.449 -208.091 64.5177 31.8813
195.763 -205.726 64.5177 31.8813
192.051 -203.418 64.5177 31.8813
188.29 -201.191 64.5177 31.8813
184.495 -199.036 64.5177 31.8813
180.671 -196.938 64.5177 31.8813
176.845 -194.893 64.5177 31.8813
172.993 -192.911 64.5177 31.8813
169.115 -190.982 64.5177 31.8813
165.229 -189.079 64.5177 31.8813
161.312 -187.197 64.5177 31.8813
157.367 -185.338 64.5177 31.8813
153.423 -183.475 64.5177 31.8813
149.482 -181.626 64.5177 31.8813
145.532 -179.791 64.5177 31.8813
141.581 -177.997 64.5177 31.8813
137.609 -176.191 64.5177 31.8813
133.66 -174.368 64.5177 31.8813
129.756 -172.508 64.5177 31.8813
125.923 -170.56 64.5177 31.8813
122.158 -168.504 64.5177 31.8813
118.48 -166.313 64.5177 31.8813
114.886 -163.988 64.5177 31.8813
111.359 -161.538 64.5177 31.8813
107.936 -158.986 64.5177 31.8813
104.583 -156.365 64.5177 31.8813
101.267 -153.688 64.5177 31.8813
97.9833 -150.925 64.5177 31.8813
94.7323 -148.123 64.5177 31.8813
91.5336 -145.244 64.5177 31.8813
88.3958 -142.303 64.5177 31.8813
85.2744 -139.314 64.5177 31.8813
82.1386 -136.315 64.5177 31.8813
78.9673 -133.306 64.5177 31.8813
75.7985 -130.279 64.5177 31.8813
72.6257 -127.25 64.5177 31.8813
69.4505 -124.209 64.5177 31.8813
66.2694 -121.153 64.5177 31.8813
63.0946 -118.072 64.5177 31.8813
59.9307 -114.964 64.5177 31.8813
56.7627 -111.799 64.5177 31.8813
53.5948 -108.609 64.5177 31.8813
50.3942 -105.427 64.5177 31.8813
47.2502 -102.241 64.5177 31.8813
44.0781 -99.0679 64.5177 31.8813
40.9226 -95.8835 64.5177 31.8813
37.7465 -92.6761 64.5177 31.8813
34.5759 -89.5179 64.5177 31.8813
31.4018 -86.3638 64.5177 31.8813
28.242 -83.2135 64.5177 31.8813
25.0735 -80.079 64.5177 31.8813
21.8956 -76.957 64.5177 31.8813
18.7078 -73.854 64.5177 31.8813
15.5333 -70.7225 64.5177 31.8813
12.3328 -67.5884 64.5177 31.8813
9.13901 -64.4091 64.5177 31.8813
5.9392 -61.2769 64.5177 31.8813
2.73356 -58.1672 64.5177 31.8813
-0.486019 -55.056 64.5177 31.8813
-3.6922 -51.9874 64.5177 31.8813
-6.88533 -48.9474 64.5177 31.8813
-10.1029 -45.9188 64.5177 31.8813
-13.251 -42.8996 64.5177 31.8813
-16.3072 -39.9586 64.5177 31.8813
-19.3181 -37.1854 64.5177 31.8813
-22.2504 -34.5545 64.5177 31.8813
-25.0975 -32.073 64.5177 31.8813
-27.8401 -29.7429 64.5177 31.8813
-30.3827 -27.5944 64.5177 31.8813
-32.7301 -25.6359 64.5177 31.8813
-34.7641 -23.8021 64.5177 31.8813
-36.4692 -22.04 64.5177 31.8813
-37.8209 -20.3033 64.5177 31.8813
-38.8013 -18.625 64.5177 31.8813
-39.442 -16.9571 64.5177 31.8813
-39.7948 -15.2794 64.5177 31.8813
-39.8056 -13.6574 64.5177 31.8813
-39.567 -12.1374 64.5177 31.8813
-39.0712 -10.7004 64.5177 31.8813
-38.3572 -9.34677 64.5177 31.8813
-37.3899 -8.08843 64.5177 31.8813
-36.1987 -6.93825 64.5177 31.8813
-34.7882 -5.94633 64.5177 31.8813
-33.1716 -5.12251 64.5177 31.8813
-31.3718 -4.46798 64.5177 31.8813
-29.4272 -3.95596 64.5177 31.8813
-27.3543 -3.55001 64.5177 31.8813
-25.1751 -3.19005 64.5177 31.8813
-22.9119 -2.82413 64.5177 31.8813
-20.5589 -2.47772 64.5177 31.8813
-18.1197 -2.11985 64.5177 31.8813
-15.5891 -1.76407 64.5177 31.8813
-13.0395 -1.43782 64.5177 31.8813
-10.5526 -1.1247 64.5177 31.8813
-8.14215 -0.808984 64.5177 31.8813
-5.83457 -0.432975 64.5177 31.8813
-3.58744 -0.0417045 64.5177 31.8813
-1.43743 0.378735 64.5177 31.8813
0.66694 0.800376 64.5177 31.8813
2.71178 1.30448 64.5177 31.8813
4.78315 1.89071 64.5177 31.8813
6.84153 2.54969 64.5177 31.8813
