0.126728 -0.0121019 -0.114685 -0.237671
0.603461 -0.105041 0.339233 -0.448059
1.18545 -0.322055 0.987427 -0.589783
1.84193 -0.677219 1.60071 -1.02588
2.5128 -1.18805 1.21191 -2.18042
3.16052 -1.89011 0.510986 -1.79456
3.79215 -2.78467 -1.6239 -2.34375
4.40213 -3.90936 -5.11133 -2.22656
4.97413 -5.27773 -5.79218 -2.86182
5.51097 -6.89535 -5.66852 -4.95172
6.0682 -8.7527 -3.98029 -5.66602
6.63698 -10.826 -1.39453 -6.44855
7.17825 -13.0823 1.02673 -6.95898
7.6637 -15.4443 3.36743 -7.92139
8.04826 -17.857 5.63953 -9.25446
8.28477 -20.322 7.40753 -10.6852
8.27172 -22.8301 7.03076 -9.73151
8.00645 -25.3386 8.57593 -9.86664
7.47853 -27.8116 8.25342 -10.4595
6.73168 -30.2301 5.94983 -7.90601
5.83696 -32.5509 6.96222 -6.1568
4.75814 -34.8041 8.02295 -3.24249
3.56221 -36.9541 7.15503 -0.87854
2.34602 -39.0288 6.66132 -0.673218
1.03265 -41.0785 8.69025 5.49854
-0.337837 -43.2522 8.50714 9.77032
-1.71808 -45.598 14.9733 17.3562
-3.13258 -48.1024 2.5437 20.9149
-4.62652 -50.7099 2.90601 24.1673
-6.17036 -53.3994 4.26556 24.2588
-7.71422 -56.0947 4.79291 19.2496
-9.2367 -58.7829 2.86804 18.176
-10.7311 -61.4539 4.82343 22.8109
-12.2248 -64.0797 2.49384 26.0046
-13.7592 -66.6375 -60.779 44.1481
-15.3081 -69.1317 -60.779 44.1481
-16.8867 -71.595 -60.779 44.1481
-18.451 -73.9993 -60.779 44.1481
-20.0177 -76.3816 -60.779 44.1481
-21.5451 -78.7734 -60.779 44.1481
-23.0555 -81.1449 -60.779 44.1481
-24.5351 -83.5172 -60.779 44.1481
-25.9059 -85.9448 -60.779 44.1481
-27.1776 -88.4054 -60.779 44.1481
-28.3393 -90.8807 -60.779 44.1481
-29.3951 -93.409 -60.779 44.1481
-30.3636 -95.9368 -60.779 44.1481
-31.311 -98.4783 -60.779 44.1481
-32.1956 -101.038 -60.779 44.1481
-33.0235 -103.589 -60.779 44.1481
-33.8099 -106.171 -60.779 44.1481
-34.534 -108.752 -60.779 44.1481
-35.2185 -111.354 -60.779 44.1481
-35.8243 -113.969 -60.779 44.1481
-36.4078 -116.586 -60.779 44.1481
-36.9748 -119.21 -60.779 44.1481
-37.4746 -121.83 -60.779 44.1481
-37.9763 -124.452 -60.779 44.1481
-38.4697 -127.034 -60.779 44.1481
-38.9546 -129.602 -60.779 44.1481
-39.3955 -132.134 -60.779 44.1481
-39.8443 -134.623 -60.779 44.1481
-40.3006 -137.091 -60.779 44.1481
-40.6961 -139.506 -60.779 44.1481
-41.0186 -141.906 -60.779 44.1481
-41.2485 -144.276 -60.779 44.1481
-41.3669 -146.59 -60.779 44.1481
-41.3845 -148.886 -60.779 44.1481
-41.3074 -151.137 -60.779 44.1481
-41.2166 -153.395 -60.779 44.1481
-41.1577 -155.641 -60.779 44.1481
-41.1222 -157.886 -60.779 44.1481
-41.1264 -160.095 -60.779 44.1481
-41.1591 -162.256 -60.779 44.1481
-41.186 -164.399 -60.779 44.1481
-41.1399 -166.486 -60.779 44.1481
-40.9753 -168.53 -60.779 44.1481
-40.718 -170.511 -60.779 44.1481
-40.3684 -172.414 -60.779 44.1481
-39.9616 -174.272 -60.779 44.1481
-39.4894 -176.053 -60.779 44.1481
-38.9982 -177.841 -60.779 44.1481
-38.4682 -179.65 -60.779 44.1481
-37.9539 -181.442 -60.779 44.1481
-37.3932 -183.268 -60.779 44.1481
-36.7873 -185.112 -60.779 44.1481
-36.0976 -186.937 -60.779 44.1481
-35.3117 -188.795 -60.779 44.1481
-34.4535 -190.658 -60.779 44.1481
-33.577 -192.598 -60.779 44.1481
-32.6899 -194.608 -60.779 44.1481
-31.7888 -196.669 -60.779 44.1481
-30.8781 -198.729 -60.779 44.1481
-29.9821 -200.778 -60.779 44.1481
-29.0747 -202.833 -60.779 44.1481
-28.2123 -204.896 -60.779 44.1481
-27.4253 -206.978 -60.779 44.1481
-26.7165 -209.1 -60.779 44.1481
-26.0162 -211.227 -60.779 44.1481
-25.3065 -213.375 -60.779 44.1481
-24.6101 -215.557 -60.779 44.1481
-23.8528 -217.764 -60.779 44.1481
-23.0374 -219.973 -60.779 44.1481
-22.175 -222.187 -60.779 44.1481
-21.2857 -224.411 -60.779 44.1481
-20.3891 -226.617 -60.779 44.1481
-19.442 -228.794 -60.779 44.1481
-18.4849 -230.932 -60.779 44.1481
-17.4914 -233.113 -60.779 44.1481
-16.4861 -235.284 -60.779 44.1481
-15.4652 -237.426 -60.779 44.1481
-14.4066 -239.572 -60.779 44.1481
-13.3175 -241.74 -60.779 44.1481
-12.2027 -243.893 -60.779 44.1481
-11.0979 -246.024 -60.779 44.1481
-9.97983 -248.189 -60.779 44.1481
-8.85141 -250.367 -60.779 44.1481
-7.70707 -252.522 -60.779 44.1481
-6.54558 -254.678 -60.779 44.1481
-5.35058 -256.805 -60.779 44.1481
-4.12844 -258.918 -60.779 44.1481
-2.82016 -260.992 -60.779 44.1481
-1.3977 -263.005 -60.779 44.1481
0.084217 -264.952 -60.779 44.1481
1.5397 -266.912 -60.779 44.1481
2.90051 -268.944 -60.779 44.1481
4.1802 -271.018 -60.779 44.1481
5.44154 -273.129 -60.779 44.1481
6.67512 -275.275 -60.779 44.1481
7.8848 -277.412 -60.779 44.1481
9.10934 -279.609 -60.779 44.1481
10.3591 -281.843 -60.779 44.1481
11.6632 -284.085 -60.779 44.1481
12.9877 -286.328 -60.779 44.1481
14.3951 -288.581 -60.779 44.1481
15.9052 -290.838 -60.779 44.1481
17.4438 -293.039 -60.779 44.1481
19.0127 -295.227 -60.779 44.1481
20.6419 -297.465 -60.779 44.1481
22.417 -299.779 -60.779 44.1481
24.245 -302.128 -60.779 44.1481
26.1287 -304.394 -60.779 44.1481
28.0763 -306.583 -60.779 44.1481
30.0465 -308.736 -60.779 44.1481
32.0401 -310.836 -60.779 44.1481
34.0758 -312.863 -60.779 44.1481
36.138 -314.844 -60.779 44.1481
38.218 -316.781 -60.779 44.1481
40.3286 -318.687 -60.779 44.1481
42.4203 -320.57 -60.779 44.1481
44.5278 -322.465 -60.779 44.1481
46.6332 -324.392 -60.779 44.1481
48.7092 -326.377 -60.779 44.1481
50.7653 -328.438 -60.779 44.1481
52.778 -330.549 -60.779 44.1481
54.744 -332.737 -60.779 44.1481
56.6961 -334.983 -60.779 44.1481
58.6405 -337.267 -60.779 44.1481
60.5603 -339.599 -60.779 44.1481
62.4663 -341.969 -60.779 44.1481
64.3415 -344.351 -60.779 44.1481
66.1916 -346.77 -60.779 44.1481
68.0222 -349.19 -60.779 44.1481
69.8358 -351.618 -60.779 44.1481
71.6419 -354.072 -60.779 44.1481
73.4437 -356.509 -60.779 44.1481
75.2521 -358.955 -60.779 44.1481
77.0534 -361.399 -60.779 44.1481
78.8546 -363.838 -60.779 44.1481
80.6348 -366.257 -60.779 44.1481
82.4145 -368.627 -60.779 44.1481
84.1551 -370.92 -60.779 44.1481
85.8487 -373.111 -60.779 44.1481
87.475 -375.169 -60.779 44.1481
88.9848 -377.116 -60.779 44.1481
90.3977 -378.985 -60.779 44.1481
91.7401 -380.773 -60.779 44.1481
92.9764 -382.505 -60.779 44.1481
94.1522 -384.258 -60.779 44.1481
95.2975 -386.1 -60.779 44.1481
96.3849 -387.996 -60.779 44.1481
97.441 -389.962 -60.779 44.1481
98.5453 -392.025 -60.779 44.1481
99.6239 -394.115 -60.779 44.1481
100.661 -396.276 -60.779 44.1481
101.647 -398.414 -60.779 44.1481
102.579 -400.526 -60.779 44.1481
103.408 -402.603 -60.779 44.1481
104.142 -404.617 -60.779 44.1481
104.78 -406.632 -60.779 44.1481
105.246 -408.702 -60.779 44.1481
105.595 -410.872 -60.779 44.1481
105.879 -413.112 -60.779 44.1481
106.137 -415.389 -60.779 44.1481
106.375 -417.643 -60.779 44.1481
106.586 -419.95 -60.779 44.1481
106.8 -422.23 -60.779 44.1481
107.035 -424.501 -60.779 44.1481
107.263 -426.689 -60.779 44.1481
107.501 -428.797 -60.779 44.1481
107.757 -430.81 -60.779 44.1481
107.96 -432.765 -60.779 44.1481
108.019 -434.625 -60.779 44.1481
107.99 -436.292 -60.779 44.1481
107.883 -437.753 -60.779 44.1481
107.718 -438.956 -60.779 44.1481
107.545 -439.997 -60.779 44.1481
107.36 -440.891 -60.779 44.1481
107.254 -441.621 -60.779 44.1481
107.147 -442.149 -60.779 44.1481
107.093 -442.6 -60.779 44.1481
107.023 -443.053 -60.779 44.1481
107.009 -443.497 -60.779 44.1481
106.985 -444.032 -60.779 44.1481
106.976 -444.707 -60.779 44.1481
106.943 -445.47 -60.779 44.1481
106.973 -446.302 -60.779 44.1481
107.087 -447.226 -60.779 44.1481
107.277 -448.25 -60.779 44.1481
107.557 -449.381 -60.779 44.1481
108.004 -450.611 -60.779 44.1481
108.618 -451.949 -60.779 44.1481
109.319 -453.435 -60.779 44.1481
110.067 -455.043 -60.779 44.1481
110.983 -456.749 -60.779 44.1481
111.999 -458.597 -60.779 44.1481
113.118 -460.536 -60.779 44.1481
114.327 -462.574 -60.779 44.1481
115.622 -464.71 -60.779 44.1481
116.979 -466.923 -60.779 44.1481
118.409 -469.206 -60.779 44.1481
119.909 -471.584 -60.779 44.1481
121.447 -474.052 -60.779 44.1481
123.054 -476.601 -60.779 44.1481
124.723 -479.23 -60.779 44.1481
126.441 -481.879 -60.779 44.1481
128.165 -484.591 -60.779 44.1481
129.806 -487.387 -60.779 44.1481
131.305 -490.296 -60.779 44.1481
132.653 -493.302 -60.779 44.1481
133.794 -496.406 -60.779 44.1481
134.661 -499.593 -60.779 44.1481
135.211 -502.831 -60.779 44.1481
135.492 -506.147 -60.779 44.1481
135.551 -509.511 -60.779 44.1481
135.416 -512.907 -60.779 44.1481
135.239 -516.326 -60.779 44.1481
135.017 -519.786 -60.779 44.1481
134.757 -523.337 -60.779 44.1481
134.484 -526.947 -60.779 44.1481
134.201 -530.638 -60.779 44.1481
133.91 -534.398 -60.779 44.1481
133.572 -538.219 -60.779 44.1481
133.186 -542.131 -60.779 44.1481
132.74 -546.143 -60.779 44.1481
132.249 -550.21 -60.779 44.1481
131.716 -554.326 -60.779 44.1481
131.126 -558.5 -60.779 44.1481
130.49 -562.739 -60.779 44.1481
129.826 -567.038 -60.779 44.1481
129.137 -571.403 -60.779 44.1481
128.428 -575.828 -60.779 44.1481
127.718 -580.26 -60.779 44.1481
127.031 -584.727 -60.779 44.1481
126.337 -589.206 -60.779 44.1481
125.66 -593.696 -60.779 44.1481
124.993 -598.177 -60.779 44.1481
124.334 -602.635 -60.779 44.1481
123.638 -607.08 -60.779 44.1481
122.977 -611.521 -60.779 44.1481
122.335 -615.966 -60.779 44.1481
121.686 -620.402 -60.779 44.1481
121.035 -624.824 -60.779 44.1481
120.415 -629.195 -60.779 44.1481
119.812 -633.494 -60.779 44.1481
119.216 -637.717 -60.779 44.1481
118.633 -641.845 -60.779 44.1481
118.07 -645.788 -60.779 44.1481
117.521 -649.485 -60.779 44.1481
117.016 -652.933 -60.779 44.1481
116.567 -656.074 -60.779 44.1481
116.194 -658.87 -60.779 44.1481
115.858 -661.293 -60.779 44.1481
115.506 -663.355 -60.779 44.1481
114.999 -665.139 -60.779 44.1481
114.306 -666.781 -60.779 44.1481
113.381 -668.081 -60.779 44.1481
112.268 -669.19 -60.779 44.1481
110.986 -670.017 -60.779 44.1481
109.553 -670.571 -60.779 44.1481
107.991 -670.719 -60.779 44.1481
106.335 -670.721 -60.779 44.1481
104.646 -670.376 -60.779 44.1481
102.943 -669.637 -60.779 44.1481
101.254 -668.57 -60.779 44.1481
99.5692 -667.257 -60.779 44.1481
97.872 -665.779 -60.779 44.1481
96.167 -664.141 -60.779 44.1481
94.5346 -662.337 -60.779 44.1481
93.0319 -660.361 -60.779 44.1481
91.6615 -658.25 -60.779 44.1481
90.3555 -656.027 -60.779 44.1481
88.9822 -653.733 -60.779 44.1481
87.5925 -651.392 -60.779 44.1481
86.1191 -648.984 -60.779 44.1481
84.5939 -646.531 -60.779 44.1481
83.0219 -643.981 -60.779 44.1481
81.4105 -641.393 -60.779 44.1481
79.768 -638.831 -60.779 44.1481
78.0991 -636.315 -60.779 44.1481
76.4486 -633.852 -60.779 44.1481
74.8084 -631.457 -60.779 44.1481
73.211 -629.107 -60.779 44.1481
71.6371 -626.845 -60.779 44.1481
70.1031 -624.684 -60.779 44.1481
68.6358 -622.661 -60.779 44.1481
67.2726 -620.809 -60.779 44.1481
66.0357 -619.142 -60.779 44.1481
64.9448 -617.697 -60.779 44.1481
64.0461 -616.491 -60.779 44.1481
63.3156 -615.514 -60.779 44.1481
62.758 -614.744 -60.779 44.1481
62.3264 -614.153 -60.779 44.1481
61.9449 -613.645 -60.779 44.1481
61.5697 -613.152 -60.779 44.1481
61.1981 -612.671 -60.779 44.1481
60.8418 -612.192 -60.779 44.1481
60.5064 -611.757 -60.779 44.1481
60.2013 -611.344 -60.779 44.1481
59.9238 -610.996 -60.779 44.1481
59.6713 -610.657 -60.779 44.1481
59.3976 -610.33 -60.779 44.1481
59.1547 -610.025 -60.779 44.1481
58.8905 -609.693 -60.779 44.1481
58.5568 -609.267 -60.779 44.1481
58.0636 -608.658 -60.779 44.1481
57.3981 -607.855 -60.779 44.1481
56.5717 -606.886 -60.779 44.1481
55.5711 -605.799 -60.779 44.1481
54.4125 -604.576 -60.779 44.1481
53.0868 -603.281 -60.779 44.1481
51.6348 -601.873 -60.779 44.1481
50.0578 -600.367 -60.779 44.1481
48.3651 -598.757 -60.779 44.1481
46.5311 -597.061 -60.779 44.1481
44.5897 -595.276 -60.779 44.1481
42.5487 -593.444 -60.779 44.1481
40.4792 -591.62 -60.779 44.1481
38.4076 -589.812 -60.779 44.1481
36.3458 -587.971 -60.779 44.1481
34.2594 -586.102 -60.779 44.1481
32.1709 -584.197 -60.779 44.1481
30.0825 -582.261 -60.779 44.1481
27.9771 -580.298 -60.779 44.1481
25.8473 -578.321 -60.779 44.1481
23.6946 -576.329 -60.779 44.1481
21.5375 -574.36 -60.779 44.1481
19.3769 -572.414 -60.779 44.1481
17.229 -570.502 -60.779 44.1481
15.1027 -568.635 -60.779 44.1481
12.9811 -566.796 -60.779 44.1481
10.9119 -564.99 -60.779 44.1481
8.90922 -563.184 -60.779 44.1481
6.97382 -561.448 -60.779 44.1481
5.17445 -559.83 -60.779 44.1481
3.53741 -558.301 -60.779 44.1481
2.099 -556.964 -60.779 44.1481
0.81692 -555.788 -60.779 44.1481
-0.339994 -554.752 -60.779 44.1481
-1.41705 -553.771 -60.779 44.1481
-2.41614 -552.854 -60.779 44.1481
-3.34135 -551.981 -60.779 44.1481
-4.19137 -551.192 -60.779 44.1481
-4.95398 -550.491 -60.779 44.1481
-5.63437 -549.848 -60.779 44.1481
-6.26449 -549.302 -60.779 44.1481
-6.78974 -548.846 -60.779 44.1481
-7.22778 -548.467 -60.779 44.1481
-7.59253 -548.16 -60.779 44.1481
-7.89946 -547.909 -60.779 44.1481
-8.14921 -547.708 -60.779 44.1481
-8.35571 -547.535 -60.779 44.1481
-8.51978 -547.392 -60.779 44.1481
-8.65092 -547.276 -60.779 44.1481
-8.75997 -547.185 -60.779 44.1481
-8.84031 -547.12 -60.779 44.1481
-8.8925 -547.084 -60.779 44.1481
-8.92501 -547.063 -60.779 44.1481
-8.96222 -547.025 -60.779 44.1481
-9.02531 -546.952 -60.779 44.1481
-9.10493 -546.881 -60.779 44.1481
-9.21574 -546.792 -60.779 44.1481
-9.35943 -546.674 -60.779 44.1481
-9.53299 -546.526 -60.779 44.1481
-9.73853 -546.35 -60.779 44.1481
-9.97697 -546.157 -60.779 44.1481
-10.2276 -545.939 -60.779 44.1481
-10.4825 -545.706 -60.779 44.1481
-10.7245 -545.507 -60.779 44.1481
-10.9335 -545.334 -60.779 44.1481
