3.43265 0.187486 1.44547 0.00317383
6.00778 0.328118 3.70035 0.00692749
8.58289 0.468733 6.09366 0.0791626
11.1576 0.609309 8.58188 0.177582
13.7315 0.749824 11.1275 0.281158
16.3694 0.907287 13.7777 0.407867
19.0841 1.06626 16.4807 0.538147
21.8404 1.22428 19.2298 0.67511
24.6518 1.38575 22.0235 0.847504
27.4963 1.53803 24.8542 0.957428
30.3984 1.68097 27.7608 1.08438
33.3363 1.81583 30.7134 1.19345
36.3875 1.99375 33.6566 1.34219
39.5037 2.19097 36.6723 1.49673
42.583 2.39973 39.6952 1.65308
45.5988 2.60002 42.6758 1.79727
48.5786 2.80079 45.6685 1.9726
51.5185 3.00246 48.5849 2.14194
54.428 3.19152 51.4712 2.28174
57.3125 3.37151 54.3369 2.42725
60.1663 3.57919 57.1479 2.58405
62.9168 3.77604 59.8838 2.76202
65.5667 3.97823 62.5175 2.94199
68.0933 4.17999 65.063 3.10953
70.508 4.38194 67.4641 3.27441
72.7679 4.58021 69.7195 3.45978
74.8515 4.77573 71.787 3.63394
76.7501 4.93768 73.6734 3.77118
78.4946 5.09273 75.4191 3.90973
80.123 5.18336 77.0769 4.00302
81.6229 5.24889 78.5981 4.02774
83.0085 5.16354 79.9949 3.93555
84.3134 4.93465 81.3279 3.70352
85.5017 4.51919 82.5176 3.29498
86.5259 3.90387 83.5901 2.70172
87.345 3.11539 84.4349 1.91815
88.0081 2.1826 85.1335 1.0061
88.502 1.16558 85.6568 0.0491638
88.84 0.0726836 85.9721 -1.04877
89.125 -1.05089 86.2634 -2.11615
89.3295 -2.24074 86.4555 -3.28726
89.4722 -3.53677 86.5885 -4.53033
89.5834 -4.96246 86.6831 -5.96445
89.6383 -6.50462 86.7012 -7.47333
89.6879 -8.19796 86.7542 -9.2247
89.7167 -10.0598 86.7427 -11.0602
89.7202 -12.0746 86.7176 -13.0952
89.7524 -14.2439 86.7277 -15.2331
89.8434 -16.5606 86.7908 -17.5789
89.9788 -18.96 86.8901 -19.9955
90.1324 -21.3995 87.0163 -22.409
90.2737 -23.8515 87.1375 -24.9283
90.4115 -26.2888 87.2594 -27.3546
90.5374 -28.7218 87.3614 -29.8337
90.6026 -31.142 87.4201 -32.2755
90.5865 -33.5327 87.3969 -34.6662
90.49 -35.8891 87.2785 -36.9742
90.3236 -38.1896 87.0859 -39.2801
90.0918 -40.4188 86.8593 -41.4763
89.8161 -42.5748 86.531 -43.635
89.5465 -44.6312 86.2461 -45.6807
89.3065 -46.5426 85.9731 -47.5975
89.1528 -48.2888 85.7867 -49.3578
89.1302 -49.8938 85.7061 -50.9571
89.2559 -51.4568 85.7708 -52.5115
89.5927 -52.9598 86.0537 -54.0424
90.1642 -54.3315 86.5595 -55.4528
90.9416 -55.4915 87.2841 -56.6745
91.9661 -56.4486 88.2314 -57.6607
93.1713 -57.1753 89.3734 -58.4503
94.508 -57.6844 90.688 -59.0572
95.9249 -58.0418 92.0539 -59.4805
97.3803 -58.3833 93.4894 -59.8475
98.9283 -58.6967 95.0017 -60.2101
100.55 -59.0745 96.6054 -60.6098
102.285 -59.4798 98.3051 -61.0503
104.124 -59.9645 100.186 -61.5593
106.035 -60.4808 102.065 -62.1042
108.055 -60.9951 104.058 -62.6633
110.2 -61.5276 106.23 -63.2504
112.421 -62.0531 108.413 -63.8063
114.755 -62.6002 110.741 -64.4119
117.193 -63.1574 113.13 -65.0484
119.666 -63.6913 115.529 -65.6169
122.181 -64.2533 118.041 -66.232
124.724 -64.8645 120.522 -66.9032
127.275 -65.459 123.021 -67.568
129.749 -66.0807 125.404 -68.1884
132.225 -66.7226 127.902 -68.8753
134.663 -67.334 130.27 -69.5056
137.072 -67.9399 132.704 -70.1456
139.482 -68.4874 135.086 -70.7214
141.866 -69.0106 137.446 -71.2818
144.235 -69.5325 139.828 -71.85
146.634 -69.9928 142.158 -72.3861
149.033 -70.3798 144.547 -72.8591
151.422 -70.7533 146.859 -73.3003
153.855 -71.0522 149.302 -73.6606
156.308 -71.3061 151.736 -73.9856
158.78 -71.4907 154.175 -74.2518
161.238 -71.6275 156.642 -74.4627
163.729 -71.7396 159.128 -74.6781
166.201 -71.8557 161.533 -74.8747
168.681 -71.9145 164.01 -75.0005
171.201 -71.9504 166.502 -75.113
173.699 -71.9461 168.978 -75.1874
176.266 -71.8381 171.515 -75.1673
178.785 -71.705 174.018 -75.1116
181.351 -71.5867 176.549 -75.0638
183.918 -71.4516 179.13 -75.0113
186.471 -71.3413 181.665 -74.9616
189.02 -71.1826 184.294 -74.8938
191.536 -71.0196 186.804 -74.8063
194.04 -70.8473 189.278 -74.7111
196.49 -70.6708 191.691 -74.6048
198.609 -70.5456 194.089 -74.5072
200.728 -70.4203 196.309 -74.4193
202.848 -70.2949 198.334 -74.3544
204.967 -70.1695 200.382 -74.3119
207.086 -70.0441 202.269 -74.3067
209.093 -69.9831 204.19 -74.3529
211.014 -70.0156 206.13 -74.4283
212.945 -70.0304 208.105 -74.5186
214.903 -70.0079 210.02 -74.583
216.893 -70.0061 211.986 -74.6608
218.964 -69.9676 214.053 -74.6942
220.97 -69.9402 216.085 -74.7192
222.992 -69.9812 218.185 -74.7762
225.028 -69.9854 220.237 -74.7869
227.09 -69.9695 222.308 -74.7906
229.126 -69.9386 224.358 -74.8156
231.112 -69.8864 226.39 -74.8125
233.04 -69.8445 228.313 -74.8218
234.818 -69.801 230.163 -74.8232
236.417 -69.7146 231.775 -74.778
237.943 -69.5209 233.322 -74.6536
239.395 -69.1851 234.736 -74.3803
240.709 -68.6478 236.07 -73.9294
241.849 -67.8991 237.203 -73.2561
242.81 -67.0089 238.2 -72.4574
243.591 -65.9825 239.03 -71.4726
244.184 -64.8978 239.677 -70.4597
244.572 -63.7305 240.179 -69.3284
244.825 -62.4053 240.483 -68.0339
244.941 -60.9619 240.668 -66.6083
244.946 -59.4218 240.717 -65.1164
244.876 -57.7712 240.697 -63.4352
244.798 -55.9812 240.665 -61.6425
244.718 -54.0213 240.624 -59.6399
244.528 -51.9441 240.59 -57.5072
244.334 -49.6673 240.561 -55.1489
244.189 -47.2245 240.563 -52.6521
244.057 -44.6501 240.551 -49.9849
243.927 -42.0601 240.553 -47.3095
243.794 -39.4483 240.535 -44.647
243.702 -36.832 240.507 -41.997
243.584 -34.2278 240.447 -39.3662
243.441 -31.5925 240.378 -36.788
243.315 -28.9871 240.313 -34.1899
243.23 -26.4145 240.291 -31.6572
243.139 -23.8807 240.258 -29.1671
243.055 -21.3812 240.209 -26.6991
242.941 -18.9255 240.15 -24.2469
242.799 -16.5023 240.091 -21.8728
242.612 -14.1084 239.979 -19.4471
242.377 -11.7708 239.834 -17.1207
242.143 -9.51512 239.689 -14.8615
241.929 -7.38188 239.551 -12.7164
241.749 -5.37656 239.427 -10.7424
241.606 -3.50502 239.339 -8.88263
241.484 -1.76007 239.289 -7.11832
241.4 -0.170335 239.247 -5.52496
241.346 1.26729 239.247 -4.08026
241.318 2.55969 239.235 -2.77499
241.329 3.69369 239.265 -1.65567
241.357 4.66357 239.31 -0.675385
241.387 5.42348 239.345 0.0549927
241.421 5.93561 239.413 0.541656
241.442 6.22444 239.423 0.8255
241.458 6.39191 239.439 0.99054
241.456 6.44834 239.439 1.0401
241.456 6.44112 239.446 1.0246
241.468 6.43573 239.45 1.01239
241.488 6.44933 239.454 1.03036
241.502 6.50242 239.464 1.09
241.509 6.60386 239.463 1.18701
241.523 6.84121 239.511 1.39633
241.556 7.25677 239.564 1.78851
241.623 7.83498 239.628 2.35107
241.76 8.54086 239.755 3.0506
241.985 9.31672 240.017 3.82968
242.351 10.1481 240.395 4.64404
242.859 11.0146 240.891 5.51392
243.565 11.8278 241.638 6.31509
244.407 12.5484 242.51 7.03949
245.535 13.1523 243.664 7.61017
246.887 13.6027 245.006 8.02924
248.423 13.919 246.525 8.30234
250.169 14.1035 248.25 8.44409
252.058 14.2109 250.116 8.5144
254.103 14.2873 252.164 8.49643
256.29 14.3497 254.337 8.47296
258.632 14.4226 256.65 8.43707
261.094 14.4989 259.069 8.39056
263.692 14.5916 261.64 8.39935
266.404 14.6816 264.365 8.36823
269.198 14.7756 267.068 8.34122
272.122 14.9015 270.003 8.35736
275.142 15.0059 273.016 8.33878
278.208 15.103 276.073 8.3374
281.346 15.2156 279.18 8.34283
284.498 15.3412 282.303 8.33722
287.685 15.4844 285.499 8.40106
290.866 15.6383 288.709 8.43027
293.998 15.7874 291.814 8.50082
297.107 15.9356 294.91 8.52753
300.191 16.1029 298.005 8.58447
303.274 16.2771 301.08 8.63974
306.336 16.4463 304.113 8.69009
309.4 16.613 307.166 8.71136
312.49 16.7503 310.247 8.75479
315.608 16.8839 313.352 8.76059
318.769 17.0222 316.511 8.77521
321.966 17.1721 319.677 8.79742
325.211 17.3388 322.965 8.80225
328.452 17.5089 326.202 8.81372
331.662 17.6671 329.371 8.78799
334.873 17.8359 332.546 8.7504
338.047 18.0179 335.666 8.75024
341.164 18.1846 338.804 8.74713
344.192 18.3462 341.841 8.75195
347.144 18.5118 344.764 8.76227
349.997 18.6926 347.651 8.79037
352.738 18.8767 350.386 8.80084
355.339 19.039 352.985 8.81284
357.77 19.1617 355.382 8.78693
360.012 19.2539 357.608 8.7486
362.022 19.3379 359.642 8.72177
363.842 19.4126 361.473 8.68939
365.457 19.4822 363.098 8.66461
366.876 19.5957 364.558 8.67401
368.193 19.7976 365.9 8.76532
369.471 20.1115 367.229 8.95816
370.662 20.5963 368.443 9.33368
371.758 21.2259 369.553 9.8436
372.767 22.0739 370.605 10.5865
373.7 23.1166 371.58 11.5376
374.457 24.3704 372.399 12.7413
374.935 25.8066 373.003 14.1373
375.153 27.406 373.331 15.6899
375.033 29.122 373.4 17.3485
374.862 30.9465 373.358 19.1992
374.646 32.8073 373.268 21.0263
374.454 34.8065 373.204 23.0564
374.237 36.9022 373.112 25.1205
374.017 39.1112 373.041 27.3559
373.828 41.4752 372.982 29.7256
373.669 43.9781 372.983 32.1861
373.529 46.6263 373.001 34.8354
373.409 49.3265 373.039 37.5117
373.297 52.0756 373.089 40.2628
373.174 54.8367 373.13 43.0598
373.04 57.583 373.16 45.8127
372.905 60.3085 373.163 48.5453
372.737 63.0311 373.142 51.2668
372.532 65.722 373.088 53.9367
372.333 68.4052 373.018 56.6222
372.146 71.0714 372.948 59.2594
371.976 73.7315 372.913 61.9047
371.849 76.3696 372.914 64.5147
371.76 78.9847 372.963 67.1504
371.707 81.5841 373.058 69.8017
371.698 84.1688 373.184 72.348
371.718 86.6521 373.339 74.1821
371.742 88.9667 373.497 74.5397
371.755 91.0872 373.632 76.8005
371.738 92.9909 373.718 78.7195
371.673 94.7746 373.762 80.5129
371.571 96.5378 373.767 82.2903
371.439 98.2699 373.728 84.036
371.272 100.017 373.671 85.7819
371.082 101.82 373.587 87.6008
370.859 103.677 373.465 89.4674
370.634 105.628 373.344 91.4353
370.384 107.71 373.21 93.5408
370.14 109.873 373.09 95.7
369.916 112.225 373.025 98.0518
369.723 114.671 372.938 100.47
369.517 117.275 372.902 103.02
369.364 119.99 372.896 105.736
369.291 122.844 372.992 108.657
369.236 125.774 373.121 111.584
369.216 128.744 373.282 114.565
369.175 131.739 373.422 117.529
369.142 134.711 373.554 120.442
369.091 137.686 373.665 123.381
368.984 140.608 373.718 126.33
368.873 143.515 373.782 129.275
368.758 146.42 373.814 132.216
368.598 149.275 373.844 135.066
368.425 152.137 373.84 137.937
368.242 154.969 373.793 140.772
368.045 157.761 373.787 143.555
367.874 160.52 373.766 146.286
367.721 163.255 373.751 148.977
367.574 165.891 373.748 151.609
367.427 168.415 373.771 154.154
367.306 170.747 373.796 156.47
367.201 172.931 373.81 158.665
367.076 174.887 373.833 160.616
366.928 176.706 373.807 162.471
366.771 178.406 373.761 164.187
366.524 180.013 373.616 165.788
366.107 181.548 373.323 167.358
365.486 182.977 372.817 168.821
364.633 184.243 372.097 170.146
363.538 185.318 371.134 171.258
362.116 186.123 369.887 172.215
360.581 186.726 368.457 172.949
358.884 187.064 366.777 173.439
357.055 187.18 364.938 173.736
355.126 187.213 363.049 173.932
353.12 187.17 361.089 174.039
350.994 187.03 358.97 174.062
348.759 186.837 356.717 174.047
346.398 186.621 354.283 174.013
343.935 186.343 351.778 173.928
341.378 186.036 349.172 173.835
338.696 185.741 346.417 173.742
335.949 185.47 343.708 173.669
333.155 185.218 340.88 173.612
330.373 184.974 338.062 173.607
327.573 184.757 335.259 173.6
324.774 184.556 332.466 173.613
321.949 184.348 329.684 173.6
319.093 184.17 326.785 173.654
316.225 184.024 323.927 173.721
313.35 183.873 321.068 173.777
310.514 183.71 318.241 173.833
307.674 183.552 315.413 173.894
304.86 183.419 312.629 173.957
302.076 183.317 309.863 174.048
299.286 183.237 307.085 174.185
296.525 183.153 304.281 174.271
293.763 183.04 301.534 174.362
290.973 182.875 298.676 174.392
288.165 182.722 295.875 174.449
285.307 182.553 293.007 174.483
282.428 182.393 290.086 174.527
279.514 182.251 287.177 174.617
276.583 182.098 284.236 174.705
273.653 181.945 281.274 174.786
270.712 181.762 278.318 174.841
267.776 181.569 275.37 174.874
264.806 181.353 272.392 174.88
261.853 181.152 269.502 174.895
258.832 180.929 266.432 174.916
255.838 180.695 263.426 174.901
252.875 180.497 260.465 174.915
249.924 180.312 257.476 174.952
247.017 180.131 254.564 174.983
244.158 179.975 251.65 175.038
241.398 179.84 248.878 175.101
238.763 179.706 246.239 175.179
236.242 179.565 243.743 175.261
233.82 179.462 241.268 175.315
231.559 179.41 239.011 175.449
229.482 179.38 236.916 175.593
227.597 179.367 235.028 175.718
225.903 179.338 233.324 175.835
224.422 179.252 231.814 175.869
223.084 179.091 230.456 175.791
221.793 178.755 229.157 175.611
220.632 178.227 227.945 175.207
219.528 177.539 226.793 174.672
218.519 176.652 225.629 173.872
217.602 175.534 224.519 172.82
216.83 174.123 223.588 171.54
216.26 172.474 222.799 169.974
215.896 170.601 222.257 168.183
215.705 168.566 221.897 166.265
215.622 166.443 221.662 164.219
215.568 164.246 221.446 162.038
215.533 161.991 221.265 159.827
215.512 159.609 221.095 157.462
215.491 157.169 220.915 155.045
215.491 154.651 220.752 152.555
215.537 152.043 220.628 149.987
215.577 149.356 220.491 147.317
215.691 146.665 220.363 144.61
215.798 143.951 220.286 141.922
215.946 141.248 220.266 139.176
216.165 138.556 220.274 136.477
216.415 135.88 220.299 133.799
216.646 133.229 220.354 131.129
216.884 130.658 220.397 128.558
217.076 128.171 220.398 126.028
217.25 125.823 220.413 123.715
217.366 123.657 220.363 121.537
217.439 121.696 220.29 119.589
217.479 119.858 220.14 117.713
217.501 118.053 220.037 115.914
217.492 116.251 219.864 114.076
217.529 114.477 219.695 112.262
217.554 112.752 219.578 110.51
217.696 111.047 219.535 108.809
218.001 109.377 219.678 107.089
218.499 107.764 219.99 105.428
219.215 106.273 220.508 103.845
220.131 104.925 221.23 102.412
221.233 103.745 222.174 101.142
222.5 102.731 223.305 100.004
223.853 101.931 224.561 99.097
225.339 101.375 225.958 98.3731
226.91 101.007 227.465 97.8219
228.488 100.734 228.932 97.3931
230.016 100.447 230.393 96.9707
231.508 100.136 231.831 96.5183
232.933 99.7501 233.189 95.9678
234.199 99.2099 234.378 95.307
235.208 98.5666 235.322 94.6003
236.08 97.8075 236.09 93.761
236.654 96.8788 236.675 92.7727
237.053 95.9315 237.101 91.7581
237.469 94.9304 237.389 90.7025
237.747 93.7849 237.561 89.5074
237.969 92.5189 237.672 88.18
238.159 91.1075 237.746 86.7157
238.288 89.532 237.732 85.0231
238.447 87.7646 237.731 83.3138
238.577 85.8189 237.713 81.3899
238.689 83.7365 237.679 79.3288
238.794 81.501 237.655 77.1362
238.906 79.14 237.577 74.7898
239.056 76.7297 237.506 72.3919
239.201 74.2535 237.405 69.9252
239.368 71.7261 237.294 67.3852
239.481 69.1157 237.181 64.7652
239.579 66.4564 237.083 62.133
239.701 63.7768 236.986 59.4585
239.86 61.1032 236.911 56.8365
240.006 58.4305 236.862 54.188
240.16 55.854 236.828 51.6576
240.331 53.3035 236.801 49.0615
240.471 50.7962 236.737 46.5363
240.614 48.2997 236.69 44.0373
240.771 45.8573 236.677 41.599
240.948 43.4408 236.672 39.1665
241.162 41.1186 236.666 36.7976
241.385 38.9398 236.69 34.6422
241.61 36.8629 236.711 32.522
241.816 34.8049 236.719 30.4565
241.998 32.7978 236.695 28.4399
242.184 30.928 236.692 27.1999
242.337 29.2143 236.645 24.8631
242.432 27.6821 236.574 23.3139
242.479 26.301 236.479 21.8934
242.466 25.064 236.348 20.6365
242.409 23.9679 236.21 19.5437
242.275 23.0239 236.001 18.6329
242.149 22.2492 235.823 17.8686
242.027 21.6752 235.699 17.3286
241.888 21.194 235.522 16.8824
241.743 20.7193 235.331 16.4051
241.586 20.2574 235.153 15.955
241.362 19.7549 234.859 15.469
241.001 19.0978 234.478 14.8558
240.465 18.3464 233.901 14.1482
239.744 17.5544 233.156 13.3925
238.801 16.8107 232.151 12.6971
237.646 16.1686 230.935 12.1321
236.244 15.6815 229.462 11.7791
234.595 15.3265 227.751 11.5668
232.72 15.0944 225.861 11.5131
230.65 14.9404 223.812 11.5455
228.39 14.8646 221.56 11.6972
225.953 14.8218 219.136 11.8866
223.337 14.7964 216.551 12.0886
220.563 14.762 213.769 12.2816
217.631 14.7082 210.871 12.4966
214.568 14.6052 207.814 12.6811
211.386 14.459 204.676 12.8327
208.096 14.3009 201.416 12.9781
204.744 14.1094 198.091 13.104
201.336 13.8873 194.684 13.2019
197.892 13.6658 191.275 13.3139
194.403 13.4347 187.804 13.4394
190.876 13.1983 184.304 13.5527
187.299 12.9834 180.72 13.6897
183.673 12.7941 177.098 13.8315
179.987 12.6212 173.429 14.0252
176.246 12.4508 170.413 14.2477
172.45 12.284 166.539 14.4781
168.615 12.1239 162.72 14.7013
164.728 11.9612 160.529 14.8703
160.835 11.7788 157.253 15.0793
156.912 11.5911 157.993 15.0895
152.976 11.4047 158.525 15.1089
148.998 11.2175 159.231 15.1425
145.065 10.9799 158.59 15.1657
141.138 10.7322 159.009 15.1133
137.217 10.4904 159.148 15.1198
133.354 10.2676 158.787 15.0343
129.518 10.0536 158.775 15.0334
125.796 9.84221 158.852 15.0513
122.227 9.62653 157.994 15.0268
118.791 9.43038 154.655 15.1816
115.532 9.25444 151.474 15.3195
112.436 9.10542 148.397 15.5114
109.539 8.97377 145.6 15.6716
106.884 8.85038 143.001 15.8286
104.429 8.74335 140.614 15.9845
102.187 8.63715 138.415 16.1282
100.164 8.41084 136.406 16.1468
98.3388 8.00436 134.63 15.9586
96.7221 7.39198 132.952 15.5587
95.2671 6.55899 131.424 14.9133
93.9915 5.53843 130.041 14.0127
92.9312 4.351 128.838 12.9894
92.1057 2.97184 127.902 11.7752
91.527 1.46182 127.218 10.4097
91.1806 -0.0849347 126.732 8.9791
90.9604 -1.66986 126.39 7.4494
90.8427 -3.29903 126.118 5.89496
90.7384 -5.0162 125.885 4.21539
90.6484 -6.82147 125.677 2.40985
90.5428 -8.73118 125.435 0.533051
90.4367 -10.7716 125.169 -1.46509
90.3313 -12.9511 124.83 -3.62256
90.2864 -15.2848 124.589 -5.91779
90.3559 -17.7449 124.449 -8.414
90.5223 -20.3132 124.362 -11.0063
90.7494 -22.9146 124.344 -13.6532
90.9584 -25.499 124.298 -16.2874
91.0988 -28.0601 124.22 -18.8708
91.127 -30.6091 124.026 -21.4135
91.0447 -33.1244 123.733 -23.9294
90.8711 -35.6416 123.347 -26.4656
90.6533 -38.1745 122.917 -28.9488
90.4329 -40.7715 122.479 -31.5242
90.2242 -43.4443 122.019 -34.1729
90.0342 -46.1437 121.585 -36.8293
89.8287 -48.8397 121.179 -39.4959
89.5039 -51.5004 120.673 -42.0699
88.9954 -54.1154 119.915 -44.6599
88.3197 -56.6544 119.035 -47.126
87.5137 -59.1386 118.042 -49.4904
86.6161 -61.6501 116.906 -51.9154
85.6827 -64.1523 115.776 -54.3108
84.7349 -66.6885 114.614 -56.7509
83.7444 -69.2686 113.413 -59.2559
82.6715 -71.8591 112.114 -61.6957
81.457 -74.4337 110.665 -64.0986
80.1359 -77.0519 109.156 -66.5319
78.7591 -79.7072 108.104 -68.2774
77.3842 -82.3612 106.467 -70.8133
76.0061 -84.9769 104.919 -73.3019
74.5608 -87.5376 103.227 -75.7191
73.0378 -89.9981 101.539 -78.0368
71.4191 -92.344 99.7711 -80.2668
69.7026 -94.5863 97.875 -82.3506
67.9232 -96.7226 95.9416 -84.3195
66.1614 -98.7837 94.0287 -86.2129
64.4908 -100.751 92.2243 -87.995
62.9755 -102.601 90.5665 -89.6806
61.6421 -104.32 89.0923 -91.2601
60.3806 -105.943 87.7071 -92.7578
59.1028 -107.534 86.3091 -94.2296
57.8239 -109.109 84.915 -95.6839
56.5332 -110.657 83.5164 -97.0939
55.1825 -112.255 82.0611 -98.5812
53.7751 -113.919 80.5056 -100.116
52.3668 -115.669 78.9448 -101.731
50.9728 -117.54 77.414 -103.467
49.5886 -119.501 75.8601 -105.27
48.1017 -121.547 74.2269 -107.154
46.5606 -123.643 72.4854 -109.089
44.9311 -125.83 70.6491 -111.148
43.2505 -128.092 68.7839 -113.245
41.5053 -130.415 66.8405 -115.429
39.769 -132.741 64.9048 -117.578
38.0213 -135.076 62.9763 -119.75
36.2703 -137.397 61.0552 -121.865
34.577 -139.733 59.1521 -124.047
32.9082 -142.063 57.2729 -126.207
31.2347 -144.364 55.4613 -128.329
29.5517 -146.623 53.6008 -130.442
27.8532 -148.877 51.726 -132.536
26.2085 -151.073 49.9098 -134.6
24.6123 -153.201 48.1587 -136.548
23.0999 -155.161 46.4729 -138.395
21.6311 -157.005 44.8835 -140.093
20.3007 -158.618 43.4216 -141.597
19.0694 -160.079 42.1002 -142.965
17.9818 -161.512 40.9018 -144.285
17.1134 -163.042 39.9275 -145.721
16.511 -164.64 39.1556 -147.234
16.1241 -166.302 38.6089 -148.827
15.9413 -168.066 38.2266 -150.58
15.9252 -169.899 38.0141 -152.342
15.9666 -171.794 37.8467 -154.25
15.9682 -173.768 37.6737 -156.184
15.9283 -175.797 37.4347 -158.194
15.8333 -177.87 37.1428 -160.277
15.7095 -180.029 36.831 -162.412
15.532 -182.211 36.4478 -164.551
15.3627 -184.461 36.0728 -166.75
15.1812 -186.742 35.6855 -168.992
15.017 -189.048 35.3164 -171.258
14.8327 -191.344 34.9461 -173.548
14.6436 -193.677 34.5667 -175.848
14.4377 -196.036 34.2029 -178.203
14.2027 -198.448 33.7693 -180.58
13.9507 -200.922 33.3104 -183.039
13.7044 -203.427 32.8498 -185.527
13.4589 -205.951 32.4103 -188.002
13.2386 -208.477 31.9638 -190.509
13.047 -211.0 31.5503 -193.026
12.8551 -213.536 31.1317 -195.546
12.6614 -216.083 30.6834 -198.054
12.4331 -218.665 30.2218 -200.62
12.2092 -221.266 29.7636 -203.216
12.0095 -223.923 29.3123 -205.814
11.8062 -226.591 28.8589 -208.445
11.572 -229.281 28.3742 -211.106
11.3102 -231.959 27.8907 -213.759
11.076 -234.672 27.3853 -216.396
10.816 -237.34 26.8691 -219.02
10.544 -240.005 26.35 -221.645
10.3195 -242.625 25.8596 -224.192
10.106 -245.24 25.3954 -226.766
9.91033 -247.8 24.9433 -229.316
9.73558 -250.334 24.5067 -231.881
9.56537 -252.763 24.1004 -234.289
9.40147 -255.093 23.7341 -236.572
9.24838 -257.272 23.3828 -238.718
9.07942 -259.364 23.0288 -240.782
8.76649 -261.049 22.676 -242.76
8.45409 -262.732 22.2386 -244.635
8.14207 -264.413 21.7688 -246.307
7.83065 -266.093 21.3036 -247.845
7.51959 -267.772 20.8501 -249.187
7.21193 -269.091 20.4525 -250.335
6.97294 -270.081 20.1366 -251.279
6.82924 -270.923 19.919 -252.115
6.77571 -271.689 19.7654 -252.895
6.82644 -272.449 19.7369 -253.669
6.98455 -273.191 19.7831 -254.417
7.23763 -273.937 19.9598 -255.206
7.63491 -274.708 20.2697 -255.997
8.26445 -275.458 20.7529 -256.816
9.55131 -276.03 21.5332 -257.624
10.8286 -276.582 22.4679 -258.336
12.0931 -277.115 23.5866 -258.94
13.3424 -277.632 24.9795 -259.518
14.5729 -278.135 26.5659 -260.122
16.2289 -278.511 28.4142 -260.618
18.2263 -278.749 30.4147 -261.037
20.4463 -278.952 32.6747 -261.422
22.8254 -279.082 35.0191 -261.755
25.3763 -279.199 37.5541 -262.107
28.0546 -279.367 40.2104 -262.493
30.8422 -279.556 43.0102 -262.921
33.6731 -279.748 45.7893 -263.397
36.6079 -279.97 48.6518 -263.898
39.5709 -280.196 51.5785 -264.434
42.5737 -280.413 54.5478 -264.906
45.6197 -280.623 57.5595 -265.412
48.6866 -280.825 60.5959 -265.91
51.7289 -281.037 63.5617 -266.411
54.7931 -281.27 66.5628 -266.922
57.8613 -281.457 69.5155 -267.4
60.9464 -281.694 72.5342 -267.919
64.0097 -282.0 75.4917 -268.474
67.0949 -282.246 78.5335 -269.02
70.1555 -282.454 81.4563 -269.509
73.228 -282.631 84.5241 -270.004
76.2706 -282.8 87.4795 -270.484
79.317 -283.018 90.4906 -270.975
82.3235 -283.272 93.4373 -271.49
85.375 -283.526 96.4303 -272.011
88.3434 -283.766 99.3205 -272.511
91.3582 -284.034 102.299 -273.066
94.3448 -284.331 105.134 -273.627
97.3423 -284.667 108.098 -274.247
100.306 -285.083 110.971 -274.904
103.233 -285.542 113.83 -275.623
106.129 -285.998 116.677 -276.358
109.007 -286.485 119.467 -277.097
111.86 -286.936 122.249 -277.792
114.665 -287.354 124.968 -278.453
117.436 -287.774 127.657 -279.1
120.084 -288.19 130.278 -279.703
122.629 -288.577 132.801 -280.28
125.082 -288.988 135.193 -280.903
127.382 -289.438 137.431 -281.527
129.525 -289.902 139.479 -282.157
131.439 -290.368 141.429 -282.808
133.189 -290.846 143.102 -283.399
134.789 -291.308 144.669 -284.001
136.36 -291.727 146.171 -284.543
137.961 -292.043 147.757 -285.015
139.538 -292.222 149.283 -285.342
141.132 -292.181 150.877 -285.478
142.635 -291.396 152.522 -285.377
144.044 -290.296 154.115 -285.006
145.419 -289.197 155.687 -284.309
146.762 -288.106 157.112 -283.305
148.077 -287.029 158.432 -282.006
149.306 -285.833 159.64 -280.456
150.224 -283.925 160.752 -278.707
151.148 -281.926 161.885 -276.776
152.146 -279.855 163.064 -274.846
153.209 -277.685 164.271 -272.809
154.371 -275.421 165.658 -270.618
155.634 -273.05 167.09 -268.411
156.967 -270.591 168.614 -266.097
158.343 -268.072 170.2 -263.716
159.743 -265.543 171.814 -261.319
161.212 -262.976 173.507 -258.944
162.759 -260.533 175.219 -256.634
164.396 -258.137 177.029 -254.372
166.083 -255.791 178.906 -252.205
167.785 -253.421 180.819 -250.006
169.471 -250.991 182.706 -247.735
171.103 -248.516 184.525 -245.41
172.702 -245.979 186.32 -243.043
174.227 -243.407 188.054 -240.634
175.693 -240.82 189.698 -238.226
177.109 -238.186 191.336 -235.761
178.478 -235.56 192.935 -233.269
179.851 -232.964 194.521 -230.805
181.204 -230.402 196.064 -228.427
182.57 -227.87 197.619 -226.055
183.934 -225.393 199.21 -223.658
185.243 -222.962 200.729 -221.352
186.534 -220.587 202.19 -219.166
187.742 -218.317 203.58 -217.039
188.895 -216.115 204.915 -214.968
189.949 -214.062 206.118 -213.065
190.917 -212.138 207.267 -211.223
191.813 -210.362 208.298 -209.553
192.618 -208.786 209.215 -208.111
193.351 -207.386 210.073 -206.777
194.007 -206.211 210.801 -205.675
194.579 -205.242 211.455 -204.732
195.041 -204.515 211.969 -204.058
195.462 -203.931 212.438 -203.503
195.917 -203.373 212.89 -202.973
196.461 -202.875 213.376 -202.455
196.951 -202.33 213.826 -201.916
197.534 -201.726 214.426 -201.355
198.26 -200.895 215.18 -200.576
199.107 -199.863 216.083 -199.59
200.101 -198.651 217.226 -198.494
201.146 -197.253 218.4 -197.22
202.234 -195.732 219.621 -195.838
203.351 -193.955 220.868 -194.298
204.502 -191.952 222.161 -192.601
205.653 -189.947 223.461 -190.766
206.803 -187.943 224.758 -188.874
207.953 -185.94 226.108 -186.904
209.1 -183.947 227.486 -184.891
210.347 -181.695 228.939 -182.766
211.625 -179.391 230.444 -180.551
212.902 -177.088 231.945 -178.423
214.188 -174.792 233.48 -176.261
215.457 -172.506 234.971 -174.094
216.717 -170.263 236.407 -172.015
217.945 -168.039 237.85 -169.907
219.102 -165.953 239.192 -167.982
220.165 -164.01 240.422 -166.179
221.084 -162.218 241.492 -164.524
221.867 -160.574 242.423 -162.982
222.53 -158.96 243.252 -161.482
223.003 -157.294 243.895 -159.884
223.28 -155.633 244.324 -158.273
223.381 -153.945 244.571 -156.602
223.327 -152.194 244.687 -154.906
223.185 -150.343 244.744 -153.037
223.004 -148.383 244.761 -151.078
222.825 -146.286 244.805 -148.963
222.644 -144.041 244.862 -146.715
222.436 -141.645 244.916 -144.311
222.259 -139.12 245.003 -141.823
222.118 -136.433 245.124 -139.126
221.995 -133.619 245.315 -136.256
221.894 -130.715 245.52 -133.351
221.75 -127.689 245.675 -130.325
221.606 -124.638 245.855 -127.278
221.44 -121.591 246.001 -124.208
221.243 -118.52 246.129 -121.177
221.036 -115.515 246.249 -118.156
220.838 -112.517 246.366 -115.149
220.645 -109.571 246.495 -112.18
220.477 -106.665 246.641 -109.294
220.32 -103.757 246.789 -106.375
220.17 -100.889 246.958 -103.513
220.016 -98.0475 247.132 -100.698
219.832 -95.2596 247.244 -97.9197
219.626 -92.5668 247.352 -95.2743
219.438 -90.0119 247.426 -92.7089
219.265 -87.6082 247.473 -90.3016
219.116 -85.4127 247.552 -88.0421
219.023 -83.4001 247.666 -86.008
219.038 -81.557 247.845 -84.1565
219.181 -79.808 248.145 -82.4171
219.497 -78.1104 248.619 -80.7574
219.968 -76.4766 249.239 -79.1524
220.705 -74.966 250.103 -77.6783
221.768 -73.6354 251.262 -76.4059
223.067 -72.5072 252.597 -75.3603
224.57 -71.5503 254.066 -74.5179
226.303 -70.7974 255.834 -73.9181
228.195 -70.2652 257.781 -73.5539
230.203 -69.9556 259.748 -73.4352
232.335 -69.7611 261.897 -73.4872
234.535 -69.64 264.154 -73.6123
236.785 -69.5821 266.425 -73.7985
239.133 -69.5355 268.819 -74.0106
241.53 -69.4881 271.221 -74.2079
244.043 -69.4497 273.732 -74.4291
246.652 -69.3384 276.343 -74.5898
249.331 -69.1858 279.043 -74.7403
252.078 -69.0482 281.768 -74.9156
254.95 -68.9023 284.633 -75.0798
257.911 -68.7567 287.592 -75.2785
260.97 -68.5872 290.615 -75.4893
264.135 -68.4038 293.768 -75.6925
267.325 -68.2267 296.935 -75.8952
270.539 -68.0303 300.162 -76.0865
273.749 -67.8442 303.336 -76.2901
276.933 -67.6598 306.572 -76.4801
280.103 -67.4563 309.706 -76.6447
283.26 -67.2488 312.83 -76.8171
286.398 -67.0433 315.957 -76.9924
289.558 -66.8289 319.056 -77.1686
292.697 -66.6192 322.135 -77.3467
295.818 -66.4079 325.215 -77.5089
298.903 -66.2215 328.255 -77.7067
301.971 -65.999 331.316 -77.8727
305.014 -65.7448 334.305 -78.0093
308.026 -65.4805 337.301 -78.1552
311.029 -65.1679 340.258 -78.2077
314.024 -64.7996 343.268 -78.2448
316.979 -64.3955 346.238 -78.2145
319.931 -63.9443 349.197 -78.1577
322.898 -63.541 352.161 -78.1101
325.899 -63.1906 355.136 -78.1276
328.895 -62.8685 358.115 -78.1935
331.922 -62.643 361.125 -78.3276
334.935 -62.5014 364.095 -78.4798
337.974 -62.3533 367.123 -78.6733
341.039 -62.2183 370.247 -78.8999
344.031 -62.0718 373.192 -79.1013
347.02 -61.9569 376.225 -79.3321
349.962 -61.8244 379.124 -79.5451
352.788 -61.7342 381.971 -79.7624
355.507 -61.6466 384.686 -80.004
358.113 -61.5652 387.257 -80.2317
360.589 -61.5557 389.694 -80.5179
362.882 -61.5836 391.994 -80.8294
364.972 -61.6182 394.028 -81.0981
366.996 -61.632 396.028 -81.4023
369.028 -61.6521 398.039 -81.6591
371.013 -61.5938 400.013 -81.8545
373.016 -61.4454 402.025 -81.9667
375.091 -61.1821 404.103 -81.9812
377.265 -60.8497 406.259 -81.8784
379.59 -60.523 408.584 -81.82
382.033 -60.2375 411.033 -81.8601
384.624 -59.9974 413.59 -81.9285
387.325 -59.8435 416.299 -82.105
390.16 -59.768 419.027 -82.3651
393.093 -59.7653 422.085 -82.7123
396.16 -59.7616 425.162 -83.0876
399.34 -59.7132 428.353 -83.414
402.56 -59.6468 431.489 -83.7522
405.772 -59.5288 434.696 -84.0455
408.98 -59.3744 437.909 -84.2997
412.156 -59.2059 441.074 -84.5381
415.313 -59.0265 444.22 -84.7779
418.461 -58.8597 447.408 -85.0264
421.557 -58.685 450.472 -85.2597
424.624 -58.5271 453.497 -85.5364
427.616 -58.3917 456.512 -85.7961
430.458 -58.2325 459.393 -86.0349
433.169 -58.057 462.056 -86.2468
435.746 -57.8406 464.592 -86.3671
438.174 -57.5691 467.012 -86.4412
440.456 -57.26 469.3 -86.4655
442.573 -56.9145 471.465 -86.4114
444.488 -56.5323 473.408 -86.2924
446.192 -56.2444 475.14 -86.2339
447.763 -56.1296 476.774 -86.3173
448.909 -56.8575 478.219 -86.6378
450.009 -57.5666 479.419 -87.1917
451.068 -58.2483 480.462 -88.0
452.086 -58.8936 481.294 -88.971
453.073 -59.4975 481.901 -90.0713
453.673 -60.4355 482.285 -91.2377
453.954 -61.6684 482.396 -92.4841
454.137 -63.0551 482.422 -93.9094
454.21 -64.613 482.272 -95.444
454.261 -66.3168 482.1 -97.1017
454.349 -68.1686 481.918 -98.9371
454.448 -70.1649 481.731 -100.906
454.553 -72.2875 481.557 -102.967
454.689 -74.5618 481.377 -105.273
454.843 -76.9738 481.204 -107.655
454.994 -79.4997 481.036 -110.188
455.178 -82.104 480.9 -112.639
455.363 -84.8388 480.693 -115.45
455.499 -87.6354 480.478 -118.247
455.63 -90.4832 480.254 -121.08
455.787 -93.3841 480.034 -123.966
455.948 -96.3009 479.819 -126.863
456.109 -99.2281 479.596 -129.821
456.282 -102.159 479.363 -132.767
456.44 -105.06 479.139 -135.67
456.565 -107.967 478.885 -138.55
456.704 -110.853 478.652 -141.399
456.863 -113.704 478.45 -144.257
457.007 -116.548 478.204 -147.097
457.152 -119.319 478.008 -149.91
457.322 -122.057 477.808 -152.623
457.515 -124.783 477.625 -155.368
457.758 -127.476 477.493 -158.015
458.091 -130.119 477.456 -160.659
458.504 -132.753 477.483 -163.336
458.977 -135.326 477.592 -165.924
459.512 -137.905 477.75 -168.58
460.113 -140.409 478.003 -171.075
460.772 -142.913 478.31 -173.652
461.49 -145.34 478.679 -176.188
462.318 -147.735 479.158 -178.691
463.191 -150.103 479.674 -181.207
464.103 -152.414 480.236 -183.58
465.065 -154.717 480.85 -186.014
466.056 -156.963 481.508 -188.31
467.112 -159.169 482.267 -190.694
468.218 -161.323 483.063 -193.006
469.353 -163.407 483.894 -195.202
470.534 -165.441 484.814 -197.403
471.732 -167.41 485.723 -199.461
472.919 -169.219 486.671 -201.453
474.075 -170.884 487.612 -203.284
475.137 -172.393 488.429 -204.902
476.082 -173.735 489.175 -206.377
476.861 -174.942 489.812 -207.69
477.453 -175.991 490.235 -208.789
477.938 -177.002 490.581 -209.9
478.31 -178.056 490.822 -211.014
478.505 -179.128 490.907 -212.096
478.591 -180.182 490.879 -213.19
478.495 -181.298 490.665 -214.32
478.245 -182.475 490.297 -215.467
477.694 -183.643 489.658 -216.584
476.951 -184.888 488.775 -217.759
475.88 -186.18 487.524 -218.873
474.511 -187.531 485.975 -220.03
472.901 -188.961 484.171 -221.219
471.065 -190.462 482.178 -222.466
469.033 -192.064 479.974 -223.741
466.867 -193.802 477.593 -225.139
464.532 -195.63 475.038 -226.575
462.129 -197.482 472.41 -228.058
459.723 -199.356 469.753 -229.535
457.324 -201.244 467.077 -231.066
454.936 -203.145 464.442 -232.585
452.572 -205.047 461.84 -234.125
450.219 -206.956 459.211 -235.646
447.89 -208.854 456.635 -237.155
445.561 -210.739 454.053 -238.675
443.243 -212.595 451.434 -240.184
440.94 -214.456 448.864 -241.668
438.665 -216.302 446.339 -243.169
436.375 -218.193 443.834 -244.672
434.035 -220.122 441.271 -246.226
431.647 -222.119 438.618 -247.867
429.213 -224.14 435.852 -249.559
426.799 -226.16 433.116 -251.184
424.387 -228.18 430.398 -252.812
421.975 -230.199 427.731 -254.454
419.563 -232.219 425.109 -256.094
417.151 -234.238 422.487 -257.699
414.84 -236.197 419.953 -259.286
412.722 -238.006 417.561 -260.766
410.902 -239.166 415.307 -262.113
409.086 -240.324 413.262 -263.266
407.274 -241.48 411.4 -264.223
405.466 -242.637 409.645 -264.916
403.579 -243.776 407.951 -265.308
401.962 -244.073 406.17 -265.357
400.344 -243.935 404.502 -265.038
398.825 -243.431 403.03 -264.4
397.385 -242.596 401.675 -263.361
396.047 -241.492 400.44 -262.087
394.784 -240.169 399.376 -260.672
393.644 -238.707 398.421 -259.05
392.611 -237.025 397.622 -257.288
391.686 -235.132 396.955 -255.213
390.876 -233.042 396.44 -253.009
390.193 -230.737 396.066 -250.686
389.577 -228.259 395.763 -248.125
389.044 -225.596 395.588 -245.372
388.628 -222.77 395.573 -242.556
388.243 -219.783 395.585 -239.53
387.854 -216.66 395.659 -236.424
387.488 -213.454 395.783 -233.194
387.13 -210.187 395.909 -229.887
386.801 -206.882 396.079 -226.549
386.496 -203.539 396.272 -223.199
386.209 -200.166 396.499 -219.776
385.947 -196.796 396.749 -216.387
385.707 -193.429 397.025 -213.028
385.484 -190.099 397.325 -209.689
385.301 -186.786 397.64 -206.369
385.134 -183.511 397.962 -203.136
384.982 -180.27 398.31 -199.895
384.829 -177.061 398.623 -196.661
384.687 -173.885 398.95 -193.5
384.564 -170.742 399.274 -190.367
384.439 -167.64 399.602 -187.313
384.347 -164.609 399.944 -184.346
384.281 -161.695 400.286 -181.454
384.247 -158.947 400.667 -178.713
384.247 -156.376 401.032 -176.151
384.224 -153.975 401.389 -173.759
384.141 -151.742 401.648 -171.533
383.966 -149.693 401.782 -169.501
383.67 -147.906 401.784 -167.673
383.165 -146.391 401.516 -166.09
382.402 -145.093 401.021 -164.674
381.374 -144.04 400.186 -163.483
380.157 -143.257 399.134 -162.52
378.76 -142.75 397.897 -161.776
377.205 -142.421 396.519 -161.192
375.563 -142.272 394.978 -160.743
373.798 -142.162 393.263 -160.35
371.932 -142.14 391.483 -160.006
369.919 -142.121 389.508 -159.652
367.76 -142.115 387.403 -159.309
365.443 -142.153 385.152 -158.958
362.972 -142.238 382.69 -158.63
360.329 -142.334 380.027 -158.305
357.522 -142.469 377.233 -157.998
354.557 -142.639 374.238 -157.701
351.511 -142.787 371.249 -157.402
348.393 -142.952 368.144 -157.091
345.222 -143.117 365.011 -156.751
342.025 -143.288 361.846 -156.41
338.826 -143.492 358.649 -156.091
335.627 -143.673 355.442 -155.753
332.446 -143.864 352.289 -155.434
329.27 -144.083 349.124 -155.126
326.062 -144.292 345.991 -154.787
322.795 -144.478 342.729 -154.399
319.48 -144.642 339.518 -154.019
316.11 -144.815 336.267 -153.615
312.678 -145.015 332.849 -153.23
309.198 -145.23 329.4 -152.83
305.689 -145.436 325.934 -152.424
302.145 -145.64 322.45 -151.998
298.595 -145.849 318.92 -151.575
295.046 -146.074 315.4 -151.178
291.559 -146.312 311.963 -150.782
288.056 -146.544 308.524 -150.412
284.591 -146.755 305.052 -150.026
281.138 -146.963 301.639 -149.636
277.683 -147.177 298.21 -149.286
274.247 -147.372 294.844 -148.894
270.9 -147.524 291.493 -148.473
267.514 -147.704 288.109 -148.071
264.189 -147.89 284.808 -147.687
260.928 -148.08 281.559 -147.328
257.705 -148.247 278.36 -146.94
254.524 -148.422 275.141 -146.535
251.487 -148.595 272.153 -146.172
248.564 -148.751 269.28 -145.813
245.803 -148.907 266.555 -145.484
243.207 -149.071 263.996 -145.196
240.773 -149.24 261.524 -144.953
238.516 -149.41 259.265 -144.726
236.486 -149.573 257.234 -144.529
234.654 -149.74 255.392 -144.373
233.008 -149.863 253.766 -144.178
231.523 -149.906 252.284 -143.995
230.194 -149.789 250.984 -143.684
228.941 -149.527 249.781 -143.202
227.779 -149.087 248.685 -142.606
226.698 -148.509 247.683 -141.868
225.657 -147.698 246.797 -140.927
224.73 -146.703 245.926 -139.817
223.949 -145.503 245.304 -138.507
223.311 -144.068 244.811 -137.009
222.822 -142.464 244.537 -135.367
222.478 -140.72 244.443 -133.6
222.275 -138.794 244.548 -131.753
222.122 -136.708 244.686 -129.67
222.01 -134.423 244.934 -127.419
221.945 -131.985 245.23 -125.086
221.901 -129.368 245.591 -122.474
221.87 -126.551 245.997 -119.666
221.85 -123.649 246.425 -116.82
221.813 -120.664 246.829 -113.888
221.737 -117.647 247.257 -110.955
221.657 -114.635 247.602 -108.008
221.514 -111.631 247.962 -105.023
221.282 -108.702 248.297 -102.065
221.097 -105.773 248.652 -99.218
220.918 -102.852 249.004 -96.3004
220.766 -99.978 249.383 -93.5526
220.598 -97.1319 249.582 -92.2977
220.431 -94.3241 249.386 -93.5873
220.307 -91.5938 249.366 -93.606
220.183 -89.0479 249.573 -91.5167
220.042 -86.7147 249.804 -89.235
219.898 -84.6474 250.103 -86.9963
219.783 -82.8486 250.293 -85.1797
219.699 -81.325 250.527 -83.6774
219.693 -79.9274 250.809 -82.2636
219.837 -78.5505 251.12 -80.972
220.124 -77.2274 251.37 -80.2538
220.585 -75.9566 251.886 -79.0142
221.161 -74.7603 252.576 -77.8863
222.017 -73.6311 253.47 -76.7857
223.065 -72.5837 254.586 -75.8359
224.31 -71.6787 255.79 -75.0479
225.771 -70.9708 257.204 -74.5011
227.236 -70.3856 258.621 -74.05
228.711 -69.9868 260.156 -73.8144
230.235 -69.7166 261.645 -73.7004
231.806 -69.5662 263.261 -73.7341
233.426 -69.4779 264.84 -73.8181
235.056 -69.3964 266.471 -73.916
236.69 -69.2919 268.067 -74.0053
238.317 -69.0847 269.687 -74.0048
239.898 -68.7077 271.26 -73.8203
241.289 -68.2168 272.761 -73.4421
242.497 -67.4447 274.091 -72.8027
243.534 -66.4592 275.356 -71.9638
244.371 -65.2972 276.338 -70.9155
244.986 -64.0181 277.13 -69.7488
245.366 -62.5892 277.706 -68.4093
245.503 -61.0668 278.082 -66.9263
245.534 -59.4832 278.285 -65.4044
245.462 -57.7829 278.446 -63.702
245.343 -55.9158 278.574 -61.8897
245.234 -53.8773 278.7 -59.8636
245.141 -51.6648 278.883 -57.6833
245.059 -49.2687 279.074 -55.3289
244.986 -46.7097 279.285 -52.7597
244.908 -44.0053 279.477 -50.0436
244.771 -41.1579 279.677 -47.1957
244.62 -38.1373 279.853 -44.1652
244.45 -34.9976 280.045 -41.0435
244.248 -31.7552 280.223 -37.7723
244.057 -28.5157 280.4 -34.5261
243.891 -25.2799 280.597 -31.2404
243.719 -22.0641 280.785 -28.096
243.497 -18.8694 280.928 -24.8779
243.251 -15.7292 281.043 -21.7278
242.995 -12.6468 281.165 -18.6269
242.729 -9.69718 281.267 -15.6779
242.474 -6.90497 281.337 -12.9046
242.253 -4.29605 281.407 -10.2939
242.055 -1.91013 281.507 -7.92218
241.874 0.236394 281.592 -5.78922
241.734 2.12728 281.648 -3.90137
241.652 3.72838 281.733 -2.29272
241.628 5.01516 281.877 -0.996094
241.646 6.04276 281.99 0.0447388
241.693 6.84525 282.137 0.793304
241.762 7.5446 282.307 1.47443
241.868 8.22585 282.489 2.10489
242.031 8.8842 282.712 2.75253
242.253 9.53687 283.004 3.31934
242.646 10.3162 283.446 4.04199
243.206 11.201 284.077 4.91034
243.958 12.0709 284.902 5.71451
244.955 12.8564 285.957 6.40488
246.227 13.5269 287.305 6.9328
247.763 14.0234 288.814 7.25586
249.535 14.3484 290.631 7.38071
251.538 14.4879 292.613 7.27032
253.758 14.5548 294.785 7.03613
256.182 14.6199 297.171 6.77374
258.805 14.6882 299.847 6.52679
261.601 14.767 302.577 6.24298
264.608 14.8939 305.543 5.99396
267.808 14.9877 308.761 5.69745
271.154 15.0987 312.081 5.41635
274.654 15.2242 315.59 5.09946
278.22 15.3458 319.104 4.81036
281.892 15.491 322.765 4.51724
285.583 15.6457 326.399 4.20132
289.317 15.8256 330.141 3.91449
293.055 15.9994 333.872 3.62476
296.791 16.1486 336.254 3.39178
300.57 16.3153 335.855 2.91901
304.37 16.4803 335.705 3.354
308.161 16.6472 335.68 2.91229
311.982 16.8065 335.06 3.32324
315.816 16.9636 335.353 3.26074
319.643 17.1089 335.132 3.24512
323.453 17.2593 335.872 3.21405
327.263 17.4087 335.067 3.21844
331.035 17.5519 335.141 3.21271
334.789 17.703 333.787 3.26382
338.502 17.8533 334.393 3.10287
342.124 18.0252 334.151 3.07852
345.606 18.1934 334.875 3.06696
348.918 18.3735 336.234 2.97406
352.122 18.5583 335.177 3.12109
355.18 18.701 336.363 3.0148
358.052 18.8167 336.383 2.94586
360.737 18.8963 335.136 2.9917
363.194 18.964 336.423 2.79468
365.435 19.0085 338.611 2.59506
367.416 19.0761 340.692 2.36908
369.164 19.1907 342.451 2.22177
370.756 19.3672 344.036 2.17627
372.244 19.7647 345.476 2.31879
373.59 20.4415 346.859 2.73599
374.742 21.3878 348.057 3.44229
375.665 22.5484 349.155 4.3956
376.335 23.9336 349.966 5.65851
376.658 25.4641 350.54 7.10352
376.658 27.1276 350.809 8.71304
376.43 28.8523 350.871 10.4072
376.116 30.6848 350.838 12.2885
375.767 32.6381 350.798 14.2289
375.42 34.7831 350.758 16.397
375.053 37.1042 350.72 18.7118
374.707 39.59 350.729 21.1803
374.429 42.2518 350.806 23.8452
374.186 45.0526 351.005 26.6947
373.964 48.0089 351.224 29.6245
373.754 51.0767 351.478 32.7199
373.554 54.2531 351.737 35.8745
373.362 57.4889 352.03 39.1227
373.197 60.7458 352.34 42.3125
373.023 64.034 352.642 45.5779
372.85 67.3081 352.948 48.8267
372.669 70.5694 353.22 52.0572
372.466 73.8059 353.471 55.2151
372.296 77.0165 353.754 58.3949
372.157 80.1845 354.054 61.5327
372.06 83.3066 354.336 63.9403
372.01 86.2944 354.516 64.9362
371.996 89.127 354.915 67.8283
371.985 91.8108 355.105 68.6133
371.962 94.4319 355.435 71.0258
371.84 97.0269 355.716 73.5625
371.606 99.5941 355.848 76.1282
371.302 102.216 355.911 78.7964
370.992 104.911 355.996 81.4893
370.685 107.738 356.088 84.3316
370.388 110.668 356.217 87.2108
370.165 113.797 356.443 90.3532
369.963 117.036 356.692 93.5761
369.784 120.413 356.994 96.8581
369.702 123.918 357.388 100.349
369.664 127.471 357.809 103.868
369.659 131.028 358.295 107.376
369.648 134.554 358.812 110.834
369.609 138.07 359.253 114.297
369.456 141.554 359.602 117.787
369.286 145.023 359.939 121.262
369.099 148.466 360.255 124.664
368.908 151.882 360.545 128.097
368.708 155.288 360.856 131.509
368.452 158.648 361.109 134.854
368.197 161.977 361.275 138.105
367.935 165.272 361.504 141.388
367.658 168.513 361.705 144.644
367.404 171.7 361.901 147.841
367.137 174.9 362.111 151.043
366.867 178.097 362.288 154.286
366.674 181.316 362.529 157.451
366.543 184.556 362.898 160.681
366.436 187.839 363.197 163.978
366.328 191.14 363.528 167.0
366.223 194.469 363.972 170.52
366.18 197.846 364.406 173.773
366.188 201.26 364.611 174.746
366.206 204.683 364.824 175.93
366.247 208.086 365.066 177.397
366.31 211.471 365.543 180.728
366.402 214.818 366.065 184.02
366.53 218.081 366.604 187.281
366.727 221.202 367.208 190.361
366.957 224.168 367.797 193.25
367.192 227.02 368.415 196.002
367.421 229.701 368.992 198.644
367.673 232.184 369.546 201.134
368.003 234.428 370.123 203.283
368.424 236.438 370.783 205.234
368.9 238.259 371.471 206.923
369.352 239.901 372.109 208.505
369.738 241.411 372.705 209.932
370.038 242.783 373.195 211.24
370.267 244.035 373.594 212.463
370.366 245.271 373.884 213.671
370.396 246.478 374.082 214.84
370.365 247.666 374.229 216.016
370.322 248.92 374.359 217.267
370.302 250.217 374.525 218.549
370.309 251.507 374.697 219.827
370.379 252.784 374.929 221.057
370.477 254.052 375.219 222.313
370.636 255.23 375.523 223.494
370.781 256.27 375.816 224.498
370.949 257.24 376.122 225.464
371.054 258.2 376.333 226.377
371.079 259.142 376.505 227.313
371.003 260.14 376.58 228.309
370.75 261.205 376.537 229.432
370.325 262.344 376.329 230.625
369.671 263.513 375.914 231.879
368.735 264.684 375.203 233.189
367.489 265.771 374.146 234.468
365.937 266.72 372.771 235.676
364.087 267.508 371.088 236.789
361.994 268.15 369.139 237.757
359.697 268.667 366.968 238.595
357.154 269.051 364.495 239.361
354.416 269.289 361.859 240.006
351.474 269.539 358.97 240.695
348.348 269.805 355.92 241.424
345.073 270.078 352.734 242.123
341.709 270.346 349.457 242.824
338.24 270.599 346.07 243.549
334.652 270.829 342.616 244.267
331.095 271.009 339.149 244.957
327.501 271.143 335.576 245.575
323.945 271.232 332.076 246.162
320.412 271.276 328.573 246.7
316.906 271.264 325.106 247.198
313.423 271.191 321.649 247.611
309.971 271.077 318.216 247.985
306.545 270.919 314.783 248.304
303.127 270.706 311.406 248.579
299.715 270.436 307.952 248.832
296.286 270.14 304.532 249.032
292.84 269.799 301.081 249.187
289.369 269.415 297.599 249.319
285.868 268.995 294.094 249.43
282.353 268.526 290.554 249.475
278.815 268.012 286.977 249.51
275.249 267.454 283.34 249.502
271.668 266.854 281.547 249.669
268.065 266.184 277.922 249.645
264.456 265.454 274.231 249.564
260.807 264.658 270.512 249.435
257.133 263.79 267.751 249.296
253.479 262.893 267.399 249.205
249.841 261.918 264.321 249.01
246.234 260.894 260.66 248.716
242.64 259.83 256.924 248.337
239.052 258.719 256.983 248.474
235.48 257.568 254.399 248.19
231.918 256.364 250.629 247.848
228.369 255.107 246.948 247.448
224.865 253.809 243.226 246.974
221.386 252.473 239.525 246.467
217.931 251.122 235.861 245.965
214.488 249.748 232.203 245.419
211.078 248.352 228.568 244.856
207.687 246.912 224.959 244.252
204.322 245.423 221.346 243.617
200.984 243.897 217.772 242.896
197.658 242.34 214.18 242.169
194.389 240.739 210.645 241.371
191.167 239.098 207.102 240.528
187.973 237.422 203.624 239.676
184.804 235.734 200.155 238.756
181.661 234.013 196.746 237.776
178.554 232.232 193.335 236.789
175.406 230.379 189.886 235.719
172.166 228.469 187.852 235.11
168.96 226.52 184.728 234.15
165.78 224.495 181.228 232.945
162.641 222.423 177.733 231.712
159.559 220.318 174.251 230.419
156.519 218.195 170.787 229.108
153.52 216.037 167.335 227.73
150.565 213.878 163.987 226.326
147.642 211.691 160.628 224.904
144.771 209.488 157.333 223.441
141.932 207.229 154.092 221.95
139.107 204.937 150.77 220.424
136.324 202.576 147.526 218.789
133.553 200.181 144.301 217.098
130.786 197.72 141.049 215.384
128.023 195.221 137.807 213.579
125.287 192.645 134.529 211.742
122.562 190.014 131.278 209.854
119.867 187.327 127.996 207.898
117.19 184.576 124.725 205.903
114.523 181.782 121.475 203.861
111.882 178.909 118.196 201.681
109.246 175.984 114.957 199.519
106.596 173.04 111.698 197.29
103.954 170.068 108.447 195.078
101.323 167.07 105.161 192.822
98.6982 164.066 101.909 190.587
96.0278 161.116 98.6347 188.335
93.3592 158.18 95.3658 186.099
90.7101 155.247 92.1108 183.906
88.0628 152.34 88.8199 181.702
85.4004 149.455 85.5956 179.54
82.7309 146.561 82.2982 177.318
80.0894 143.64 79.0722 175.119
77.457 140.702 75.8106 172.909
74.8243 137.766 72.5208 170.726
72.1865 134.821 69.2594 168.509
69.5542 131.887 66.0393 166.34
66.9179 128.958 62.809 164.164
64.2998 126.036 59.5581 161.968
61.6983 123.126 56.3023 159.77
59.096 120.217 53.0558 157.608
56.4885 117.31 49.7937 155.479
53.873 114.419 46.5506 153.311
51.2586 111.511 43.2909 151.115
48.6362 108.596 40.0643 148.932
46.003 105.672 36.7596 146.728
43.3661 102.745 33.5302 144.527
40.7259 99.7851 30.232 142.332
38.0695 96.8349 26.9429 140.13
35.4168 93.8733 23.661 137.908
32.7574 90.8929 20.3412 135.676
30.103 87.9126 17.0481 133.493
27.4362 84.9213 13.742 131.268
24.79 81.933 10.4141 129.073
22.1656 78.9488 7.1297 126.824
19.5546 75.9745 3.88043 124.627
16.9563 73.0276 0.626801 122.439
14.3635 70.1292 -2.62836 120.294
11.7723 67.251 -5.84531 118.19
9.19775 64.4153 -9.03485 116.113
6.62229 61.6091 -12.2379 114.049
4.08413 58.8316 -15.3956 112.024
1.60798 56.1124 -18.4788 110.036
-0.773922 53.4694 -21.4776 108.116
-3.04592 50.9249 -24.2993 106.249
-5.25612 48.4447 -27.0823 104.434
-7.36548 46.0781 -29.7274 102.706
-9.31846 43.8355 -32.1859 101.062
-11.1046 41.7106 -34.4852 99.5097
-12.717 39.7029 -36.5409 97.9696
-14.1554 37.7378 -38.4102 96.4887
-15.3929 35.7638 -40.1148 94.914
-16.4033 33.7428 -41.6135 93.2574
-17.1165 31.6696 -42.845 91.4405
-17.5144 29.5661 -43.7914 89.5512
-17.5945 27.4708 -44.4541 87.5773
-17.337 25.4451 -44.7805 85.6009
-16.7598 23.5137 -44.7467 83.5898
-15.9113 21.7131 -44.4138 81.6931
-14.8724 20.0675 -43.8337 79.8521
-13.7938 18.4779 -43.2024 78.0803
-12.7465 16.905 -42.593 76.2636
-11.7395 15.3671 -42.0038 74.5121
-10.8092 13.8732 -41.4474 72.8466
-9.97285 12.4641 -40.9782 71.2755
-9.2312 11.1441 -40.5585 69.785
-8.57709 9.92565 -40.2188 68.416
-8.02343 8.84301 -39.9231 67.2275
-7.57808 7.92688 -39.7226 66.2259
-7.22548 7.19561 -39.5388 65.4031
-6.88227 6.50916 -39.39 64.6633
-6.49625 5.88026 -39.1942 63.971
-6.09482 5.29983 -38.9591 63.2934
-5.64472 4.74575 -38.6775 62.6493
-5.07384 4.13046 -38.2581 61.9091
-4.33412 3.47337 -37.756 61.0703
-3.45695 2.82803 -37.0748 60.1866
-2.43021 2.19941 -36.2557 59.2868
-1.17714 1.6193 -35.2328 58.3806
0.3018 1.10238 -33.9462 57.4629
2.02044 0.712833 -32.4363 56.6502
3.99253 0.528936 -30.6572 55.9289
6.16218 0.463744 -28.6602 55.2712
8.48903 0.497059 -26.4636 54.7086
10.9591 0.604811 -24.0932 54.1632
13.5692 0.680117 -21.553 53.6021
16.3073 0.786507 -18.8857 53.021
19.1449 0.905012 -16.0667 52.4176
22.0736 1.0504 -13.2195 51.7909
25.1355 1.24557 -10.2352 51.212
28.2777 1.47706 -7.13165 50.6076
31.5049 1.72472 -3.93829 49.9994
34.7424 1.96662 -0.746155 49.4052
38.0277 2.23825 2.52704 48.8344
41.3638 2.4815 5.80078 48.2131
44.7103 2.71506 9.09601 47.5832
48.0964 2.91476 12.4359 46.924
51.5088 3.09823 15.7352 46.2584
54.9768 3.26826 19.1244 45.5443
58.484 3.43758 22.584 44.7911
62.0085 3.63703 25.9892 44.0819
65.579 3.85719 29.4811 43.3571
69.1687 4.03686 32.9735 42.6055
72.7528 4.25106 36.4508 41.8763
76.2838 4.46503 39.8792 41.1509
79.7989 4.66043 43.3225 40.3861
83.2943 4.87128 46.7816 39.6495
86.7357 5.08674 50.177 38.9478
90.1508 5.27507 53.5092 38.2103
93.5677 5.41899 56.7914 37.458
