3.96385 -0.46575 -0.00354004 -0.404541
6.8262 -1.28808 1.64954 -2.20251
9.52739 -2.48868 4.4967 -2.61877
12.0188 -4.03669 7.27344 -3.36255
14.2373 -5.91346 9.92029 -4.46802
16.155 -8.05965 12.3354 -3.27222
17.7358 -10.4357 13.7383 0.420654
18.9849 -13.0239 15.4673 3.62329
19.9486 -15.7882 16.4751 4.72583
20.6454 -18.6907 17.5861 3.82068
21.0745 -21.7416 18.449 0.828735
21.2407 -24.9311 18.8765 -1.10376
21.1697 -28.2425 19.4404 -4.80493
20.9398 -31.642 20.0435 -9.38611
20.5853 -35.1147 20.3036 -12.3887
20.1108 -38.7673 21.0292 -16.1711
19.5506 -42.6068 21.709 -19.6257
18.9223 -46.6485 22.521 -21.4451
18.2399 -50.8713 23.6116 -24.2705
17.5287 -55.2756 24.3793 -25.3691
16.8055 -59.87 25.3871 -27.6492
16.0655 -64.6615 25.4879 -27.9967
15.3106 -69.5915 25.7166 -28.7594
14.5538 -74.6568 26.1703 -29.1074
13.7761 -79.8642 26.3229 -29.7412
12.98 -85.1938 26.4061 -30.3754
12.1486 -90.6666 26.7428 -31.6439
11.2675 -96.2638 26.8529 -32.1322
10.3099 -101.955 27.0903 -33.4808
9.24638 -107.725 27.1163 -33.4304
8.08692 -113.581 27.4974 -32.9707
6.80828 -119.496 27.4933 -33.5533
5.40353 -125.479 27.452 -33.234
3.88011 -131.523 27.7629 -34.7396
2.25799 -137.625 27.4298 -36.1406
0.551587 -143.793 27.9059 -37.261
-1.26111 -150.007 27.9541 -37.4662
-3.18765 -156.275 27.9056 -37.3832
-5.21197 -162.587 28.5308 -38.6641
-7.33146 -168.954 28.4094 -38.7195
-9.55783 -175.367 28.5171 -40.5619
-11.8623 -181.83 29.0957 -40.2988
-14.2555 -188.344 28.7405 -40.2822
-16.7532 -194.901 28.8615 -41.4205
-19.3445 -201.48 30.0312 -41.8281
-22.0366 -208.075 30.6527 -41.9128
-24.8069 -214.67 31.8665 -42.9382
-27.6423 -221.275 32.3735 -45.3328
-30.5421 -227.869 32.5753 -46.6586
-33.5041 -234.448 32.8561 -49.1752
-36.5336 -241.01 31.9092 -52.5203
-39.632 -247.524 31.261 -55.4932
-42.8137 -253.99 30.6899 -58.6666
-46.0741 -260.445 30.4619 -61.9352
-49.4345 -266.892 30.4092 -65.3542
-52.8877 -273.332 30.2905 -67.7543
-56.4551 -279.827 30.0918 -69.5636
-60.1296 -286.372 29.8439 -71.3546
-63.9234 -292.983 29.1604 -73.3201
-67.8087 -299.642 28.6654 -74.2599
-71.7917 -306.359 28.3524 -75.4287
-75.9001 -313.13 27.9196 -75.7458
-80.1727 -319.895 27.646 -77.3453
-84.5797 -326.663 27.3613 -78.9869
-89.0867 -333.384 28.0747 -81.8746
-93.7001 -340.056 28.0298 -84.4404
-98.4119 -346.701 27.9048 -86.7328
-103.203 -353.311 27.9771 -86.6813
-108.078 -359.867 28.0709 -87.59
-113.018 -366.363 28.0383 -87.2566
-118.026 -372.793 28.0179 -87.5355
-123.073 -379.149 28.0784 -87.8805
-128.206 -385.462 28.0253 -87.7136
-133.351 -391.717 28.0546 -87.2498
-138.57 -397.893 28.0503 -87.7432
-143.84 -404.013 28.0502 -87.2484
-149.165 -410.086 28.054 -87.2794
-154.506 -416.13 28.101 -87.9664
-159.858 -422.141 28.0929 -88.0164
-165.238 -428.129 27.9976 -87.7461
-170.628 -434.072 28.0161 -88.0699
-175.971 -440.03 27.8627 -86.8431
-181.288 -446.046 27.8892 -88.2966
-186.533 -452.092 27.8657 -87.9313
-191.72 -458.187 27.9026 -88.5332
-196.906 -464.279 27.9987 -89.1918
-202.048 -470.384 28.0981 -90.324
-207.186 -476.511 28.1675 -90.598
-212.285 -482.655 28.1825 -90.4506
-217.371 -488.807 28.1707 -89.9332
-222.448 -494.971 28.1782 -90.1042
-227.527 -501.133 28.1598 -90.0544
-232.607 -507.292 28.1653 -89.767
-237.691 -513.445 28.1276 -90.0743
-242.768 -519.601 28.1339 -89.7677
-247.846 -525.763 28.1578 -89.5576
-252.916 -531.926 28.1914 -89.5076
-257.983 -538.095 28.2163 -90.2643
-263.055 -544.268 28.1914 -89.791
-268.134 -550.437 28.0605 -88.2184
-273.22 -556.605 27.8987 -87.1357
-278.311 -562.778 27.8042 -85.8536
-283.395 -568.95 27.6862 -84.6342
-288.477 -575.138 27.5754 -83.5537
-293.543 -581.314 27.4447 -82.3043
-298.612 -587.519 27.5469 -83.5629
-303.609 -593.672 27.489 -83.101
-308.613 -599.867 27.5577 -83.7936
-313.624 -606.07 27.563 -84.7152
-318.636 -612.271 27.551 -84.6875
-323.646 -618.466 27.5873 -84.7809
-328.658 -624.675 27.5659 -84.5222
-333.666 -630.889 27.5774 -84.5577
-338.659 -637.095 27.621 -84.5123
-343.65 -643.305 27.6315 -83.9874
-348.624 -649.516 27.5941 -83.7791
-353.587 -655.736 27.6149 -84.3734
-358.533 -661.959 27.5098 -84.5656
-363.475 -668.19 27.4199 -84.5153
-368.419 -674.432 27.4113 -85.2301
-373.374 -680.666 27.4246 -85.2047
-378.337 -686.894 27.5254 -85.7064
-383.305 -693.116 27.5221 -85.5587
-388.265 -699.346 27.5309 -85.1674
-393.217 -705.583 27.6 -86.4069
-398.161 -711.824 27.6073 -87.0377
-403.067 -718.063 27.5938 -87.7672
-407.958 -724.316 27.5436 -87.7849
-412.829 -730.589 27.5552 -88.0934
-417.694 -736.856 27.6139 -88.6371
-422.551 -743.142 27.6238 -88.4197
-427.413 -749.421 27.6638 -88.517
-432.271 -755.711 27.7167 -88.1296
-437.112 -762.018 27.696 -88.2113
-441.935 -768.347 27.8026 -88.4841
-446.741 -774.69 27.7679 -88.0299
-451.529 -781.038 27.7871 -88.108
-456.304 -787.387 27.8076 -87.9119
-461.082 -793.71 27.8029 -87.5524
-465.863 -800.012 27.8345 -87.5685
-470.637 -806.299 27.8344 -87.0846
-475.413 -812.591 27.9915 -88.1998
-480.175 -818.895 28.0243 -88.7142
-484.918 -825.23 28.0919 -88.39
-489.632 -831.591 28.1046 -88.558
-494.345 -837.986 28.0508 -87.8252
-499.056 -844.404 28.0416 -87.6761
-503.767 -850.821 28.0669 -88.2195
-508.487 -857.262 28.137 -88.2877
-513.214 -863.71 28.137 -89.2234
-517.922 -870.157 27.9894 -88.8109
-522.608 -876.589 28.0547 -89.1061
-527.248 -883.032 27.9388 -88.4291
-531.831 -889.471 27.9341 -88.0123
-536.37 -895.895 27.8708 -88.3083
-540.866 -902.308 27.9843 -88.2738
-545.332 -908.727 27.9806 -89.0929
-549.773 -915.123 27.8826 -88.965
-554.202 -921.544 28.0845 -89.5631
-558.595 -927.945 28.6887 -90.6818
-562.996 -934.354 27.4347 -91.0792
-567.397 -940.772 27.3107 -91.5186
-571.786 -947.205 27.7939 -92.9033
-576.166 -953.66 27.7537 -93.3848
-580.526 -960.138 27.9668 -93.8802
-584.874 -966.637 28.5793 -95.6603
-589.204 -973.125 28.5763 -96.3217
-593.533 -979.625 28.5646 -96.7106
-597.869 -986.127 28.415 -95.9902
-602.212 -992.63 28.4058 -96.6901
-606.537 -999.138 28.4128 -97.3419
-610.84 -1005.64 28.4771 -97.8425
-615.119 -1012.14 28.3047 -99.7119
-619.381 -1018.62 28.9396 -100.52
-623.631 -1025.07 28.6714 -101.208
-627.857 -1031.51 28.475 -101.384
-632.024 -1037.94 28.6569 -100.992
-636.185 -1044.37 28.6073 -100.451
-640.317 -1050.8 28.3408 -100.793
-644.417 -1057.23 28.8822 -101.961
-648.492 -1063.67 28.8413 -103.303
-652.535 -1070.11 28.5153 -102.389
-656.59 -1076.55 28.6748 -102.509
-660.639 -1082.99 28.4652 -103.228
-664.669 -1089.41 28.4326 -102.09
-668.678 -1095.88 28.4229 -101.853
-672.673 -1102.35 28.7195 -103.515
-676.637 -1108.83 28.8108 -103.87
-680.587 -1115.33 28.9568 -104.295
-684.512 -1121.84 29.5562 -105.311
-688.439 -1128.38 29.238 -106.315
-692.35 -1134.95 29.4413 -106.185
-696.255 -1141.54 29.4567 -106.544
-700.149 -1148.16 29.6725 -106.569
-704.041 -1154.8 29.269 -106.536
-707.936 -1161.45 29.48 -106.03
-711.844 -1168.11 29.355 -106.13
-715.768 -1174.79 29.272 -106.548
-719.711 -1181.52 29.2054 -106.725
-723.659 -1188.27 29.5583 -106.145
-727.62 -1195.05 29.5052 -106.482
-731.582 -1201.87 29.4905 -106.373
-735.534 -1208.71 29.1182 -105.523
-739.476 -1215.58 29.3124 -104.829
-743.415 -1222.48 29.5132 -105.448
-747.328 -1229.42 29.7129 -106.679
-751.227 -1236.41 29.6495 -106.148
-755.12 -1243.42 29.3745 -106.264
-759.014 -1250.48 29.5398 -106.958
-762.911 -1257.58 29.6711 -106.437
-766.807 -1264.72 29.7344 -108.216
-770.693 -1271.87 29.7708 -106.901
-774.582 -1279.07 29.7725 -106.129
-778.462 -1286.29 29.8447 -106.653
-782.328 -1293.51 29.6051 -108.366
-786.182 -1300.74 30.0586 -110.24
-790.017 -1307.97 29.9556 -112.754
-793.844 -1315.21 30.4552 -114.281
-797.648 -1322.45 30.6078 -118.179
-801.429 -1329.71 30.8152 -120.551
-805.211 -1336.96 30.4752 -120.531
-808.974 -1344.21 30.225 -120.934
-812.734 -1351.48 29.5496 -120.627
-816.481 -1358.74 28.0398 -121.164
-820.197 -1365.98 27.7095 -121.879
-823.893 -1373.21 27.5166 -122.596
-827.566 -1380.42 27.3232 -122.652
-831.216 -1387.65 27.1877 -123.054
-834.847 -1394.88 27.0535 -122.719
-838.459 -1402.12 26.915 -122.247
-842.049 -1409.34 26.849 -122.387
-845.603 -1416.55 26.7734 -122.264
-849.132 -1423.74 26.6554 -121.868
-852.643 -1430.94 26.6127 -121.945
-856.139 -1438.13 26.6101 -122.296
-859.618 -1445.33 26.6571 -123.047
-863.071 -1452.51 26.6611 -122.633
-866.49 -1459.67 26.726 -122.665
-869.886 -1466.81 26.7886 -122.491
-873.257 -1473.92 27.2427 -123.176
-876.593 -1481.0 27.7614 -122.937
-879.897 -1488.04 27.8892 -121.845
-883.175 -1495.04 28.0286 -122.388
-886.427 -1502.0 28.1309 -122.664
-889.652 -1508.91 28.1543 -122.862
-892.849 -1515.8 27.0072 -122.048
-896.019 -1522.68 27.1182 -124.42
-899.162 -1529.52 27.2174 -127.004
-902.274 -1536.34 26.9125 -130.645
-905.358 -1543.13 27.2546 -135.47
-908.407 -1549.88 27.3661 -140.014
-911.427 -1556.61 27.2202 -144.624
-914.426 -1563.29 26.6794 -143.754
-917.422 -1569.92 25.3813 -144.481
-920.429 -1576.53 25.4985 -145.668
-923.439 -1583.11 25.0267 -147.588
-926.457 -1589.66 24.5142 -147.734
-929.503 -1596.16 24.4746 -150.418
-932.581 -1602.59 24.3574 -151.403
-935.699 -1608.97 24.4667 -150.587
-938.849 -1615.28 24.2719 -153.184
-942.017 -1621.51 24.5574 -152.552
-945.195 -1627.69 24.481 -152.468
-948.357 -1633.82 24.6031 -152.924
-951.509 -1639.9 24.8953 -152.936
-954.636 -1645.93 24.811 -153.664
-957.723 -1651.93 24.6244 -153.84
-960.745 -1657.89 24.6416 -153.859
-963.714 -1663.84 24.6212 -154.545
-966.61 -1669.81 24.6782 -154.138
-969.464 -1675.78 23.3621 -153.9
-972.264 -1681.72 23.6826 -153.644
-975.06 -1687.66 22.6646 -154.168
-977.834 -1693.55 21.6799 -154.323
-980.599 -1699.42 21.5527 -153.958
-983.335 -1705.26 21.0145 -154.57
-986.044 -1711.08 21.0894 -155.118
-988.714 -1716.88 21.1239 -155.256
-991.337 -1722.68 21.8315 -154.521
-993.918 -1728.44 20.7037 -155.876
-996.458 -1734.16 20.3884 -157.202
-998.953 -1739.78 20.584 -157.761
-1001.4 -1745.31 20.7135 -157.453
-1003.79 -1750.78 21.1416 -157.603
-1006.16 -1756.19 21.7227 -157.652
-1008.54 -1761.51 21.944 -158.864
-1010.91 -1766.72 22.3052 -159.392
-1013.24 -1771.79 22.5809 -159.038
-1015.55 -1776.73 22.8989 -159.083
-1017.84 -1781.54 23.1907 -159.418
-1020.1 -1786.18 23.1105 -159.234
-1022.36 -1790.64 22.376 -160.335
-1024.67 -1794.92 22.9302 -160.429
-1027.1 -1798.99 22.6154 -161.085
-1029.7 -1802.85 22.6913 -160.198
-1032.48 -1806.51 21.998 -161.029
-1035.47 -1809.96 20.798 -161.717
-1038.63 -1813.13 21.0231 -163.425
-1042.06 -1816.08 20.5055 -165.47
-1045.69 -1818.74 18.496 -166.626
-1049.52 -1821.1 17.1655 -166.828
-1053.52 -1823.12 16.6516 -167.382
-1057.67 -1824.8 16.0872 -169.485
-1061.93 -1826.1 15.829 -169.433
-1066.3 -1827.05 16.266 -168.553
-1070.73 -1827.64 16.3538 -168.864
-1075.15 -1827.81 15.799 -170.497
-1079.64 -1827.7 15.6689 -170.194
-1084.11 -1827.23 15.6689 -170.194
-1088.57 -1826.41 15.6689 -170.194
-1092.95 -1825.21 15.6689 -170.194
-1097.24 -1823.64 15.6689 -170.194
-1101.36 -1821.68 15.6689 -170.194
-1105.31 -1819.35 15.6689 -170.194
-1109.03 -1816.69 15.6689 -170.194
-1112.44 -1813.65 15.6689 -170.194
-1115.62 -1810.38 15.6689 -170.194
-1118.51 -1806.82 15.6689 -170.194
-1121.09 -1803.01 15.6689 -170.194
-1123.36 -1798.96 15.6689 -170.194
-1125.32 -1794.7 15.6689 -170.194
-1127.0 -1790.26 15.6689 -170.194
-1128.4 -1785.65 15.6689 -170.194
-1129.54 -1780.92 15.6689 -170.194
-1130.49 -1776.08 15.6689 -170.194
-1131.28 -1771.14 15.6689 -170.194
-1131.95 -1766.11 15.6689 -170.194
-1132.53 -1761.05 15.6689 -170.194
-1133.05 -1755.96 15.6689 -170.194
-1133.52 -1750.86 15.6689 -170.194
-1133.96 -1745.76 15.6689 -170.194
-1134.39 -1740.64 15.6689 -170.194
-1134.8 -1735.52 15.6689 -170.194
-1135.19 -1730.43 15.6689 -170.194
-1135.56 -1725.4 15.6689 -170.194
-1135.89 -1720.43 15.6689 -170.194
-1136.16 -1715.54 15.6689 -170.194
-1136.3 -1710.75 15.6689 -170.194
-1136.25 -1706.08 15.6689 -170.194
-1135.97 -1701.55 15.6689 -170.194
-1135.4 -1697.16 15.6689 -170.194
-1134.47 -1692.83 15.6689 -170.194
-1133.23 -1688.62 15.6689 -170.194
-1131.54 -1684.48 15.6689 -170.194
-1129.52 -1680.64 15.6689 -170.194
-1127.1 -1677.08 15.6689 -170.194
-1124.33 -1673.81 15.6689 -170.194
-1121.23 -1670.88 15.6689 -170.194
-1117.83 -1668.32 15.6689 -170.194
-1114.18 -1666.12 15.6689 -170.194
-1110.32 -1664.27 15.6689 -170.194
-1106.3 -1662.78 15.6689 -170.194
-1102.06 -1661.56 15.6689 -170.194
-1097.8 -1660.88 15.6689 -170.194
-1093.44 -1660.62 15.6689 -170.194
-1089.08 -1660.81 15.6689 -170.194
-1084.74 -1661.42 15.6689 -170.194
-1080.42 -1662.47 15.6689 -170.194
-1076.15 -1663.91 15.6689 -170.194
-1071.93 -1665.69 15.6689 -170.194
-1067.76 -1667.75 15.6689 -170.194
-1063.61 -1670.01 15.6689 -170.194
-1059.46 -1672.45 15.6689 -170.194
-1055.28 -1674.99 15.6689 -170.194
-1051.03 -1677.59 15.6689 -170.194
-1046.74 -1680.26 15.6689 -170.194
