6.07941 0.00664887 0.900024 -0.495605
10.5993 0.04481 1.11932 0.0281982
15.0759 0.10778 2.2113 0.474731
19.5164 0.205848 5.77411 0.576843
23.9087 0.297799 10.2203 0.677429
28.2351 0.388164 14.4596 0.859985
32.4934 0.467863 18.7108 0.926086
36.6397 0.554867 22.8221 1.03699
40.654 0.635159 24.8438 0.812683
44.5029 0.686541 27.8537 0.881531
48.1977 0.700199 31.2803 0.90509
51.7913 0.67597 34.6867 0.802612
55.2811 0.560062 35.3897 0.435242
58.6401 0.304374 37.6317 -0.959473
61.8684 -0.141416 40.7165 -1.8299
64.949 -0.822607 43.0666 -2.54022
67.8562 -1.71945 44.1105 -3.67969
70.5884 -2.83665 46.6136 -4.6261
73.1322 -4.16577 48.7193 -5.41974
75.5014 -5.70743 51.118 -6.33118
77.6271 -7.46976 53.2863 -8.11847
79.5064 -9.42095 56.1855 -11.2103
81.1617 -11.554 58.71 -14.4438
82.6605 -13.8564 60.704 -16.6912
83.906 -16.3519 62.1525 -18.5031
84.8737 -19.0035 63.6581 -20.9346
85.5159 -21.7962 65.1407 -24.0086
85.8388 -24.6634 67.1199 -27.7577
85.9082 -27.5777 68.95 -31.5337
85.8096 -30.5206 71.3608 -36.1257
85.5875 -33.4852 72.9305 -40.2462
85.3328 -36.4741 73.7856 -43.1781
85.0471 -39.4879 75.3005 -46.3743
84.7334 -42.5415 77.0002 -49.9632
84.3962 -45.6239 78.7537 -53.4286
84.038 -48.7426 80.1567 -56.2904
83.6459 -51.9071 81.4008 -59.2972
83.2312 -55.0895 81.4728 -61.1423
82.8319 -58.3122 82.7033 -64.7173
82.4201 -61.5895 83.7547 -68.288
81.9717 -64.903 84.7149 -71.9061
81.5274 -68.2284 85.4824 -75.455
81.1103 -71.6212 86.6025 -78.6472
80.6896 -75.0275 87.211 -82.1624
80.2607 -78.4968 87.4456 -85.4476
79.8408 -81.9887 87.8632 -88.1586
79.4186 -85.4813 88.1058 -90.9642
78.9918 -89.0303 88.503 -94.3599
78.5734 -92.6664 88.6249 -97.8904
78.1715 -96.338 88.3137 -100.787
77.8218 -100.043 87.455 -103.181
77.4504 -103.785 86.3203 -106.085
77.0473 -107.533 84.7593 -108.589
76.6079 -111.239 83.5152 -111.716
76.049 -114.911 82.0588 -114.56
75.3166 -118.541 81.2957 -117.239
74.4473 -122.08 80.5727 -120.147
73.4272 -125.597 78.2499 -125.188
72.2359 -129.015 76.8586 -129.009
70.9045 -132.355 76.1837 -130.961
69.4146 -135.604 75.4913 -132.821
67.7536 -138.81 74.7343 -134.712
65.9118 -141.967 74.1491 -136.354
63.8755 -145.045 73.7835 -137.656
61.6407 -148.036 72.832 -140.651
59.2263 -150.918 72.4333 -142.256
56.6081 -153.688 71.9805 -143.963
53.772 -156.298 71.9487 -143.225
50.7264 -158.756 72.0014 -142.846
47.5606 -161.003 72.0082 -142.908
44.229 -162.973 71.3882 -146.047
40.7888 -164.751 71.0789 -149.682
37.2625 -166.349 71.175 -153.147
33.6581 -167.797 71.6702 -156.697
30.0282 -169.138 72.4496 -160.204
26.3551 -170.362 72.6586 -162.357
22.6727 -171.513 73.0284 -165.827
19.0101 -172.618 73.353 -168.452
15.4012 -173.783 74.5237 -172.032
11.8119 -175.061 75.0107 -176.642
8.27014 -176.4 76.7735 -182.267
4.7515 -177.861 78.9234 -186.968
1.2863 -179.498 80.5478 -190.545
-2.08345 -181.288 82.0037 -193.447
-5.31267 -183.206 83.8091 -197.103
-8.39702 -185.272 85.0361 -199.796
-11.3224 -187.524 86.924 -203.591
-14.0031 -189.943 88.7392 -207.284
-16.4366 -192.559 90.2128 -210.153
-18.6443 -195.323 91.9915 -213.689
-20.6057 -198.214 93.8661 -217.317
-22.2634 -201.311 95.7708 -220.602
-23.6192 -204.529 98.4575 -225.4
-24.6144 -207.905 101.243 -230.276
-25.2291 -211.336 103.371 -234.328
-25.4606 -214.798 105.431 -238.575
-25.3195 -218.271 106.632 -242.083
-24.8474 -221.723 107.873 -244.097
-24.0686 -225.163 110.08 -246.185
-22.9704 -228.539 111.151 -246.456
-21.5549 -231.818 111.658 -246.987
-19.8355 -234.979 111.802 -247.419
-17.8278 -238.016 112.173 -249.106
-15.5848 -240.914 112.331 -249.435
-13.1589 -243.698 112.52 -250.123
-10.5186 -246.324 112.561 -249.696
-7.72309 -248.811 112.74 -250.389
-4.75083 -251.159 113.109 -250.586
-1.62979 -253.382 113.243 -250.633
1.62872 -255.497 113.29 -250.813
4.98932 -257.54 113.031 -250.645
8.41091 -259.554 112.74 -250.566
11.883 -261.532 112.438 -250.97
15.3951 -263.468 111.892 -251.516
18.917 -265.374 111.374 -253.28
22.4411 -267.266 111.181 -256.504
25.9592 -269.162 110.893 -259.738
29.5258 -270.976 110.558 -262.953
33.1201 -272.843 110.081 -266.129
36.6943 -274.772 109.404 -270.237
40.2589 -276.68 108.87 -275.008
43.8693 -278.641 108.761 -278.525
47.5169 -280.538 109.112 -281.71
51.1508 -282.375 110.039 -284.722
54.7116 -284.167 111.014 -286.779
58.2246 -285.94 112.166 -289.031
61.6848 -287.629 114.058 -290.477
65.0785 -289.248 116.242 -291.643
68.3854 -290.816 117.466 -293.406
71.634 -292.408 119.522 -294.673
74.7982 -294.13 122.027 -296.184
77.887 -295.971 124.456 -297.283
80.8724 -297.947 127.161 -297.939
83.6885 -300.113 127.57 -297.864
86.2844 -302.463 130.305 -298.759
88.62 -304.988 133.022 -299.483
90.6456 -307.705 136.163 -300.116
92.3417 -310.567 136.555 -300.62
93.7043 -313.549 139.429 -300.91
94.7333 -316.637 142.422 -300.969
95.4223 -319.795 145.554 -300.825
95.8114 -323.038 147.078 -300.417
95.8511 -326.29 149.436 -300.498
95.5237 -329.44 149.147 -299.998
94.8117 -332.691 148.308 -299.944
93.8008 -335.719 152.031 -300.154
92.4881 -338.557 153.64 -299.977
90.9184 -341.251 154.567 -300.443
89.0164 -343.805 154.169 -300.677
86.7917 -346.174 156.154 -300.627
84.1882 -348.26 159.917 -300.626
81.3612 -350.027 163.656 -300.608
78.4074 -351.45 167.393 -300.6
75.3875 -352.529 171.095 -300.615
72.2439 -353.354 173.953 -299.543
69.0295 -354.038 177.862 -299.216
65.8108 -354.673 181.195 -299.065
62.5883 -355.21 185.164 -299.063
59.3878 -355.632 188.699 -298.741
56.259 -355.981 191.605 -298.677
53.2004 -356.312 194.075 -298.342
50.2541 -356.643 196.41 -298.383
47.4713 -357.147 200.128 -298.193
44.9389 -357.77 203.668 -298.002
42.6479 -358.587 207.493 -297.913
40.5858 -359.688 209.136 -298.11
38.8272 -361.095 212.842 -298.023
37.4053 -362.759 216.659 -298.036
36.3039 -364.588 220.1 -298.077
35.5499 -366.828 223.115 -298.256
35.1265 -369.39 223.057 -298.206
35.0567 -372.055 226.178 -298.297
35.2906 -374.838 229.992 -298.499
35.8176 -377.631 233.718 -298.761
36.6141 -380.381 236.373 -298.928
37.6771 -383.095 240.263 -299.284
38.9769 -385.712 242.563 -299.545
40.5565 -388.175 242.769 -299.569
42.44 -390.437 246.758 -300.216
44.5757 -392.465 250.62 -300.944
46.8836 -394.271 254.46 -301.759
49.2827 -395.919 258.229 -302.581
51.7576 -397.415 259.944 -302.632
54.3055 -398.746 259.639 -302.932
56.937 -399.918 259.823 -302.745
59.6363 -400.877 259.429 -302.199
62.43 -401.618 262.488 -302.759
65.2972 -402.129 266.064 -303.42
68.2463 -402.404 269.541 -304.092
71.2852 -402.483 273.099 -304.745
74.4039 -402.408 276.442 -305.28
77.6211 -402.311 279.957 -305.887
80.9092 -402.177 282.997 -306.569
84.2996 -402.028 285.977 -307.586
87.7536 -401.867 289.224 -308.648
91.3107 -401.633 292.973 -309.954
94.9645 -401.364 296.118 -311.299
98.684 -401.063 299.655 -312.635
102.458 -400.718 302.843 -313.599
106.24 -400.356 306.598 -314.954
109.993 -399.945 309.669 -316.367
113.741 -399.476 309.264 -316.417
117.463 -398.967 310.08 -316.639
121.154 -398.415 309.718 -316.604
124.844 -397.823 310.069 -316.927
128.545 -397.215 309.488 -316.676
132.24 -396.63 311.493 -317.424
135.892 -396.01 312.89 -317.944
139.484 -395.412 316.425 -319.206
143.084 -394.847 319.832 -320.441
146.685 -394.305 323.177 -321.652
150.3 -393.792 323.841 -322.097
153.935 -393.29 326.107 -322.917
157.578 -392.8 329.043 -323.981
161.234 -392.31 331.944 -325.076
164.904 -391.829 334.645 -326.142
168.586 -391.352 337.191 -327.169
172.272 -390.884 340.343 -328.461
175.978 -390.417 343.297 -329.775
179.676 -389.96 346.047 -330.873
183.387 -389.516 349.043 -332.069
187.155 -389.119 351.245 -332.932
190.939 -388.793 353.35 -333.628
194.721 -388.529 355.57 -334.07
198.516 -388.337 358.209 -334.018
202.318 -388.209 360.497 -333.51
206.115 -388.155 362.681 -332.565
209.926 -388.179 364.845 -331.211
213.735 -388.259 367.423 -328.917
217.548 -388.387 369.524 -326.9
221.371 -388.603 371.65 -324.821
225.205 -388.881 373.87 -322.615
229.043 -389.239 376.921 -319.609
232.882 -389.673 379.486 -317.119
236.742 -390.175 382.108 -314.524
240.619 -390.72 384.804 -311.892
244.486 -391.348 388.242 -308.596
248.379 -392.061 390.962 -306.001
252.307 -392.661 393.235 -303.843
256.243 -393.5 394.251 -302.916
260.14 -394.474 396.089 -301.07
264.012 -395.594 396.44 -300.732
267.818 -396.784 398.297 -298.943
271.542 -398.022 400.079 -297.236
275.204 -399.361 401.78 -295.581
278.821 -400.731 403.463 -293.997
282.436 -402.141 404.154 -293.356
286.018 -403.594 405.538 -292.058
289.538 -405.029 406.832 -290.831
293.008 -406.455 407.981 -289.779
296.417 -407.866 409.785 -288.037
299.766 -409.245 411.051 -286.536
303.062 -410.617 412.062 -284.92
306.34 -411.993 412.679 -283.156
309.608 -413.37 412.828 -280.587
312.922 -414.741 412.348 -278.334
316.288 -416.074 411.319 -276.163
319.686 -417.411 409.779 -273.998
323.089 -418.857 407.295 -271.278
326.495 -420.476 405.02 -269.131
329.918 -422.222 402.66 -267.068
333.348 -424.097 400.174 -265.106
336.793 -426.05 397.547 -263.222
340.191 -428.071 394.244 -261.135
343.537 -430.129 391.527 -259.641
346.837 -432.186 388.777 -258.312
350.137 -434.247 386.027 -257.137
353.456 -436.348 382.53 -255.891
356.783 -438.434 379.547 -254.963
360.13 -440.558 376.482 -254.159
363.473 -442.628 373.305 -253.425
366.82 -444.704 369.321 -252.622
370.16 -446.759 366.21 -252.068
373.508 -448.775 362.831 -251.516
376.861 -450.761 359.551 -251.054
380.183 -452.74 355.496 -250.556
383.483 -454.748 352.281 -250.246
386.769 -456.868 349.858 -250.018
390.053 -458.921 346.796 -249.752
393.274 -461.076 343.212 -249.453
396.422 -463.2 340.677 -249.21
399.398 -465.258 338.196 -248.972
402.311 -467.313 335.695 -248.707
405.167 -469.324 332.591 -248.369
407.972 -471.318 329.959 -248.048
410.686 -473.349 327.207 -247.731
413.382 -475.304 324.367 -247.38
416.004 -477.228 320.653 -246.842
418.555 -479.129 317.528 -246.332
421.025 -480.989 314.334 -245.841
423.367 -482.788 311.079 -245.32
425.557 -484.526 306.897 -244.631
427.581 -486.157 303.389 -243.99
429.498 -487.703 299.878 -243.299
431.332 -489.178 296.979 -242.665
433.053 -490.549 294.402 -242.05
434.657 -491.769 291.633 -241.428
436.147 -492.877 287.834 -240.543
437.555 -493.937 285.396 -239.99
438.98 -494.921 282.626 -239.336
440.449 -495.765 280.04 -238.616
441.993 -496.393 277.31 -237.807
443.598 -496.763 274.146 -236.903
445.221 -496.888 269.2 -235.405
446.996 -496.743 265.245 -234.212
448.813 -496.408 261.198 -232.942
450.663 -495.818 257.364 -231.68
452.496 -495.028 252.791 -230.074
454.336 -494.051 249.366 -228.819
456.227 -492.993 245.872 -227.495
458.188 -491.893 242.542 -226.242
460.21 -490.753 239.364 -225.066
462.284 -489.581 235.754 -223.712
464.466 -488.365 233.185 -222.646
466.762 -487.102 230.829 -221.526
469.134 -485.809 228.767 -220.36
471.563 -484.486 226.537 -218.663
474.023 -483.147 225.114 -217.062
476.503 -481.79 223.91 -214.513
479.025 -480.421 223.566 -212.947
481.565 -479.056 223.685 -210.308
484.085 -477.68 224.324 -207.826
486.641 -476.265 225.211 -205.425
489.214 -474.858 226.327 -202.781
491.781 -473.426 227.67 -199.266
494.358 -471.982 228.612 -196.312
496.875 -470.565 229.495 -192.894
499.297 -469.203 229.778 -190.844
501.67 -467.867 229.959 -188.43
503.944 -466.582 229.979 -185.861
506.081 -465.373 230.055 -183.492
508.066 -464.254 229.576 -179.935
509.899 -463.232 229.026 -176.381
511.666 -462.26 228.363 -172.724
513.398 -461.308 227.564 -169.014
515.058 -460.403 226.853 -165.363
516.619 -459.552 226.238 -161.493
518.037 -458.789 225.469 -157.267
519.336 -458.077 225.054 -153.688
520.582 -457.324 224.856 -150.11
521.748 -456.462 224.888 -145.9
522.795 -455.463 225.093 -142.801
523.592 -454.317 225.432 -139.76
524.175 -453.027 225.813 -137.451
524.592 -451.505 226.542 -134.345
524.718 -449.835 227.396 -131.567
524.563 -448.083 228.258 -129.225
524.067 -446.256 229.339 -126.683
523.3 -444.348 230.642 -124.02
522.36 -442.392 231.948 -121.818
521.227 -440.406 233.4 -119.544
519.955 -438.401 234.979 -117.368
518.634 -436.415 235.784 -116.395
517.234 -434.501 236.559 -115.361
515.782 -432.627 236.237 -115.729
514.256 -430.807 235.862 -116.393
512.654 -429.087 236.701 -115.703
510.996 -427.438 239.038 -113.198
509.308 -425.873 241.474 -110.849
507.578 -424.415 243.731 -108.825
505.798 -423.027 245.216 -107.552
503.994 -421.723 247.599 -105.612
502.126 -420.486 250.336 -103.48
500.198 -419.312 251.793 -102.875
498.209 -418.179 253.3 -101.806
496.165 -417.07 256.322 -99.7081
494.061 -415.986 258.99 -97.9136
491.879 -414.957 260.614 -96.6675
489.66 -413.949 263.721 -94.5491
487.43 -412.961 266.825 -92.457
485.172 -411.973 269.96 -90.3303
482.901 -411.009 273.197 -88.216
480.604 -410.08 277.051 -85.5745
478.299 -409.187 280.69 -83.1166
476.007 -408.316 283.16 -81.4337
473.72 -407.466 283.531 -81.3008
471.434 -406.645 286.617 -79.2706
469.178 -405.842 289.714 -77.2345
467.0 -405.068 291.364 -76.068
464.943 -404.345 294.518 -73.7445
463.027 -403.658 295.044 -73.2251
461.253 -402.988 298.003 -71.2334
459.487 -402.353 300.897 -69.2257
457.723 -401.73 303.769 -67.2438
455.955 -401.087 306.593 -65.2425
454.181 -400.427 309.021 -63.5587
452.376 -399.78 311.203 -61.7947
450.492 -399.095 313.201 -60.4375
448.569 -398.369 316.225 -58.4043
446.573 -397.536 318.37 -57.1359
444.516 -396.693 321.218 -55.4503
442.405 -395.819 323.747 -54.1274
440.235 -394.907 326.612 -52.9569
437.999 -393.977 328.362 -52.3945
435.742 -393.018 331.175 -51.0779
433.458 -392.025 332.84 -50.5853
431.122 -390.997 335.108 -49.6638
428.729 -389.92 337.821 -48.212
426.284 -388.794 339.602 -47.4172
423.807 -387.602 342.035 -46.0151
421.322 -386.37 344.807 -44.6849
418.805 -385.11 347.596 -43.4991
416.271 -383.813 350.48 -42.4879
413.734 -382.48 353.061 -41.7669
411.173 -381.14 356.358 -40.9896
408.609 -379.765 359.196 -40.4326
406.027 -378.356 362.239 -40.0101
403.443 -376.922 365.306 -39.7789
400.863 -375.444 368.09 -39.7487
398.272 -373.918 370.728 -39.7955
395.687 -372.351 373.659 -40.1274
393.099 -370.745 376.352 -40.4015
390.507 -369.116 377.947 -40.5438
387.952 -367.466 379.208 -40.2653
385.402 -365.799 382.772 -40.6344
382.821 -364.125 386.278 -40.9827
380.247 -362.42 389.763 -41.3123
377.709 -360.666 391.255 -41.7645
375.281 -358.895 391.423 -42.3434
372.944 -357.177 394.238 -42.6991
370.668 -355.48 397.427 -42.6838
368.42 -353.782 400.297 -42.6273
366.215 -352.11 402.5 -42.627
364.075 -350.487 405.071 -42.5804
362.0 -348.94 407.85 -42.5229
360.018 -347.502 410.771 -42.5182
358.155 -346.143 413.899 -42.5646
356.457 -344.839 415.897 -42.5942
354.917 -343.565 418.089 -42.6638
353.479 -342.292 419.761 -42.6549
352.191 -341.005 421.405 -42.3678
351.082 -339.691 422.341 -42.0189
350.136 -338.279 423.674 -41.2646
349.451 -336.822 424.697 -40.2943
349.046 -335.258 425.631 -39.0758
348.931 -333.593 426.388 -37.5327
349.156 -331.918 426.979 -35.705
349.593 -330.223 427.403 -33.7272
350.44 -328.662 427.841 -30.0623
351.445 -327.114 427.924 -27.6937
352.641 -325.569 427.896 -25.4142
353.935 -323.978 427.822 -23.367
355.343 -322.313 427.828 -22.7516
356.788 -320.525 427.786 -19.8102
358.153 -318.597 427.745 -18.7776
359.408 -316.541 427.727 -18.8068
360.518 -314.362 427.715 -18.7054
361.473 -312.088 427.774 -18.1984
362.251 -309.711 427.754 -18.0594
362.838 -307.235 427.823 -17.6519
363.257 -304.694 427.876 -17.293
363.494 -302.075 427.859 -17.3561
363.562 -299.43 427.821 -16.422
363.487 -296.724 427.927 -16.9554
363.318 -293.96 427.967 -17.1447
363.096 -291.172 427.958 -17.0862
362.857 -288.366 428.013 -16.9799
362.583 -285.549 428.046 -17.2307
362.273 -282.767 428.058 -17.1813
362.013 -280.0 428.06 -17.2812
361.786 -277.259 428.05 -16.7911
361.603 -274.542 428.011 -15.8459
361.489 -271.837 427.998 -15.5213
361.458 -269.134 428.004 -15.8014
361.538 -266.427 427.969 -15.4119
361.762 -263.73 427.919 -15.0312
362.109 -261.044 427.893 -15.2468
362.576 -258.353 427.855 -15.0858
363.182 -255.686 427.752 -14.9894
363.918 -253.046 427.647 -15.0323
364.821 -250.412 427.572 -14.9725
365.879 -247.814 427.514 -14.809
367.093 -245.252 427.508 -14.3805
368.473 -242.722 427.549 -14.4111
370.044 -240.268 427.556 -14.0459
371.758 -237.931 427.538 -13.8328
373.619 -235.701 427.52 -14.1492
375.586 -233.589 427.461 -14.2285
377.678 -231.564 427.454 -14.9988
379.887 -229.656 427.348 -14.9745
382.19 -227.871 427.288 -15.2526
384.605 -226.231 427.365 -15.6354
387.13 -224.762 427.408 -15.6237
389.76 -223.446 427.62 -16.6632
392.511 -222.287 427.687 -16.0817
395.38 -221.303 427.75 -16.8079
398.349 -220.481 427.735 -16.3646
401.417 -219.837 427.66 -15.3062
404.635 -219.356 427.657 -15.3014
407.942 -219.056 427.69 -15.2303
411.297 -218.937 427.734 -14.6595
414.695 -219.003 427.685 -12.3895
418.104 -219.232 427.586 -10.3657
421.527 -219.57 427.405 -8.4245
424.968 -219.98 427.085 -6.67822
428.387 -220.489 426.387 -4.6618
431.841 -221.059 425.32 -2.52557
435.326 -221.636 423.664 -0.865234
438.836 -222.245 421.085 0.641235
442.378 -222.891 418.943 1.05066
445.968 -223.543 415.978 1.43079
449.606 -224.197 413.203 1.27997
453.276 -224.87 409.429 0.54425
456.975 -225.55 407.072 -0.170593
460.668 -226.251 404.578 -0.893066
464.366 -226.993 402.146 -1.66614
468.06 -227.74 399.34 -2.52283
471.758 -228.502 399.067 -2.29333
475.444 -229.263 397.714 -3.04608
479.122 -230.005 394.421 -3.86145
482.792 -230.747 391.156 -4.6629
486.453 -231.505 387.759 -5.49988
490.102 -232.263 384.412 -6.33899
493.749 -233.024 381.642 -7.03143
497.379 -233.808 380.705 -7.43164
501.02 -234.586 377.655 -8.12366
504.621 -235.372 374.028 -8.83624
508.216 -236.176 370.292 -9.52795
511.793 -236.965 367.393 -9.9129
515.342 -237.735 366.466 -9.67413
518.883 -238.508 366.297 -9.50714
522.4 -239.263 364.694 -9.96661
525.905 -239.984 365.401 -9.72864
529.39 -240.66 365.436 -9.56189
532.839 -241.316 361.532 -10.2684
536.275 -241.949 357.657 -11.0182
539.683 -242.568 353.706 -11.7864
543.057 -243.21 349.779 -12.5942
546.414 -243.874 345.852 -13.465
549.731 -244.53 344.286 -13.9218
553.012 -245.216 341.56 -14.5164
556.27 -245.92 339.691 -14.488
559.477 -246.651 337.59 -14.9709
562.654 -247.42 334.425 -15.5487
565.792 -248.231 331.99 -15.6315
568.859 -249.097 330.389 -15.9635
571.885 -250.042 328.668 -16.4251
574.862 -251.03 327.904 -16.6649
577.787 -252.077 327.695 -16.6404
580.683 -253.161 327.898 -16.5656
583.591 -254.267 324.194 -17.2311
586.519 -255.369 320.49 -17.8391
589.439 -256.436 316.762 -18.4937
592.394 -257.477 313.02 -19.1357
595.315 -258.479 309.448 -19.7231
598.277 -259.476 305.844 -20.2826
601.204 -260.46 303.05 -20.699
604.108 -261.468 300.513 -21.0533
606.967 -262.544 298.144 -21.3536
609.772 -263.733 295.823 -21.6849
612.505 -265.053 294.025 -21.8993
615.147 -266.516 290.086 -22.4792
617.731 -268.145 286.13 -23.0433
620.254 -269.933 282.179 -23.6121
622.685 -271.874 278.194 -24.1908
625.021 -273.939 274.407 -24.748
627.239 -276.112 272.935 -24.9632
629.315 -278.399 271.62 -25.1047
631.24 -280.789 269.023 -25.6486
633.003 -283.304 267.962 -25.7576
634.639 -285.956 267.816 -25.8273
636.189 -288.709 267.74 -26.0363
637.636 -291.584 265.918 -26.1229
639.007 -294.589 263.274 -26.5507
640.337 -297.685 259.254 -27.1194
641.634 -300.899 255.271 -27.653
642.921 -304.169 251.28 -28.1587
644.185 -307.459 247.074 -28.7666
645.432 -310.782 245.691 -28.9865
646.648 -314.113 241.694 -29.4438
647.864 -317.451 237.718 -29.8951
649.106 -320.755 234.45 -30.0618
650.403 -324.028 234.178 -29.9554
651.782 -327.228 234.341 -30.0385
653.228 -330.381 230.366 -30.5814
654.694 -333.452 228.589 -30.8143
656.138 -336.342 227.144 -30.8128
657.57 -339.087 226.754 -30.758
658.988 -341.71 225.792 -30.6001
660.352 -344.21 225.565 -30.1754
661.644 -346.565 223.593 -30.1224
662.876 -348.795 219.701 -30.3209
664.04 -350.924 215.857 -30.6312
665.106 -352.921 211.983 -30.9608
666.045 -354.756 208.146 -31.3458
666.848 -356.396 205.851 -31.5239
667.543 -357.845 203.461 -31.8179
668.126 -359.076 199.724 -32.3107
668.607 -360.108 196.055 -32.7612
669.0 -360.944 192.428 -33.2804
669.361 -361.708 190.228 -33.5797
669.752 -362.44 186.852 -34.0934
670.219 -363.112 183.543 -34.5765
670.833 -363.779 180.27 -35.0986
671.664 -364.445 177.462 -35.5719
672.612 -364.986 175.408 -36.0284
673.938 -365.438 172.651 -36.8664
675.544 -365.713 169.826 -37.7545
677.317 -365.687 167.407 -39.1997
679.2 -365.415 167.332 -39.9906
681.164 -364.905 164.99 -40.8224
683.214 -364.213 162.846 -41.939
685.31 -363.259 159.635 -43.6182
687.487 -362.089 156.584 -45.4889
689.76 -360.809 154.691 -46.7821
692.14 -359.459 152.547 -48.3872
694.658 -358.03 150.407 -50.3376
697.301 -356.534 148.225 -52.5402
700.041 -354.981 146.565 -54.7584
702.883 -353.361 145.617 -56.1566
705.805 -351.697 144.582 -57.6439
708.813 -349.992 142.851 -60.2767
711.876 -348.258 141.502 -62.6678
715.002 -346.453 139.773 -65.7
718.206 -344.633 138.093 -68.6507
721.482 -342.77 136.249 -71.7396
724.807 -340.889 134.479 -74.2261
728.196 -338.981 132.838 -76.7045
731.641 -337.051 130.772 -79.681
735.136 -335.085 129.307 -82.1221
738.687 -333.111 127.785 -84.6635
742.298 -331.125 126.116 -86.7681
745.89 -329.139 124.029 -89.3255
749.425 -327.17 121.786 -91.7141
752.91 -325.237 119.948 -93.5159
756.375 -323.313 118.755 -94.6871
759.865 -321.362 117.511 -96.1957
763.327 -319.384 115.45 -97.7451
766.767 -317.46 113.525 -99.097
770.202 -315.543 111.143 -100.515
773.64 -313.597 109.358 -101.159
777.076 -311.609 111.321 -101.55
780.506 -309.559 109.784 -102.077
783.911 -307.384 108.197 -102.452
787.29 -305.086 107.759 -103.364
790.604 -302.674 107.784 -104.666
793.848 -300.106 105.655 -104.389
796.985 -297.45 103.257 -103.961
800.076 -294.711 100.661 -103.454
803.151 -291.917 98.404 -102.825
806.166 -289.067 95.9365 -102.292
809.133 -286.135 95.6129 -102.019
812.01 -283.098 95.6017 -102.111
814.774 -279.994 95.6161 -102.369
817.415 -276.799 95.7442 -102.474
819.928 -273.561 93.8865 -102.486
822.306 -270.293 90.5788 -102.347
824.54 -267.032 87.5159 -102.314
826.673 -263.781 84.6118 -102.419
828.738 -260.538 81.8979 -102.451
830.711 -257.359 78.5742 -102.431
832.582 -254.229 75.5566 -102.142
834.371 -251.146 72.8104 -101.743
835.963 -247.895 70.2642 -100.572
837.43 -244.592 68.0549 -98.9337
838.868 -241.553 66.3688 -96.891
840.227 -238.72 65.2319 -94.4178
841.517 -236.114 64.4409 -90.8549
842.743 -233.69 64.0746 -87.7593
843.904 -231.473 63.6671 -84.4647
844.989 -229.432 63.0475 -80.966
845.93 -227.548 62.0722 -76.6833
846.716 -225.735 60.8261 -72.8589
847.296 -223.977 59.5458 -69.5623
847.661 -222.29 58.494 -67.0009
847.783 -220.55 57.2806 -64.4833
847.608 -218.766 55.9637 -61.4628
847.059 -217.074 54.5102 -58.231
846.188 -215.482 53.1078 -55.17
844.993 -214.043 51.9483 -52.5615
843.539 -212.765 52.0013 -52.6495
841.834 -211.617 50.5936 -49.6678
840.01 -210.614 49.3182 -46.722
837.968 -209.736 48.062 -43.8132
835.741 -208.914 46.8652 -41.1532
833.417 -208.173 45.8596 -38.1895
830.901 -207.446 45.3398 -35.4622
828.29 -206.725 44.6296 -32.9142
825.584 -205.987 43.9119 -29.8262
822.787 -205.24 43.3649 -26.7355
819.905 -204.47 43.0099 -23.5569
816.955 -203.702 42.6522 -19.7215
813.926 -202.925 42.4868 -14.4541
810.808 -202.116 42.5182 -10.9333
807.612 -201.277 41.7318 -9.07404
804.357 -200.421 42.4251 -6.72913
801.071 -199.546 43.6153 -3.17206
797.74 -198.666 44.0346 -1.85046
794.392 -197.787 44.1506 -0.898254
791.003 -196.92 43.9323 -1.40002
787.583 -196.024 43.9235 -1.16785
784.142 -195.072 43.996 -0.876465
780.677 -194.067 44.4295 -0.0473633
777.197 -193.011 44.1993 -0.220215
773.696 -191.886 45.5327 0.0185547
770.174 -190.705 45.1336 -0.596802
766.613 -189.504 45.3588 0.0408936
763.005 -188.299 45.7475 0.743286
759.343 -187.147 46.0283 1.23499
755.636 -186.064 46.6149 2.38293
751.891 -185.063 46.4785 1.96619
748.118 -184.113 47.5108 3.89746
744.316 -183.21 48.4003 5.37415
740.478 -182.348 49.9345 8.57678
736.632 -181.53 51.5075 11.7801
732.752 -180.734 53.1358 15.1241
728.866 -179.991 53.793 16.7565
724.965 -179.269 55.289 20.0063
721.053 -178.54 56.7562 23.2228
717.123 -177.826 58.1169 26.4811
713.159 -177.134 59.4428 29.8328
709.153 -176.456 60.81 33.511
705.201 -175.794 61.7647 36.3409
701.266 -175.162 62.6895 39.162
697.37 -174.581 63.692 42.1529
693.508 -174.025 64.7847 45.5871
689.708 -173.48 65.8265 49.0068
685.944 -172.946 66.8997 52.3867
682.221 -172.443 68.0674 55.8554
678.527 -171.947 68.6645 57.3078
674.857 -171.452 70.4034 59.7416
671.211 -170.95 71.9026 63.019
667.583 -170.417 73.1288 65.6776
663.946 -169.882 74.9184 67.576
660.295 -169.316 76.8039 70.6025
656.628 -168.734 78.7974 73.0851
652.934 -168.162 80.3568 75.1795
649.235 -167.604 82.243 77.6317
645.519 -167.063 84.6657 79.9827
641.792 -166.532 87.3506 82.4262
638.047 -165.975 89.394 84.1777
634.296 -165.414 91.7508 87.0831
630.523 -164.813 94.034 89.8173
626.718 -164.204 96.199 92.6415
622.888 -163.589 97.9796 94.6442
619.051 -162.987 99.9902 96.9987
615.191 -162.389 101.273 98.244
611.35 -161.811 101.714 98.9294
607.523 -161.189 102.322 99.4536
603.701 -160.55 102.668 99.7578
599.852 -159.921 102.902 100.067
595.971 -159.276 102.807 99.8932
592.062 -158.624 103.08 100.224
588.138 -158.001 103.669 100.936
584.194 -157.369 104.869 102.506
580.235 -156.731 106.209 104.304
576.257 -156.106 108.065 106.793
572.272 -155.494 109.746 109.081
568.283 -154.901 112.002 112.178
564.298 -154.291 114.164 115.137
560.308 -153.685 116.276 118.06
556.338 -153.067 117.829 120.502
552.378 -152.452 119.822 123.422
548.418 -151.782 120.813 125.257
544.468 -151.123 120.359 125.295
540.517 -150.499 122.463 128.16
536.533 -149.927 124.535 130.962
532.552 -149.39 126.68 133.699
528.553 -148.918 128.835 136.225
524.562 -148.417 129.806 137.228
520.573 -147.937 130.983 138.371
516.578 -147.433 132.91 140.634
512.594 -146.909 134.715 142.807
508.607 -146.37 136.799 145.371
504.621 -145.801 138.815 147.956
500.669 -145.222 140.758 150.578
496.709 -144.632 142.194 152.885
492.734 -144.038 143.142 154.127
488.761 -143.458 145.123 156.643
484.77 -142.906 147.003 158.902
480.78 -142.329 148.785 160.877
476.789 -141.77 151.039 163.199
472.783 -141.23 153.149 165.312
468.786 -140.684 155.535 167.91
464.805 -140.153 157.902 170.468
460.861 -139.631 159.576 172.22
456.965 -139.111 161.729 174.722
453.09 -138.601 163.277 176.558
449.26 -138.102 164.699 178.342
445.44 -137.624 167.194 181.137
441.618 -137.181 169.194 183.261
437.787 -136.774 171.803 186.044
433.965 -136.391 174.415 188.715
430.14 -136.03 176.748 191.134
426.314 -135.727 178.833 193.204
422.455 -135.449 179.128 193.378
418.618 -135.188 179.002 193.271
414.741 -134.97 178.912 193.24
410.88 -134.809 178.644 192.987
407.046 -134.704 179.399 193.71
403.257 -134.643 179.224 193.532
399.533 -134.612 179.319 193.611
395.866 -134.6 179.418 193.682
392.268 -134.633 179.537 193.801
388.728 -134.686 179.634 193.873
385.239 -134.777 179.784 193.993
381.809 -134.887 181.388 195.53
378.454 -135.021 183.175 197.252
375.158 -135.195 185.756 199.743
371.959 -135.404 188.341 202.215
368.825 -135.641 189.602 203.545
365.769 -135.953 190.568 204.593
362.813 -136.381 192.007 206.057
359.946 -136.93 191.797 205.858
357.155 -137.595 191.837 205.83
354.38 -138.389 191.997 205.889
351.618 -139.268 193.012 206.85
348.916 -140.219 195.508 208.962
346.292 -141.246 198.073 210.972
343.734 -142.346 200.701 212.844
341.271 -143.536 203.202 214.615
338.882 -144.836 206.597 216.825
336.574 -146.277 209.85 218.848
334.341 -147.889 212.982 220.647
332.182 -149.676 216.373 222.649
330.088 -151.644 218.681 224.097
328.133 -153.775 221.16 226.032
326.33 -156.077 223.219 227.882
324.679 -158.526 225.776 229.261
323.225 -161.147 227.37 229.96
322.007 -163.906 229.549 230.614
321.009 -166.828 231.876 230.845
320.208 -169.843 233.948 230.602
319.544 -172.965 235.245 230.166
318.971 -176.173 236.632 229.514
318.453 -179.462 238.072 228.718
317.921 -182.75 240.056 226.924
317.367 -186.088 242.063 224.97
316.847 -189.504 244.272 222.765
316.319 -192.971 246.496 220.592
315.767 -196.473 249.59 217.56
315.163 -199.977 252.221 214.988
314.499 -203.502 254.992 212.37
313.761 -207.035 256.961 210.568
312.923 -210.554 260.267 207.224
311.99 -214.015 262.856 204.564
310.961 -217.403 265.297 202.021
309.815 -220.682 267.556 199.691
308.536 -223.856 270.299 197.028
307.141 -226.896 272.53 195.213
305.605 -229.818 274.77 193.875
303.949 -232.62 277.137 193.044
302.213 -235.277 279.561 192.812
300.416 -237.779 282.089 193.167
298.573 -240.123 284.677 194.222
296.741 -242.261 287.167 195.784
294.928 -244.199 290.309 198.319
293.164 -245.914 292.079 200.024
291.432 -247.396 293.462 201.343
289.781 -248.637 295.249 203.199
288.19 -249.635 296.512 204.484
286.609 -250.389 297.136 205.21
285.061 -250.926 297.276 205.403
283.459 -251.232 297.561 205.716
281.809 -251.323 297.741 205.964
280.153 -251.116 297.82 206.052
278.491 -250.569 297.96 206.177
276.78 -249.632 298.013 205.955
275.199 -248.391 298.643 206.293
273.694 -246.817 300.026 207.316
272.232 -244.955 302.168 208.918
270.732 -242.909 304.383 210.229
269.098 -240.752 306.69 211.365
267.324 -238.495 309.08 212.271
265.41 -236.156 312.471 213.095
263.358 -233.779 316.69 213.511
261.168 -231.409 319.89 213.344
258.871 -229.033 323.704 212.797
256.48 -226.678 326.585 212.11
253.976 -224.341 327.975 211.608
251.405 -222.031 329.474 211.13
248.831 -219.808 330.925 210.673
246.322 -217.682 334.335 209.689
243.884 -215.682 337.753 208.623
241.516 -213.863 340.02 208.099
239.245 -212.198 343.421 206.943
237.112 -210.646 346.705 205.752
235.195 -209.15 348.878 204.909
233.537 -207.645 351.436 203.542
232.16 -206.116 354.405 202.31
231.055 -204.521 357.13 201.147
230.218 -202.803 358.615 200.685
229.629 -200.919 361.03 199.756
229.413 -198.975 363.591 198.772
229.542 -197.005 366.039 197.726
230.028 -195.061 367.839 196.949
230.87 -193.124 368.799 196.524
231.969 -191.259 369.919 196.022
233.212 -189.369 369.699 196.099
234.51 -187.332 370.33 195.751
235.831 -185.149 370.582 195.561
237.14 -182.815 372.386 194.71
238.423 -180.298 375.023 193.475
239.65 -177.6 377.338 192.387
240.762 -174.747 379.517 191.415
241.734 -171.674 381.533 190.516
242.658 -168.553 383.458 189.627
243.468 -165.389 386.547 188.273
244.225 -162.197 389.334 187.042
244.946 -158.93 392.187 185.737
245.616 -155.629 395.272 184.344
246.236 -152.294 399.374 182.495
246.836 -148.991 402.903 180.965
247.422 -145.708 406.631 179.337
247.991 -142.407 410.486 177.645
248.554 -139.114 415.597 175.354
249.114 -135.853 419.515 173.545
249.669 -132.634 424.015 171.35
250.227 -129.457 427.016 169.782
250.832 -126.334 429.945 168.084
251.503 -123.257 431.583 166.724
252.251 -120.226 433.079 165.679
253.09 -117.249 434.387 164.449
254.056 -114.334 436.573 163.208
255.204 -111.463 439.081 161.849
256.541 -108.607 441.453 160.565
258.083 -105.856 444.443 158.918
259.774 -103.172 448.199 156.965
261.609 -100.616 451.221 155.375
263.622 -98.145 454.377 153.743
265.77 -95.781 457.674 152.086
268.089 -93.4725 461.959 149.823
270.509 -91.2735 465.48 147.953
273.096 -89.1917 469.034 146.084
275.828 -87.2283 472.671 144.171
278.708 -85.3917 476.36 142.24
281.714 -83.6953 480.535 139.964
284.834 -82.0947 484.413 137.935
288.04 -80.6258 487.062 136.233
291.375 -79.3754 490.082 134.761
294.79 -78.1828 493.044 133.277
298.254 -77.1354 495.771 131.126
301.762 -76.2153 497.389 129.693
305.306 -75.437 499.794 128.374
308.886 -74.7951 502.096 127.116
312.506 -74.2976 505.141 125.439
316.154 -73.9396 507.978 123.626
319.824 -73.7176 510.703 121.682
323.474 -73.7403 513.836 118.85
327.126 -73.7769 515.955 116.271
330.761 -73.8756 517.717 113.344
334.387 -74.0624 518.992 110.067
338.02 -74.2239 519.966 105.707
341.658 -74.4055 520.398 101.634
345.305 -74.5705 520.716 97.5595
348.97 -74.6924 520.507 97.0995
352.604 -74.7478 520.99 92.5776
356.195 -74.7839 521.242 88.8896
359.781 -74.8066 521.678 85.4833
363.365 -74.7207 522.01 82.5291
366.944 -74.6587 521.869 81.6077
370.524 -74.4948 522.266 78.4388
374.141 -74.279 522.679 74.6762
377.729 -74.0208 523.282 70.9035
381.332 -73.7166 523.543 67.4643
384.909 -73.333 523.846 64.5628
388.484 -72.9225 524.088 63.2092
392.007 -72.4713 524.113 63.2338
395.549 -71.9506 524.345 64.3571
399.089 -71.3902 524.95 62.7392
402.611 -70.7602 525.511 58.8981
406.128 -70.0791 525.994 55.1443
409.612 -69.3575 526.413 51.2853
413.115 -68.6338 526.79 47.4517
416.629 -67.8988 527.15 43.0386
420.161 -67.1999 527.487 38.3569
423.671 -66.5071 527.708 34.2621
427.15 -65.7998 527.89 30.6939
430.606 -65.1078 527.889 27.9921
434.175 -64.4768 527.914 27.2512
437.759 -63.9022 527.945 27.9501
441.375 -63.3781 527.814 27.4445
444.987 -62.949 527.944 24.6212
448.611 -62.5779 527.966 22.6447
452.213 -62.3159 527.882 18.6227
455.793 -62.122 527.833 14.6483
459.379 -61.9687 527.791 10.7213
462.956 -61.8408 527.75 6.71008
466.534 -61.7576 527.764 3.61816
470.118 -61.6909 527.818 -0.347534
473.699 -61.6755 527.924 -4.29285
477.29 -61.7014 528.044 -6.67761
480.863 -61.7542 528.194 -9.90674
484.473 -61.8596 528.336 -13.8116
488.078 -61.9685 528.717 -16.132
491.688 -62.0993 529.03 -19.5258
495.333 -62.2094 529.464 -23.3563
498.996 -62.2921 530.002 -27.0675
502.732 -62.3465 530.373 -28.5743
506.504 -62.389 530.967 -30.5095
510.277 -62.5118 531.316 -32.5973
514.075 -62.7127 531.687 -34.6097
517.907 -62.9458 532.225 -38.188
521.732 -63.194 532.687 -41.7059
525.525 -63.4514 533.027 -45.2476
529.363 -63.6604 533.297 -48.8073
533.159 -63.8782 533.615 -51.9089
536.933 -64.0962 534.026 -54.6696
540.727 -64.2588 534.334 -57.3078
544.483 -64.3898 534.757 -60.5272
548.256 -64.5574 535.121 -63.4919
551.981 -64.6649 535.102 -66.8724
555.698 -64.8035 534.705 -69.5106
559.407 -64.9703 533.915 -72.0015
563.082 -65.177 532.687 -74.3358
566.746 -65.4167 530.456 -77.1531
570.417 -65.6497 528.093 -79.0295
574.085 -65.8566 525.217 -80.5132
577.737 -66.0478 522.035 -81.6799
581.397 -66.2423 517.707 -83.1415
585.074 -66.4218 514.583 -84.2204
588.737 -66.5944 510.239 -85.9198
592.382 -66.7148 506.4 -87.4537
596.02 -66.8126 501.659 -89.4798
599.63 -66.9351 498.157 -91.0167
603.247 -67.0767 493.563 -93.064
606.803 -67.2286 489.471 -94.7718
610.397 -67.3647 486.556 -96.0617
613.934 -67.5097 483.888 -97.2885
617.469 -67.7265 482.357 -97.8723
620.979 -67.9577 481.536 -98.3399
624.473 -68.2556 481.199 -98.46
627.956 -68.5313 478.964 -99.4099
631.407 -68.9155 476.204 -100.645
634.831 -69.3331 473.461 -101.903
638.235 -69.742 470.976 -103.082
641.6 -70.2003 468.719 -104.363
644.92 -70.6458 466.984 -105.258
648.263 -71.0153 464.984 -106.158
651.539 -71.3359 462.498 -107.005
654.794 -71.7144 459.932 -107.383
658.023 -72.1133 457.376 -107.322
661.283 -72.3961 454.849 -106.707
664.482 -72.7088 451.973 -105.38
667.71 -73.0247 449.878 -103.537
670.915 -73.3691 448.204 -101.295
674.134 -73.7647 446.508 -97.7979
677.353 -74.1761 445.49 -95.2426
680.626 -74.6202 444.575 -92.8367
683.889 -75.1278 443.346 -89.7958
687.209 -75.6481 442.639 -88.002
690.557 -76.1991 443.156 -88.7347
693.961 -76.8217 442.955 -88.1351
697.411 -77.4618 443.003 -88.273
700.891 -78.0596 443.166 -88.7383
704.444 -78.657 443.083 -88.6191
708.034 -79.2719 443.222 -88.9957
711.648 -79.9694 443.355 -89.3307
715.321 -80.5834 443.315 -89.3024
719.034 -81.1817 443.53 -89.8046
722.758 -81.765 442.961 -88.279
726.463 -82.475 442.232 -86.9367
730.169 -83.2202 440.624 -83.2748
733.873 -83.9652 439.015 -79.5408
737.573 -84.7095 437.379 -75.8652
741.276 -85.4542 435.768 -72.1349
744.949 -86.2852 434.695 -68.8207
748.586 -87.1724 434.005 -67.2956
752.233 -88.0589 433.837 -66.89
755.854 -88.9542 434.138 -67.5469
759.47 -89.8863 434.01 -67.3094
763.107 -90.8534 433.981 -67.3431
766.713 -91.8419 434.217 -67.8418
770.323 -92.8578 434.108 -67.595
773.904 -93.8904 434.041 -67.4116
777.482 -94.9754 433.921 -67.0905
781.009 -96.0438 433.915 -66.9992
784.547 -97.1274 433.932 -66.9579
788.053 -98.2321 434.053 -67.1499
791.523 -99.3475 434.159 -67.2204
794.991 -100.49 434.202 -67.2396
798.42 -101.678 433.826 -66.4072
801.834 -102.886 434.202 -66.9606
805.206 -104.118 434.266 -67.0922
808.57 -105.36 434.184 -67.0455
811.909 -106.616 434.172 -67.0692
815.217 -107.894 434.097 -66.8198
818.511 -109.215 434.285 -67.1406
821.762 -110.499 434.599 -66.2131
824.987 -111.757 434.65 -66.2054
828.116 -113.016 434.748 -66.4323
831.164 -114.287 433.961 -64.3693
834.154 -115.54 432.482 -60.7366
837.109 -116.9 431.167 -57.2993
839.987 -118.405 429.79 -53.8452
842.825 -119.983 429.14 -52.2059
845.611 -121.637 429.211 -52.6389
848.131 -123.49 429.45 -53.04
850.651 -125.342 429.586 -53.2565
853.169 -127.192 429.279 -52.7679
855.688 -129.043 429.359 -52.9803
858.206 -130.893 429.35 -52.9458
860.609 -132.748 429.251 -52.7653
862.691 -134.604 429.184 -52.8031
864.696 -136.417 429.094 -52.8969
866.611 -138.188 429.341 -53.5989
868.436 -139.842 429.35 -53.713
870.196 -141.448 429.8 -54.8167
871.89 -142.98 430.073 -55.4885
873.459 -144.406 430.028 -55.452
874.852 -145.73 429.973 -55.3253
876.015 -146.955 430.039 -55.1618
876.62 -147.997 430.255 -55.3382
877.222 -149.029 430.242 -55.1625
877.828 -150.056 430.406 -55.2819
878.429 -151.07 430.092 -54.8531
879.032 -152.077 430.25 -55.0443
879.368 -153.207 430.417 -55.1953
879.496 -154.5 430.293 -54.8073
879.474 -155.899 430.3 -54.7892
879.184 -157.413 430.154 -54.4175
878.722 -159.026 430.116 -54.2371
878.051 -160.703 430.005 -54.0096
877.199 -162.456 430.019 -54.1458
876.226 -164.298 430.084 -54.4712
875.169 -166.256 430.03 -54.4882
874.063 -168.323 430.12 -54.8761
872.896 -170.513 430.099 -55.0596
871.692 -172.799 430.027 -55.153
870.444 -175.197 430.036 -55.3557
869.158 -177.699 430.041 -55.4923
867.847 -180.264 430.027 -55.5441
866.529 -182.827 429.981 -55.462
865.19 -185.386 429.99 -55.4502
863.827 -187.898 430.043 -55.6259
862.482 -190.341 430.003 -55.4951
861.175 -192.699 430.008 -55.4951
859.904 -194.947 430.0 -55.4037
858.555 -197.033 429.836 -55.007
857.564 -199.01 429.769 -54.9158
856.623 -200.921 429.813 -55.151
855.873 -202.831 429.934 -55.5366
855.391 -204.702 429.932 -55.714
855.195 -206.613 429.923 -55.7532
855.179 -208.462 430.22 -56.7001
855.616 -210.293 430.468 -57.3265
856.41 -212.062 430.622 -57.6552
857.588 -213.745 430.566 -57.2827
859.079 -215.288 430.36 -56.6147
860.819 -216.69 430.213 -56.1359
862.789 -218.03 430.178 -56.0329
864.921 -219.272 429.885 -55.3531
867.294 -220.393 429.669 -54.6415
869.807 -221.443 429.564 -54.21
872.434 -222.522 429.769 -54.5184
875.148 -223.639 429.343 -54.025
877.943 -224.783 428.394 -52.3237
880.789 -225.911 426.936 -48.7836
883.677 -227.009 425.264 -45.3634
886.574 -228.055 423.788 -41.9585
889.457 -229.065 422.255 -38.5122
892.308 -230.075 421.383 -35.61
895.125 -231.1 420.364 -33.9085
897.891 -232.148 418.963 -31.7606
900.572 -233.227 418.425 -30.3759
903.147 -234.414 417.648 -28.6009
905.581 -235.747 416.33 -25.6848
907.862 -237.232 416.468 -25.5628
909.977 -238.859 416.651 -25.4778
911.921 -240.637 415.418 -22.5334
913.692 -242.584 414.105 -18.8129
915.224 -244.67 412.911 -15.0423
916.604 -246.933 411.79 -11.1234
917.748 -249.322 410.766 -7.51678
918.674 -251.818 410.448 -5.45624
919.383 -254.435 410.571 -6.70032
919.809 -257.168 410.488 -6.37726
920.031 -260.038 410.646 -6.50439
920.103 -263.001 410.191 -5.42297
920.099 -266.087 410.21 -5.55194
920.043 -269.309 410.21 -5.55194
919.861 -272.599 410.21 -5.55194
919.594 -275.946 410.21 -5.55194
919.194 -279.387 410.21 -5.55194
918.716 -282.823 410.21 -5.55194
918.148 -286.292 410.21 -5.55194
917.501 -289.794 410.21 -5.55194
916.763 -293.295 410.21 -5.55194
915.962 -296.778 410.21 -5.55194
915.027 -300.241 410.21 -5.55194
914.01 -303.678 410.21 -5.55194
912.95 -307.068 410.21 -5.55194
911.811 -310.431 410.21 -5.55194
910.661 -313.806 410.21 -5.55194
909.524 -317.194 410.21 -5.55194
908.36 -320.573 410.21 -5.55194
907.158 -323.978 410.21 -5.55194
905.955 -327.39 410.21 -5.55194
904.73 -330.854 410.21 -5.55194
903.48 -334.371 410.21 -5.55194
902.194 -337.956 410.21 -5.55194
900.881 -341.605 410.21 -5.55194
899.507 -345.303 410.21 -5.55194
898.136 -348.992 410.21 -5.55194
896.76 -352.601 410.21 -5.55194
895.382 -356.153 410.21 -5.55194
894.002 -359.645 410.21 -5.55194
892.633 -363.088 410.21 -5.55194
891.284 -366.446 410.21 -5.55194
889.954 -369.684 410.21 -5.55194
888.705 -372.751 410.21 -5.55194
887.542 -375.609 410.21 -5.55194
886.482 -378.244 410.21 -5.55194
885.529 -380.659 410.21 -5.55194
884.646 -382.909 410.21 -5.55194
883.836 -385.023 410.21 -5.55194
883.052 -387.072 410.21 -5.55194
882.282 -389.021 410.21 -5.55194
881.518 -390.963 410.21 -5.55194
880.723 -392.99 410.21 -5.55194
879.871 -395.092 410.21 -5.55194
878.952 -397.297 410.21 -5.55194
877.994 -399.634 410.21 -5.55194
877.005 -402.093 410.21 -5.55194
875.982 -404.658 410.21 -5.55194
874.937 -407.346 410.21 -5.55194
873.852 -410.171 410.21 -5.55194
872.73 -413.116 410.21 -5.55194
871.568 -416.14 410.21 -5.55194
870.361 -419.266 410.21 -5.55194
869.086 -422.462 410.21 -5.55194
867.733 -425.716 410.21 -5.55194
866.275 -429.025 410.21 -5.55194
864.738 -432.357 410.21 -5.55194
863.155 -435.647 410.21 -5.55194
861.539 -438.867 410.21 -5.55194
859.901 -442.004 410.21 -5.55194
858.274 -445.061 410.21 -5.55194
856.661 -448.065 410.21 -5.55194
855.095 -451.011 410.21 -5.55194
853.592 -453.9 410.21 -5.55194
852.213 -456.693 410.21 -5.55194
850.982 -459.327 410.21 -5.55194
849.817 -461.81 410.21 -5.55194
848.706 -464.221 410.21 -5.55194
847.638 -466.561 410.21 -5.55194
846.608 -468.856 410.21 -5.55194
845.599 -471.139 410.21 -5.55194
844.544 -473.507 410.21 -5.55194
843.441 -475.939 410.21 -5.55194
842.303 -478.433 410.21 -5.55194
841.136 -481.024 410.21 -5.55194
839.944 -483.652 410.21 -5.55194
838.731 -486.351 410.21 -5.55194
837.469 -489.113 410.21 -5.55194
836.193 -491.932 410.21 -5.55194
834.934 -494.737 410.21 -5.55194
833.667 -497.573 410.21 -5.55194
832.376 -500.432 410.21 -5.55194
831.076 -503.328 410.21 -5.55194
829.81 -506.268 410.21 -5.55194
828.516 -509.246 410.21 -5.55194
827.222 -512.249 410.21 -5.55194
825.906 -515.281 410.21 -5.55194
824.601 -518.35 410.21 -5.55194
823.28 -521.401 410.21 -5.55194
822.004 -524.371 410.21 -5.55194
820.792 -527.219 410.21 -5.55194
819.654 -529.951 410.21 -5.55194
818.587 -532.56 410.21 -5.55194
817.591 -535.046 410.21 -5.55194
816.619 -537.45 410.21 -5.55194
815.6 -539.794 410.21 -5.55194
814.489 -542.071 410.21 -5.55194
813.281 -544.26 410.21 -5.55194
811.951 -546.393 410.21 -5.55194
810.467 -548.396 410.21 -5.55194
808.712 -550.185 410.21 -5.55194
806.806 -551.781 410.21 -5.55194
804.695 -553.207 410.21 -5.55194
802.324 -554.412 410.21 -5.55194
799.73 -555.345 410.21 -5.55194
796.954 -556.059 410.21 -5.55194
794.05 -556.696 410.21 -5.55194
791.027 -557.303 410.21 -5.55194
787.899 -557.911 410.21 -5.55194
784.671 -558.523 410.21 -5.55194
781.37 -559.196 410.21 -5.55194
778.0 -559.9 410.21 -5.55194
774.542 -560.629 410.21 -5.55194
771.007 -561.41 410.21 -5.55194
767.385 -562.233 410.21 -5.55194
763.683 -563.08 410.21 -5.55194
759.943 -563.948 410.21 -5.55194
756.186 -564.795 410.21 -5.55194
752.449 -565.641 410.21 -5.55194
748.705 -566.479 410.21 -5.55194
744.958 -567.327 410.21 -5.55194
741.205 -568.209 410.21 -5.55194
737.449 -569.1 410.21 -5.55194
733.693 -569.928 410.21 -5.55194
729.903 -570.796 410.21 -5.55194
726.141 -571.67 410.21 -5.55194
722.401 -572.505 410.21 -5.55194
718.657 -573.331 410.21 -5.55194
714.909 -574.169 410.21 -5.55194
711.154 -574.991 410.21 -5.55194
707.381 -575.784 410.21 -5.55194
703.608 -576.484 410.21 -5.55194
699.789 -577.151 410.21 -5.55194
695.949 -577.783 410.21 -5.55194
692.086 -578.391 410.21 -5.55194
688.196 -578.969 410.21 -5.55194
684.284 -579.527 410.21 -5.55194
680.353 -580.012 410.21 -5.55194
676.394 -580.463 410.21 -5.55194
672.43 -580.896 410.21 -5.55194
668.482 -581.278 410.21 -5.55194
664.562 -581.619 410.21 -5.55194
660.679 -581.917 410.21 -5.55194
656.833 -582.149 410.21 -5.55194
652.987 -582.329 410.21 -5.55194
649.146 -582.495 410.21 -5.55194
645.283 -582.653 410.21 -5.55194
641.399 -582.799 410.21 -5.55194
637.509 -582.865 410.21 -5.55194
633.579 -582.926 410.21 -5.55194
629.633 -583.012 410.21 -5.55194
625.686 -583.11 410.21 -5.55194
621.757 -583.237 410.21 -5.55194
617.836 -583.378 410.21 -5.55194
613.914 -583.523 410.21 -5.55194
609.968 -583.652 410.21 -5.55194
606.029 -583.763 410.21 -5.55194
602.082 -583.867 410.21 -5.55194
598.16 -583.963 410.21 -5.55194
594.271 -584.081 410.21 -5.55194
590.406 -584.193 410.21 -5.55194
586.586 -584.254 410.21 -5.55194
582.744 -584.365 410.21 -5.55194
578.925 -584.588 410.21 -5.55194
575.14 -584.942 410.21 -5.55194
571.392 -585.412 410.21 -5.55194
567.663 -586.009 410.21 -5.55194
563.963 -586.73 410.21 -5.55194
560.283 -587.51 410.21 -5.55194
556.613 -588.295 410.21 -5.55194
552.947 -589.117 410.21 -5.55194
549.294 -589.954 410.21 -5.55194
545.66 -590.795 410.21 -5.55194
542.072 -591.613 410.21 -5.55194
538.522 -592.376 410.21 -5.55194
534.986 -593.042 410.21 -5.55194
531.514 -593.656 410.21 -5.55194
528.189 -594.211 410.21 -5.55194
525.058 -594.724 410.21 -5.55194
522.108 -595.256 410.21 -5.55194
519.364 -595.799 410.21 -5.55194
516.782 -596.349 410.21 -5.55194
514.353 -596.874 410.21 -5.55194
512.097 -597.335 410.21 -5.55194
510.002 -597.659 410.21 -5.55194
507.984 -597.788 410.21 -5.55194
506.007 -597.708 410.21 -5.55194
504.065 -597.403 410.21 -5.55194
502.212 -596.894 410.21 -5.55194
500.367 -596.07 410.21 -5.55194
498.609 -594.997 410.21 -5.55194
496.942 -593.622 410.21 -5.55194
495.439 -591.945 410.21 -5.55194
494.13 -589.962 410.21 -5.55194
492.982 -587.746 410.21 -5.55194
491.948 -585.382 410.21 -5.55194
490.932 -582.893 410.21 -5.55194
489.849 -580.286 410.21 -5.55194
488.687 -577.577 410.21 -5.55194
487.434 -574.789 410.21 -5.55194
486.106 -571.951 410.21 -5.55194
484.723 -569.085 410.21 -5.55194
483.271 -566.211 410.21 -5.55194
481.78 -563.31 410.21 -5.55194
480.267 -560.373 410.21 -5.55194
478.756 -557.401 410.21 -5.55194
477.239 -554.361 410.21 -5.55194
475.711 -551.337 410.21 -5.55194
474.127 -548.297 410.21 -5.55194
472.535 -545.249 410.21 -5.55194
470.922 -542.181 410.21 -5.55194
469.308 -539.096 410.21 -5.55194
467.688 -536.048 410.21 -5.55194
466.092 -533.044 410.21 -5.55194
464.521 -530.1 410.21 -5.55194
462.99 -527.25 410.21 -5.55194
461.482 -524.479 410.21 -5.55194
459.989 -521.828 410.21 -5.55194
458.54 -519.321 410.21 -5.55194
457.156 -517.0 410.21 -5.55194
455.839 -514.84 410.21 -5.55194
454.583 -512.799 410.21 -5.55194
453.425 -510.895 410.21 -5.55194
452.465 -509.027 410.21 -5.55194
451.74 -507.238 410.21 -5.55194
451.212 -505.376 410.21 -5.55194
450.974 -503.496 410.21 -5.55194
451.013 -501.611 410.21 -5.55194
451.348 -499.775 410.21 -5.55194
451.994 -497.958 410.21 -5.55194
452.981 -496.22 410.21 -5.55194
454.241 -494.494 410.21 -5.55194
455.904 -492.987 410.21 -5.55194
457.858 -491.709 410.21 -5.55194
460.092 -490.493 410.21 -5.55194
462.526 -489.283 410.21 -5.55194
465.095 -487.992 410.21 -5.55194
467.844 -486.582 410.21 -5.55194
470.734 -485.077 410.21 -5.55194
473.765 -483.453 410.21 -5.55194
476.884 -481.737 410.21 -5.55194
480.099 -479.972 410.21 -5.55194
483.357 -478.165 410.21 -5.55194
486.575 -476.368 410.21 -5.55194
489.853 -474.548 410.21 -5.55194
493.114 -472.705 410.21 -5.55194
496.406 -470.84 410.21 -5.55194
499.729 -468.926 410.21 -5.55194
503.079 -467.005 410.21 -5.55194
506.464 -465.062 410.21 -5.55194
509.87 -463.126 410.21 -5.55194
513.315 -461.215 410.21 -5.55194
516.779 -459.259 410.21 -5.55194
520.283 -457.28 410.21 -5.55194
523.788 -455.284 410.21 -5.55194
527.277 -453.26 410.21 -5.55194
530.793 -451.272 410.21 -5.55194
534.318 -449.31 410.21 -5.55194
537.872 -447.362 410.21 -5.55194
541.422 -445.394 410.21 -5.55194
545.015 -443.387 410.21 -5.55194
548.618 -441.382 410.21 -5.55194
552.234 -439.368 410.21 -5.55194
555.832 -437.348 410.21 -5.55194
559.439 -435.294 410.21 -5.55194
563.063 -433.224 410.21 -5.55194
566.684 -431.15 410.21 -5.55194
570.312 -429.076 410.21 -5.55194
573.979 -426.949 410.21 -5.55194
577.66 -424.84 410.21 -5.55194
581.321 -422.728 410.21 -5.55194
584.994 -420.62 410.21 -5.55194
588.678 -418.519 410.21 -5.55194
592.37 -416.43 410.21 -5.55194
596.078 -414.295 410.21 -5.55194
599.78 -412.177 410.21 -5.55194
603.513 -410.052 410.21 -5.55194
607.237 -407.937 410.21 -5.55194
610.971 -405.78 410.21 -5.55194
614.69 -403.635 410.21 -5.55194
618.384 -401.524 410.21 -5.55194
622.004 -399.453 410.21 -5.55194
625.547 -397.42 410.21 -5.55194
629.04 -395.425 410.21 -5.55194
632.529 -393.429 410.21 -5.55194
635.987 -391.438 410.21 -5.55194
639.42 -389.458 410.21 -5.55194
642.861 -387.483 410.21 -5.55194
646.336 -385.551 410.21 -5.55194
649.759 -383.659 410.21 -5.55194
653.125 -381.749 410.21 -5.55194
656.471 -379.827 410.21 -5.55194
659.828 -377.825 410.21 -5.55194
663.161 -375.826 410.21 -5.55194
666.494 -373.834 410.21 -5.55194
669.894 -371.833 410.21 -5.55194
673.33 -369.83 410.21 -5.55194
676.779 -367.786 410.21 -5.55194
680.3 -365.739 410.21 -5.55194
683.823 -363.681 410.21 -5.55194
687.361 -361.602 410.21 -5.55194
690.934 -359.542 410.21 -5.55194
694.479 -357.497 410.21 -5.55194
698.027 -355.431 410.21 -5.55194
701.524 -353.405 410.21 -5.55194
705.028 -351.36 410.21 -5.55194
708.518 -349.335 410.21 -5.55194
712.016 -347.306 410.21 -5.55194
715.472 -345.258 410.21 -5.55194
718.93 -343.237 410.21 -5.55194
722.373 -341.216 410.21 -5.55194
725.8 -339.215 410.21 -5.55194
729.259 -337.198 410.21 -5.55194
732.737 -335.203 410.21 -5.55194
736.307 -333.379 410.21 -5.55194
739.904 -331.46 410.21 -5.55194
743.539 -329.431 410.21 -5.55194
747.226 -327.357 410.21 -5.55194
750.929 -325.266 410.21 -5.55194
754.622 -323.196 410.21 -5.55194
758.236 -321.113 410.21 -5.55194
761.874 -318.973 410.21 -5.55194
765.485 -316.918 410.21 -5.55194
769.108 -314.874 410.21 -5.55194
772.728 -312.833 410.21 -5.55194
776.302 -310.759 410.21 -5.55194
779.774 -308.646 410.21 -5.55194
783.186 -306.455 410.21 -5.55194
786.573 -304.164 410.21 -5.55194
789.906 -301.793 410.21 -5.55194
793.204 -299.321 410.21 -5.55194
796.441 -296.736 410.21 -5.55194
799.59 -294.037 410.21 -5.55194
802.698 -291.215 410.21 -5.55194
805.677 -288.176 410.21 -5.55194
808.592 -285.125 410.21 -5.55194
811.398 -282.041 410.21 -5.55194
814.12 -278.985 410.21 -5.55194
816.782 -275.912 410.21 -5.55194
819.33 -272.749 410.21 -5.55194
821.75 -269.521 410.21 -5.55194
824.066 -266.217 410.21 -5.55194
826.299 -262.894 410.21 -5.55194
828.439 -259.527 410.21 -5.55194
830.488 -256.14 410.21 -5.55194
832.46 -252.722 410.21 -5.55194
834.407 -249.311 410.21 -5.55194
836.262 -245.927 410.21 -5.55194
838.083 -242.552 410.21 -5.55194
839.893 -239.169 410.21 -5.55194
841.689 -235.771 410.21 -5.55194
843.507 -232.377 410.21 -5.55194
845.33 -229.005 410.21 -5.55194
847.103 -225.653 410.21 -5.55194
848.849 -222.279 410.21 -5.55194
850.575 -218.9 410.21 -5.55194
852.305 -215.531 410.21 -5.55194
854.005 -212.14 410.21 -5.55194
855.721 -208.748 410.21 -5.55194
857.466 -205.315 410.21 -5.55194
859.201 -201.849 410.21 -5.55194
860.941 -198.336 410.21 -5.55194
862.7 -194.833 410.21 -5.55194
864.49 -191.374 410.21 -5.55194
866.295 -187.918 410.21 -5.55194
868.135 -184.483 410.21 -5.55194
869.986 -181.04 410.21 -5.55194
871.823 -177.608 410.21 -5.55194
873.672 -174.165 410.21 -5.55194
875.582 -170.741 410.21 -5.55194
877.542 -167.336 410.21 -5.55194
879.604 -163.984 410.21 -5.55194
881.788 -160.704 410.21 -5.55194
884.092 -157.487 410.21 -5.55194
886.559 -154.333 410.21 -5.55194
889.142 -151.253 410.21 -5.55194
891.804 -148.274 410.21 -5.55194
894.545 -145.308 410.21 -5.55194
897.302 -142.366 410.21 -5.55194
900.063 -139.431 410.21 -5.55194
902.79 -136.427 410.21 -5.55194
905.48 -133.432 410.21 -5.55194
908.165 -130.423 410.21 -5.55194
910.833 -127.386 410.21 -5.55194
913.496 -124.409 410.21 -5.55194
