3.84831 0.0446274 1.98032 0.00537109
6.67639 0.0754279 4.74615 -0.0302734
9.46587 0.114132 7.48355 -0.0327759
12.2234 0.154881 10.2368 -0.0542603
14.9455 0.199285 12.9824 -0.0792542
17.6348 0.254852 15.6364 -0.0770874
20.2948 0.314603 18.3175 -0.0577698
22.9009 0.372549 20.9327 -0.034729
25.4422 0.428033 23.5168 -0.00665283
27.877 0.491623 25.9441 0.0426331
30.2267 0.56105 28.2216 0.0850525
32.4975 0.637347 30.4912 0.154602
34.7035 0.747597 32.6428 0.234039
36.7734 0.857975 34.7341 0.308838
38.7635 0.966244 36.6897 0.379059
40.6868 1.05457 38.6071 0.439697
42.4757 1.12746 40.4198 0.502777
44.1195 1.16369 41.9975 0.57843
45.5745 1.16212 43.4702 0.553223
46.8327 1.11911 44.7565 0.48468
47.8784 1.05949 45.8111 0.465576
48.7166 0.973096 46.6628 0.387451
49.4871 0.856741 47.4316 0.260437
50.2306 0.697158 48.1849 0.0945435
50.9453 0.488921 48.9015 -0.117249
51.6593 0.221245 49.6512 -0.373779
52.3559 -0.130953 50.3576 -0.706787
53.019 -0.590791 51.0273 -1.17612
53.6948 -1.17229 51.6953 -1.74896
54.3689 -1.94608 52.4198 -2.48276
54.9838 -2.97376 53.0332 -3.44247
55.484 -4.19836 53.5691 -4.6582
55.8023 -5.58554 53.9576 -6.00732
55.9379 -7.12638 54.1254 -7.57489
55.9775 -8.77494 54.0813 -9.17548
55.9798 -10.5377 53.9758 -10.8353
55.9295 -12.3828 53.8838 -12.6833
55.8585 -14.3336 53.7763 -14.5678
55.7407 -16.3872 53.6385 -16.622
55.643 -18.5047 53.4871 -18.7875
55.569 -20.7128 53.3654 -20.9443
55.5054 -22.9033 53.2579 -23.1241
55.4636 -25.1116 53.2054 -25.362
55.4896 -27.3049 53.1385 -27.6147
55.5223 -29.5123 53.0972 -29.8083
55.5619 -31.7263 53.0727 -32.0295
55.6398 -33.951 53.0838 -34.2969
55.7486 -36.1978 53.1288 -36.5881
55.8685 -38.4658 53.1742 -38.884
56.0249 -40.7783 53.2682 -41.2191
56.2033 -43.1303 53.3763 -43.5916
56.423 -45.5044 53.528 -45.9486
56.7066 -47.9141 53.7463 -48.3432
57.041 -50.3568 53.997 -50.8116
57.4249 -52.7738 54.2993 -53.2471
57.8375 -55.1044 54.6401 -55.5899
58.2625 -57.3891 55.0237 -57.9027
58.7161 -59.5996 55.3997 -60.1196
59.1724 -61.7044 55.8153 -62.2461
59.6169 -63.7223 56.1907 -64.278
60.0352 -65.6718 56.5588 -66.2665
60.4322 -67.5457 56.9145 -68.1628
60.8031 -69.3031 57.2195 -69.9562
61.1404 -71.0007 57.4747 -71.6465
61.4508 -72.6229 57.7649 -73.3233
61.7495 -74.2427 58.0525 -74.9422
62.0582 -75.8867 58.33 -76.6092
62.4239 -77.5684 58.6587 -78.3288
62.8458 -79.285 59.0089 -80.063
63.3568 -81.0484 59.4264 -81.861
63.9481 -82.8951 59.9357 -83.7465
64.6374 -84.8614 60.5703 -85.7318
65.4284 -86.9275 61.2779 -87.7952
66.289 -89.0769 62.0451 -89.9397
67.2287 -91.2181 62.9906 -92.1601
68.2475 -93.2889 63.8383 -94.2806
69.2482 -95.2755 64.7558 -96.3594
70.2361 -97.2065 65.6539 -98.3176
71.1979 -99.0331 66.5444 -100.225
72.1255 -100.787 67.406 -102.022
73.0324 -102.445 68.2251 -103.725
73.9098 -104.036 69.0273 -105.366
74.7663 -105.564 69.8083 -106.916
75.6342 -107.06 70.62 -108.468
76.5323 -108.508 71.4478 -109.899
77.4899 -109.986 72.3405 -111.396
78.5197 -111.537 73.3158 -112.941
79.6277 -113.116 74.3449 -114.514
80.8487 -114.793 75.4859 -116.161
82.1889 -116.53 76.7298 -117.94
83.6524 -118.299 78.1262 -119.707
85.2239 -120.164 79.6002 -121.56
86.8516 -122.085 81.1767 -123.547
88.5548 -124.02 82.8116 -125.476
90.3599 -125.964 84.5348 -127.492
92.2182 -127.927 86.3455 -129.498
94.1064 -129.879 88.1178 -131.459
96.0704 -131.792 90.0009 -133.432
98.1044 -133.685 91.9845 -135.42
100.196 -135.601 93.9931 -137.368
102.28 -137.484 96.016 -139.31
104.383 -139.39 98.0749 -141.26
106.457 -141.31 100.072 -143.206
108.465 -143.23 102.026 -145.154
110.449 -145.154 103.985 -147.129
112.378 -147.083 105.838 -149.09
114.25 -149.052 107.644 -151.074
116.037 -151.048 109.428 -153.101
117.816 -153.086 111.194 -155.133
119.566 -155.189 112.881 -157.247
121.298 -157.384 114.612 -159.451
122.972 -159.646 116.239 -161.728
124.583 -161.964 117.79 -164.04
126.114 -164.27 119.275 -166.352
127.577 -166.553 120.697 -168.692
128.979 -168.764 121.969 -170.935
130.322 -170.912 123.26 -173.169
131.593 -173.01 124.454 -175.356
132.827 -175.035 125.535 -177.41
134.03 -177.007 126.68 -179.457
135.14 -178.931 127.749 -181.496
136.217 -180.779 128.693 -183.395
137.214 -182.581 129.633 -185.287
138.15 -184.328 130.49 -187.086
139.056 -186.097 131.347 -188.946
139.942 -187.939 132.152 -190.828
140.816 -189.84 132.96 -192.789
141.654 -191.846 133.696 -194.837
142.481 -193.963 134.444 -197.012
143.294 -196.214 135.21 -199.315
144.097 -198.559 135.903 -201.656
144.868 -200.975 136.584 -204.126
145.654 -203.532 137.228 -206.677
146.423 -206.105 137.922 -209.287
147.171 -208.747 138.555 -212.02
147.881 -211.462 139.139 -214.805
148.583 -214.227 139.673 -217.593
149.278 -217.009 140.219 -220.355
149.95 -219.794 140.739 -223.25
150.6 -222.574 141.262 -226.14
151.232 -225.328 141.733 -228.839
151.845 -228.104 142.186 -231.806
152.418 -230.838 142.615 -234.585
152.965 -233.615 142.968 -237.356
153.478 -236.379 143.336 -240.132
153.959 -239.105 143.666 -242.88
154.398 -241.85 143.943 -245.651
154.798 -244.576 144.169 -248.453
155.145 -247.273 144.383 -251.189
155.453 -249.955 144.544 -253.891
155.721 -252.621 144.669 -256.614
155.956 -255.282 144.714 -259.253
156.145 -257.92 144.764 -261.937
156.258 -260.527 144.773 -264.576
156.332 -263.14 144.68 -267.143
156.362 -265.729 144.582 -269.769
156.353 -268.321 144.367 -272.384
156.341 -270.893 144.232 -274.945
156.328 -273.437 144.089 -277.491
156.336 -275.862 143.952 -279.956
156.378 -278.224 143.854 -282.414
156.455 -280.481 143.776 -284.653
156.56 -282.651 143.746 -286.878
156.676 -284.675 143.696 -289.001
156.807 -286.594 143.73 -290.843
156.943 -288.411 143.723 -292.732
157.089 -290.11 143.764 -294.568
157.229 -291.728 143.788 -296.117
157.372 -293.259 143.82 -297.656
157.517 -294.725 143.904 -299.155
157.669 -296.199 143.939 -300.646
157.809 -297.72 143.978 -302.162
157.936 -299.311 144.012 -303.691
158.047 -301.013 144.006 -305.412
158.193 -302.79 144.063 -307.157
158.31 -304.681 144.062 -309.04
158.447 -306.666 144.044 -311.055
158.58 -308.748 144.057 -313.11
158.698 -310.897 144.024 -315.334
158.802 -313.14 143.964 -317.582
158.903 -315.454 143.916 -319.935
159.013 -317.844 143.868 -322.327
159.14 -320.302 143.825 -324.8
159.282 -322.834 143.766 -327.373
159.443 -325.435 143.767 -329.983
159.622 -328.093 143.784 -332.662
159.837 -330.789 143.797 -335.381
160.074 -333.518 143.863 -338.167
160.328 -336.259 143.927 -340.934
160.587 -338.998 144.006 -343.707
160.835 -341.712 144.068 -346.519
161.067 -344.424 144.141 -349.247
161.308 -347.117 144.197 -351.945
161.556 -349.806 144.307 -354.689
161.798 -352.483 144.401 -357.382
162.053 -355.17 144.526 -360.132
162.346 -357.863 144.652 -362.8
162.654 -360.574 144.784 -365.526
163.035 -363.272 145.055 -368.207
163.485 -365.955 145.337 -370.883
164.049 -368.6 145.759 -373.565
164.696 -371.22 146.163 -376.293
165.362 -373.842 146.685 -378.19
166.067 -376.477 147.218 -380.913
166.828 -379.096 147.791 -383.611
167.622 -381.646 148.364 -386.261
168.449 -384.156 149.039 -388.852
169.293 -386.621 149.714 -391.399
170.138 -389.052 150.35 -393.936
170.968 -391.44 150.988 -396.357
171.762 -393.816 151.593 -398.889
172.539 -396.19 152.25 -401.325
173.332 -398.586 152.843 -403.798
174.146 -401.042 153.523 -406.288
174.97 -403.54 154.134 -408.899
175.812 -406.099 154.644 -411.635
176.654 -408.665 155.197 -414.475
177.532 -411.237 155.884 -417.111
178.362 -413.801 156.526 -419.727
179.178 -416.343 157.198 -422.342
179.986 -418.797 157.801 -424.78
180.748 -421.185 158.444 -427.263
181.472 -423.474 159.004 -429.585
182.192 -425.714 159.566 -431.91
182.878 -427.917 160.066 -434.095
183.557 -430.088 160.579 -436.386
184.242 -432.252 161.063 -438.539
184.937 -434.444 161.563 -440.807
185.625 -436.593 162.066 -442.979
186.322 -438.658 162.595 -445.206
186.999 -440.629 163.106 -447.217
187.639 -442.524 163.59 -449.18
188.247 -444.311 164.023 -451.036
188.827 -445.983 164.451 -452.778
189.385 -447.578 164.875 -454.393
189.913 -449.082 165.225 -455.961
190.415 -450.474 165.582 -457.46
190.871 -451.776 165.894 -458.759
191.293 -452.975 166.199 -460.006
191.673 -454.056 166.486 -461.156
192.029 -455.047 166.724 -462.189
192.344 -455.946 166.931 -463.151
192.63 -456.78 167.127 -464.029
192.921 -457.585 167.326 -464.892
193.207 -458.373 167.523 -465.677
193.522 -459.157 167.729 -466.519
193.884 -459.97 167.979 -467.402
194.32 -460.816 168.308 -468.259
194.797 -461.646 168.665 -469.116
195.309 -462.41 169.099 -469.944
195.744 -463.135 169.414 -470.701
196.075 -463.853 169.692 -471.411
196.364 -464.604 169.896 -472.191
196.635 -465.402 170.072 -473.021
196.87 -466.211 170.24 -473.824
197.073 -466.953 170.353 -474.586
197.276 -467.618 170.496 -475.291
197.497 -468.167 170.655 -475.906
197.692 -468.628 170.845 -476.352
197.852 -468.992 170.944 -476.775
198.035 -469.299 171.106 -477.091
198.181 -469.556 171.266 -477.391
198.303 -469.772 171.398 -477.609
198.442 -469.894 171.572 -477.757
198.534 -470.03 171.636 -477.879
198.634 -470.117 171.771 -478.01
