5.26102 -0.00277789 2.59482 -0.0585022
9.23896 -0.00832382 6.5726 -0.0851135
13.2421 -0.0034194 10.6025 -0.0990601
17.2822 0.00426771 14.6486 -0.118469
21.3413 -0.00413469 18.6835 -0.124207
25.4487 0.00971926 22.7158 -0.15625
29.5701 -0.00528159 26.7536 -0.24408
33.7178 -0.00830517 30.9808 -0.263031
37.9059 -0.0151148 32.4126 -0.458984
42.111 -0.0191634 32.5811 -0.67804
46.3413 -0.0308604 33.4382 -0.656494
50.6022 -0.0317553 34.0132 -0.588806
54.8846 -0.0208294 37.516 -0.65741
59.1736 -0.0100754 40.56 -0.654968
63.452 0.00130824 44.8883 -0.664612
67.7031 0.0100203 49.1456 -0.66925
71.9398 0.0351344 51.2904 -0.666321
76.1445 0.0532768 52.2285 -0.664642
80.3254 0.0495425 52.426 -0.678528
84.4837 0.0526907 53.1453 -0.67099
88.6291 0.0843762 52.5746 -0.683289
92.7413 0.128335 52.9295 -0.595886
96.8138 0.191341 53.2765 -0.574554
100.86 0.248572 53.1692 -0.530273
104.884 0.305326 52.8623 -0.48407
108.906 0.350813 52.3669 -0.413025
112.905 0.413713 52.2716 -0.398499
116.893 0.433478 52.2108 -0.36908
120.905 0.433415 51.9663 -0.389343
124.983 0.462255 51.8472 -0.454498
129.05 0.471809 51.6566 -0.46637
133.11 0.465694 51.5783 -0.491364
137.161 0.464495 51.6225 -0.537659
141.213 0.467442 52.7592 -0.455231
145.258 0.478901 52.544 -0.392517
149.303 0.483284 52.6054 -0.410797
153.337 0.51399 52.7108 0.0118103
157.383 0.510487 52.5629 0.0741577
161.429 0.484876 52.6506 -0.0303345
165.481 0.468784 56.7832 -0.0430298
169.56 0.442444 58.5918 -0.146637
173.653 0.388112 58.5732 -0.187195
177.785 0.340531 60.8588 -0.305359
181.921 0.309 59.7108 -0.8349
186.099 0.314131 59.7048 -0.823395
190.305 0.307021 59.772 -0.871918
194.54 0.297934 59.2893 -0.77832
198.801 0.299864 59.5597 -0.781403
203.095 0.348581 60.0163 -0.79303
207.418 0.343831 60.2294 -0.81723
211.785 0.347951 59.6657 -0.906799
216.186 0.357484 59.6518 -0.889709
220.619 0.366905 59.5149 -0.901917
225.079 0.37715 59.6833 -0.975983
229.551 0.378661 58.9276 -0.872894
234.038 0.373963 58.8625 -0.860657
238.55 0.381494 58.9956 -0.845367
243.087 0.38188 58.8914 -0.884766
247.648 0.372157 58.765 -0.861023
252.224 0.362986 58.6494 -0.750061
256.823 0.351899 57.8328 -0.69986
261.435 0.334678 58.0345 -0.680359
266.057 0.324905 57.4941 -0.711426
270.677 0.316602 57.7057 -0.675598
275.307 0.311231 57.213 -0.658936
279.945 0.301129 58.1762 -0.682312
284.6 0.259923 58.5705 -0.693024
289.254 0.217081 59.6705 -0.64444
293.932 0.182827 60.0966 -0.704163
298.65 0.157166 59.7094 -0.794983
303.413 0.136231 59.7874 -0.885986
308.212 0.10099 58.2005 -0.901215
313.044 0.0965843 58.6341 -0.67099
317.924 0.10867 58.703 -0.687317
322.814 0.100918 58.0596 -0.621826
327.698 0.0941105 58.0786 -0.493744
332.569 0.0642123 58.295 -0.470642
337.41 0.0494975 58.3139 -0.534119
342.246 0.039303 59.354 -0.273865
347.055 0.0345479 59.7004 -0.44635
351.848 0.0526102 61.5469 -0.399658
356.631 0.0857036 66.1306 -0.438385
361.404 0.122301 70.7839 -0.356842
366.184 0.1553 75.354 -0.232422
370.975 0.202918 80.2216 -0.0814514
375.781 0.251989 85.0477 0.0323792
380.607 0.278358 89.8401 0.148865
385.451 0.303965 94.0377 0.217438
390.306 0.320658 95.9898 0.326569
