2.2513 0.0150813 1.0809 -0.00982666
3.96949 0.0415274 2.78452 -0.01651
5.75129 0.087982 4.53946 -0.0270996
7.6376 0.144474 6.40332 -0.000793457
9.66192 0.207719 8.45367 0.0200806
11.7984 0.270128 10.5645 0.0335999
14.124 0.31283 12.8737 0.0899353
16.5818 0.358557 15.346 0.0933533
19.1697 0.381287 17.9539 0.131165
21.9249 0.419658 20.6972 0.175537
24.825 0.46864 23.6064 0.191071
27.7959 0.525875 26.5433 0.226807
30.8382 0.588476 29.6164 0.234528
33.9495 0.656257 32.708 0.268951
37.1299 0.731816 35.8487 0.312195
40.3536 0.786111 39.0816 0.353088
43.5805 0.870911 42.3207 0.40152
46.7798 0.981509 45.5116 0.484192
50.0107 1.0795 48.7666 0.546326
53.2326 1.1775 51.9798 0.578308
56.4438 1.28223 55.1967 0.621033
59.6858 1.38718 58.4211 0.665283
62.9251 1.4695 61.6721 0.697815
66.1697 1.55877 64.8896 0.749268
69.4349 1.64924 66.4727 0.744781
72.6896 1.72404 65.3667 0.712219
75.9117 1.81802 65.9077 0.68985
79.115 1.93169 66.8968 0.750732
82.2956 2.04609 65.6906 0.735199
85.4064 2.15226 67.2794 0.750427
88.3826 2.26242 70.1744 0.817383
91.1707 2.39014 72.8634 0.896484
93.754 2.53828 75.3651 1.01294
96.1106 2.70982 77.6259 1.13617
98.1968 2.8853 79.6362 1.25641
100.02 3.04365 81.3894 1.35416
101.636 3.1624 82.9226 1.40607
103.055 3.20197 84.2543 1.39764
104.319 3.15688 85.8802 1.23813
105.498 2.99391 87.0003 1.00259
106.603 2.69944 88.0263 0.63324
107.617 2.27937 89.0164 0.142242
108.515 1.72022 89.8529 -0.48764
109.31 1.04701 90.575 -1.22452
110.016 0.246636 91.1941 -2.10416
110.568 -0.705109 91.6919 -3.15933
110.988 -1.7741 92.0788 -4.69165
111.266 -2.93463 92.2376 -5.95929
111.402 -4.22727 92.3253 -7.42511
111.518 -5.67265 92.3023 -9.02386
111.5 -7.28232 92.2304 -10.784
111.462 -9.06575 92.1377 -12.7463
111.398 -11.0417 92.0849 -14.5421
111.361 -13.1636 91.9958 -16.9111
111.324 -15.4238 92.0423 -17.4094
111.276 -17.7675 92.014 -19.2378
111.207 -20.1879 92.0339 -20.0127
111.15 -22.6584 92.0979 -20.3133
111.111 -25.1821 92.1259 -20.8648
111.066 -27.6965 92.1568 -21.4498
110.996 -30.1718 92.0417 -23.943
110.931 -32.6373 91.9279 -26.3699
110.873 -35.0597 91.7918 -28.7531
110.812 -37.4503 91.6716 -31.0978
110.731 -39.8044 91.5198 -33.4003
110.626 -42.1159 91.3779 -35.6405
110.533 -44.359 91.2392 -37.6953
110.441 -46.4792 91.0894 -39.7881
110.348 -48.5656 90.9763 -41.8143
110.263 -50.6236 90.8398 -43.8459
110.164 -52.6411 90.6751 -45.8075
110.029 -54.6275 90.4521 -47.8708
109.86 -56.6451 90.1929 -49.9618
109.652 -58.7092 89.9176 -52.1204
109.43 -60.8681 89.6338 -54.3056
109.174 -63.07 89.332 -56.57
108.934 -65.3156 89.0595 -58.7761
108.72 -67.5462 88.7589 -60.9841
108.483 -69.7701 88.4544 -63.2162
108.229 -72.0277 88.1284 -65.5385
107.966 -74.323 87.796 -67.7606
107.685 -76.6636 87.4372 -70.1331
107.378 -79.0466 87.055 -72.5941
107.049 -81.4741 86.6709 -75.0605
106.716 -83.9628 86.2935 -77.5769
106.39 -86.4992 85.9317 -80.157
106.076 -89.0433 85.5729 -82.7253
105.777 -91.6216 85.219 -85.3109
105.475 -94.2111 84.8564 -87.8797
105.166 -96.7909 84.5257 -90.465
104.878 -99.352 84.1963 -92.957
104.606 -101.878 83.867 -95.4165
104.315 -104.361 83.5334 -97.7845
104.021 -106.798 83.1847 -100.166
103.731 -109.192 82.8381 -102.484
103.427 -111.535 82.4577 -104.762
103.109 -113.842 82.0664 -107.05
102.766 -116.117 81.6709 -109.302
102.411 -118.386 81.2429 -111.52
102.053 -120.611 80.8134 -113.722
101.684 -122.813 80.3761 -115.883
101.27 -124.997 79.8628 -117.999
100.812 -127.132 79.2461 -120.046
100.265 -129.235 78.5805 -122.114
99.642 -131.304 77.8931 -124.108
98.9927 -133.345 77.2344 -126.086
98.3406 -135.347 76.581 -128.041
97.7184 -137.316 75.9581 -129.909
97.1198 -139.242 75.3712 -131.771
96.5545 -141.13 74.8451 -133.601
96.0345 -142.983 74.3538 -135.375
95.539 -144.801 73.8789 -137.115
95.0991 -146.565 73.483 -138.833
94.7184 -148.302 73.1585 -140.515
94.4044 -150.022 72.9362 -142.219
94.1997 -151.729 72.8731 -143.874
94.1304 -153.415 72.846 -145.517
94.1393 -155.089 72.7177 -147.157
94.0931 -156.742 72.5187 -148.718
93.9601 -158.353 72.2757 -150.269
93.7572 -159.916 71.9633 -151.779
93.4852 -161.435 71.6194 -153.25
93.161 -162.899 71.2602 -154.669
92.8353 -164.332 70.9068 -156.024
92.5132 -165.744 70.5002 -157.459
92.187 -167.149 70.0558 -158.961
91.8103 -168.622 69.5777 -160.458
91.3811 -170.158 69.0498 -162.07
90.8965 -171.748 68.4708 -163.763
90.397 -173.387 67.8984 -165.392
89.8625 -175.029 67.3399 -167.006
89.341 -176.658 66.7931 -168.636
88.8461 -178.272 66.3128 -170.116
88.3945 -179.825 65.8733 -171.556
87.9937 -181.282 65.5175 -172.787
87.6509 -182.612 65.248 -173.984
87.4098 -183.833 65.0697 -175.151
87.2561 -185.02 65.0251 -176.302
87.2442 -186.194 65.0786 -177.432
87.3403 -187.332 65.2616 -178.555
87.5259 -188.424 65.5579 -179.647
87.8462 -189.51 66.0064 -180.736
88.3538 -190.601 66.6829 -181.883
89.0323 -191.693 67.6133 -183.007
89.9295 -192.748 68.7734 -184.078
91.0878 -193.78 70.15 -185.081
92.4855 -194.764 71.7776 -186.052
94.1217 -195.684 73.6482 -187.028
95.957 -196.562 75.6312 -187.94
97.9701 -197.418 77.8484 -188.82
100.16 -198.207 80.1872 -189.706
102.487 -198.972 82.6159 -190.634
104.914 -199.798 85.1221 -191.595
107.444 -200.661 87.6656 -192.585
110.032 -201.55 90.2147 -193.589
112.621 -202.454 92.7523 -194.572
115.214 -203.364 95.3073 -195.538
117.82 -204.266 97.8435 -196.504
120.437 -205.151 100.421 -197.464
123.049 -206.023 102.952 -198.407
125.657 -206.881 105.442 -199.309
128.227 -207.712 107.877 -200.173
130.736 -208.502 110.179 -200.996
133.144 -209.24 112.308 -201.723
135.39 -209.905 114.279 -202.352
137.493 -210.505 116.088 -202.928
139.387 -211.015 117.693 -203.451
141.062 -211.456 119.101 -203.863
142.554 -211.848 120.462 -204.262
143.94 -212.202 121.798 -204.577
145.296 -212.509 123.085 -204.797
146.609 -212.693 124.349 -204.872
147.897 -212.736 125.936 -204.649
149.14 -212.594 127.081 -204.296
150.305 -212.253 128.081 -203.768
151.398 -211.765 128.961 -203.081
152.351 -211.1 129.717 -202.279
153.167 -210.304 130.291 -201.339
153.816 -209.384 130.719 -200.341
154.238 -208.345 131.029 -199.241
154.538 -207.27 131.287 -198.092
154.727 -206.137 131.451 -196.821
154.869 -204.924 131.6 -195.457
154.948 -203.602 131.69 -193.853
155.02 -202.15 131.72 -192.094
154.98 -200.504 131.725 -190.152
154.91 -198.697 131.736 -188.043
154.826 -196.723 131.808 -185.771
154.754 -194.586 131.938 -183.384
154.76 -192.285 132.171 -180.816
154.851 -189.835 132.481 -178.205
155.04 -187.254 132.855 -175.579
155.303 -184.63 133.245 -173.003
155.604 -181.999 133.641 -170.355
155.906 -179.34 134.055 -167.748
156.218 -176.665 134.486 -165.049
156.532 -173.987 134.871 -162.435
156.849 -171.32 135.268 -159.781
157.161 -168.641 135.664 -157.12
157.472 -165.965 136.077 -154.463
157.795 -163.305 136.49 -151.85
158.127 -160.669 136.907 -149.268
158.461 -158.045 137.332 -146.679
158.799 -155.435 137.738 -144.107
159.144 -152.83 138.182 -141.427
159.501 -150.19 138.652 -138.715
159.874 -147.523 139.117 -136.031
160.257 -144.824 139.598 -133.232
160.64 -142.09 140.049 -130.472
161.019 -139.316 140.446 -127.687
161.359 -136.497 140.825 -124.827
161.656 -133.636 141.233 -121.902
161.936 -130.741 141.644 -118.986
162.224 -127.789 142.021 -116.073
162.489 -124.87 142.416 -113.15
162.748 -121.952 142.792 -110.247
162.998 -119.04 143.176 -107.352
163.248 -116.126 143.57 -104.444
163.504 -113.214 143.943 -101.558
163.762 -110.299 144.296 -98.6744
164.015 -107.386 144.656 -95.7968
164.269 -104.478 144.996 -92.9424
164.514 -101.572 145.347 -90.0194
164.752 -98.6801 145.734 -87.1204
165.025 -95.7795 146.142 -84.2621
165.326 -92.8865 146.535 -81.4023
165.637 -89.9719 146.952 -78.536
165.963 -87.0961 147.367 -75.6594
166.305 -84.1841 147.794 -72.7068
166.646 -81.2655 148.174 -69.8302
166.974 -78.3389 148.595 -66.9047
167.314 -75.4097 148.982 -63.9815
167.648 -72.4561 149.357 -61.003
167.968 -69.4976 149.714 -58.0309
168.262 -66.5297 150.064 -55.0354
168.529 -63.5437 150.387 -52.0125
168.778 -60.5389 150.716 -49.0125
169.021 -57.536 151.022 -46.0456
169.265 -54.5342 151.315 -43.0825
169.495 -51.5499 151.602 -40.1394
169.708 -48.5877 151.836 -37.2315
169.901 -45.6609 152.067 -34.3801
170.072 -42.7442 152.286 -31.5401
170.228 -39.8647 152.49 -28.7081
170.378 -37.0042 152.668 -25.9657
170.519 -34.2079 152.881 -23.2989
170.642 -31.4845 153.031 -20.6975
170.746 -28.8259 153.18 -18.1999
170.834 -26.2444 153.319 -15.8592
170.897 -23.7759 153.463 -13.6107
170.964 -21.4456 153.625 -11.4293
171.065 -19.2061 153.802 -9.29819
171.183 -17.0282 153.968 -7.23431
171.317 -14.8995 154.134 -5.24994
171.447 -12.8758 154.309 -3.38989
171.588 -10.9339 154.492 -1.69278
171.74 -9.12053 154.695 -0.124512
171.909 -7.46175 154.9 1.29315
172.09 -5.9412 155.14 2.63092
172.299 -4.54199 155.521 4.20084
172.549 -3.26275 155.853 5.22345
172.84 -2.10015 156.239 6.18799
173.186 -1.0667 156.715 7.0799
173.585 -0.124488 157.244 7.88593
174.082 0.774407 157.869 8.62622
174.666 1.58099 158.622 9.32178
175.308 2.29897 159.542 9.9566
176.102 2.984 160.603 10.5225
177.056 3.61363 161.86 11.0373
178.135 4.17251 163.294 11.4164
179.398 4.65889 164.95 11.6308
180.879 5.03712 166.739 11.7219
182.524 5.27335 168.649 11.6992
184.331 5.37439 170.784 11.6282
186.294 5.39418 172.999 11.5673
188.4 5.38074 175.362 11.5067
190.633 5.37608 177.795 11.4879
192.984 5.38856 180.217 11.4382
195.395 5.41488 182.643 11.4548
197.828 5.4507 185.113 11.4275
200.28 5.48971 187.579 11.4268
202.76 5.53031 190.064 11.4235
205.23 5.57464 192.429 11.444
207.676 5.6384 194.79 11.471
210.095 5.7197 197.027 11.4859
212.46 5.80704 199.148 11.5049
214.732 5.88549 201.095 11.5479
216.847 5.97002 202.881 11.5926
218.804 6.05376 204.457 11.6398
220.567 6.14573 205.857 11.6644
222.147 6.23967 207.17 11.6581
223.545 6.30843 208.48 11.5475
224.867 6.31942 209.701 11.3535
226.152 6.23617 210.847 11.0028
227.383 6.05534 211.973 10.4946
228.552 5.70541 212.923 9.93515
229.621 5.21527 213.813 9.19867
230.599 4.63922 214.645 8.32892
231.486 3.8942 215.341 7.29962
232.292 3.05113 215.902 6.1662
232.974 2.03929 216.346 4.80478
233.542 0.874758 216.62 3.30869
233.981 -0.470349 216.792 1.62036
234.246 -1.96817 216.855 -0.162354
234.447 -3.63315 216.791 -2.11191
234.536 -5.43245 216.657 -4.19965
234.522 -7.38999 216.48 -6.43985
234.437 -9.48222 216.295 -8.77524
234.319 -11.714 216.101 -11.1565
234.197 -14.0799 215.938 -13.5489
234.08 -16.5014 215.8 -15.9673
233.981 -18.9181 215.701 -18.4273
233.92 -21.3503 215.594 -20.8899
233.893 -23.8119 215.498 -23.3904
233.893 -26.2766 215.389 -25.8845
233.888 -28.7547 215.287 -28.2779
233.863 -31.2345 215.172 -30.7382
233.849 -33.7038 215.039 -33.1768
233.818 -36.1534 214.89 -35.5295
233.772 -38.5853 214.752 -37.9268
233.707 -40.9714 214.61 -40.2733
233.643 -43.3372 214.472 -42.6059
233.571 -45.6898 214.291 -44.8899
233.49 -47.994 214.165 -47.1239
233.411 -50.2844 214.027 -49.3291
233.346 -52.557 213.88 -51.5346
233.283 -54.7957 213.724 -53.6991
233.21 -57.0082 213.594 -55.8481
233.123 -59.1738 213.489 -57.9741
233.066 -61.3337 213.393 -60.0835
233.03 -63.4544 213.257 -62.1416
232.98 -65.5395 213.151 -64.1465
232.908 -67.5853 213.018 -66.0992
232.849 -69.5855 212.899 -68.0
232.796 -71.5363 212.796 -69.8959
232.746 -73.4682 212.636 -71.7589
232.67 -75.3666 212.472 -73.6468
232.591 -77.2393 212.258 -75.5795
232.473 -79.121 212.007 -77.6033
232.319 -81.0785 211.71 -79.7249
232.123 -83.1116 211.373 -81.9576
231.882 -85.2431 210.967 -84.302
231.598 -87.4663 210.552 -86.7659
231.264 -89.8255 210.118 -89.3731
230.899 -92.3083 209.669 -92.0592
230.52 -94.9009 209.239 -94.8763
230.132 -97.6241 208.838 -97.8097
229.778 -100.455 208.48 -100.761
229.468 -103.377 208.122 -103.712
229.193 -106.348 207.778 -106.701
228.921 -109.35 207.445 -109.685
228.65 -112.367 207.114 -112.71
228.394 -115.372 206.851 -115.615
228.153 -118.354 206.591 -118.574
227.93 -121.331 206.358 -121.504
227.734 -124.289 206.152 -124.399
227.574 -127.217 205.946 -127.213
227.426 -130.11 205.714 -130.075
227.26 -132.962 205.472 -132.933
227.099 -135.796 205.212 -135.706
226.919 -138.59 204.899 -138.491
226.703 -141.363 204.562 -141.242
226.441 -144.133 204.14 -143.862
226.123 -146.902 203.589 -146.634
225.721 -149.665 202.969 -149.409
225.231 -152.426 202.246 -152.179
224.651 -155.186 201.522 -154.886
223.974 -157.937 200.82 -157.614
223.256 -160.685 200.166 -160.344
222.554 -163.439 199.568 -163.049
221.9 -166.214 199.041 -165.785
221.32 -168.971 198.54 -168.493
220.808 -171.738 198.112 -171.048
220.341 -174.47 197.652 -173.512
219.901 -177.119 197.248 -175.901
219.506 -179.64 196.804 -178.34
219.131 -182.065 196.374 -180.705
218.757 -184.483 195.944 -183.029
218.363 -186.883 195.54 -185.378
217.971 -189.238 195.171 -187.679
217.6 -191.582 194.834 -189.951
217.266 -193.905 194.505 -192.239
216.954 -196.195 194.207 -194.313
216.667 -198.485 193.875 -196.327
216.403 -200.697 193.638 -198.133
216.153 -202.77 193.412 -199.662
215.925 -204.639 193.22 -201.02
215.704 -206.268 193.027 -202.322
215.519 -207.704 192.789 -203.535
215.309 -209.06 192.61 -204.595
215.091 -210.35 192.414 -205.53
214.875 -211.491 192.215 -206.437
214.677 -212.447 192.013 -207.321
214.462 -213.365 191.77 -208.174
214.24 -214.253 191.502 -209.064
214.009 -215.109 191.163 -209.988
213.736 -215.978 190.726 -210.931
213.413 -216.878 190.194 -211.951
213.016 -217.808 189.52 -212.983
212.521 -218.789 188.632 -214.048
211.889 -219.818 187.616 -215.053
211.092 -220.866 186.424 -216.016
210.117 -221.895 185.021 -216.872
208.952 -222.873 183.412 -217.643
207.624 -223.767 181.701 -218.247
206.128 -224.572 179.834 -218.688
204.454 -225.247 177.845 -218.864
202.631 -225.753 175.8 -218.868
200.7 -226.041 173.666 -218.67
198.696 -226.114 171.511 -218.301
196.591 -225.976 169.308 -217.819
194.431 -225.694 167.049 -217.163
192.215 -225.277 164.757 -216.397
189.948 -224.717 162.472 -215.56
187.671 -224.029 160.105 -214.64
185.337 -223.236 157.757 -213.684
182.981 -222.372 155.412 -212.755
180.579 -221.48 153.096 -211.887
178.197 -220.596 150.822 -211.05
175.796 -219.751 148.537 -210.281
173.408 -218.969 146.343 -209.551
171.065 -218.254 144.372 -208.946
168.845 -217.611 142.593 -208.339
166.792 -217.026 140.88 -207.731
164.884 -216.473 139.307 -207.117
163.124 -215.938 137.831 -206.456
161.479 -215.393 136.493 -205.7
159.923 -214.787 135.314 -204.807
158.518 -214.101 134.248 -203.701
157.272 -213.292 133.427 -202.583
156.182 -212.307 132.817 -201.317
155.29 -211.219 132.416 -199.991
154.61 -210.025 132.159 -198.512
154.085 -208.699 132.088 -196.928
153.779 -207.289 132.113 -195.26
153.62 -205.762 132.219 -193.514
153.563 -204.109 132.419 -191.586
153.589 -202.379 132.69 -189.534
153.69 -200.497 132.99 -187.404
153.861 -198.495 133.292 -185.169
154.07 -196.372 133.628 -182.769
154.276 -194.124 133.978 -180.306
154.508 -191.761 134.375 -177.722
154.765 -189.288 134.801 -175.036
155.043 -186.708 135.275 -172.309
155.361 -184.027 135.672 -169.94
155.712 -181.272 136.157 -167.021
156.059 -178.461 136.638 -164.174
156.401 -175.624 137.107 -161.37
156.735 -172.794 137.49 -159.118
157.068 -169.956 137.644 -158.473
157.41 -167.148 137.723 -158.194
157.756 -164.357 137.454 -159.524
158.104 -161.586 137.636 -158.235
158.448 -158.826 137.744 -157.725
158.797 -156.06 137.556 -158.851
159.152 -153.294 137.605 -158.822
159.529 -150.51 137.666 -158.726
159.93 -147.703 137.52 -159.889
160.34 -144.868 137.469 -160.224
160.739 -142.001 137.367 -160.62
161.121 -139.074 137.349 -160.698
161.455 -136.081 137.281 -161.197
161.745 -133.044 137.254 -161.574
162.035 -129.955 137.142 -162.042
162.331 -126.807 137.198 -161.343
162.614 -123.621 137.698 -158.472
162.892 -120.428 138.269 -155.377
163.18 -117.233 138.758 -152.202
163.475 -114.041 139.185 -149.391
163.771 -110.848 139.514 -147.336
164.063 -107.659 139.439 -147.66
164.349 -104.468 139.533 -147.676
164.63 -101.282 139.701 -147.36
164.929 -98.0992 139.864 -147.066
165.287 -94.891 140.164 -146.103
165.68 -91.6754 140.271 -146.429
166.096 -88.4542 140.332 -146.812
166.528 -85.2104 140.37 -147.088
166.96 -81.9441 140.42 -146.96
167.373 -78.6334 140.151 -148.656
167.751 -75.3098 140.104 -148.529
168.097 -71.9185 140.12 -148.435
168.424 -68.4961 140.079 -148.632
168.738 -65.0396 140.114 -148.054
169.023 -61.5417 140.08 -148.198
169.284 -58.0516 140.142 -148.013
169.525 -54.5777 140.138 -147.39
169.756 -51.1248 139.959 -147.723
169.975 -47.6999 139.95 -147.243
170.187 -44.2994 139.994 -146.102
170.374 -40.9451 140.6 -146.216
170.533 -37.663 140.784 -144.215
170.674 -34.4941 141.149 -141.629
170.795 -31.4654 141.513 -139.254
170.895 -28.5777 141.939 -136.878
170.981 -25.8387 142.353 -134.706
171.061 -23.253 142.876 -132.625
171.174 -20.7912 143.351 -131.104
171.449 -18.6117 143.882 -129.204
171.763 -16.4979 144.38 -127.362
172.076 -14.3862 144.8 -125.723
172.388 -12.2772 145.134 -124.35
172.7 -10.1702 145.488 -122.75
173.002 -8.25153 145.672 -121.824
173.254 -6.60505 145.815 -121.108
173.446 -5.15088 145.934 -120.461
173.583 -3.92563 146.041 -119.869
173.68 -2.92919 146.148 -119.281
173.753 -2.13064 146.246 -118.678
173.819 -1.46576 146.327 -118.085
173.879 -0.859618 146.431 -117.408
173.925 -0.266755 146.544 -116.554
173.978 0.324786 146.697 -115.536
174.013 0.917514 146.854 -114.275
174.033 1.55939 147.078 -112.856
174.068 2.36959 147.327 -111.258
174.105 3.33969 147.634 -109.457
174.132 4.51292 147.901 -107.489
174.187 5.90432 148.177 -105.354
174.263 7.4782 148.473 -103.086
174.363 9.20589 148.766 -100.692
174.452 11.1247 149.071 -98.1634
174.511 13.2002 149.406 -95.4622
174.568 15.431 149.745 -92.6993
174.628 17.8414 150.068 -90.0704
174.671 20.3819 150.135 -89.4778
174.711 23.0541 150.221 -88.7437
174.752 25.8252 150.569 -85.7271
174.812 28.6979 150.925 -82.5406
174.901 31.6643 151.323 -79.428
175.005 34.6865 151.709 -76.2738
175.105 37.765 151.922 -74.1625
175.196 40.8947 152.148 -72.4652
175.286 44.0619 152.172 -71.9601
175.385 47.2482 152.259 -71.4395
175.47 50.4329 152.198 -72.2078
175.558 53.6266 152.161 -72.6039
175.643 56.813 152.247 -71.8763
175.737 59.9921 152.501 -69.9753
175.839 63.1968 152.634 -68.7294
175.939 66.3942 152.666 -68.1603
176.031 69.6132 152.989 -64.9248
176.103 72.8196 153.299 -61.6911
176.171 76.0576 153.581 -58.4295
176.234 79.2874 153.846 -55.1736
176.27 82.5276 154.086 -51.9136
176.293 85.773 154.329 -48.6221
176.283 89.0247 154.54 -45.3161
176.241 92.3025 154.715 -42.0425
176.181 95.5735 154.888 -38.7058
176.087 98.854 155.002 -35.4046
175.959 102.143 155.156 -32.0694
175.81 105.437 155.31 -28.7096
175.637 108.74 155.459 -25.3397
175.46 112.058 155.59 -21.9821
175.259 115.376 155.713 -18.6111
175.055 118.71 155.783 -17.1446
174.857 122.062 155.767 -16.9175
174.649 125.413 155.829 -17.1065
174.438 128.791 155.869 -15.9967
174.222 132.18 155.922 -12.5872
173.996 135.575 156.005 -9.25513
173.775 138.982 155.777 -9.55414
173.566 142.4 155.89 -9.13068
173.338 145.816 155.859 -7.78387
173.117 149.232 155.807 -7.65167
172.888 152.637 155.973 -5.83783
172.649 156.043 155.703 -5.63492
172.411 159.403 156.106 -5.10562
172.174 162.753 155.992 -5.0603
171.945 166.074 155.862 -5.65854
171.734 169.32 155.879 -2.67743
171.521 172.571 155.929 -2.39844
171.284 175.684 156.102 -1.90079
171.055 178.776 156.117 -2.80121
170.832 181.8 156.165 -3.19556
170.616 184.751 156.184 -3.17755
170.404 187.668 156.175 -3.0936
170.201 190.513 156.046 -3.77032
170.004 193.315 155.904 -4.49023
169.785 196.064 155.763 -4.3934
169.55 198.777 155.533 -4.85757
169.279 201.435 155.129 -3.92926
168.946 204.071 154.941 -1.60971
168.57 206.635 154.932 0.475342
168.152 209.166 154.968 2.5434
167.751 211.646 155.095 4.58481
167.366 214.041 155.283 6.46567
167.069 216.342 155.579 8.18488
166.906 218.557 155.905 9.87897
166.824 220.671 156.27 11.3791
166.843 222.696 156.614 12.8295
166.963 224.615 156.897 14.1683
167.158 226.411 157.098 15.411
167.42 228.107 157.216 16.5436
167.712 229.692 157.207 17.5846
168.018 231.179 157.069 18.5559
168.273 232.579 156.854 19.4739
168.462 233.871 156.529 20.3545
168.547 235.056 156.134 21.1382
168.528 236.139 155.69 21.8801
168.357 237.12 155.171 22.585
168.099 238.042 154.643 23.2442
167.741 238.905 154.052 23.9157
167.281 239.68 153.483 24.5379
166.774 240.393 152.752 25.1925
166.207 241.052 151.93 25.8147
165.607 241.699 150.975 26.3854
164.998 242.344 149.933 26.9067
164.334 242.963 148.678 27.4023
163.585 243.571 147.186 27.8831
162.748 244.146 145.504 28.3869
161.809 244.668 143.612 28.8596
160.735 245.128 141.543 29.2712
159.484 245.557 139.13 29.6714
158.053 245.938 136.48 30.0485
156.431 246.343 133.628 30.4251
154.589 246.736 130.597 30.8281
152.48 247.075 127.37 31.2379
150.141 247.355 123.933 31.6654
147.573 247.601 120.417 32.1048
144.804 247.845 116.949 32.5006
141.824 248.105 113.448 32.891
138.635 248.361 109.901 33.2665
135.232 248.604 106.417 33.5865
131.686 248.856 102.913 33.9025
128.165 249.087 99.4457 34.2231
124.642 249.278 96.0441 34.5371
121.109 249.457 92.6167 34.821
117.58 249.612 89.2174 35.104
114.068 249.738 85.8378 35.3572
110.584 249.861 82.4817 35.6082
107.114 249.979 79.1776 35.8759
103.67 250.074 75.8895 36.1998
100.251 250.148 72.6055 36.573
96.8553 250.207 69.3567 36.8863
93.4827 250.264 66.1223 37.2584
90.1458 250.33 62.8354 37.635
86.84 250.448 59.6986 37.9973
83.5472 250.598 56.4592 38.3466
80.2723 250.734 53.2761 38.675
77.0131 250.906 50.0674 38.9937
73.7271 251.074 46.9734 39.2867
70.4648 251.238 43.873 39.5491
67.2209 251.406 40.7135 39.8391
63.9916 251.549 37.6424 40.1252
60.7869 251.675 34.6043 40.4234
57.6015 251.782 31.5847 40.7795
54.4388 251.876 28.5724 41.1277
51.2977 251.967 25.5982 41.4863
48.1824 252.065 22.6767 41.8562
45.0929 252.188 19.7298 42.1709
42.0186 252.337 16.8388 42.3996
38.9732 252.505 13.9298 42.5575
35.9533 252.689 11.0643 42.5741
32.959 252.872 8.19745 42.4472
29.9939 253.03 5.35736 42.164
27.0498 253.115 2.48584 41.6891
24.1304 253.102 -0.376953 40.9968
21.2413 252.992 -3.18661 40.1301
18.3747 252.75 -5.97769 39.0383
15.5346 252.322 -8.71381 37.7437
12.7127 251.717 -11.4408 36.2273
9.91772 250.92 -14.1584 34.5459
7.14579 249.911 -16.8495 32.786
4.41145 248.691 -19.5635 30.9575
1.73272 247.238 -22.3422 29.0837
-0.886348 245.601 -25.0726 27.2318
-3.48279 243.782 -27.8307 25.4235
-6.06639 241.857 -30.6369 23.6758
-8.68089 239.876 -33.4946 22.008
-11.3274 237.846 -36.385 20.4264
-13.9887 235.808 -39.217 18.8678
-16.6772 233.803 -42.0196 17.3773
-19.3881 231.874 -44.8223 15.9116
-22.1279 230.029 -47.5698 14.4543
-24.8948 228.273 -50.2445 13.0453
-27.6463 226.548 -52.7256 11.7355
-30.374 224.863 -54.982 10.4847
-33.0692 223.207 -56.9999 9.28629
-35.7343 221.575 -58.7454 8.18622
-38.3497 219.974 -60.3264 7.14517
-40.8216 218.444 -61.7451 6.17645
-43.0751 217.002 -63.0435 5.20245
-45.0963 215.634 -64.1816 4.25644
-46.8784 214.368 -65.1684 3.35336
-48.453 213.203 -66.1125 2.2019
-49.855 212.112 -66.6091 1.46002
-51.1035 211.05 -67.0561 0.721863
-52.2239 210.007 -67.3997 -0.0232849
-53.1825 208.996 -67.6749 -0.826843
-53.938 208.023 -67.8927 -1.67953
-54.4702 207.16 -68.0768 -2.66113
-54.881 206.38 -68.1657 -3.79181
-55.2088 205.581 -68.1523 -5.04779
-55.451 204.785 -68.1013 -6.48615
-55.6242 203.948 -67.8944 -8.14566
-55.7591 203.023 -67.5194 -9.98541
-55.83 201.99 -66.9268 -11.9673
-55.8119 200.831 -66.2966 -14.0444
-55.6683 199.501 -65.2304 -16.2781
-55.4217 197.999 -64.0348 -18.5751
-55.0281 196.317 -62.5804 -20.971
-54.4676 194.465 -61.0837 -23.5244
-53.6986 192.469 -59.588 -26.1194
-52.6936 190.391 -57.9783 -28.9082
-51.4201 188.23 -56.3358 -31.8057
-49.9478 185.994 -54.673 -34.7838
-48.3368 183.653 -53.0287 -37.9002
-46.6776 181.203 -51.386 -41.1082
-44.9496 178.628 -49.8498 -44.3506
-43.1648 175.936 -48.3486 -47.636
-41.3376 173.129 -46.9284 -50.9609
-39.478 170.196 -45.5854 -54.3001
-37.6437 167.157 -44.2168 -57.5998
-35.8419 164.041 -42.8326 -60.9142
-34.0871 160.874 -41.468 -64.1639
-32.4102 157.655 -40.0891 -67.5635
-30.7886 154.423 -38.7665 -70.8806
-29.2325 151.211 -37.4257 -74.1729
-27.6577 148.004 -36.0906 -77.4745
-26.0982 144.789 -34.7883 -80.7263
-24.5301 141.561 -33.459 -83.9135
-22.9682 138.324 -32.1872 -87.1039
-21.4157 135.097 -30.9741 -90.2778
-19.8662 131.877 -29.8728 -93.5277
-18.3371 128.699 -28.8811 -96.7234
-16.8002 125.552 -27.9281 -99.9394
-15.2669 122.447 -27.0131 -103.164
-13.7996 119.357 -26.1127 -106.434
-12.4353 116.244 -25.2409 -109.624
-11.1877 113.102 -24.4241 -112.898
-10.0073 109.925 -23.7328 -116.158
-8.86429 106.766 -23.0592 -119.467
-7.76012 103.575 -22.4952 -122.822
-6.64698 100.383 -22.0231 -126.118
-5.58444 97.2112 -21.5269 -129.422
-4.60433 93.9769 -21.0717 -132.763
-3.69591 90.7331 -20.6454 -136.029
-2.8711 87.4694 -20.2512 -139.309
-2.11309 84.1787 -19.9138 -142.516
-1.41313 80.888 -19.5575 -145.734
-0.725446 77.569 -19.2512 -148.912
-0.0910308 74.3378 -18.9597 -152.12
0.52172 71.0852 -18.6611 -155.286
1.12026 67.8523 -18.4221 -158.432
1.6866 64.6252 -18.2059 -161.516
2.22538 61.4256 -17.9877 -164.626
2.75408 58.2343 -17.8024 -167.664
3.25761 55.0758 -17.6493 -170.646
3.73199 51.9487 -17.517 -173.587
4.18587 48.8308 -17.3782 -176.362
4.5965 45.756 -17.2667 -179.068
4.98099 42.697 -17.1804 -181.65
5.34022 39.6627 -17.0999 -184.045
5.6763 36.7124 -17.0377 -186.259
5.99203 33.8424 -16.9832 -188.321
6.28422 31.0873 -16.9078 -190.242
6.55403 28.421 -16.8683 -192.019
6.80006 25.9002 -16.8646 -193.627
7.0252 23.5589 -16.8056 -195.073
7.22837 21.38 -16.8041 -196.26
7.42624 19.3623 -16.8031 -197.26
7.60654 17.5015 -16.7614 -198.131
7.74364 15.7808 -16.695 -198.931
7.85855 14.2316 -16.5842 -199.668
7.96159 12.8954 -16.4815 -200.322
8.04801 11.7762 -16.418 -200.631
8.12948 10.8439 -16.4115 -200.7
8.23151 10.0238 -16.4088 -200.673
8.35643 9.27129 -16.4109 -200.688
8.54739 8.55563 -16.3971 -200.69
8.71155 8.00035 -16.4123 -200.677
8.78606 7.79172 -16.4124 -200.687
8.78358 7.81142 -16.3993 -200.692
8.7872 7.81353 -16.4123 -200.683
8.785 7.81035 -16.4191 -200.673
8.77608 7.80885 -16.402 -200.677
8.76869 7.80645 -16.4006 -200.693
8.76106 7.80402 -16.412 -200.684
8.75292 7.79853 -16.4091 -200.689
8.74852 7.79344 -16.4164 -200.693
8.7434 7.78833 -16.4137 -200.68
8.73816 7.78331 -16.3954 -200.7
8.73363 7.77889 -16.4048 -200.692
8.72855 7.77411 -16.4265 -200.668
8.72571 7.77053 -16.4173 -200.68
8.72337 7.76786 -16.4219 -200.683
8.72048 7.76633 -16.4231 -200.684
8.71631 7.76515 -16.3815 -200.705
8.71383 7.76362 -16.383 -200.735
8.71283 7.76333 -16.372 -200.778
8.71251 7.76302 -16.3199 -200.927
8.71329 7.76278 -16.2292 -201.274
8.71634 7.76218 -16.0471 -201.834
8.72696 7.74403 -15.7214 -202.58
8.75102 7.70036 -15.2199 -203.441
8.7865 7.62709 -14.4861 -204.37
8.87307 7.42402 -13.5627 -205.313
9.05481 7.02012 -12.3299 -206.242
9.35531 6.42112 -10.8263 -207.103
9.82567 5.66973 -9.01471 -207.869
10.5091 4.83733 -6.9101 -208.565
11.4059 3.97491 -4.621 -209.039
12.5464 3.13539 -2.08261 -209.358
13.9724 2.35285 0.738617 -209.567
15.686 1.66177 3.71597 -209.741
17.6611 1.07396 6.89975 -209.943
19.8828 0.647612 10.2778 -210.123
22.3233 0.411778 13.7243 -210.322
24.9742 0.34565 17.1835 -210.511
27.8213 0.369986 20.5898 -210.643
30.874 0.42502 22.735 -210.789
34.1263 0.474721 26.1118 -210.892
37.539 0.535546 29.4674 -211.039
40.9857 0.609695 32.8571 -211.209
44.4222 0.703525 36.1347 -211.351
47.8533 0.814936 39.4157 -211.474
51.2668 0.923089 42.7202 -211.635
54.6439 1.02673 45.996 -211.789
58.0086 1.12125 49.1826 -211.919
61.3599 1.21347 52.3639 -212.059
64.6649 1.30467 55.5083 -212.177
67.967 1.41168 58.604 -212.304
71.2437 1.50159 61.7293 -212.434
74.4945 1.59362 64.809 -212.562
77.7096 1.6981 67.9055 -212.702
80.9145 1.81574 70.9883 -212.857
84.0885 1.93672 73.979 -213.026
87.238 2.06021 77.0097 -213.222
90.3682 2.18783 79.9453 -213.48
93.4769 2.30041 82.9666 -213.733
96.565 2.40667 85.9952 -213.945
99.6181 2.492 89.1237 -214.21
102.672 2.55942 92.3474 -214.44
105.691 2.58754 95.5618 -214.674
108.673 2.60307 98.9609 -214.937
111.716 2.63218 99.8247 -215.006
114.837 2.65898 102.142 -215.181
118.039 2.69373 105.488 -215.398
121.293 2.73736 105.468 -215.373
124.634 2.79685 105.114 -215.333
128.046 2.86863 105.927 -215.342
131.508 2.95533 105.771 -215.279
134.969 3.06149 105.946 -215.267
138.413 3.1812 106.724 -215.314
141.827 3.30842 106.072 -215.271
145.227 3.43133 105.773 -215.253
148.577 3.57749 107.816 -215.392
151.861 3.71479 110.798 -215.558
155.066 3.83171 113.808 -215.812
158.215 3.93812 116.921 -216.086
161.303 4.02416 120.089 -216.309
164.347 4.08898 123.279 -216.465
167.372 4.14323 125.848 -216.722
170.397 4.21886 128.507 -216.908
173.47 4.27924 128.522 -216.967
176.602 4.34271 128.158 -216.906
179.762 4.42839 128.565 -216.887
182.972 4.53825 128.313 -217.077
186.257 4.63554 128.295 -217.074
189.6 4.74043 127.572 -217.188
192.975 4.83423 128.468 -217.3
196.329 4.91323 128.017 -217.616
199.674 5.00417 130.753 -217.922
202.99 5.08026 132.272 -217.708
206.266 5.16233 132.974 -218.305
209.434 5.22969 132.468 -218.391
212.432 5.30641 132.136 -218.468
215.319 5.3765 134.557 -218.809
218.145 5.43693 137.4 -219.071
220.944 5.48324 140.376 -219.36
223.722 5.51651 143.366 -219.661
226.498 5.54576 146.52 -220.027
229.259 5.56532 149.761 -220.367
232.071 5.62733 153.086 -220.754
234.962 5.77101 154.08 -220.857
237.902 5.96098 153.38 -220.7
240.934 6.12703 154.236 -220.785
244.063 6.26097 154.671 -220.789
247.307 6.41819 154.214 -220.706
250.677 6.56848 153.944 -220.66
254.135 6.69917 153.566 -220.611
257.674 6.83737 152.835 -220.517
261.197 6.96719 152.482 -220.437
264.682 7.09359 153.576 -220.543
268.158 7.20139 156.42 -220.856
271.591 7.33054 159.196 -221.172
274.97 7.4511 161.989 -221.514
278.251 7.56446 164.74 -221.805
281.392 7.69544 167.496 -222.194
284.402 7.82783 170.277 -222.601
287.251 7.96593 173.156 -223.021
290.054 8.09966 176.086 -223.484
292.835 8.22955 179.036 -224.002
295.587 8.35257 182.159 -224.576
298.365 8.45245 185.338 -225.223
301.18 8.50329 188.483 -225.899
304.059 8.53388 191.753 -226.661
307.001 8.53691 191.413 -226.663
310.056 8.49283 192.129 -226.527
313.167 8.417 191.337 -226.361
316.365 8.30969 191.243 -226.365
319.61 8.15587 191.293 -226.749
322.934 7.9604 191.53 -226.828
326.311 7.7034 194.647 -227.389
329.735 7.41919 198.106 -228.049
333.249 7.12778 201.498 -228.661
336.846 6.83286 204.874 -229.261
340.458 6.5379 208.196 -229.828
344.038 6.26662 211.438 -230.368
347.592 6.01588 214.668 -230.898
351.112 5.78718 214.668 -230.898
354.601 5.57686 214.668 -230.898
358.03 5.37022 214.668 -230.898
361.443 5.19476 214.668 -230.898
364.777 5.04826 214.668 -230.898
368.089 4.90157 214.668 -230.898
