4.76729 0.0557354 2.41736 -0.0267029
8.3454 0.0975696 6.00455 -0.0800171
11.9198 0.139362 9.59491 -0.149475
15.4966 0.181814 13.1992 -0.15036
19.0766 0.222069 16.7511 -0.133606
22.6588 0.270764 20.3813 -0.153839
26.2431 0.327351 23.9622 -0.141785
29.8283 0.389214 27.5082 -0.119385
33.4202 0.459653 31.1223 -0.103394
37.0093 0.536706 34.7149 -0.0803528
40.6024 0.61817 38.3026 -0.0668335
44.1956 0.708016 41.8819 -0.052948
47.8015 0.784447 45.4922 -0.0291748
51.4046 0.84029 49.102 -0.0458069
55.0152 0.892873 52.7267 -0.0578918
58.6326 0.956215 56.3648 -0.078949
62.2456 1.03113 59.969 -0.0908508
65.8504 1.10319 63.5647 -0.0690613
69.4353 1.18693 67.1471 -0.0861511
73.0022 1.26857 70.7172 -0.0838013
76.5408 1.32014 74.2139 -0.128845
80.0684 1.34094 77.7481 -0.198303
83.558 1.32387 81.2038 -0.336212
87.0311 1.27312 84.6913 -0.502655
90.4834 1.18274 88.0678 -0.677399
93.9471 1.05602 91.5127 -0.93692
97.4132 0.89754 94.9641 -1.21204
100.914 0.723357 98.492 -1.53912
104.47 0.550572 102.032 -1.82904
108.072 0.405377 105.599 -2.10861
111.707 0.298528 109.263 -2.33664
115.363 0.241552 112.924 -2.54242
119.04 0.237293 116.559 -2.66788
122.742 0.269679 120.274 -2.79227
126.47 0.316815 124.046 -2.91953
130.22 0.370442 127.758 -2.97101
133.996 0.413373 131.596 -3.07309
137.79 0.457056 135.339 -3.18658
141.606 0.509951 139.171 -3.25967
145.424 0.568107 143.015 -3.35867
149.227 0.618401 146.783 -3.4426
153.025 0.666905 150.581 -3.55746
156.817 0.721231 154.388 -3.66556
160.604 0.778517 158.13 -3.73318
164.39 0.844849 161.929 -3.85892
168.176 0.915926 165.703 -3.95657
171.971 0.99577 169.522 -4.06729
175.759 1.08317 173.329 -4.17569
179.549 1.1675 177.096 -4.24963
183.337 1.24982 180.922 -4.34512
187.092 1.34277 184.679 -4.42487
190.831 1.42991 188.395 -4.50137
194.534 1.50439 192.101 -4.58643
198.199 1.56131 195.712 -4.72983
201.821 1.60705 199.318 -4.84329
205.382 1.6397 202.902 -5.0282
208.852 1.66316 206.375 -5.15219
212.191 1.69261 209.69 -5.30118
215.405 1.73064 212.936 -5.4426
218.508 1.77596 216.047 -5.56641
221.461 1.84453 218.962 -5.64175
224.219 1.93108 221.748 -5.70972
226.776 2.03611 224.304 -5.76169
229.159 2.14943 226.685 -5.75415
231.388 2.24791 228.936 -5.79126
233.56 2.33855 231.107 -5.82007
235.702 2.41471 233.278 -5.85941
237.811 2.47522 235.329 -5.91748
239.888 2.51195 237.384 -6.00946
241.957 2.53435 239.466 -6.12381
244.059 2.5456 241.554 -6.21777
246.186 2.54558 243.716 -6.36548
248.37 2.5419 245.864 -6.49985
250.61 2.5354 248.088 -6.64102
252.929 2.53441 250.423 -6.81503
255.306 2.5169 252.783 -6.98941
257.758 2.47644 255.176 -7.19638
260.268 2.40183 257.669 -7.43597
262.779 2.31559 260.158 -7.69922
265.303 2.21167 262.719 -7.99857
267.835 2.07093 265.218 -8.30301
270.382 1.92383 267.75 -8.61172
272.943 1.78334 270.324 -8.9371
275.504 1.66066 272.904 -9.23529
278.052 1.55063 275.364 -9.51788
280.569 1.46624 277.905 -9.77139
283.004 1.41905 280.315 -9.97174
285.305 1.41432 282.628 -10.1427
287.433 1.43582 284.706 -10.2765
289.389 1.50637 286.684 -10.3618
291.23 1.66504 288.52 -10.3723
292.937 1.94299 290.205 -10.2176
294.512 2.3679 291.782 -9.9122
295.902 2.94905 293.202 -9.46854
297.164 3.68733 294.531 -8.86441
298.262 4.58632 295.668 -8.08295
299.167 5.63558 296.725 -7.14029
299.805 6.80887 297.46 -6.05539
300.181 8.02723 297.928 -4.86563
300.329 9.27029 298.224 -3.67484
300.229 10.5813 298.208 -2.38992
299.798 11.9432 298.007 -0.949982
299.143 13.3109 297.474 0.47818
298.181 14.6631 296.638 1.90787
296.918 16.0243 295.519 3.3775
295.284 17.3224 294.036 4.78445
293.35 18.5053 292.217 6.12735
291.079 19.5385 290.019 7.34772
288.505 20.3818 287.517 8.40497
285.632 20.9774 284.704 9.23038
282.521 21.307 281.63 9.78107
279.173 21.3772 278.308 10.0995
275.639 21.2092 274.774 10.1961
271.963 20.8862 271.12 10.1397
268.136 20.5552 267.256 10.0012
264.179 20.2497 263.271 9.95285
260.19 19.9933 259.253 9.94687
256.17 19.7967 255.249 10.0255
252.123 19.6682 251.256 10.1661
248.064 19.5903 247.164 10.3421
243.97 19.538 243.086 10.5486
239.839 19.5032 238.996 10.7762
235.684 19.4667 234.88 10.9779
231.492 19.4066 230.698 11.1794
227.283 19.3324 226.51 11.3235
223.034 19.2653 222.22 11.5193
218.757 19.1907 217.959 11.6787
214.452 19.1149 213.591 11.846
210.124 19.0221 209.289 12.023
205.758 18.9279 204.819 12.1257
201.368 18.8371 200.441 12.2763
196.976 18.7519 196.004 12.3968
192.6 18.6712 191.6 12.5522
188.243 18.6104 187.248 12.7174
183.908 18.5605 182.884 12.8832
179.601 18.5231 178.587 13.0274
175.337 18.5103 174.29 13.2004
171.156 18.5267 170.084 13.3873
167.126 18.5681 166.13 13.6007
163.279 18.6254 162.279 13.8552
159.653 18.6821 158.632 14.0592
156.25 18.7334 155.216 14.2788
153.088 18.7779 152.064 14.3955
150.162 18.8164 149.143 14.5717
147.461 18.8475 146.427 14.7248
144.922 18.8738 143.861 14.854
142.52 18.892 141.496 14.9577
140.242 18.9135 139.199 15.0428
138.044 18.9351 136.996 15.1514
135.917 18.9643 134.921 15.2918
133.82 18.9831 132.872 15.4056
131.74 19.0082 130.77 15.5465
129.693 19.0266 128.708 15.6325
127.564 19.0329 126.584 15.7095
125.339 19.0431 124.38 15.8233
122.991 19.0261 122.009 15.8816
120.489 18.9955 119.477 16.0026
117.841 18.9409 116.846 16.0323
115.028 18.8457 114.006 16.0943
112.071 18.711 111.009 16.0524
108.955 18.5266 107.908 15.9601
105.693 18.3238 104.624 15.8661
102.246 18.1174 101.133 15.7784
98.6718 17.8976 97.4909 15.6447
94.9528 17.6842 93.7975 15.5592
91.0903 17.4771 89.9086 15.4942
87.1097 17.2933 85.9492 15.4325
82.9564 17.1385 81.7785 15.401
78.6838 17.0091 77.4885 15.4302
74.2843 16.9054 73.1015 15.4485
69.8619 16.8211 68.6905 15.4954
65.4569 16.7602 64.2904 15.5363
61.0593 16.7074 59.8735 15.58
56.651 16.6607 55.4751 15.6454
52.277 16.6009 51.028 15.6003
47.9114 16.5315 46.6183 15.649
43.5757 16.4517 42.2866 15.6079
39.2618 16.38 37.9333 15.6249
34.97 16.3076 33.6071 15.6008
30.7078 16.2461 29.3883 15.6046
26.4574 16.1949 25.1456 15.5808
22.2484 16.1341 20.8806 15.566
18.0884 16.0866 16.7568 15.604
13.9623 16.0404 12.6278 15.6233
9.853 15.9818 8.48932 15.6631
5.76379 15.9496 4.40134 15.68
1.6761 15.9092 0.315613 15.7431
-2.43652 15.854 -3.84439 15.7945
-6.57647 15.8083 -7.96609 15.8274
-10.7552 15.7559 -12.1327 15.8633
-14.951 15.7058 -16.329 15.9479
-19.1735 15.6595 -20.58 16.0205
-23.4244 15.6178 -24.7947 16.1306
-27.688 15.5733 -29.0881 16.189
-31.9731 15.5214 -33.335 16.2689
-36.2445 15.4766 -37.6369 16.326
-40.499 15.4267 -41.8534 16.4172
-44.7247 15.3752 -46.0867 16.4724
-48.944 15.3171 -50.3331 16.5579
-53.1527 15.2568 -54.5503 16.6025
-57.3521 15.1994 -58.7395 16.6344
-61.5494 15.157 -62.9189 16.7281
-65.7507 15.1134 -67.0873 16.7934
-69.9346 15.083 -71.294 16.8773
-74.0953 15.0538 -75.4618 16.9557
-78.2265 15.0168 -79.6176 17.037
-82.3173 14.9596 -83.6821 17.0803
-86.384 14.9082 -87.6951 17.1589
-90.408 14.8566 -91.7637 17.2347
-94.4004 14.8108 -95.7823 17.3198
-98.3634 14.776 -99.7 17.3947
-102.29 14.7518 -103.599 17.4879
-106.186 14.7343 -107.541 17.5796
-110.046 14.7273 -111.374 17.708
-113.877 14.7215 -115.216 17.8148
-117.669 14.7158 -119.006 17.929
-121.414 14.7057 -122.75 18.0282
-125.081 14.6988 -126.404 18.1585
-128.67 14.7012 -129.968 18.2861
-132.162 14.719 -133.477 18.3826
-135.514 14.7431 -136.848 18.5168
-138.687 14.7585 -140.025 18.6407
-141.631 14.7849 -142.986 18.7813
-144.321 14.818 -145.641 18.8814
-146.745 14.7976 -148.041 18.9365
-148.926 14.5993 -150.232 18.858
-150.833 14.2131 -152.107 18.5525
-152.477 13.6085 -153.741 18.061
-153.874 12.7772 -155.132 17.3145
-155.033 11.7165 -156.327 16.3506
-155.856 10.4659 -157.272 15.2363
-156.406 9.10629 -157.918 13.9337
-156.663 7.69941 -158.263 12.5699
-156.617 6.24316 -158.314 11.1041
-156.244 4.77901 -158.064 9.64771
-155.554 3.37534 -157.484 8.25375
-154.484 2.05796 -156.512 6.88147
-153.141 0.898358 -155.294 5.57233
-151.484 -0.0623072 -153.637 4.54071
-149.55 -0.748482 -151.772 3.72577
-147.348 -1.16323 -149.662 3.19858
-144.927 -1.40767 -147.274 2.83688
-142.303 -1.46967 -144.667 2.67221
-139.492 -1.47997 -141.882 2.57489
-136.505 -1.50484 -138.881 2.43863
-133.352 -1.50333 -135.761 2.35901
-130.039 -1.49165 -132.394 2.28549
-126.576 -1.45844 -128.987 2.20929
-122.965 -1.4264 -125.375 2.14069
-119.231 -1.41038 -121.613 2.0527
-115.348 -1.40266 -117.713 1.94113
-111.34 -1.36969 -113.693 1.83347
-107.2 -1.30829 -109.561 1.72958
-102.932 -1.23026 -105.297 1.66187
-98.5291 -1.14214 -100.858 1.5957
-94.0023 -1.06298 -96.3252 1.5
-89.4761 -0.984734 -91.8705 1.41562
-84.9672 -0.919141 -87.3404 1.33652
-80.4455 -0.867953 -82.8377 1.2569
-75.9344 -0.825573 -78.3392 1.19977
-71.4434 -0.784979 -73.849 1.12375
-66.9713 -0.725241 -69.4146 1.11703
-62.5255 -0.677741 -64.9337 1.03506
-58.1035 -0.613503 -60.4966 0.971161
-53.698 -0.525398 -56.1052 0.929779
-49.3229 -0.423541 -51.7754 0.908295
-44.9684 -0.333567 -47.4303 0.864594
-40.6366 -0.254373 -43.0702 0.828979
-36.328 -0.177799 -38.7116 0.792816
-32.036 -0.113374 -34.4334 0.748993
-27.7775 -0.0722408 -30.1693 0.687958
-23.5434 -0.0439024 -25.9452 0.584717
-19.3406 -0.0292589 -21.7385 0.466309
-15.1661 -0.0241604 -17.5266 0.345581
-11.0274 -0.0152809 -13.4008 0.234344
-6.91413 0.00978548 -9.30679 0.168793
-2.81852 0.0443722 -5.14001 0.0924988
1.26942 0.0886426 -1.04492 0.0202332
5.3441 0.131883 3.05453 -0.0302429
9.4159 0.175095 7.12946 -0.046051
13.4773 0.223104 11.2052 -0.0634766
17.5336 0.258853 15.2708 -0.102081
21.5802 0.295209 19.3226 -0.109161
25.6135 0.338071 23.3471 -0.117279
29.6238 0.383673 27.3608 -0.108734
33.6065 0.427007 31.3481 -0.128448
37.555 0.461529 35.2773 -0.167938
41.4802 0.49749 39.2224 -0.159576
45.3732 0.555204 43.0828 -0.187775
49.2494 0.623098 46.9804 -0.190094
53.0872 0.702063 50.8204 -0.208679
56.9016 0.794281 54.609 -0.192413
60.6946 0.895091 58.4058 -0.180084
64.4584 0.996173 62.1888 -0.132263
68.1914 1.10741 65.9045 -0.112122
71.9003 1.22708 69.6111 -0.104156
75.5436 1.31823 73.2545 -0.0970764
79.0374 1.37797 76.7259 -0.157135
82.3668 1.40727 80.0598 -0.22998
85.6552 1.39729 83.2838 -0.35672
88.9192 1.38556 86.5257 -0.446564
92.1496 1.36383 89.7377 -0.587524
95.3447 1.34311 92.929 -0.733093
98.508 1.358 96.0724 -0.84436
101.71 1.42669 99.2787 -0.924744
104.957 1.56179 102.56 -0.934326
108.251 1.74877 105.862 -0.838745
111.608 1.89703 109.217 -0.818787
115.026 1.95871 112.652 -0.907532
118.508 1.91321 116.112 -1.04874
122.056 1.78139 119.688 -1.34637
125.684 1.6021 123.319 -1.61719
129.386 1.37492 127.022 -1.97165
133.189 1.13533 130.813 -2.33948
137.089 0.941992 134.69 -2.68326
141.091 0.832678 138.703 -2.9801
145.191 0.806307 142.832 -3.16232
149.366 0.831134 146.967 -3.3132
153.63 0.881861 151.246 -3.40607
157.949 0.950588 155.527 -3.51852
162.271 1.03944 159.814 -3.6105
166.581 1.15096 164.14 -3.66974
170.888 1.26247 168.453 -3.75137
175.169 1.3663 172.792 -3.8454
179.425 1.45339 177.031 -3.9679
183.661 1.51887 181.262 -4.08719
187.848 1.57611 185.429 -4.20731
192.021 1.61333 189.626 -4.36246
196.151 1.64554 193.729 -4.54578
200.255 1.6823 197.82 -4.73566
204.323 1.71741 201.852 -4.91714
208.351 1.74644 205.934 -5.05527
212.35 1.78 209.9 -5.26199
216.248 1.81496 213.818 -5.43259
219.951 1.85973 217.519 -5.58374
223.411 1.91724 220.947 -5.66107
226.604 2.00458 224.131 -5.76669
229.512 2.10601 227.078 -5.80234
232.126 2.20789 229.691 -5.85867
234.492 2.31497 232.05 -5.86191
236.807 2.39117 234.371 -5.91507
239.102 2.43817 236.638 -5.98874
241.365 2.46485 238.915 -6.12009
243.601 2.48123 241.177 -6.26157
245.816 2.49325 243.363 -6.40494
248.072 2.49861 245.592 -6.5434
250.367 2.50851 247.839 -6.67728
252.712 2.50854 250.196 -6.83112
255.099 2.49198 252.532 -7.03195
257.526 2.46159 254.938 -7.22012
260.007 2.3981 257.4 -7.44171
262.541 2.33165 259.937 -7.66544
265.167 2.24888 262.61 -7.93555
267.869 2.14456 265.256 -8.21451
270.643 2.03986 268.034 -8.50165
273.451 1.94858 270.822 -8.79541
276.256 1.8863 273.632 -9.04031
279.055 1.85017 276.403 -9.25946
281.828 1.82954 279.199 -9.47586
284.574 1.81919 281.927 -9.68195
287.216 1.82466 284.55 -9.86588
289.717 1.83857 287.037 -10.0243
292.186 1.84405 289.482 -10.2013
294.62 1.83619 291.893 -10.3789
297.031 1.81794 294.254 -10.5469
299.423 1.80952 296.593 -10.7017
