0.38731 0.0286319 0.192688 0.00759888
0.76694 0.0827569 0.541351 0.0505676
1.25138 0.181606 1.02338 0.132233
1.78864 0.361651 1.55774 0.284668
2.36874 0.620094 2.14697 0.508972
2.95042 0.968759 2.73523 0.796539
3.52303 1.39248 3.30515 1.16669
4.0495 1.96936 3.85956 1.68201
4.54077 2.66315 4.40967 2.31192
4.94818 3.51784 4.88004 3.10324
5.23379 4.53434 5.22156 4.0809
5.40169 5.70136 5.4816 5.17334
5.42402 7.00909 5.56158 6.47949
5.35364 8.44461 5.54825 7.89758
5.21123 10.023 5.48288 9.50415
5.02588 11.7394 5.32053 11.2238
4.83568 13.6002 5.17078 13.0897
4.63 15.5937 4.99161 15.1078
4.42653 17.7332 4.86249 17.2064
4.22312 19.9883 4.69055 19.4947
4.03596 22.3642 4.57199 21.8559
3.84905 24.7895 4.44693 24.2351
3.64475 27.3076 4.29858 26.7747
3.41846 29.8372 4.14249 29.3045
3.19882 32.3544 3.99768 31.833
2.98036 34.86 3.86536 34.3088
2.77507 37.3737 3.74225 36.8188
2.57226 39.8817 3.59631 39.3637
2.36307 42.3652 3.49503 41.8221
2.16091 44.8388 3.34695 44.2874
1.95912 47.3074 3.24533 46.7609
1.74069 49.7355 3.10513 49.1669
1.49375 52.1228 2.93823 51.5791
1.25899 54.484 2.79633 53.9097
1.03264 56.8107 2.64453 56.2506
0.810007 59.0776 2.47888 58.5152
0.591948 61.2455 2.33502 60.7114
0.408841 63.2855 2.20377 62.7508
0.285958 65.1899 2.15262 64.7282
0.26462 66.937 2.18628 66.4664
0.416481 68.4821 2.34326 68.0045
0.741967 69.8485 2.64954 69.3977
1.28575 71.0686 3.20483 70.6268
2.01365 72.1708 3.91647 71.7159
2.90866 73.1086 4.79321 72.6797
3.91127 73.9133 5.79535 73.4659
5.15583 74.6152 7.0455 74.1646
6.6181 75.2056 8.52087 74.7381
8.28109 75.692 10.2065 75.2043
10.1122 76.1223 12.0455 75.5927
12.0915 76.4929 14.0138 75.899
14.2125 76.7966 16.0857 76.1836
16.4468 77.0409 18.2894 76.3873
18.7675 77.272 20.6607 76.5432
21.0725 77.4637 22.9734 76.6793
23.3777 77.6221 25.2677 76.7969
25.6548 77.7896 27.5211 76.8801
27.9392 77.969 29.8572 76.9879
30.1928 78.1097 32.1661 77.0468
32.4641 78.2423 34.4599 77.0809
34.7769 78.3993 36.7897 77.1606
37.1435 78.5715 39.2301 77.2375
39.546 78.7627 41.5858 77.3381
42.0306 78.9599 44.0086 77.4616
44.5789 79.1713 46.6108 77.5737
47.163 79.3849 49.2247 77.7065
49.7789 79.5738 51.8406 77.7933
52.3966 79.7647 54.4554 77.9173
54.9656 79.9696 56.9991 78.0136
57.5269 80.1556 59.5743 78.111
60.0426 80.3387 62.1036 78.1987
62.5136 80.5497 64.6134 78.3169
64.9451 80.7781 67.0594 78.4706
67.3635 81.0341 69.4952 78.6507
69.7395 81.3168 71.8656 78.843
72.0594 81.6637 74.1922 79.0858
74.3434 82.0491 76.4825 79.3391
76.5947 82.4671 78.7507 79.6617
78.8078 82.9303 81.0117 80.0352
81.0106 83.4673 83.1958 80.4351
83.1404 84.0574 85.3718 80.9595
85.303 84.7275 87.5824 81.5392
87.417 85.4688 89.7113 82.2095
89.5211 86.2803 91.7928 82.9254
91.6219 87.1588 93.9946 83.7422
93.687 88.118 96.1113 84.5973
95.7661 89.0845 98.2355 85.4704
97.8498 90.085 100.347 86.3966
99.9095 91.131 102.436 87.3645
101.954 92.1962 104.577 88.3627
103.96 93.2832 106.608 89.3673
105.91 94.3821 108.587 90.3682
107.823 95.4962 110.545 91.3938
109.668 96.574 112.398 92.3627
111.365 97.6008 114.193 93.3366
112.925 98.5503 115.733 94.1908
114.302 99.3968 117.147 94.9973
115.494 100.162 118.424 95.708
116.529 100.865 119.475 96.3841
117.401 101.506 120.362 96.9276
118.122 102.051 121.104 97.4202
118.682 102.576 121.716 97.9142
119.116 103.068 122.196 98.3793
119.498 103.595 122.651 98.8711
119.838 104.148 123.008 99.3746
120.114 104.733 123.356 99.8982
120.328 105.344 123.605 100.507
120.5 106.057 123.836 101.179
120.621 106.946 124.062 102.016
120.616 107.973 124.118 103.007
120.465 109.103 124.048 104.131
120.121 110.311 123.785 105.375
119.569 111.604 123.33 106.675
118.769 112.96 122.622 108.061
117.749 114.379 121.723 109.538
116.588 115.907 120.623 111.144
115.292 117.527 119.387 112.833
113.887 119.24 118.038 114.604
112.381 121.057 116.607 116.519
110.773 122.97 115.053 118.543
109.08 124.956 113.46 120.63
107.318 127.037 111.808 122.799
105.482 129.186 110.057 125.075
103.574 131.413 108.239 127.421
101.668 133.68 106.413 129.775
99.7511 135.947 104.585 132.146
97.8279 138.227 102.749 134.519
95.9042 140.511 100.974 136.834
93.9789 142.77 99.132 139.179
92.0489 145.041 97.3275 141.51
90.1393 147.307 95.518 143.808
88.237 149.6 93.7657 146.155
86.3499 151.867 91.9888 148.48
84.4568 154.132 90.1983 150.803
82.5791 156.374 88.4608 153.076
80.7035 158.603 86.7147 155.385
78.8443 160.78 84.9437 157.687
76.9941 162.94 83.2301 159.888
75.1702 165.093 81.5488 162.092
73.3721 167.242 79.8535 164.29
71.6127 169.381 78.1657 166.516
69.9057 171.472 76.568 168.679
68.27 173.494 75.0066 170.738
66.6982 175.419 73.5393 172.712
65.1854 177.275 72.1032 174.629
63.7122 179.008 70.7644 176.389
62.3114 180.625 69.5124 178.098
60.98 182.142 68.2748 179.737
59.6725 183.537 67.0202 181.28
58.3607 184.812 65.8236 182.604
57.0003 185.88 64.5099 183.781
55.5968 186.715 63.2289 184.722
54.1708 187.283 61.8309 185.402
52.7371 187.631 60.4433 185.884
51.291 187.772 59.0534 186.131
49.8672 187.683 57.6432 186.153
48.5087 187.386 56.2943 186.017
47.2498 186.905 54.9904 185.67
46.025 186.243 53.756 185.14
44.8249 185.476 52.5057 184.434
43.6515 184.597 51.2851 183.653
42.4563 183.643 49.9987 182.791
41.2043 182.625 48.6764 181.823
39.8949 181.501 47.3693 180.826
38.4615 180.327 45.8813 179.742
36.9374 179.064 44.3267 178.62
35.2962 177.684 42.5984 177.381
33.5389 176.208 40.7513 176.033
31.665 174.639 38.7799 174.593
29.696 173.002 36.7128 173.1
27.6606 171.288 34.5388 171.566
25.5462 169.531 32.3026 169.944
23.3687 167.743 30.0322 168.319
21.1796 166.0 27.703 166.687
18.9925 164.257 25.4167 165.065
16.8568 162.525 23.1714 163.442
14.7121 160.803 20.93 161.853
12.591 159.134 18.7018 160.308
10.4231 157.593 16.4372 158.904
8.18748 156.214 14.1299 157.633
5.85425 155.074 11.7654 156.587
3.47526 154.18 9.36508 155.816
1.0043 153.486 6.84268 155.224
-1.55102 152.946 4.24384 154.825
-4.18441 152.535 1.56308 154.573
-6.93267 152.23 -1.18674 154.445
-9.76727 151.931 -4.04977 154.329
-12.686 151.591 -7.00464 154.181
-15.7097 151.254 -10.0275 154.051
-18.7945 150.899 -13.1281 153.934
-21.9352 150.542 -16.2365 153.789
-25.0939 150.21 -19.4077 153.648
-28.2432 149.891 -22.6059 153.541
-31.3652 149.588 -25.7523 153.403
-34.4724 149.3 -28.9036 153.3
-37.5499 149.039 -31.9824 153.237
-40.6027 148.81 -35.0307 153.206
-43.6216 148.593 -38.0735 153.2
-46.6139 148.369 -41.0545 153.191
-49.5761 148.156 -44.0279 153.189
-52.5118 147.942 -46.9603 153.182
-55.4135 147.724 -49.8312 153.166
-58.2811 147.5 -52.7269 153.162
-61.108 147.26 -55.5011 153.105
-63.8691 147.022 -58.2395 153.078
-66.5073 146.805 -60.8219 153.061
-68.9992 146.637 -63.3431 153.102
-71.2894 146.551 -65.6077 153.197
-73.3485 146.506 -67.6826 153.329
-75.1677 146.5 -69.5295 153.478
-76.745 146.531 -71.1606 153.643
-78.0456 146.583 -72.4912 153.772
-79.0606 146.627 -73.582 153.923
-79.7972 146.65 -74.3226 153.984
-80.3847 146.664 -74.9129 154.042
-80.9115 146.645 -75.4437 154.067
-81.3349 146.624 -75.8721 154.111
-81.6918 146.591 -76.2502 154.099
-81.9641 146.537 -76.5169 154.086
-82.1081 146.499 -76.6982 154.08
-82.1547 146.475 -76.7545 154.083
-82.1429 146.467 -76.7466 154.081
-82.1481 146.478 -76.7593 154.085
-82.1443 146.485 -76.7709 154.09
-82.1465 146.49 -76.7538 154.086
-82.1525 146.493 -76.7591 154.09
-82.1566 146.496 -76.7474 154.086
-82.1552 146.493 -76.7398 154.089
-82.1454 146.486 -76.7343 154.085
-82.1384 146.488 -76.7264 154.077
-82.1336 146.486 -76.672 154.086
-82.133 146.489 -76.7241 154.09
-82.1332 146.488 -76.7243 154.088
-82.1336 146.485 -76.7197 154.087
-82.1334 146.485 -76.7257 154.088
-82.1328 146.476 -76.722 154.087
-82.1328 146.475 -76.7262 154.085
-82.1332 146.477 -76.7317 154.086
-82.176 146.541 -76.7253 154.092
-82.2457 146.579 -76.775 154.071
-82.3443 146.588 -76.8677 154.065
-82.4735 146.578 -76.9705 154.029
-82.6323 146.533 -77.1317 153.995
-82.8803 146.445 -77.3637 153.923
-83.2584 146.296 -77.7659 153.83
-83.743 146.07 -78.2604 153.646
-84.2913 145.76 -78.8319 153.388
-84.8808 145.315 -79.4588 153.031
-85.5649 144.66 -80.2144 152.491
-86.3272 143.742 -81.069 151.645
-87.088 142.503 -81.9401 150.474
-87.7514 140.976 -82.7545 148.968
-88.2199 139.159 -83.4021 147.196
-88.5015 137.113 -83.8509 145.187
-88.6465 134.825 -84.184 142.888
-88.7056 132.328 -84.4544 140.392
-88.6495 129.631 -84.6327 137.72
-88.5405 126.735 -84.7488 134.815
-88.4197 123.629 -84.8748 131.68
-88.2108 120.35 -84.9703 128.398
-87.9487 116.93 -85.0101 124.975
-87.6392 113.384 -85.026 121.424
-87.3429 109.774 -85.0761 117.818
-87.0499 106.198 -85.1234 114.301
-86.764 102.632 -85.1663 110.736
-86.4807 99.0844 -85.2186 107.219
-86.2014 95.5628 -85.2844 103.711
-85.9301 92.0708 -85.3207 100.197
-85.6741 88.6076 -85.4014 96.7118
-85.4316 85.1764 -85.4634 93.2658
-85.1782 81.7744 -85.5216 89.9012
-84.8824 78.4097 -85.5189 86.5194
-84.5844 75.0636 -85.5346 83.1812
-84.2675 71.7486 -85.5139 79.8502
-83.9466 68.4631 -85.5018 76.5102
-83.6486 65.1736 -85.5209 73.2621
-83.3719 61.8938 -85.5919 69.9834
-83.1058 58.6532 -85.6474 66.7669
-82.8456 55.4392 -85.7278 63.5599
-82.5945 52.2149 -85.8364 60.3166
-82.337 49.0533 -85.924 57.1115
-82.0772 45.9138 -85.967 53.9407
-81.836 42.7298 -86.0894 50.7836
-81.5933 39.5517 -86.1722 47.6187
-81.3435 36.3993 -86.2357 44.5009
-81.0983 33.2907 -86.3274 42.7611
-80.8633 30.2054 -86.3953 42.1199
-80.6509 27.1549 -86.4938 39.0703
-80.4451 24.1262 -86.5637 36.0324
-80.2473 21.1362 -86.6759 33.0676
-80.0561 18.2654 -86.777 30.175
-79.8663 15.5581 -86.8806 27.4604
-79.6577 13.048 -86.9786 24.9586
-79.4284 10.7141 -87.0241 22.6304
-79.159 8.57703 -87.0062 20.5061
-78.8234 6.66099 -86.9162 18.5555
-78.4073 4.94033 -86.7314 16.7828
-77.9027 3.35899 -86.4352 15.1496
-77.2871 1.92174 -86.0495 13.6327
-76.5331 0.603678 -85.4781 12.2083
-75.5816 -0.520539 -84.7192 10.9745
-74.5093 -1.47305 -83.8042 9.90024
-73.2991 -2.21127 -82.7244 8.99933
-71.9684 -2.77869 -81.5071 8.28564
-70.5796 -3.16087 -80.2078 7.69986
-69.1165 -3.39498 -78.7948 7.30109
-67.5757 -3.55108 -77.3154 6.97446
-65.9503 -3.64777 -75.6898 6.67816
-64.185 -3.67731 -73.9771 6.43555
-62.2713 -3.64305 -72.1009 6.25928
-60.2096 -3.55639 -70.1387 6.0994
-58.0127 -3.4513 -67.9085 5.94385
-55.7296 -3.33243 -65.6598 5.8114
-53.438 -3.19235 -63.3853 5.70056
-51.1424 -3.00549 -61.07 5.61938
-48.8462 -2.80322 -58.7605 5.53915
-46.5559 -2.63285 -56.4679 5.4762
-44.2863 -2.45592 -54.207 5.40344
-42.0436 -2.28139 -51.9773 5.33594
-39.8533 -2.12816 -49.7901 5.26364
-37.7538 -1.97541 -47.672 5.17416
-35.7576 -1.85161 -45.6971 5.08661
-33.8138 -1.72742 -43.7793 5.0145
-31.9172 -1.60284 -41.8788 4.95535
-30.0592 -1.48805 -40.0232 4.89563
-28.2346 -1.37831 -38.1902 4.81125
-26.4307 -1.26769 -36.3766 4.7569
-24.6469 -1.15207 -34.5686 4.70438
-22.8985 -1.02281 -32.8136 4.66406
-21.2127 -0.886782 -31.151 4.63687
-19.6199 -0.76671 -29.5448 4.62372
-18.132 -0.667367 -28.0844 4.58569
-16.7443 -0.567945 -26.7117 4.54968
-15.4649 -0.475696 -25.4689 4.52063
-14.3851 -0.391631 -24.3861 4.49805
-13.4744 -0.331922 -23.4203 4.4852
-12.67 -0.286085 -22.6365 4.4281
-11.8967 -0.25612 -21.8928 4.40369
-11.1402 -0.225556 -21.1183 4.38205
-10.3981 -0.183954 -20.345 4.34705
-9.66506 -0.132765 -19.6079 4.34009
-8.94769 -0.0654352 -18.9196 4.36823
-8.24259 0.00813069 -18.2021 4.36902
-7.54992 0.105572 -17.4987 4.39716
-6.86759 0.181726 -16.8223 4.41077
-6.18884 0.260514 -16.1375 4.42859
-5.51933 0.32764 -15.4881 4.41968
-4.83385 0.376189 -14.8364 4.41907
-4.05757 0.412903 -14.0573 4.41083
-3.18164 0.440851 -13.1995 4.36966
-2.23127 0.472589 -12.2437 4.33157
-1.20688 0.492906 -11.2194 4.26279
-0.108858 0.508838 -10.0962 4.19214
1.0889 0.473736 -8.94534 4.08844
2.28151 0.369629 -7.77859 3.95972
3.42858 0.414732 -6.65359 3.91446
4.5458 0.521258 -5.53381 3.93384
5.60868 0.754007 -4.46146 4.07373
6.62642 1.03201 -3.43906 4.26883
7.61763 1.31286 -2.42136 4.44556
8.52108 1.48532 -1.5116 4.56351
9.10658 1.58938 -0.903534 4.57825
9.38087 1.6266 -0.627655 4.61768
9.38696 1.63681 -0.603516 4.64151
9.37246 1.64113 -0.606201 4.62933
9.37028 1.64373 -0.614532 4.64267
