3.17391 -0.0295866 1.5061 -0.00259399
5.3216 -0.0505932 3.58017 -0.0380859
7.17943 -0.0774708 5.44205 -0.0365295
8.77105 -0.0526946 7.10913 -0.049469
10.0472 -0.0472548 8.50961 -0.0956421
11.0483 -0.0317648 9.64926 -0.104309
11.7952 -0.095297 10.5296 -0.143311
12.1044 -0.106489 11.1395 -0.155609
12.2932 -0.1056 11.6116 -0.183655
12.4238 -0.120544 12.0512 -0.213562
12.5006 -0.127033 12.4486 -0.234711
12.6296 -0.160183 12.7849 -0.287445
12.7549 -0.155181 13.1693 -0.302338
12.8667 -0.131374 13.5758 -0.271423
13.0785 -0.11342 14.0536 -0.295654
13.3622 -0.002379 14.5752 -0.19101
13.8467 0.17841 15.2978 -0.0352478
14.4659 0.491289 16.0609 0.227112
15.169 0.984812 16.967 0.674377
15.8372 1.62828 17.8701 1.29388
16.4813 2.47742 18.7329 2.09857
17.1135 3.55852 19.546 3.12466
17.6252 4.86851 20.2538 4.423
18.049 6.44453 20.8376 5.92511
18.2863 8.25299 21.1241 7.64145
18.3282 10.2776 21.2759 9.55981
18.2251 12.5414 21.2297 11.6355
18.0981 14.9304 21.1618 13.9895
18.0072 17.5535 21.1235 16.427
17.8938 20.309 21.0849 19.063
17.7326 23.2266 21.042 21.8772
17.5552 26.3404 21.0262 24.8533
17.3827 29.5326 20.9072 27.9697
17.187 32.8401 20.8203 31.1023
16.913 36.1721 20.6216 34.2815
16.5892 39.5274 20.4259 37.4482
16.2652 42.8245 20.1759 40.7019
15.8747 46.1246 19.9276 43.9443
15.4598 49.4435 19.6894 47.277
15.0513 52.7974 19.452 50.6028
14.5756 56.1494 19.2619 54.0017
14.2194 59.5394 19.1548 57.4241
13.959 62.9689 19.0694 60.8303
13.7702 66.404 19.092 64.2871
13.5637 70.0011 19.1027 67.7636
13.4153 73.6104 19.1214 71.2942
13.3421 77.2349 19.1839 74.8099
13.2477 80.8142 19.2377 78.3868
13.154 84.4003 19.2243 81.8873
13.0905 88.0058 19.2781 85.3965
13.0019 91.5902 19.3389 88.8751
12.91 95.1057 19.4113 92.3904
12.793 98.5864 19.4577 95.875
12.695 102.087 19.5427 99.3543
12.622 105.589 19.6233 102.825
12.5453 109.132 19.6408 106.298
12.4706 112.706 19.7317 109.861
12.4015 116.345 19.8045 113.496
12.3317 120.02 19.8866 117.137
12.2431 123.766 19.9434 120.869
12.1239 127.541 19.9715 124.662
12.0358 131.318 20.0113 128.47
11.8815 135.113 20.0825 132.25
11.7155 138.906 20.1433 135.972
11.5926 142.686 20.2107 139.735
11.4927 146.426 20.2613 143.479
11.4292 150.161 20.3418 147.196
11.3592 153.879 20.4275 150.881
11.2813 157.58 20.5028 154.535
11.1779 161.277 20.5595 158.247
11.0581 164.928 20.5859 161.901
10.9657 168.565 20.6651 165.589
10.9143 172.169 20.7778 169.221
10.8615 175.774 20.8689 172.877
10.8172 179.285 20.9494 176.439
10.7879 182.555 21.0811 179.694
10.7646 185.576 21.189 182.745
10.7623 188.392 21.3103 185.558
10.7111 191.156 21.3449 188.342
10.6411 193.897 21.4001 191.095
10.5588 196.609 21.4146 193.826
10.4652 199.322 21.4448 196.533
10.3882 202.08 21.469 199.284
10.331 204.886 21.5559 202.107
10.2825 207.765 21.5668 204.982
10.3369 210.768 21.6805 207.904
10.376 213.849 21.7688 210.93
10.3753 216.93 21.8828 214.01
10.3451 220.058 22.0352 217.141
10.2887 223.216 22.203 220.35
10.2264 226.472 22.3502 223.642
10.2195 229.833 22.5041 226.971
10.217 233.259 22.6804 230.371
10.2194 236.735 22.834 233.863
10.2064 240.296 23.0005 237.439
10.1696 243.912 23.1321 241.054
10.1041 247.572 23.2364 244.698
9.99556 251.299 23.3128 248.483
9.82238 255.028 23.3481 252.271
9.66964 258.78 23.3966 255.975
9.54702 262.557 23.4362 259.793
9.42187 266.319 23.4824 263.552
9.29033 270.066 23.5305 267.324
9.10379 273.799 23.581 271.052
8.91969 277.484 23.6652 274.667
8.78975 281.18 23.7376 278.32
8.68243 284.882 23.7758 282.001
8.57273 288.542 23.856 285.728
8.46749 292.21 23.959 289.404
8.36071 295.905 24.0611 293.028
8.25345 299.551 24.196 296.753
8.13597 303.255 24.2657 300.475
8.04645 306.996 24.3479 304.221
7.94166 310.734 24.4214 307.907
7.83984 314.481 24.5016 311.675
7.74992 318.242 24.5923 315.439
7.64052 322.006 24.6955 319.143
7.52701 325.796 24.7926 322.917
7.42133 329.587 24.8972 326.707
7.3096 333.369 24.9881 330.504
7.20852 337.112 25.1325 334.225
7.11479 340.848 25.2798 337.96
7.02416 344.523 25.3961 341.611
6.92348 348.081 25.4952 345.126
6.83235 351.51 25.5882 348.521
6.7359 354.782 25.6857 351.842
6.62678 357.919 25.8319 354.962
6.51532 361.033 25.884 358.08
6.39553 364.015 25.956 361.079
6.32493 366.742 26.0529 363.813
6.3165 369.245 26.1783 366.392
6.4548 371.506 26.471 368.646
6.76783 373.502 26.9424 370.657
7.29005 375.28 27.5199 372.439
8.02509 376.895 28.3268 374.036
8.9826 378.334 29.3257 375.489
10.0964 379.586 30.515 376.735
11.4432 380.724 31.9289 377.825
12.9959 381.694 33.5535 378.739
14.7292 382.528 35.3318 379.509
16.6515 383.222 37.3546 380.092
18.7816 383.78 39.5199 380.543
21.1074 384.244 41.8242 380.85
23.6038 384.603 44.3532 381.077
26.2692 384.85 47.0872 381.128
29.0878 385.059 49.8965 381.146
32.1093 385.288 52.8374 381.134
35.2382 385.555 55.9123 381.077
38.3575 385.884 58.9066 380.996
41.4579 386.131 61.9786 380.9
44.5043 386.264 65.0434 380.759
47.5206 386.336 68.0246 380.605
50.4831 386.406 71.0027 380.454
53.3649 386.448 73.8505 380.312
56.1384 386.514 76.59 380.162
58.8373 386.573 79.2837 379.978
61.4273 386.612 81.8266 379.777
63.8819 386.547 84.2426 379.519
66.1931 386.255 86.5548 379.151
68.3566 385.73 88.7477 378.633
70.3209 384.947 90.7406 377.923
72.1445 383.997 92.5374 377.072
73.8072 383.009 94.195 376.072
75.3164 381.918 95.6267 374.925
76.5761 380.636 96.8237 373.528
77.6748 379.29 97.8429 372.007
78.5222 377.732 98.6048 370.336
79.1956 375.976 99.1317 368.499
79.7001 374.088 99.558 366.6
80.0391 372.044 99.7972 364.553
80.2765 369.878 99.9178 362.387
80.4715 367.596 99.9767 360.096
80.6128 365.232 99.9464 357.734
80.6917 362.767 99.8542 355.254
80.7193 360.209 99.7234 352.634
80.6884 357.595 99.5255 350.038
80.6124 354.941 99.266 347.34
80.523 352.263 99.0125 344.698
80.4409 349.553 98.7434 341.926
80.381 346.868 98.5141 339.187
80.3746 344.195 98.3396 336.519
80.4275 341.536 98.2068 333.822
80.512 338.892 98.1191 331.18
80.6132 336.27 98.0204 328.526
80.7343 333.659 97.9457 325.848
80.8612 331.066 97.8505 323.254
80.9449 328.462 97.7337 320.629
81.0101 325.874 97.5934 317.962
81.0515 323.28 97.4165 315.323
81.1211 320.714 97.2521 312.716
81.2263 318.156 97.119 310.077
81.3559 315.602 97.0125 307.46
81.4883 313.065 96.9004 304.873
81.6215 310.553 96.8354 302.294
81.7555 308.046 96.7322 299.765
81.8976 305.55 96.6442 297.217
82.0441 303.053 96.5301 294.69
82.2145 300.535 96.4674 292.1
82.3833 297.97 96.4117 289.52
82.5676 295.369 96.3725 286.897
82.7435 292.686 96.3591 284.181
82.9021 289.965 96.2953 281.443
83.0206 287.192 96.1904 278.652
83.0735 284.364 96.0225 275.784
83.0951 281.509 95.8499 272.887
83.1066 278.67 95.6293 270.04
83.1055 275.874 95.4003 267.238
83.0938 273.152 95.1601 264.516
83.0273 270.457 94.8766 261.871
82.9444 267.789 94.5783 259.176
82.8898 265.163 94.3056 256.531
82.8752 262.549 94.0608 253.929
82.9264 259.928 93.8658 251.295
83.0333 257.284 93.7588 248.635
83.2134 254.623 93.7054 245.949
83.4634 251.954 93.7126 243.239
83.7255 249.246 93.7361 240.528
84.0056 246.533 93.7739 237.767
84.2555 243.813 93.8183 235.046
84.432 241.1 93.7824 232.339
84.5442 238.43 93.6739 229.682
84.5625 235.777 93.4856 227.001
84.4947 233.162 93.2317 224.398
84.3561 230.592 92.8792 221.836
84.2046 228.105 92.5205 219.38
84.0594 225.778 92.1638 217.064
83.931 223.63 91.8584 214.947
83.8163 221.702 91.6027 213.025
83.7121 219.97 91.3257 211.379
83.6362 218.417 91.1446 209.847
83.6146 217.052 91.011 208.493
83.7244 215.792 90.9919 207.207
84.0176 214.578 91.1143 205.959
84.4532 213.445 91.4209 204.835
85.0359 212.437 91.8327 203.727
85.728 211.518 92.409 202.732
86.5554 210.665 93.0984 201.794
87.5742 209.867 94.0055 200.844
88.8322 209.138 95.1428 199.981
90.3245 208.491 96.5166 199.174
92.0322 207.934 98.1703 198.451
93.9738 207.515 100.05 197.862
96.1263 207.281 102.134 197.393
98.479 207.185 104.466 197.115
100.967 207.184 106.944 196.887
103.647 207.276 109.623 196.725
106.427 207.386 112.424 196.594
109.278 207.469 115.276 196.419
112.189 207.507 118.193 196.181
115.118 207.485 121.105 195.894
117.989 207.446 123.977 195.597
120.729 207.31 126.869 195.259
123.513 207.207 129.725 194.956
126.275 207.159 132.512 194.715
128.97 207.148 135.2 194.461
131.505 207.171 137.761 194.248
133.859 207.207 140.124 194.085
136.0 207.286 142.27 193.961
137.902 207.404 144.183 193.903
139.58 207.595 145.863 193.928
141.15 207.911 147.493 194.048
142.629 208.374 149.051 194.351
144.019 209.032 150.484 194.827
145.297 209.861 151.852 195.492
146.485 210.861 153.136 196.32
147.598 212.069 154.366 197.379
148.57 213.488 155.486 198.672
149.358 215.152 156.413 200.203
149.934 217.027 157.207 201.982
150.269 219.053 157.732 203.955
150.48 221.24 158.167 206.097
150.591 223.537 158.511 208.368
150.669 225.937 158.782 210.758
150.763 228.444 159.096 213.228
150.873 231.059 159.448 215.838
150.998 233.797 159.814 218.549
151.131 236.657 160.196 221.38
151.255 239.645 160.613 224.312
151.348 242.762 160.956 227.402
151.367 245.979 161.25 230.58
151.317 249.229 161.51 233.8
151.198 252.471 161.667 237.019
151.016 255.707 161.76 240.274
150.776 258.917 161.827 243.485
150.505 262.004 161.843 246.569
150.25 264.935 161.84 249.523
150.008 267.651 161.872 252.245
149.805 270.215 161.919 254.81
149.643 272.755 161.981 257.337
149.501 275.263 162.047 259.823
149.389 277.746 162.142 262.368
149.318 280.211 162.291 264.823
149.268 282.669 162.482 267.275
149.236 285.166 162.626 269.799
149.205 287.695 162.824 272.33
149.156 290.207 163.011 274.864
149.089 292.703 163.165 277.348
149.003 295.204 163.303 279.871
148.917 297.762 163.453 282.436
148.828 300.373 163.598 285.016
148.729 303.059 163.744 287.73
148.63 305.822 163.903 290.511
148.535 308.645 164.046 293.332
148.443 311.494 164.205 296.184
148.36 314.355 164.365 299.045
148.289 317.203 164.536 301.901
148.218 320.018 164.717 304.733
148.133 322.801 164.888 307.502
148.06 325.556 165.071 310.29
147.995 328.284 165.262 313.038
147.919 330.992 165.451 315.669
147.868 333.631 165.643 318.303
147.84 336.194 165.841 320.847
147.808 338.771 166.026 323.429
147.753 341.301 166.183 325.88
147.672 343.813 166.331 328.399
147.562 346.366 166.442 330.898
147.465 348.951 166.566 333.452
147.343 351.577 166.676 336.072
147.211 354.248 166.786 338.723
147.079 356.93 166.874 341.379
146.948 359.595 166.955 344.044
146.827 362.242 167.055 346.677
146.711 364.872 167.154 349.248
146.628 367.44 167.284 351.834
146.571 369.914 167.448 354.291
146.555 372.267 167.63 356.576
146.595 374.432 167.858 358.738
146.755 376.398 168.142 360.661
147.029 378.157 168.518 362.398
147.37 379.725 169.013 363.936
147.84 381.119 169.582 365.273
148.478 382.41 170.261 366.502
149.258 383.562 171.07 367.587
150.112 384.594 172.065 368.568
151.195 385.556 173.149 369.453
152.5 386.522 174.52 370.341
154.084 387.356 176.152 371.039
155.904 388.005 178.028 371.556
157.913 388.457 180.092 371.863
160.145 388.775 182.334 371.987
162.536 388.964 184.738 371.977
165.099 389.062 187.289 371.834
167.821 389.128 189.991 371.651
170.658 389.203 192.839 371.407
173.589 389.265 195.751 371.193
176.552 389.308 198.731 370.975
179.503 389.361 201.677 370.757
182.443 389.432 204.619 370.54
185.368 389.497 207.543 370.31
188.263 389.555 210.422 370.063
191.074 389.615 213.235 369.851
193.73 389.665 215.865 369.672
196.182 389.697 218.369 369.472
198.464 389.696 220.582 369.231
200.561 389.578 222.638 368.943
202.559 389.293 224.646 368.497
204.467 388.765 226.559 367.804
206.175 387.916 228.289 366.849
207.779 386.853 229.797 365.679
209.2 385.525 231.143 364.244
210.44 383.944 232.265 362.581
211.426 382.136 233.186 360.717
212.261 380.157 233.85 358.694
212.913 378.011 234.305 356.5
213.415 375.676 234.627 354.149
213.808 373.197 234.778 351.668
214.126 370.564 234.866 349.033
214.385 367.799 234.86 346.287
214.626 364.941 234.821 343.407
214.847 361.998 234.755 340.495
215.04 358.991 234.692 337.509
215.19 355.916 234.571 334.428
215.299 352.806 234.376 331.323
215.363 349.692 234.166 328.244
215.412 346.585 233.915 325.163
215.442 343.467 233.626 322.066
215.421 340.37 233.322 318.993
215.339 337.277 232.914 315.957
215.207 334.204 232.484 312.893
215.036 331.16 231.987 309.923
214.865 328.103 231.508 306.905
214.708 325.07 231.007 303.926
214.622 322.02 230.595 300.911
214.591 318.979 230.265 297.875
214.636 315.933 229.972 294.865
214.748 312.874 229.777 291.805
214.908 309.815 229.6 288.717
215.083 306.739 229.464 285.631
215.274 303.658 229.315 282.574
215.468 300.596 229.19 279.501
215.664 297.55 229.07 276.449
215.825 294.518 228.901 273.408
215.979 291.536 228.749 270.463
216.126 288.609 228.606 267.541
216.249 285.733 228.451 264.7
216.353 282.911 228.257 261.916
216.443 280.174 228.063 259.218
216.497 277.501 227.821 256.547
216.537 274.887 227.604 253.968
216.575 272.394 227.373 251.486
216.608 269.997 227.156 249.07
216.641 267.695 226.979 246.774
216.684 265.483 226.761 244.605
216.732 263.356 226.604 242.515
216.773 261.309 226.455 240.496
216.818 259.369 226.32 238.611
216.861 257.509 226.192 236.788
216.907 255.74 226.095 235.053
216.95 254.027 225.98 233.345
216.98 252.36 225.858 231.673
217.008 250.712 225.741 230.03
217.045 249.083 225.626 228.406
217.09 247.462 225.551 226.796
217.142 245.863 225.456 225.218
217.196 244.276 225.334 223.629
217.265 242.723 225.251 222.072
217.324 241.185 225.176 220.552
217.403 239.647 225.11 219.015
217.474 238.116 225.039 217.518
217.537 236.589 224.952 216.021
217.598 235.053 224.873 214.471
217.649 233.487 224.79 212.922
217.687 231.89 224.674 211.372
217.715 230.281 224.542 209.743
217.732 228.681 224.419 208.157
217.749 227.092 224.298 206.564
217.743 225.515 224.158 205.021
217.705 223.958 223.997 203.467
217.605 222.456 223.784 201.991
217.426 221.066 223.499 200.635
217.176 219.785 223.137 199.391
216.883 218.662 222.72 198.289
216.564 217.686 222.341 197.336
216.168 216.78 221.891 196.448
215.709 215.956 221.346 195.617
215.187 215.222 220.758 194.916
214.576 214.529 220.111 194.201
213.753 213.86 219.278 193.578
212.819 213.256 218.292 193.061
211.715 212.754 217.166 192.628
210.434 212.328 215.841 192.286
208.928 212.012 214.335 192.094
207.24 211.803 212.631 192.01
205.38 211.727 210.765 192.072
203.336 211.749 208.75 192.286
201.111 211.775 206.532 192.524
198.717 211.798 204.175 192.771
196.159 211.778 201.632 193.009
193.467 211.741 198.969 193.249
190.7 211.678 196.248 193.474
187.874 211.599 193.437 193.696
185.052 211.505 190.593 193.887
182.232 211.42 187.817 194.102
179.451 211.333 185.035 194.317
176.675 211.234 182.26 194.52
173.919 211.14 179.56 194.725
171.26 211.028 177.259 194.89
168.713 210.893 174.509 195.01
166.355 210.772 172.96 194.828
164.193 210.631 170.779 194.855
162.169 210.469 168.783 194.816
160.275 210.32 167.229 194.802
158.618 210.218 165.694 194.801
157.19 210.159 164.298 194.824
155.802 210.102 162.917 194.848
154.446 210.037 161.55 194.889
153.14 209.949 160.229 194.901
151.825 209.856 158.937 194.896
150.424 209.721 157.538 194.884
148.953 209.551 156.062 194.834
147.371 209.326 154.459 194.775
145.666 209.096 152.734 194.717
143.819 208.861 150.909 194.678
141.813 208.637 148.842 194.641
139.671 208.455 146.665 194.64
137.369 208.379 144.372 194.768
134.912 208.408 141.913 195.012
132.308 208.486 139.367 195.324
129.579 208.594 136.638 195.7
126.753 208.722 133.811 196.094
123.792 208.853 130.851 196.481
120.777 208.952 127.846 196.857
117.769 209.003 124.884 197.216
114.749 208.992 121.919 197.522
111.78 208.909 118.965 197.745
108.828 208.797 116.049 197.922
105.975 208.674 113.218 198.091
103.291 208.584 110.532 198.233
100.811 208.486 108.058 198.352
98.5755 208.373 105.816 198.454
96.6038 208.28 103.832 198.512
94.9068 208.225 102.113 198.606
93.4787 208.173 100.673 198.674
92.1986 208.159 99.3801 198.764
90.9401 208.102 98.1132 198.789
89.7019 208.094 96.9065 198.864
88.4975 208.038 95.6864 198.915
87.2713 207.951 94.4516 198.937
85.9899 207.851 93.2102 198.927
84.6465 207.69 91.8216 198.874
83.1761 207.51 90.3452 198.809
81.5888 207.28 88.7102 198.785
79.8797 207.04 86.9709 198.706
78.0214 206.809 85.1092 198.663
76.0563 206.584 83.13 198.589
73.9822 206.431 81.0708 198.606
71.8021 206.39 78.8925 198.719
69.5322 206.474 76.5912 198.987
67.2216 206.695 74.3198 199.398
64.8081 206.991 71.9455 199.892
62.2962 207.261 69.4686 200.4
59.7148 207.477 66.9425 200.82
57.0304 207.602 64.2912 201.202
54.2542 207.653 61.5479 201.516
51.4369 207.652 58.7503 201.795
48.6109 207.603 55.9558 202.037
45.7905 207.553 53.145 202.282
43.0392 207.516 50.3994 202.515
40.2923 207.46 47.6869 202.755
37.5996 207.41 45.0152 202.994
34.999 207.398 42.4472 203.28
32.5091 207.389 39.976 203.547
30.1712 207.375 37.6404 203.779
28.0611 207.358 35.5573 203.981
26.1798 207.326 33.707 204.144
24.5668 207.244 32.0908 204.278
23.2087 207.155 30.7243 204.377
22.0342 207.04 29.5503 204.408
20.9832 206.906 28.4824 204.404
20.026 206.706 27.5318 204.377
19.1536 206.472 26.6798 204.292
18.3461 206.19 25.8788 204.108
17.6051 205.837 25.1443 203.903
16.939 205.475 24.3713 203.67
16.2863 205.018 23.7065 203.339
15.6086 204.434 22.9719 202.854
14.8894 203.699 22.1939 202.288
14.1806 202.787 21.3686 201.488
13.4874 201.713 20.5477 200.499
12.8548 200.438 19.7646 199.348
12.2546 198.922 18.959 197.916
11.6426 197.219 18.1611 196.373
11.0827 195.352 17.3983 194.618
10.6884 193.451 16.7553 192.746
10.5102 191.659 16.367 190.961
10.4949 189.932 16.1153 189.233
10.5189 188.199 15.9118 187.527
10.5431 186.48 15.7625 185.701
10.617 184.716 15.6206 183.908
10.7 182.839 15.5088 182.052
10.8083 180.835 15.3946 180.038
10.9456 178.713 15.3152 177.878
11.1133 176.477 15.2277 175.627
11.2839 174.103 15.1748 173.226
11.4791 171.615 15.0756 170.7
11.718 168.988 15.0165 168.019
12.0086 166.247 14.9868 165.256
12.3646 163.387 15.0257 162.376
12.7214 160.414 15.0437 159.381
13.0698 157.345 15.1529 157.222
13.3513 154.251 15.3066 157.208
13.517 151.099 15.3684 157.44
13.5167 147.91 15.1994 156.96
13.407 144.677 14.9206 156.997
13.2911 141.427 14.5763 153.982
13.2512 138.109 14.1394 150.816
13.233 134.749 13.8437 149.091
13.2452 131.316 13.6566 148.781
13.255 127.833 13.3199 149.245
13.2379 124.247 14.1342 150.391
13.2164 120.596 13.9519 151.338
13.1931 116.902 13.8153 150.399
13.1992 113.092 13.7307 149.022
13.2116 109.28 13.3083 149.556
13.2324 105.427 13.3019 148.995
13.2701 101.59 13.3316 149.744
13.378 97.7804 13.1793 150.548
13.4716 93.9664 13.0652 147.674
13.5762 90.1504 12.6364 144.735
13.7212 86.3537 12.2274 141.03
13.859 82.5688 11.8282 137.312
13.9844 78.7841 11.4216 133.616
14.0974 75.0143 11.0126 129.908
14.2189 71.2675 10.6494 127.03
14.3587 67.5189 10.3119 123.736
14.4934 63.8177 9.98862 120.12
14.6507 60.2065 9.70947 116.454
14.8024 56.6241 9.41293 112.897
14.9882 53.1395 9.13443 109.348
15.1692 49.7236 8.89679 105.848
15.3489 46.3306 8.66763 102.413
15.5068 43.0037 8.43921 99.047
15.6647 39.8139 8.2276 95.8263
15.8239 36.7931 7.98322 92.7992
16.0795 33.9352 7.84564 89.8748
16.2743 31.2048 7.617 87.1267
16.3507 28.5247 7.42218 84.4789
16.4042 26.0773 7.16803 82.0475
16.4726 23.8463 6.93155 79.7499
16.5083 21.8379 6.60992 77.7129
16.5217 19.9833 6.39615 75.8517
16.4985 18.3103 6.12466 74.2108
16.4778 16.8698 5.97656 72.7325
16.4793 15.657 5.79819 71.453
16.5422 14.629 5.70844 70.3498
16.642 13.7155 5.67465 69.3555
16.8283 12.8347 5.72794 68.4383
17.1399 12.0099 5.8703 67.5716
17.5372 11.2817 6.11124 66.7926
18.0182 10.546 6.46771 65.9451
18.6702 9.77827 6.93228 65.1544
19.5412 9.02132 7.67285 64.2038
20.6263 8.23336 8.65079 63.2957
21.9104 7.45531 9.83783 62.36
23.4467 6.68425 11.3012 61.4063
25.2682 6.00232 13.0666 60.5346
27.3621 5.40091 15.1413 59.7201
29.7811 4.98555 17.4919 58.9574
32.4495 4.78541 20.0794 58.4312
35.3032 4.75198 22.9065 58.0421
38.3799 4.82492 25.9527 57.7417
41.5673 4.96416 29.1819 57.5024
44.765 5.15302 32.3575 57.2501
47.9766 5.33258 35.5662 57.0021
51.2051 5.54117 38.7817 56.7595
54.4201 5.7753 41.9334 56.493
57.6346 6.00104 45.1134 56.2249
60.7931 6.21663 48.2229 55.9367
63.8585 6.36892 51.2698 55.6592
66.7747 6.48643 54.1487 55.3847
69.5335 6.58965 56.874 55.1228
72.1253 6.62722 59.4851 54.887
74.5246 6.67259 61.8989 54.6386
76.6865 6.68274 64.0451 54.4164
78.5896 6.61989 65.9562 54.1766
80.2198 6.43849 67.5742 53.8548
81.6041 6.06437 68.9078 53.4103
82.7689 5.54748 70.0019 52.854
83.7194 4.96219 70.9398 52.2011
84.4985 4.31108 71.6616 51.5096
85.0553 3.65254 72.18 50.8375
85.422 3.08309 72.5293 50.2851
85.6854 2.63287 72.7883 49.7951
85.923 2.11983 72.9993 49.3259
86.0707 1.53691 73.1101 48.83
86.1914 0.923084 73.2087 48.2963
86.2819 0.311055 73.2788 47.7765
86.3914 -0.303078 73.3818 47.2514
86.4407 -0.901994 73.3767 46.7006
86.5198 -1.50289 73.3849 46.1474
86.5459 -2.07776 73.3761 45.5937
86.5871 -2.68315 73.3439 45.0107
86.6048 -3.29364 73.2949 44.4337
86.6493 -4.02676 73.2613 43.6897
86.7182 -4.93401 73.2079 42.8282
86.802 -5.93042 73.1566 41.877
86.8602 -6.95035 73.0882 40.8637
86.925 -7.98914 73.0281 39.7934
86.9713 -9.08239 72.9229 38.6826
87.0234 -10.2153 72.834 37.5245
86.9986 -11.4231 72.6864 36.3799
86.9538 -12.7168 72.5012 35.1352
86.892 -14.0986 72.279 33.826
86.7979 -15.5723 72.0119 32.4546
86.8058 -17.1581 71.8236 30.9637
86.9386 -18.8627 71.7568 29.2832
87.1494 -20.656 71.7032 27.5562
87.3569 -22.5386 71.6488 25.6538
87.518 -24.5389 71.5166 23.6653
87.6122 -26.5899 71.3163 21.6042
87.6598 -28.7279 71.1306 19.4671
87.667 -30.8814 70.875 17.3381
87.6618 -33.0328 70.6199 15.1993
87.6643 -35.176 70.3661 13.0632
87.6754 -37.3115 70.1111 10.931
87.7006 -39.4403 69.8625 8.81714
87.7469 -41.5397 69.6555 6.70856
87.8103 -43.6083 69.4414 4.62793
87.8775 -45.6672 69.2307 2.58115
87.9508 -47.7145 69.0387 0.514954
88.0109 -49.7745 68.8225 -1.54361
88.0598 -51.8095 68.6221 -3.60361
88.1016 -53.8669 68.4174 -5.61249
88.1596 -55.9066 68.1897 -7.64728
88.2038 -57.9324 67.9867 -9.68979
88.2367 -59.9592 67.7802 -11.6969
88.2905 -61.9847 67.5594 -13.7304
88.3236 -64.0118 67.3297 -15.7381
88.3707 -66.071 67.1213 -17.752
88.4053 -68.1266 66.8996 -19.8002
88.4285 -70.1709 66.7003 -21.78
88.4452 -72.2356 66.4878 -23.7491
88.4514 -74.2714 66.2574 -25.7884
88.4515 -76.3242 66.0158 -27.7726
88.4477 -78.3515 65.7893 -29.7814
88.4649 -80.3789 65.5773 -31.8013
88.4913 -82.4281 65.3412 -33.8503
88.5257 -84.4416 65.1083 -35.8593
88.565 -86.4789 64.8997 -37.8922
88.6255 -88.4658 64.6709 -39.8896
88.6657 -90.4818 64.4626 -41.9084
88.7116 -92.4594 64.2334 -43.8847
88.7593 -94.3965 64.0294 -45.8845
88.8014 -96.2965 63.8095 -47.7965
88.8336 -98.1479 63.6315 -49.6851
88.859 -99.8848 63.4065 -51.4153
88.872 -101.465 63.2387 -52.9982
88.8764 -102.843 63.0515 -54.3829
88.8754 -104.046 62.9252 -55.6452
88.8515 -105.11 62.7774 -56.7267
88.8441 -105.993 62.6444 -57.6145
88.8454 -106.683 62.5697 -58.3596
88.8358 -107.269 62.507 -58.8915
88.8949 -107.762 62.5061 -59.3814
89.0265 -108.229 62.5424 -59.8617
89.2534 -108.644 62.6694 -60.3105
89.5392 -109.019 62.882 -60.7374
89.859 -109.381 63.1313 -61.1905
90.31 -109.755 63.4802 -61.6576
90.8505 -110.105 63.9077 -62.1095
91.4916 -110.452 64.487 -62.5801
92.2208 -110.767 65.1444 -63.0266
93.0435 -111.039 65.9087 -63.425
93.9595 -111.237 66.7666 -63.8091
95.0326 -111.35 67.7906 -64.125
96.2445 -111.376 68.9431 -64.3649
97.6399 -111.376 70.297 -64.5824
99.2867 -111.278 71.8622 -64.8261
101.134 -111.132 73.6082 -65.0417
103.139 -111.02 75.5188 -65.2767
105.323 -110.916 77.6529 -65.5403
107.666 -110.812 80.0163 -65.8185
110.158 -110.692 82.534 -66.1017
112.751 -110.555 85.1048 -66.3687
115.418 -110.39 87.7461 -66.6044
118.152 -110.189 90.537 -66.8185
120.88 -109.985 93.2524 -67.0089
123.588 -109.795 95.9945 -67.2005
126.284 -109.607 98.6294 -67.3858
128.972 -109.456 101.258 -67.5913
131.641 -109.335 103.853 -67.8319
134.287 -109.218 106.581 -68.1011
136.838 -109.114 109.103 -68.3406
139.211 -109.004 111.577 -68.5743
141.388 -108.915 113.571 -68.7777
143.337 -108.817 115.496 -68.9532
145.024 -108.736 117.172 -69.1109
146.521 -108.69 118.681 -69.2456
147.804 -108.763 120.017 -69.3692
148.875 -108.856 121.16 -69.4748
149.766 -108.953 122.042 -69.5777
150.532 -109.021 122.826 -69.6973
151.272 -109.063 123.552 -69.8404
151.962 -109.163 124.283 -69.9385
152.631 -109.27 124.981 -70.04
153.353 -109.388 125.763 -70.15
154.253 -109.477 126.657 -70.3021
155.301 -109.54 127.729 -70.455
156.475 -109.614 128.912 -70.6226
157.783 -109.651 130.196 -70.8025
159.242 -109.684 131.654 -70.982
160.876 -109.725 133.281 -71.1751
162.717 -109.674 135.069 -71.3854
164.709 -109.64 137.021 -71.6154
166.835 -109.639 139.134 -71.8674
169.117 -109.627 141.389 -72.0905
171.53 -109.605 143.801 -72.3451
174.066 -109.573 146.335 -72.5959
176.699 -109.544 148.953 -72.8844
179.413 -109.533 151.652 -73.19
182.139 -109.543 154.371 -73.513
184.839 -109.587 157.106 -73.8319
187.533 -109.599 159.798 -74.1533
190.189 -109.638 162.414 -74.446
192.776 -109.651 165.034 -74.7096
195.232 -109.614 167.447 -74.9265
197.53 -109.555 169.752 -75.1105
199.654 -109.498 171.886 -75.2796
201.602 -109.461 173.871 -75.447
203.419 -109.444 175.717 -75.6422
205.191 -109.459 177.467 -75.8411
206.93 -109.503 179.238 -76.0649
208.619 -109.57 180.913 -76.3061
210.239 -109.632 182.531 -76.5148
211.754 -109.685 184.019 -76.7181
213.167 -109.715 185.421 -76.8947
214.54 -109.738 186.834 -77.0888
215.888 -109.723 188.182 -77.2151
217.196 -109.703 189.488 -77.3321
218.474 -109.697 190.762 -77.4543
219.81 -109.674 192.035 -77.6015
221.217 -109.651 193.436 -77.7205
222.677 -109.623 194.857 -77.8959
224.216 -109.618 196.349 -78.0699
225.834 -109.594 197.966 -78.2419
227.541 -109.536 199.662 -78.3902
229.331 -109.375 201.459 -78.4867
231.205 -109.089 203.341 -78.5082
233.162 -108.71 205.316 -78.4365
235.195 -108.331 207.374 -78.3659
237.319 -107.998 209.528 -78.338
239.536 -107.749 211.749 -78.3758
241.851 -107.577 214.073 -78.5092
244.241 -107.463 216.37 -78.7122
246.715 -107.381 218.879 -78.963
249.277 -107.309 221.575 -79.2654
251.893 -107.229 224.187 -79.543
254.488 -107.147 226.797 -79.8188
257.078 -107.054 229.357 -80.0727
259.641 -106.96 231.856 -80.3025
262.194 -106.858 234.487 -80.5631
264.671 -106.79 236.976 -80.7914
267.027 -106.739 239.321 -81.024
269.198 -106.732 241.566 -81.2541
271.193 -106.71 243.543 -81.4674
273.054 -106.646 245.386 -81.6558
274.808 -106.577 247.172 -81.852
276.485 -106.532 248.82 -82.0365
278.059 -106.465 250.365 -82.2097
279.474 -106.428 251.741 -82.3847
280.725 -106.455 252.993 -82.592
281.843 -106.571 254.046 -82.8485
282.817 -106.765 254.962 -83.1511
283.666 -107.045 255.741 -83.5062
284.414 -107.363 256.487 -83.894
285.122 -107.762 257.144 -84.3356
285.764 -108.22 257.757 -84.8538
286.383 -108.745 258.37 -85.4145
287.043 -109.34 259.0 -86.0573
287.756 -109.871 259.611 -86.6912
288.405 -110.228 260.175 -87.1862
289.006 -110.492 260.707 -87.5863
289.65 -110.619 261.279 -87.8529
290.305 -110.603 261.849 -88.0269
290.931 -110.49 262.43 -88.1001
291.539 -110.308 263.005 -88.0985
292.158 -110.057 263.61 -88.0002
292.724 -109.712 264.254 -87.8228
293.354 -109.377 264.893 -87.6022
294.005 -108.988 265.59 -87.3338
294.758 -108.56 266.382 -87.0436
295.594 -108.095 267.256 -86.6942
296.568 -107.683 268.26 -86.415
297.708 -107.31 269.411 -86.1813
298.969 -106.952 270.691 -86.0426
300.362 -106.67 272.119 -85.945
301.967 -106.425 273.716 -85.9227
303.792 -106.212 275.552 -85.9572
305.785 -106.01 277.52 -86.0344
307.957 -105.755 279.703 -86.1065
310.302 -105.587 282.026 -86.2437
312.768 -105.488 284.469 -86.4834
315.36 -105.433 287.067 -86.7973
318.036 -105.427 289.712 -87.1543
320.811 -105.441 292.459 -87.5582
323.634 -105.44 295.285 -87.9389
326.518 -105.412 298.15 -88.307
329.445 -105.388 301.057 -88.6997
332.36 -105.343 303.975 -89.0998
335.259 -105.268 306.857 -89.4583
338.149 -105.195 309.712 -89.8129
340.994 -105.116 312.552 -90.1575
343.795 -105.057 315.348 -90.4546
346.496 -104.996 318.044 -90.7106
348.999 -104.948 320.595 -90.985
351.319 -104.874 322.929 -91.2377
353.402 -104.765 325.036 -91.4713
355.251 -104.659 326.906 -91.7003
356.858 -104.6 328.498 -91.9228
358.232 -104.631 329.875 -92.1765
359.411 -104.755 331.038 -92.4799
360.449 -104.972 332.099 -92.8497
361.441 -105.304 333.075 -93.2834
362.341 -105.755 333.928 -93.8123
363.179 -106.29 334.717 -94.4391
363.843 -106.921 335.354 -95.162
364.549 -107.649 335.995 -95.9595
365.208 -108.54 336.585 -96.9499
365.863 -109.676 337.132 -98.1571
366.579 -110.978 337.678 -99.5295
367.214 -112.495 338.138 -101.153
367.815 -114.223 338.483 -102.948
368.26 -116.163 338.665 -104.949
368.558 -118.301 338.669 -107.1
368.697 -120.614 338.496 -109.453
368.742 -123.081 338.212 -111.912
368.75 -125.7 337.823 -114.484
368.747 -128.436 337.415 -117.199
368.74 -131.303 336.988 -120.006
368.749 -134.316 336.545 -122.99
368.78 -137.434 336.092 -126.125
368.843 -140.635 335.647 -129.316
368.944 -143.913 335.203 -132.561
369.065 -147.244 334.78 -135.854
369.181 -150.618 334.355 -139.215
369.375 -154.029 333.967 -142.571
369.586 -157.449 333.514 -146.008
369.727 -160.886 333.048 -149.388
369.85 -164.361 332.564 -152.892
369.972 -167.863 332.082 -156.36
370.082 -171.389 331.613 -159.876
370.194 -174.964 331.137 -163.441
370.302 -178.568 330.655 -167.01
370.405 -182.164 330.186 -170.584
370.534 -185.694 329.708 -174.184
370.638 -189.253 329.232 -177.733
370.714 -192.852 328.728 -181.267
370.798 -196.461 328.242 -184.8
370.888 -200.029 327.747 -188.31
370.979 -203.543 327.249 -191.769
371.074 -206.993 326.75 -195.218
371.172 -210.42 326.236 -198.626
371.315 -213.808 325.764 -201.976
371.45 -217.205 325.279 -205.349
371.584 -220.619 324.821 -208.689
371.724 -224.022 324.351 -211.986
371.859 -227.439 323.911 -215.378
371.993 -230.892 323.454 -218.728
372.124 -234.347 323.006 -222.113
372.232 -237.802 322.498 -225.531
372.315 -241.266 321.988 -228.89
372.385 -244.711 321.457 -232.294
372.465 -248.165 320.971 -235.701
372.537 -251.604 320.465 -239.071
372.625 -255.031 319.909 -242.44
372.724 -258.427 319.432 -245.824
372.816 -261.818 318.962 -249.165
372.912 -265.196 318.476 -252.531
373.03 -268.545 318.021 -255.819
373.146 -271.887 317.567 -259.145
373.285 -275.218 317.116 -262.483
373.427 -278.54 316.721 -265.769
373.548 -281.865 316.289 -269.066
373.68 -285.156 315.819 -272.358
373.773 -288.46 315.363 -275.65
373.852 -291.76 314.869 -278.91
373.906 -295.043 314.378 -282.167
373.953 -298.332 313.897 -285.395
374.006 -301.611 313.387 -288.655
374.072 -304.831 312.908 -291.85
374.145 -308.026 312.427 -295.076
374.188 -311.203 311.908 -298.218
374.156 -314.382 311.401 -301.418
374.143 -317.531 310.898 -304.543
374.136 -320.654 310.407 -307.64
374.142 -323.73 309.918 -310.669
374.181 -326.76 309.462 -313.669
374.315 -329.754 309.145 -316.665
374.599 -332.705 308.947 -319.636
375.086 -335.569 308.958 -322.53
375.819 -338.359 309.133 -325.435
376.755 -341.086 309.561 -328.278
377.908 -343.737 310.18 -331.048
379.206 -346.328 310.991 -333.814
380.643 -348.867 311.909 -336.542
382.168 -351.361 312.918 -339.252
383.672 -353.848 313.916 -341.981
385.13 -356.309 314.902 -344.663
386.491 -358.779 315.762 -347.375
387.674 -361.294 316.494 -350.084
388.634 -363.848 316.997 -352.805
389.398 -366.505 317.248 -355.54
389.953 -369.184 317.318 -358.319
390.303 -371.933 317.199 -361.112
390.463 -374.764 316.867 -363.917
390.51 -377.625 316.365 -366.715
390.44 -380.541 315.773 -369.621
390.26 -383.528 315.025 -372.483
390.006 -386.596 314.239 -375.385
389.702 -389.71 313.387 -378.389
389.397 -392.85 312.497 -381.457
389.096 -395.995 311.63 -384.458
388.742 -399.101 310.712 -387.468
388.344 -402.147 309.771 -390.373
387.898 -404.973 308.825 -393.047
387.327 -407.504 307.803 -395.44
386.538 -409.713 306.7 -397.439
385.518 -411.499 305.48 -399.083
384.427 -413.093 304.142 -400.415
383.117 -414.444 302.616 -401.513
381.537 -415.479 300.968 -402.302
379.909 -416.345 299.191 -402.889
378.128 -416.984 297.331 -403.171
376.245 -417.36 295.348 -403.263
374.274 -417.52 293.353 -403.091
372.28 -417.583 291.333 -402.766
370.299 -417.602 289.349 -402.405
368.339 -417.599 287.417 -402.031
366.387 -417.581 285.467 -401.63
364.446 -417.553 283.54 -401.248
362.525 -417.536 281.63 -400.86
360.623 -417.539 279.748 -400.508
358.745 -417.527 277.896 -400.123
356.874 -417.526 276.018 -399.738
355.021 -417.536 274.21 -399.404
353.146 -417.543 272.339 -399.034
351.23 -417.586 270.436 -398.702
349.309 -417.651 268.527 -398.386
347.378 -417.723 266.589 -398.094
345.429 -417.823 264.624 -397.821
343.434 -417.949 262.617 -397.525
341.384 -418.046 260.597 -397.227
339.242 -418.089 258.455 -396.866
336.995 -418.081 256.256 -396.425
334.62 -418.026 253.868 -395.919
332.137 -417.918 251.447 -395.364
329.595 -417.823 248.997 -394.732
327.042 -417.647 246.494 -394.012
324.489 -417.373 244.028 -393.217
321.966 -416.821 241.629 -392.256
319.48 -416.085 239.3 -391.15
317.056 -415.191 237.101 -389.915
314.705 -414.118 234.958 -388.433
312.448 -412.896 232.967 -386.832
310.261 -411.596 231.045 -385.133
308.114 -410.252 229.196 -383.397
306.04 -408.871 227.343 -381.614
304.022 -407.462 225.634 -379.852
302.033 -405.977 223.96 -377.997
300.065 -404.439 222.307 -376.13
298.073 -402.908 220.659 -374.274
296.018 -401.382 218.946 -372.341
293.956 -399.858 217.228 -370.479
291.87 -398.363 215.435 -368.695
289.762 -396.956 213.621 -366.976
287.667 -395.605 211.816 -365.289
285.591 -394.289 210.032 -363.61
283.499 -392.977 208.228 -361.906
281.394 -391.686 206.449 -360.256
279.271 -390.413 204.598 -358.555
277.117 -389.168 202.77 -356.928
274.941 -387.936 200.885 -355.303
272.744 -386.708 198.939 -353.632
270.523 -385.46 197.009 -351.966
268.313 -384.21 195.122 -350.309
266.109 -382.964 193.203 -348.63
263.936 -381.703 191.37 -346.984
261.797 -380.466 189.537 -345.295
259.683 -379.265 187.764 -343.609
257.593 -378.024 186.059 -341.914
255.556 -376.685 184.352 -340.224
253.518 -375.44 182.67 -338.551
251.457 -374.267 181.004 -336.874
249.401 -373.071 179.376 -335.225
247.315 -371.849 177.693 -333.493
245.184 -370.567 175.914 -331.673
242.982 -369.248 174.132 -329.826
240.735 -367.841 172.259 -327.89
238.424 -366.414 170.373 -325.906
236.09 -364.978 168.434 -323.965
233.711 -363.511 166.468 -322.017
231.294 -362.058 164.458 -320.024
228.822 -360.639 162.394 -318.073
226.338 -359.165 160.315 -316.084
223.819 -357.674 158.198 -314.041
221.27 -356.155 156.084 -311.943
218.708 -354.545 153.972 -309.776
216.133 -352.856 151.859 -307.587
213.526 -351.137 149.723 -305.346
210.861 -349.391 147.542 -303.047
208.141 -347.626 145.463 -300.846
205.373 -345.852 143.102 -298.383
202.55 -344.161 140.826 -296.064
199.736 -342.479 138.499 -293.729
196.955 -340.74 136.178 -291.39
194.163 -338.992 133.833 -289.081
191.347 -337.301 131.469 -286.75
188.52 -335.639 129.099 -284.458
185.705 -333.938 126.692 -282.15
182.867 -332.25 124.309 -279.893
180.032 -330.585 121.918 -277.617
177.227 -328.955 119.565 -275.356
174.539 -327.438 117.298 -273.187
172.012 -326.005 115.151 -271.178
169.692 -324.651 113.158 -269.34
167.467 -323.315 111.261 -267.556
165.272 -321.949 109.382 -265.721
163.117 -320.547 107.495 -263.852
160.949 -319.194 105.723 -262.086
158.728 -317.848 103.845 -260.288
156.473 -316.505 101.962 -258.507
154.21 -315.109 100.084 -256.693
151.923 -313.647 98.1248 -254.763
149.601 -312.142 96.135 -252.81
147.209 -310.637 94.1311 -250.862
144.758 -309.096 92.0512 -248.836
142.276 -307.46 89.9416 -246.747
139.764 -305.737 87.8156 -244.602
137.221 -303.985 85.7229 -242.468
134.648 -302.195 83.534 -240.203
132.002 -300.405 81.349 -237.966
129.319 -298.631 79.0634 -235.591
126.578 -296.838 76.7758 -233.25
123.793 -295.058 74.4543 -230.906
120.954 -293.297 72.1008 -228.544
118.044 -291.501 69.6787 -226.103
115.105 -289.693 67.1991 -223.616
112.154 -287.879 64.7614 -221.197
109.228 -286.086 62.3178 -218.728
106.296 -284.303 59.8673 -216.281
103.382 -282.534 57.4643 -213.857
100.495 -280.764 55.0793 -211.496
97.6515 -279.015 52.7602 -209.158
94.8532 -277.274 50.3941 -206.806
92.1049 -275.548 48.1003 -204.5
89.3966 -273.836 45.8692 -202.216
86.7403 -272.125 43.6744 -199.945
84.1258 -270.42 41.4979 -197.668
81.4965 -268.788 39.3322 -195.437
78.8975 -267.186 37.2295 -193.237
76.3359 -265.596 35.1089 -191.076
73.8098 -264.018 32.9958 -188.935
71.3202 -262.47 30.9142 -186.812
68.8537 -260.932 28.8628 -184.741
66.4363 -259.379 26.8422 -182.734
64.1159 -257.774 24.8247 -180.707
61.7895 -256.251 22.8029 -178.741
59.4476 -254.836 20.8263 -176.904
57.0425 -253.599 18.7256 -175.17
54.5769 -252.592 16.565 -173.687
52.0718 -251.832 14.2749 -172.36
49.5381 -251.319 11.9272 -171.278
47.0164 -251.032 9.534 -170.431
44.5536 -250.9 7.1496 -169.741
42.1914 -250.846 4.83179 -169.197
39.9699 -250.888 2.63983 -168.694
37.8232 -250.819 0.495941 -168.138
35.7519 -250.528 -1.47192 -167.438
33.7747 -250.015 -3.28842 -166.554
31.9386 -249.3 -4.98505 -165.473
30.2928 -248.356 -6.45258 -164.224
28.8151 -247.166 -7.70709 -162.789
27.5755 -245.826 -8.70572 -161.202
26.5777 -244.3 -9.44476 -159.516
25.8471 -242.68 -9.90454 -157.761
25.4038 -241.132 -10.0823 -156.146
25.1888 -239.725 -10.0363 -154.729
25.1866 -238.533 -9.8288 -153.563
25.3588 -237.454 -9.52228 -152.527
25.6944 -236.445 -9.03485 -151.633
26.2243 -235.561 -8.4003 -150.793
26.8278 -234.731 -7.66675 -150.162
27.6365 -234.07 -6.78546 -149.613
28.6347 -233.506 -5.74448 -149.218
29.7842 -233.016 -4.59503 -148.93
31.0788 -232.596 -3.33487 -148.736
32.5318 -232.316 -1.84164 -148.768
34.1014 -232.076 -0.294739 -148.87
35.8235 -231.924 1.42538 -149.056
37.6959 -231.775 3.26276 -149.337
39.6498 -231.685 5.22015 -149.654
41.7803 -231.571 7.37018 -149.999
44.027 -231.467 9.55249 -150.37
46.3648 -231.372 11.8695 -150.793
48.7757 -231.292 14.1889 -151.227
51.31 -231.221 16.7346 -151.727
53.9303 -231.163 19.239 -152.247
56.6518 -231.093 21.8882 -152.775
59.5003 -230.986 24.6746 -153.298
62.4506 -230.886 27.6718 -153.9
65.351 -230.714 30.3942 -154.379
68.2898 -230.483 33.2477 -154.864
71.2729 -230.34 36.2322 -155.395
74.2626 -230.209 39.2043 -155.913
77.2918 -230.071 42.1643 -156.466
80.3123 -229.91 45.1263 -156.969
83.3626 -229.764 48.1469 -157.499
86.3683 -229.585 51.1243 -158.05
89.384 -229.463 54.1077 -158.591
92.3995 -229.341 57.0878 -159.159
95.3924 -229.161 59.9989 -159.701
98.3891 -229.001 62.958 -160.217
101.425 -228.875 65.8734 -160.758
104.45 -228.721 68.872 -161.282
107.55 -228.575 71.9126 -161.823
110.662 -228.447 75.0349 -162.388
113.816 -228.305 78.1649 -162.963
117.012 -228.237 81.3108 -163.55
120.189 -228.141 84.396 -164.113
123.346 -228.021 87.5324 -164.678
126.475 -227.878 90.6195 -165.255
129.553 -227.753 93.6017 -165.801
132.617 -227.607 96.6174 -166.349
135.641 -227.495 99.5866 -166.898
138.634 -227.379 102.529 -167.445
141.626 -227.286 105.512 -168.0
144.521 -227.157 108.318 -168.499
147.476 -227.03 111.208 -169.044
150.383 -226.933 113.983 -169.584
153.24 -226.851 116.777 -170.115
156.072 -226.779 119.489 -170.672
158.845 -226.709 122.188 -171.167
161.6 -226.64 124.903 -171.675
164.339 -226.548 127.57 -172.189
167.044 -226.46 130.268 -172.67
169.72 -226.363 132.822 -173.106
172.397 -226.257 135.47 -173.553
175.044 -226.165 138.063 -173.991
177.758 -226.07 140.7 -174.467
180.526 -225.967 143.405 -174.945
183.299 -225.862 146.106 -175.413
186.064 -225.749 148.816 -175.901
188.792 -225.625 151.491 -176.364
191.491 -225.528 154.118 -176.835
194.173 -225.41 156.765 -177.314
196.857 -225.311 159.461 -177.792
199.543 -225.237 161.996 -178.269
202.23 -225.169 164.652 -178.765
204.886 -225.106 167.241 -179.243
207.501 -225.046 169.801 -179.727
210.109 -224.986 172.353 -180.197
212.679 -224.928 174.851 -180.653
215.258 -224.873 177.412 -181.164
217.75 -224.807 179.777 -181.647
220.182 -224.459 182.248 -182.109
222.661 -224.219 184.677 -182.596
225.184 -224.022 187.179 -183.108
227.772 -223.857 189.721 -183.632
230.398 -223.697 192.226 -184.116
233.119 -223.534 194.794 -184.625
235.943 -223.312 197.633 -185.126
238.752 -223.091 200.223 -185.554
241.637 -222.898 203.091 -186.035
244.464 -222.734 205.912 -186.55
247.298 -222.516 208.638 -187.045
250.092 -222.327 211.319 -187.512
252.841 -222.168 214.005 -188.006
255.574 -222.036 216.66 -188.538
258.265 -221.918 219.329 -189.059
260.91 -221.784 221.941 -189.547
263.519 -221.649 224.49 -190.026
266.125 -221.536 227.062 -190.518
268.696 -221.415 229.64 -191.02
271.193 -221.29 232.092 -191.495
273.532 -221.154 234.263 -191.88
275.709 -221.061 236.411 -192.284
277.673 -221.027 238.368 -192.718
279.446 -221.07 240.067 -193.14
281.071 -221.161 241.664 -193.597
282.603 -221.26 243.13 -194.048
284.047 -221.365 244.458 -194.481
285.435 -221.409 245.739 -194.843
286.711 -221.417 246.969 -195.175
287.893 -221.317 248.097 -195.389
288.989 -221.192 249.16 -195.526
289.992 -220.932 250.197 -195.556
290.943 -220.565 251.202 -195.494
291.82 -220.19 252.171 -195.328
292.657 -219.674 253.101 -195.049
293.513 -219.054 254.086 -194.678
294.352 -218.281 255.081 -194.178
295.177 -217.371 256.101 -193.546
295.951 -216.284 257.111 -192.656
296.565 -214.973 258.046 -191.602
297.087 -213.492 258.905 -190.31
297.417 -211.775 259.621 -188.764
297.557 -209.831 260.214 -186.937
297.537 -207.683 260.698 -184.855
297.447 -205.329 261.143 -182.579
297.363 -202.775 261.65 -180.094
297.283 -200.044 262.208 -177.47
297.213 -197.084 262.828 -174.532
297.146 -193.922 263.494 -171.42
297.051 -190.57 264.175 -168.196
296.932 -187.078 264.864 -164.746
296.788 -183.469 265.572 -161.194
296.65 -179.749 265.735 -160.501
296.488 -176.021 265.589 -161.083
296.319 -172.336 265.521 -161.406
296.26 -168.718 265.411 -162.014
296.193 -165.122 265.519 -161.558
296.158 -161.519 266.013 -158.912
296.093 -157.944 266.455 -156.591
296.01 -154.38 266.191 -157.53
295.931 -150.827 266.129 -157.493
295.845 -147.29 266.488 -156.043
295.754 -143.776 267.216 -152.52
295.668 -140.286 267.866 -149.521
295.589 -136.8 268.599 -146.065
295.489 -133.325 269.314 -142.684
295.331 -129.874 269.975 -139.238
295.103 -126.452 270.553 -135.907
294.813 -123.067 271.056 -132.55
294.432 -119.724 271.483 -129.227
294.006 -116.44 271.817 -125.93
293.57 -113.196 272.128 -122.701
293.112 -109.986 272.454 -119.46
292.687 -106.812 272.798 -116.261
292.32 -103.637 273.174 -113.064
292.023 -100.462 273.62 -109.916
291.802 -97.2437 274.134 -106.727
291.661 -93.9837 274.743 -103.55
291.573 -90.6762 275.44 -100.289
291.476 -87.3487 276.135 -97.0012
291.387 -83.958 276.62 -94.699
291.29 -80.5248 277.267 -91.7724
291.183 -77.0662 277.779 -89.4541
291.067 -73.6211 277.756 -89.5724
290.945 -70.2125 277.74 -89.1628
290.839 -66.8117 277.937 -89.5014
290.73 -63.4593 277.787 -89.2851
290.62 -60.1467 277.695 -89.3454
290.525 -56.8541 277.835 -89.1567
290.433 -53.6113 278.084 -88.3363
290.35 -50.3924 277.956 -88.4988
290.275 -47.1785 278.332 -86.7261
290.2 -43.9924 278.962 -83.5674
290.135 -40.8181 279.114 -82.4885
290.053 -37.6628 279.629 -80.2101
289.975 -34.5393 279.809 -79.2007
289.895 -31.4419 280.041 -78.1274
289.839 -28.3815 280.037 -78.0935
289.788 -25.3906 280.161 -77.702
289.735 -22.5276 280.195 -77.4755
289.675 -19.8142 280.354 -76.5351
289.613 -17.2105 280.882 -73.9444
289.555 -14.7334 281.417 -71.5738
289.503 -12.3772 281.891 -69.2935
289.491 -10.1653 282.383 -67.1462
289.545 -8.1407 282.886 -65.1692
289.656 -6.27083 283.418 -63.3835
289.84 -4.50305 283.992 -61.7141
290.071 -2.8003 284.611 -60.1053
290.335 -1.15004 285.216 -58.5808
290.622 0.439359 285.834 -57.1022
290.932 1.94919 286.461 -55.7033
291.267 3.37531 287.112 -54.3953
291.615 4.68412 287.752 -53.2397
291.985 5.84411 288.346 -52.2085
292.408 6.91203 288.968 -51.29
292.88 7.83332 289.616 -50.4915
293.251 8.41095 290.094 -50.0001
293.466 8.67181 290.346 -49.8065
293.486 8.68974 290.351 -49.7838
293.479 8.67343 290.329 -49.8083
293.48 8.66947 290.347 -49.8051
293.476 8.65913 290.343 -49.8074
293.466 8.64697 290.344 -49.8052
293.46 8.64401 290.343 -49.7932
293.476 8.66147 290.354 -49.8075
293.52 8.70631 290.423 -49.7522
293.613 8.80417 290.526 -49.65
293.801 8.99568 290.772 -49.4947
294.116 9.27361 291.181 -49.2727
294.566 9.6404 291.697 -49.0124
295.16 10.1355 292.412 -48.6733
295.958 10.7254 293.314 -48.2614
297.03 11.3173 294.504 -47.9202
298.343 11.8935 295.888 -47.6421
299.885 12.3891 297.511 -47.4818
301.621 12.8198 299.326 -47.4473
303.517 13.1803 301.231 -47.5214
305.622 13.4487 303.361 -47.7751
307.879 13.6183 305.592 -48.0877
310.306 13.7644 307.991 -48.5078
