1.18521 -0.0651508 0.61261 -0.0327759
2.16198 -0.057859 1.5932 0.0169067
3.24715 0.030863 2.66025 0.139069
4.41836 0.193124 3.83237 0.30014
5.68309 0.441034 5.07803 0.544128
7.05753 0.727014 6.43365 0.833801
8.55497 1.05287 7.92807 1.18927
10.149 1.46151 9.52417 1.63232
11.8293 1.9029 11.2512 2.11874
13.6035 2.43094 13.0293 2.68384
15.4771 3.02473 14.9216 3.33243
17.4415 3.70362 16.9448 4.06757
19.4975 4.46663 18.973 4.82111
21.6551 5.28531 21.164 5.63885
23.8785 6.21501 23.3846 6.57617
26.1472 7.24616 25.635 7.57745
28.4691 8.36227 27.9907 8.73111
30.8642 9.5807 30.3761 9.92682
33.317 10.895 32.8289 11.2376
35.8444 12.3022 35.3845 12.64
38.5166 13.7845 38.019 14.148
41.2652 15.3347 40.7314 15.6948
44.0351 16.9452 43.5028 17.302
46.7661 18.6194 46.2136 18.9171
49.4334 20.4338 48.9476 20.6977
52.0118 22.2986 51.568 22.5039
54.5969 24.2013 54.1897 24.344
57.1703 26.1483 56.7985 26.2768
59.6958 28.1597 59.3679 28.2135
62.1921 30.245 61.9334 30.232
64.6696 32.4174 64.4716 32.3354
67.0945 34.6737 66.9792 34.5556
69.473 37.0546 69.429 36.8436
71.839 39.5189 71.8877 39.2329
74.1846 42.0471 74.2785 41.6898
76.5097 44.6583 76.6924 44.2589
78.8248 47.334 79.0882 46.8789
81.1292 50.076 81.4669 49.5559
83.3966 52.8957 83.8011 52.2473
85.5773 55.8416 86.0948 55.1304
87.6763 58.8809 88.258 58.1297
89.6838 62.0219 90.3938 61.2102
91.5851 65.2682 92.3855 64.4073
93.4083 68.6065 94.344 67.74
95.1581 71.9916 96.2192 71.0528
96.8445 75.4027 98.0299 74.4165
98.4755 78.8072 99.5478 77.2666
100.057 82.1801 100.959 80.1585
101.554 85.4619 102.607 83.455
102.977 88.6828 104.162 86.6346
104.327 91.8228 105.63 89.7446
105.733 94.8824 107.139 92.7709
107.211 97.8684 108.722 95.6931
108.779 100.755 110.329 98.5427
110.48 103.56 112.088 101.341
112.256 106.259 113.9 103.968
114.087 108.816 115.753 106.484
115.96 111.243 117.648 108.838
117.859 113.542 119.618 111.065
119.773 115.73 121.589 113.203
121.688 117.79 123.565 115.172
123.577 119.702 125.537 117.019
125.506 121.473 127.541 118.765
127.45 123.091 129.536 120.331
129.464 124.609 131.578 121.783
131.55 126.01 133.702 123.105
133.694 127.326 135.881 124.393
135.915 128.574 138.156 125.617
138.221 129.799 140.489 126.749
140.63 131.035 142.829 127.921
143.168 132.254 145.348 129.084
145.832 133.444 148.059 130.173
148.626 134.589 150.868 131.212
151.596 135.607 153.857 132.103
154.717 136.447 157.143 132.972
158.0 137.094 160.545 133.598
161.425 137.536 164.02 133.988
165.0 137.77 167.571 134.204
168.692 137.798 171.203 134.218
172.461 137.603 175.027 133.93
176.307 137.176 178.859 133.482
180.228 136.522 182.755 132.791
184.219 135.639 186.742 131.873
188.231 134.53 190.807 130.67
192.271 133.204 194.19 129.652
196.301 131.621 198.827 127.662
200.306 129.756 202.758 125.839
204.191 127.547 204.488 125.063
207.898 124.994 207.338 123.671
211.424 122.129 210.518 121.947
214.748 119.004 214.095 119.097
217.895 115.657 217.529 115.931
220.829 112.14 220.795 112.628
223.465 108.535 223.793 109.324
225.798 104.83 226.411 105.818
227.793 101.071 228.65 102.183
229.454 97.2876 230.616 98.5177
230.819 93.5117 231.911 95.703
231.913 89.8071 233.287 92.1135
232.764 86.1384 234.485 88.5117
233.373 82.5097 235.419 84.8556
233.774 78.953 236.132 81.3465
233.979 75.4682 236.587 77.8515
234.07 72.1143 236.935 74.5105
234.099 68.8815 237.236 71.2959
234.082 65.6953 237.467 68.1203
234.073 62.6125 237.678 64.9797
234.093 59.5852 237.918 61.9537
234.154 56.593 238.204 58.9401
234.267 53.6495 238.52 55.9655
234.447 50.7175 238.927 53.0737
234.685 47.8287 239.377 50.2112
234.987 44.9604 239.876 47.4026
235.348 42.1097 240.429 44.545
235.758 39.2912 241.077 41.7486
236.242 36.5165 241.728 39.0224
236.786 33.7445 242.497 36.2902
237.348 30.928 243.217 33.5158
237.945 28.0779 244.027 30.6784
238.575 25.2064 244.869 27.8399
239.249 22.3264 245.731 25.0466
239.999 19.4733 246.674 22.2273
240.855 16.651 247.745 19.4507
241.811 13.8654 248.905 16.7522
242.853 11.1123 250.132 14.0492
243.967 8.39843 251.439 11.4013
245.139 5.73669 252.771 8.82758
246.366 3.1383 254.202 6.30234
247.661 0.608991 255.666 3.83789
249.018 -1.85925 257.179 1.46786
250.429 -4.27192 258.754 -0.833679
251.91 -6.6574 260.401 -3.13492
253.495 -9.01696 262.102 -5.43158
255.107 -11.3695 263.818 -7.73804
256.711 -13.7491 265.537 -10.0035
258.322 -16.1492 267.293 -12.3167
259.943 -18.5572 269.06 -14.6008
261.577 -21.0087 270.874 -16.9068
263.212 -23.4653 272.681 -19.2296
264.854 -25.9097 274.503 -21.5291
266.511 -28.3374 276.338 -23.7811
268.202 -30.7219 278.197 -26.0178
269.951 -33.0674 280.091 -28.1864
271.763 -35.3743 282.058 -30.3398
273.665 -37.619 284.126 -32.4221
275.686 -39.8325 286.285 -34.4628
277.814 -42.011 288.547 -36.4327
280.056 -44.1389 290.914 -38.3549
282.426 -46.188 293.432 -40.2386
284.909 -48.1619 296.017 -42.0404
287.501 -50.0565 298.767 -43.7317
290.18 -51.9033 301.547 -45.3783
292.94 -53.6939 304.429 -46.97
295.748 -55.4626 307.343 -48.5074
298.599 -57.2467 310.316 -50.0638
301.474 -59.0466 313.303 -51.643
304.377 -60.8558 316.338 -53.2074
307.312 -62.6268 319.376 -54.7465
310.296 -64.3056 322.495 -56.2097
313.328 -65.8496 325.619 -57.5168
316.393 -67.2617 328.751 -58.6971
319.497 -68.519 331.91 -59.7101
322.62 -69.6814 335.113 -60.6379
325.743 -70.8184 338.332 -61.5415
328.869 -71.8974 341.512 -62.3625
332.015 -72.9072 344.716 -63.1223
335.152 -73.8468 347.92 -63.8389
338.258 -74.7513 351.043 -64.495
341.266 -75.6466 354.126 -65.1544
344.109 -76.6143 357.057 -65.9037
346.811 -77.588 359.833 -66.6704
349.49 -78.5169 362.579 -67.406
352.178 -79.3321 365.302 -68.0372
354.876 -79.9816 368.03 -68.4837
357.594 -80.4021 370.77 -68.7332
360.347 -80.5779 373.503 -68.759
363.108 -80.5038 376.254 -68.5432
365.886 -80.2083 378.956 -68.0724
368.705 -79.8154 381.713 -67.4751
371.601 -79.426 384.58 -66.8802
374.578 -79.0754 387.525 -66.29
377.661 -78.7307 390.595 -65.7122
380.853 -78.3639 393.749 -65.1284
384.12 -77.9805 396.938 -64.5255
387.447 -77.5924 400.254 -63.9049
390.785 -77.1443 403.546 -63.2333
394.104 -76.5888 406.825 -62.4421
397.401 -75.9369 410.066 -61.5864
400.641 -75.2019 413.233 -60.6168
403.843 -74.425 416.362 -59.5891
407.019 -73.5955 419.481 -58.5456
410.2 -72.6958 422.601 -57.4256
413.391 -71.7633 425.695 -56.2751
416.589 -70.8311 428.827 -55.1181
419.804 -69.8792 431.958 -53.954
423.028 -68.8972 435.06 -52.7556
426.232 -67.9072 438.202 -51.5376
429.427 -66.9449 441.34 -50.3487
432.612 -65.9997 444.462 -49.1843
435.764 -65.0918 447.529 -48.0161
438.896 -64.2094 450.536 -46.9079
441.977 -63.3475 453.597 -45.8206
445.013 -62.5114 456.563 -44.7412
448.005 -61.681 459.46 -43.6799
450.936 -60.8599 462.341 -42.6338
453.821 -60.0475 465.178 -41.5818
456.661 -59.2279 467.961 -40.6029
459.454 -58.4112 470.702 -39.5939
462.22 -57.5952 473.416 -38.5995
464.94 -56.7847 476.055 -37.6313
467.616 -55.9752 478.662 -36.671
470.219 -55.1902 481.189 -35.7442
472.73 -54.4398 483.639 -34.8444
475.119 -53.7209 485.965 -34.0284
477.435 -53.0299 488.254 -33.2318
479.727 -52.3682 490.524 -32.4517
482.029 -51.7612 492.751 -31.704
484.35 -51.2648 494.987 -31.0859
486.686 -50.9237 497.298 -30.5874
489.04 -50.7896 499.676 -30.2887
491.404 -50.8376 502.029 -30.2225
493.768 -51.0769 504.445 -30.2899
496.154 -51.5074 504.69 -32.4389
498.538 -52.1039 508.847 -32.7232
500.93 -52.8371 514.304 12.6355
503.31 -53.7184 514.304 12.6355
505.671 -54.7547 514.304 12.6355
507.988 -55.92 514.304 12.6355
510.261 -57.2209 514.304 12.6355
512.434 -58.7036 514.304 12.6355
514.474 -60.3569 514.304 12.6355
516.349 -62.148 514.304 12.6355
518.099 -64.0636 514.304 12.6355
519.763 -66.0813 514.304 12.6355
521.333 -68.2267 489.858 25.3628
522.775 -70.4901 492.436 26.024
524.054 -72.882 495.08 26.4781
525.153 -75.4026 497.853 26.7489
526.099 -78.0489 500.659 26.8132
526.846 -80.8123 503.568 26.6892
527.366 -83.6838 505.6 26.1878
527.669 -86.6344 507.905 24.4416
527.759 -89.6647 510.848 24.0209
527.632 -92.7424 513.969 22.1836
527.266 -95.8477 514.173 15.8258
526.669 -98.9759 500.555 -3.76074
525.862 -102.111 502.331 -4.10944
524.86 -105.232 501.471 -2.54523
523.649 -108.336 499.65 -1.58221
522.268 -111.409 499.545 -1.36847
520.781 -114.489 501.329 -1.90186
519.262 -117.619 504.597 -3.00595
517.72 -120.793 508.032 -4.0231
516.137 -123.999 511.295 -5.18912
514.516 -127.26 514.842 -6.67804
512.863 -130.564 516.299 -7.19122
511.172 -133.9 510.423 2.30475
509.462 -137.304 510.613 3.11176
507.73 -140.757 -961.101 1893.88
505.955 -144.291 -961.101 1893.88
504.158 -147.873 -961.101 1893.88
502.322 -151.513 -961.101 1893.88
500.459 -155.205 -961.101 1893.88
498.591 -158.949 -961.101 1893.88
496.697 -162.71 -961.101 1893.88
494.777 -166.473 -961.101 1893.88
492.866 -170.241 -961.101 1893.88
490.949 -174.002 -961.101 1893.88
489.062 -177.785 -961.101 1893.88
487.199 -181.544 -961.101 1893.88
485.358 -185.287 -961.101 1893.88
483.529 -189.023 -961.101 1893.88
481.695 -192.73 -961.101 1893.88
479.858 -196.399 -961.101 1893.88
477.998 -200.011 -961.101 1893.88
476.127 -203.574 -961.101 1893.88
474.263 -207.055 -961.101 1893.88
472.443 -210.388 -961.101 1893.88
470.701 -213.557 -961.101 1893.88
469.05 -216.564 -961.101 1893.88
467.53 -219.437 -961.101 1893.88
466.158 -222.267 -961.101 1893.88
464.99 -225.095 -961.101 1893.88
463.994 -227.947 -961.101 1893.88
463.173 -230.861 -961.101 1893.88
462.551 -233.802 -961.101 1893.88
462.127 -236.782 -961.101 1893.88
461.909 -239.801 -961.101 1893.88
461.959 -242.887 -961.101 1893.88
462.301 -246.015 -961.101 1893.88
462.905 -249.116 -961.101 1893.88
463.815 -252.218 -961.101 1893.88
464.992 -255.284 -961.101 1893.88
466.431 -258.284 -961.101 1893.88
468.115 -261.213 -961.101 1893.88
470.009 -264.039 -961.101 1893.88
472.095 -266.771 -961.101 1893.88
474.302 -269.445 -961.101 1893.88
476.625 -272.08 -961.101 1893.88
479.0 -274.679 -961.101 1893.88
481.387 -277.233 -961.101 1893.88
483.771 -279.748 -961.101 1893.88
486.121 -282.202 -961.101 1893.88
488.362 -284.6 -961.101 1893.88
490.428 -286.935 -961.101 1893.88
492.294 -289.24 -961.101 1893.88
493.948 -291.497 -961.101 1893.88
495.367 -293.652 -961.101 1893.88
496.606 -295.756 -961.101 1893.88
497.573 -297.85 -961.101 1893.88
498.248 -299.973 -961.101 1893.88
498.68 -302.158 -961.101 1893.88
498.847 -304.383 -961.101 1893.88
498.688 -306.549 -961.101 1893.88
498.23 -308.665 -961.101 1893.88
497.641 -310.776 -961.101 1893.88
496.906 -312.86 -961.101 1893.88
496.049 -314.931 -961.101 1893.88
495.064 -316.959 -961.101 1893.88
493.891 -318.877 -961.101 1893.88
492.438 -320.615 -961.101 1893.88
490.843 -322.16 -961.101 1893.88
489.102 -323.425 -961.101 1893.88
487.31 -324.461 -961.101 1893.88
485.451 -325.381 -961.101 1893.88
483.51 -326.146 -961.101 1893.88
481.491 -326.713 -961.101 1893.88
479.387 -327.058 -961.101 1893.88
477.249 -327.218 -961.101 1893.88
475.064 -327.15 -961.101 1893.88
472.829 -326.887 -961.101 1893.88
470.545 -326.456 -961.101 1893.88
468.195 -325.911 -961.101 1893.88
465.771 -325.253 -961.101 1893.88
463.283 -324.526 -961.101 1893.88
460.699 -323.76 -961.101 1893.88
458.042 -322.973 -961.101 1893.88
455.305 -322.15 -961.101 1893.88
452.496 -321.293 -961.101 1893.88
449.633 -320.401 -961.101 1893.88
446.743 -319.5 -961.101 1893.88
443.841 -318.566 -961.101 1893.88
440.932 -317.625 -961.101 1893.88
438.006 -316.73 -961.101 1893.88
435.073 -315.881 -961.101 1893.88
432.12 -315.106 -961.101 1893.88
429.152 -314.416 -961.101 1893.88
426.183 -313.851 -961.101 1893.88
423.19 -313.411 -961.101 1893.88
420.193 -313.101 -961.101 1893.88
417.185 -312.918 -961.101 1893.88
414.174 -312.852 -961.101 1893.88
411.16 -312.9 -961.101 1893.88
408.161 -313.048 -961.101 1893.88
405.157 -313.298 -961.101 1893.88
402.17 -313.646 -961.101 1893.88
399.207 -314.076 -961.101 1893.88
396.281 -314.583 -961.101 1893.88
393.396 -315.156 -961.101 1893.88
390.542 -315.779 -961.101 1893.88
387.765 -316.428 -961.101 1893.88
385.095 -317.106 -961.101 1893.88
382.613 -317.816 -961.101 1893.88
380.353 -318.502 -961.101 1893.88
378.297 -319.15 -961.101 1893.88
376.291 -319.716 -961.101 1893.88
374.324 -320.203 -961.101 1893.88
372.371 -320.548 -961.101 1893.88
370.458 -320.698 -961.101 1893.88
368.565 -320.586 -961.101 1893.88
366.666 -320.194 -961.101 1893.88
364.818 -319.556 -961.101 1893.88
363.039 -318.655 -961.101 1893.88
361.353 -317.527 -961.101 1893.88
359.728 -316.188 -961.101 1893.88
358.106 -314.66 -961.101 1893.88
356.444 -312.996 -961.101 1893.88
354.755 -311.183 -961.101 1893.88
352.955 -309.268 -961.101 1893.88
351.031 -307.282 -961.101 1893.88
349.037 -305.221 -961.101 1893.88
346.959 -303.105 -961.101 1893.88
344.801 -300.947 -961.101 1893.88
342.576 -298.768 -961.101 1893.88
340.301 -296.586 -961.101 1893.88
337.968 -294.43 -961.101 1893.88
335.579 -292.306 -961.101 1893.88
333.108 -290.267 -961.101 1893.88
330.531 -288.369 -961.101 1893.88
327.861 -286.593 -961.101 1893.88
325.123 -284.911 -961.101 1893.88
322.296 -283.306 -961.101 1893.88
319.379 -281.758 -961.101 1893.88
316.387 -280.262 -961.101 1893.88
313.355 -278.776 -961.101 1893.88
310.278 -277.274 -961.101 1893.88
307.144 -275.761 -961.101 1893.88
303.95 -274.25 -961.101 1893.88
300.715 -272.682 -961.101 1893.88
297.427 -271.088 -961.101 1893.88
294.085 -269.481 -961.101 1893.88
290.716 -267.791 -961.101 1893.88
287.361 -266.0 -961.101 1893.88
284.026 -264.078 -961.101 1893.88
280.682 -262.085 -961.101 1893.88
277.379 -260.008 -961.101 1893.88
274.068 -257.922 -961.101 1893.88
270.72 -255.789 -961.101 1893.88
267.368 -253.623 -961.101 1893.88
263.958 -251.438 -961.101 1893.88
260.542 -249.194 -961.101 1893.88
257.11 -246.95 -961.101 1893.88
253.65 -244.697 -961.101 1893.88
250.163 -242.433 -961.101 1893.88
246.649 -240.122 -961.101 1893.88
243.083 -237.762 -961.101 1893.88
239.49 -235.373 -961.101 1893.88
235.883 -232.955 -961.101 1893.88
232.238 -230.508 -961.101 1893.88
228.6 -228.011 -961.101 1893.88
224.954 -225.502 -961.101 1893.88
221.322 -222.973 -961.101 1893.88
217.689 -220.441 -961.101 1893.88
214.053 -217.915 -961.101 1893.88
210.425 -215.421 -961.101 1893.88
206.787 -212.944 -961.101 1893.88
203.127 -210.508 -961.101 1893.88
199.449 -208.091 -961.101 1893.88
195.763 -205.726 -961.101 1893.88
192.051 -203.418 -961.101 1893.88
188.29 -201.191 -961.101 1893.88
184.495 -199.036 -961.101 1893.88
180.671 -196.938 -961.101 1893.88
176.845 -194.893 -961.101 1893.88
172.993 -192.911 -961.101 1893.88
169.115 -190.982 -961.101 1893.88
165.229 -189.079 -961.101 1893.88
161.312 -187.197 -961.101 1893.88
157.367 -185.338 -961.101 1893.88
153.423 -183.475 -961.101 1893.88
149.482 -181.626 -961.101 1893.88
145.532 -179.791 -961.101 1893.88
141.581 -177.997 -961.101 1893.88
137.609 -176.191 -961.101 1893.88
133.66 -174.368 -961.101 1893.88
129.756 -172.508 -961.101 1893.88
125.923 -170.56 -961.101 1893.88
122.158 -168.504 -961.101 1893.88
118.48 -166.313 -961.101 1893.88
114.886 -163.988 -961.101 1893.88
111.359 -161.538 -961.101 1893.88
107.936 -158.986 -961.101 1893.88
104.583 -156.365 -961.101 1893.88
101.267 -153.688 -961.101 1893.88
97.9833 -150.925 -961.101 1893.88
94.7323 -148.123 -961.101 1893.88
91.5336 -145.244 -961.101 1893.88
88.3958 -142.303 -961.101 1893.88
85.2744 -139.314 -961.101 1893.88
82.1386 -136.315 -961.101 1893.88
78.9673 -133.306 -961.101 1893.88
75.7985 -130.279 -961.101 1893.88
72.6257 -127.25 -961.101 1893.88
69.4505 -124.209 -961.101 1893.88
66.2694 -121.153 -961.101 1893.88
63.0946 -118.072 -961.101 1893.88
59.9307 -114.964 -961.101 1893.88
56.7627 -111.799 -961.101 1893.88
53.5948 -108.609 -961.101 1893.88
50.3942 -105.427 -961.101 1893.88
47.2502 -102.241 -961.101 1893.88
44.0781 -99.0679 -961.101 1893.88
40.9226 -95.8835 -961.101 1893.88
37.7465 -92.6761 -961.101 1893.88
34.5759 -89.5179 -961.101 1893.88
31.4018 -86.3638 -961.101 1893.88
28.242 -83.2135 -961.101 1893.88
25.0735 -80.079 -961.101 1893.88
21.8956 -76.957 -961.101 1893.88
18.7078 -73.854 -961.101 1893.88
15.5333 -70.7225 -961.101 1893.88
12.3328 -67.5884 -961.101 1893.88
9.13901 -64.4091 -961.101 1893.88
5.9392 -61.2769 -961.101 1893.88
2.73356 -58.1672 -961.101 1893.88
-0.486019 -55.056 -961.101 1893.88
-3.6922 -51.9874 -961.101 1893.88
-6.88533 -48.9474 -961.101 1893.88
-10.1029 -45.9188 -961.101 1893.88
-13.251 -42.8996 -961.101 1893.88
-16.3072 -39.9586 -961.101 1893.88
-19.3181 -37.1854 -961.101 1893.88
-22.2504 -34.5545 -961.101 1893.88
-25.0975 -32.073 -961.101 1893.88
-27.8401 -29.7429 -961.101 1893.88
-30.3827 -27.5944 -961.101 1893.88
-32.7301 -25.6359 -961.101 1893.88
-34.7641 -23.8021 -961.101 1893.88
-36.4692 -22.04 -961.101 1893.88
-37.8209 -20.3033 -961.101 1893.88
-38.8013 -18.625 -961.101 1893.88
-39.442 -16.9571 -961.101 1893.88
-39.7948 -15.2794 -961.101 1893.88
-39.8056 -13.6574 -961.101 1893.88
-39.567 -12.1374 -961.101 1893.88
-39.0712 -10.7004 -961.101 1893.88
-38.3572 -9.34677 -961.101 1893.88
-37.3899 -8.08843 -961.101 1893.88
-36.1987 -6.93825 -961.101 1893.88
-34.7882 -5.94633 -961.101 1893.88
-33.1716 -5.12251 -961.101 1893.88
-31.3718 -4.46798 -961.101 1893.88
-29.4272 -3.95596 -961.101 1893.88
-27.3543 -3.55001 -961.101 1893.88
-25.1751 -3.19005 -961.101 1893.88
-22.9119 -2.82413 -961.101 1893.88
-20.5589 -2.47772 -961.101 1893.88
-18.1197 -2.11985 -961.101 1893.88
-15.5891 -1.76407 -961.101 1893.88
-13.0395 -1.43782 -961.101 1893.88
-10.5526 -1.1247 -961.101 1893.88
-8.14215 -0.808984 -961.101 1893.88
-5.83457 -0.432975 -961.101 1893.88
-3.58744 -0.0417045 -961.101 1893.88
-1.43743 0.378735 -961.101 1893.88
0.66694 0.800376 -961.101 1893.88
2.71178 1.30448 -961.101 1893.88
4.78315 1.89071 -961.101 1893.88
6.84153 2.54969 -961.101 1893.88
