0.603461 -0.105041 0.564148 -0.157959
1.18545 -0.322055 1.17999 -0.347656
1.84193 -0.677219 1.83997 -0.638
2.5128 -1.18805 2.53021 -1.17297
3.16052 -1.89011 3.18488 -1.75281
3.79215 -2.78467 3.88446 -2.74811
4.40213 -3.90936 4.54468 -3.88031
4.97413 -5.27773 5.21112 -5.39313
5.51097 -6.89535 5.81024 -7.1369
6.0682 -8.7527 6.45868 -8.97607
6.63698 -10.826 7.08063 -11.0862
7.17825 -13.0823 7.65399 -13.421
7.6637 -15.4443 8.17749 -15.7849
8.04826 -17.857 8.61102 -18.207
8.28477 -20.322 8.87335 -20.7223
8.27172 -22.8301 8.80682 -23.2231
8.00645 -25.3386 8.55859 -25.7209
7.47853 -27.8116 8.06262 -28.2789
6.73168 -30.2301 7.23572 -30.6722
5.83696 -32.5509 6.40253 -32.9573
4.75814 -34.8041 5.30951 -35.1462
3.56221 -36.9541 4.16119 -37.3054
2.34602 -39.0288 2.96771 -39.3348
1.03265 -41.0785 1.65411 -41.459
-0.337837 -43.2522 0.292969 -43.6736
-1.71808 -45.598 -1.08942 -46.0352
-3.13258 -48.1024 -2.48053 -48.5569
-4.62652 -50.7099 -3.97577 -51.173
-6.17036 -53.3994 -5.50763 -53.847
-7.71422 -56.0947 -7.05914 -56.5252
-9.2367 -58.7829 -8.53259 -59.2051
-10.7311 -61.4539 -9.97955 -61.8888
-12.2248 -64.0797 -11.5218 -64.5405
-13.7592 -66.6375 -13.0198 -67.0228
-15.3081 -69.1317 -14.563 -69.5235
-16.8867 -71.595 -16.0726 -71.9925
-18.451 -73.9993 -17.6535 -74.4109
-20.0177 -76.3816 -19.1851 -76.7781
-21.5451 -78.7734 -20.7097 -79.2224
-23.0555 -81.1449 -22.1932 -81.5689
-24.5351 -83.5172 -23.6315 -83.9547
-25.9059 -85.9448 -24.9525 -86.3524
-27.1776 -88.4054 -26.1539 -88.7822
-28.3393 -90.8807 -27.3073 -91.3071
-29.3951 -93.409 -28.3384 -93.8624
-30.3636 -95.9368 -29.2828 -96.3643
-31.311 -98.4783 -30.2115 -98.9114
-32.1956 -101.038 -31.0839 -101.478
-33.0235 -103.589 -31.8972 -104.021
-33.8099 -106.171 -32.6497 -106.62
-34.534 -108.752 -33.3768 -109.146
-35.2185 -111.354 -34.0757 -111.747
-35.8243 -113.969 -34.7171 -114.335
-36.4078 -116.586 -35.2845 -116.919
-36.9748 -119.21 -35.8438 -119.521
-37.4746 -121.83 -36.3677 -122.192
-37.9763 -124.452 -36.8965 -124.782
-38.4697 -127.034 -37.3824 -127.339
-38.9546 -129.602 -37.8638 -129.874
-39.3955 -132.134 -38.289 -132.267
-39.8443 -134.623 -38.7772 -134.789
-40.3006 -137.091 -39.2274 -137.201
-40.6961 -139.506 -39.6041 -139.633
-41.0186 -141.906 -39.9666 -142.244
-41.2485 -144.276 -39.8599 -142.053
-41.3669 -146.59 -39.6721 -141.368
-41.3845 -148.886 -39.4805 -140.667
-41.3074 -151.137 -39.4525 -140.708
-41.2166 -153.395 -39.548 -140.772
-41.1577 -155.641 -39.6594 -141.001
-41.1222 -157.886 -40.1283 -142.883
-41.1264 -160.095 -40.7179 -145.003
-41.1591 -162.256 -41.3177 -147.037
-41.186 -164.399 -41.8353 -149.055
-41.1399 -166.486 -42.23 -151.084
-40.9753 -168.53 -42.5623 -153.106
-40.718 -170.511 -42.7409 -154.955
-40.3684 -172.414 -42.8531 -156.904
-39.9616 -174.272 -42.8572 -158.781
-39.4894 -176.053 -42.8203 -160.565
-38.9982 -177.841 -42.7673 -162.443
-38.4682 -179.65 -42.6781 -164.358
-37.9539 -181.442 -42.5824 -166.302
-37.3932 -183.268 -42.4827 -168.242
-36.7873 -185.112 -42.2772 -170.181
-36.0976 -186.937 -42.0124 -172.172
-35.3117 -188.795 -41.6508 -174.159
-34.4535 -190.658 -41.2657 -176.247
-33.577 -192.598 -40.8328 -178.393
-32.6899 -194.608 -40.446 -180.535
-31.7888 -196.669 -40.0284 -182.734
-30.8781 -198.729 -39.6105 -184.972
-29.9821 -200.778 -39.2254 -187.182
-29.0747 -202.833 -38.8388 -189.389
-28.2123 -204.896 -38.5415 -191.567
-27.4253 -206.978 -38.2878 -193.788
-26.7165 -209.1 -38.0967 -195.978
-26.0162 -211.227 -37.9141 -198.212
-25.3065 -213.375 -37.7294 -200.477
-24.6101 -215.557 -37.5092 -202.819
-23.8528 -217.764 -37.2625 -205.134
-23.0374 -219.973 -36.9918 -207.499
-22.175 -222.187 -36.7051 -209.818
-21.2857 -224.411 -36.3829 -212.228
-20.3891 -226.617 -35.9872 -214.595
-19.442 -228.794 -35.5826 -216.911
-18.4849 -230.932 -35.1431 -219.206
-17.4914 -233.113 -34.7 -221.587
-16.4861 -235.284 -34.2313 -223.882
-15.4652 -237.426 -33.7226 -226.178
-14.4066 -239.572 -33.1891 -228.508
-13.3175 -241.74 -32.6363 -230.908
-12.2027 -243.893 -32.0662 -233.244
-11.0979 -246.024 -31.5003 -235.597
-9.97983 -248.189 -30.9144 -237.972
-8.85141 -250.367 -30.3239 -240.352
-7.70707 -252.522 -29.7206 -242.73
-6.54558 -254.678 -29.0985 -245.113
-5.35058 -256.805 -28.418 -247.467
-4.12844 -258.918 -27.7127 -249.836
-2.82016 -260.992 -26.8784 -252.143
-1.3977 -263.005 -25.8653 -254.463
0.084217 -264.952 -24.8574 -256.737
1.5397 -266.912 -24.11 -259.031
2.90051 -268.944 -23.3544 -261.373
4.1802 -271.018 -22.6321 -263.72
5.44154 -273.129 -21.9859 -266.082
6.67512 -275.275 -21.3185 -268.479
7.8848 -277.412 -20.6959 -270.904
9.10934 -279.609 -20.0626 -273.377
10.3591 -281.843 -19.3621 -275.851
11.6632 -284.085 -18.6473 -278.363
12.9877 -286.328 -17.8884 -280.881
14.3951 -288.581 -17.0086 -283.442
15.9052 -290.838 -16.1229 -285.951
17.4438 -293.039 -15.1691 -288.481
19.0127 -295.227 -14.1051 -291.051
20.6419 -297.465 -12.981 -293.561
22.417 -299.779 -11.7595 -296.132
24.245 -302.128 -10.4717 -298.667
26.1287 -304.394 -9.17072 -301.185
28.0763 -306.583 -7.82568 -303.681
30.0465 -308.736 -6.45416 -306.178
32.0401 -310.836 -5.00214 -308.682
34.0758 -312.863 -3.55475 -311.087
36.138 -314.844 -2.02753 -313.471
38.218 -316.781 -0.509033 -315.85
40.3286 -318.687 1.03632 -318.16
42.4203 -320.57 2.60565 -320.527
44.5278 -322.465 4.15717 -322.88
46.6332 -324.392 5.69928 -325.3
48.7092 -326.377 7.16058 -327.725
50.7653 -328.438 8.60699 -330.266
52.778 -330.549 9.98334 -332.828
54.744 -332.737 11.3273 -335.464
56.6961 -334.983 12.6417 -338.15
58.6405 -337.267 13.8962 -340.851
60.5603 -339.599 15.1378 -343.634
62.4663 -341.969 16.3486 -346.394
64.3415 -344.351 17.541 -349.197
66.1916 -346.77 18.7236 -352.035
68.0222 -349.19 19.8713 -354.824
69.8358 -351.618 21.0175 -357.637
71.6419 -354.072 22.1407 -360.427
73.4437 -356.509 23.29 -363.201
75.2521 -358.955 24.4404 -366.022
77.0534 -361.399 25.5716 -368.818
78.8546 -363.838 26.6866 -371.593
80.6348 -366.257 27.8348 -374.396
82.4145 -368.627 28.9324 -377.058
84.1551 -370.92 30.0293 -379.631
85.8487 -373.111 31.1069 -382.055
87.475 -375.169 32.1222 -384.393
88.9848 -377.116 33.0456 -386.574
90.3977 -378.985 33.9339 -388.701
91.7401 -380.773 34.7511 -390.654
92.9764 -382.505 35.5341 -392.628
94.1522 -384.258 36.2427 -394.667
95.2975 -386.1 36.877 -396.719
96.3849 -387.996 37.4697 -398.871
97.441 -389.962 38.0229 -401.055
98.5453 -392.025 38.555 -403.317
99.6239 -394.115 39.0712 -405.66
100.661 -396.276 39.5479 -407.982
101.647 -398.414 39.9869 -410.284
102.579 -400.526 40.3416 -412.533
103.408 -402.603 40.6047 -414.721
104.142 -404.617 40.7853 -416.843
104.78 -406.632 40.8312 -418.983
105.246 -408.702 40.7477 -421.155
105.595 -410.872 40.5225 -423.412
105.879 -413.112 40.2548 -425.644
106.137 -415.389 39.939 -427.931
106.375 -417.643 39.5871 -430.188
106.586 -419.95 39.2021 -432.5
106.8 -422.23 38.8634 -434.679
107.035 -424.501 38.5096 -436.96
107.263 -426.689 38.1912 -439.026
107.501 -428.797 37.901 -440.991
107.757 -430.81 37.5961 -442.931
107.96 -432.765 37.2304 -444.802
108.019 -434.625 36.7781 -446.465
107.99 -436.292 36.3099 -447.948
107.883 -437.753 35.6762 -449.516
107.718 -438.956 35.2348 -450.463
107.545 -439.997 34.8571 -451.278
107.36 -440.891 34.5522 -451.927
107.254 -441.621 34.3046 -452.38
107.147 -442.149 34.1035 -452.788
107.093 -442.6 33.8703 -453.174
107.023 -443.053 33.7115 -453.614
107.009 -443.497 33.5053 -454.126
106.985 -444.032 33.3312 -454.789
106.976 -444.707 33.0561 -455.479
106.943 -445.47 32.8422 -456.272
106.973 -446.302 32.6538 -457.171
107.087 -447.226 32.5148 -458.175
107.277 -448.25 32.4335 -459.296
107.557 -449.381 32.468 -460.609
108.004 -450.611 32.5886 -462.046
108.618 -451.949 32.8046 -463.671
109.319 -453.435 33.1024 -465.382
110.067 -455.043 33.5102 -467.252
110.983 -456.749 34.0251 -469.271
111.999 -458.597 34.6081 -471.39
113.118 -460.536 35.2452 -473.644
114.327 -462.574 35.9406 -476.022
115.622 -464.71 36.6823 -478.469
116.979 -466.923 37.452 -481.004
118.409 -469.206 38.2783 -483.653
119.909 -471.584 39.1471 -486.454
121.447 -474.052 40.0457 -489.295
123.054 -476.601 40.9852 -492.263
124.723 -479.23 41.9359 -495.254
126.441 -481.879 42.8439 -498.256
128.165 -484.591 43.7172 -501.454
129.806 -487.387 44.4469 -504.686
131.305 -490.296 44.9412 -507.969
132.653 -493.302 45.1647 -511.227
133.794 -496.406 45.1724 -514.566
134.661 -499.593 44.8632 -517.776
135.211 -502.831 44.1922 -521.099
135.492 -506.147 43.4188 -524.363
135.551 -509.511 42.2741 -527.561
135.416 -512.907 41.1657 -530.809
135.239 -516.326 39.9688 -534.07
135.017 -519.786 38.7285 -537.481
134.757 -523.337 37.5255 -540.866
134.484 -526.947 36.2153 -544.375
134.201 -530.638 34.9081 -547.938
133.91 -534.398 33.527 -551.503
133.572 -538.219 32.1139 -555.227
133.186 -542.131 30.564 -558.917
132.74 -546.143 28.998 -562.66
132.249 -550.21 27.3413 -566.458
131.716 -554.326 25.6378 -570.326
131.126 -558.5 23.848 -574.246
130.49 -562.739 22.0233 -578.206
129.826 -567.038 20.143 -582.212
129.137 -571.403 18.2543 -586.225
128.428 -575.828 16.344 -590.278
127.718 -580.26 14.4791 -594.196
127.031 -584.727 13.0627 -597.01
126.337 -589.206 12.8199 -597.219
125.66 -593.696 12.316 -598.196
124.993 -598.177 11.7476 -599.192
124.334 -602.635 10.209 -602.506
123.638 -607.08 8.38641 -606.58
122.977 -611.521 6.55383 -610.659
122.335 -615.966 4.70056 -614.787
121.686 -620.402 2.8725 -618.848
121.035 -624.824 1.13275 -622.816
120.415 -629.195 -0.608398 -626.763
119.812 -633.494 -2.33765 -630.646
119.216 -637.717 -4.0152 -634.363
118.633 -641.845 -5.57452 -637.842
118.07 -645.788 -7.02283 -641.105
117.521 -649.485 -8.3418 -644.055
117.016 -652.933 -9.49591 -646.771
116.567 -656.074 -10.5033 -649.132
116.194 -658.87 -11.3926 -651.148
115.858 -661.293 -12.3026 -652.806
115.506 -663.355 -13.3603 -654.284
114.999 -665.139 -14.5482 -655.498
114.306 -666.781 -15.8745 -656.394
113.381 -668.081 -17.304 -656.959
112.268 -669.19 -18.8162 -657.21
110.986 -670.017 -20.3661 -657.215
109.553 -670.571 -21.9438 -656.9
107.991 -670.719 -23.4719 -656.297
106.335 -670.721 -24.9172 -655.344
104.646 -670.376 -26.4144 -653.973
102.943 -669.637 -27.7092 -652.397
101.254 -668.57 -29.0252 -650.599
99.5692 -667.257 -30.2969 -648.597
97.872 -665.779 -31.4233 -646.489
96.167 -664.141 -32.4171 -644.24
94.5346 -662.337 -33.2061 -641.922
93.0319 -660.361 -33.9431 -639.46
91.6615 -658.25 -34.6075 -636.986
90.3555 -656.027 -35.2645 -634.378
88.9822 -653.733 -35.9858 -631.671
87.5925 -651.392 -36.7786 -628.907
86.1191 -648.984 -37.5963 -626.043
84.5939 -646.531 -38.4519 -623.089
83.0219 -643.981 -39.3188 -620.207
81.4105 -641.393 -40.1849 -617.409
79.768 -638.831 -41.152 -614.574
78.0991 -636.315 -42.0562 -611.86
76.4486 -633.852 -42.983 -609.135
74.8084 -631.457 -43.8456 -606.573
73.211 -629.107 -44.7208 -604.058
71.6371 -626.845 -45.5597 -601.695
70.1031 -624.684 -46.3502 -599.5
68.6358 -622.661 -47.0861 -597.505
67.2726 -620.809 -47.7357 -595.742
66.0357 -619.142 -48.2869 -594.273
64.9448 -617.697 -48.9045 -592.722
64.0461 -616.491 -49.2383 -591.846
63.3156 -615.514 -49.4952 -591.164
62.758 -614.744 -49.7252 -590.562
62.3264 -614.153 -49.9362 -589.978
61.9449 -613.645 -50.1718 -589.412
61.5697 -613.152 -50.3965 -588.829
61.1981 -612.671 -50.6033 -588.306
60.8418 -612.192 -50.7948 -587.812
60.5064 -611.757 -50.9773 -587.379
60.2013 -611.344 -51.1146 -586.976
59.9238 -610.996 -51.2692 -586.594
59.6713 -610.657 -51.4258 -586.229
59.3976 -610.33 -51.5628 -585.852
59.1547 -610.025 -51.7642 -585.346
58.8905 -609.693 -52.0674 -584.615
58.5568 -609.267 -52.4724 -583.668
58.0636 -608.658 -52.9814 -582.53
57.3981 -607.855 -53.6148 -581.255
56.5717 -606.886 -54.355 -579.79
55.5711 -605.799 -55.2747 -578.203
54.4125 -604.576 -56.2749 -576.463
53.0868 -603.281 -57.3324 -574.636
51.6348 -601.873 -58.5168 -572.62
50.0578 -600.367 -59.774 -570.497
48.3651 -598.757 -61.119 -568.232
46.5311 -597.061 -62.5104 -565.953
44.5897 -595.276 -63.9498 -563.652
42.5487 -593.444 -65.4502 -561.348
40.4792 -591.62 -66.8929 -559.024
38.4076 -589.812 -68.3622 -556.693
36.3458 -587.971 -69.8174 -554.297
34.2594 -586.102 -71.283 -551.872
32.1709 -584.197 -72.7474 -549.404
30.0825 -582.261 -74.2162 -546.938
27.9771 -580.298 -75.7346 -544.447
25.8473 -578.321 -77.2628 -541.971
23.6946 -576.329 -78.7706 -539.509
21.5375 -574.36 -80.3026 -537.072
19.3769 -572.414 -81.8394 -534.71
17.229 -570.502 -83.3534 -532.367
15.1027 -568.635 -84.8784 -530.052
12.9811 -566.796 -86.3173 -527.786
10.9119 -564.99 -87.6644 -525.634
8.90922 -563.184 -88.9496 -523.594
6.97382 -561.448 -90.143 -521.644
5.17445 -559.83 -91.1556 -519.964
3.53741 -558.301 -92.0352 -518.503
2.099 -556.964 -92.8364 -517.251
0.81692 -555.788 -93.6423 -515.952
-0.339994 -554.752 -94.3611 -514.804
-1.41705 -553.771 -94.9846 -513.721
-2.41614 -552.854 -95.79 -512.394
-3.34135 -551.981 -96.3333 -511.505
-4.19137 -551.192 -96.8067 -510.725
-4.95398 -550.491 -97.2322 -510.059
-5.63437 -549.848 -97.5973 -509.502
-6.26449 -549.302 -97.8953 -509.032
-6.78974 -548.846 -98.1368 -508.654
-7.22778 -548.467 -98.3289 -508.36
-7.59253 -548.16 -98.499 -508.117
-7.89946 -547.909 -98.6411 -507.885
-8.14921 -547.708 -98.764 -507.704
-8.35571 -547.535 -98.8541 -507.562
-8.51978 -547.392 -98.9391 -507.442
-8.65092 -547.276 -98.9774 -507.361
-8.75997 -547.185 -99.0361 -507.305
-8.84031 -547.12 -99.038 -507.283
-8.8925 -547.084 -99.0699 -507.241
-8.92501 -547.063 -99.1115 -507.161
-8.96222 -547.025 -99.1738 -507.069
-9.02531 -546.952 -99.2793 -506.926
-9.10493 -546.881 -99.3668 -506.783
-9.21574 -546.792 -99.5043 -506.572
-9.35943 -546.674 -99.6583 -506.337
-9.53299 -546.526 -99.8227 -506.077
-9.73853 -546.35 -99.9967 -505.804
-9.97697 -546.157 -100.188 -505.507
-10.2276 -545.939 -100.349 -505.277
-10.4825 -545.706 -100.509 -505.021
-10.7245 -545.507 -100.509 -505.021
-10.9335 -545.334 -100.509 -505.021
