3 1.20978 0.412598 0 0 0 -0.00202838 0.999998
3.5 1.23175 0.420593 0 0 0 -0.00171057 0.999999
4 1.23175 0.420593 0 0 0 -0.0017108 0.999999
4.5 1.23175 0.420593 0 0 0 -0.0017108 0.999999
5 1.23175 0.420593 0 0 0 -0.0017108 0.999999
5.5 1.23175 0.420593 0 0 0 -0.0017108 0.999999
6 1.23175 0.420593 0 0 0 -0.0017108 0.999999
6.5 1.23175 0.420593 0 0 0 -0.0017108 0.999999
7 1.23175 0.420593 0 0 0 -0.0017108 0.999999
7.5 1.23175 0.420593 0 0 0 -0.0017108 0.999999
8 1.23175 0.420593 0 0 0 -0.0017108 0.999999
8.5 1.23175 0.420593 0 0 0 -0.0017108 0.999999
9 1.23175 0.420593 0 0 0 -0.0017108 0.999999
9.5 1.23175 0.420593 0 0 0 -0.0017108 0.999999
10 1.23175 0.420593 0 0 0 -0.0017108 0.999999
10.5 1.23175 0.420593 0 0 0 -0.0017108 0.999999
11 1.23175 0.420593 0 0 0 -0.0017108 0.999999
11.5 1.23175 0.420593 0 0 0 -0.0017108 0.999999
12 1.23175 0.420593 0 0 0 -0.0017108 0.999999
12.5 1.23175 0.420593 0 0 0 -0.0017108 0.999999
13 1.23175 0.420593 0 0 0 -0.0017108 0.999999
13.5 1.23175 0.420593 0 0 0 -0.0017108 0.999999
14 1.23175 0.420593 0 0 0 -0.0017108 0.999999
14.5 1.23175 0.420593 0 0 0 -0.0017108 0.999999
15 1.23175 0.420593 0 0 0 -0.0017108 0.999999
15.5 1.23175 0.420593 0 0 0 -0.0017108 0.999999
16 1.23175 0.420593 0 0 0 -0.0017108 0.999999
16.5 1.23175 0.420593 0 0 0 -0.0017108 0.999999
17 1.23175 0.420593 0 0 0 -0.0017108 0.999999
17.5 1.23175 0.420593 0 0 0 -0.0017108 0.999999
18 1.23175 0.420593 0 0 0 -0.0017108 0.999999
18.5 1.23175 0.420593 0 0 0 -0.0017108 0.999999
19 1.23175 0.420593 0 0 0 -0.0017108 0.999999
19.5 1.23175 0.420593 0 0 0 -0.0017108 0.999999
20 1.23175 0.420593 0 0 0 -0.0017108 0.999999
20.1037 1.8963 0.38501 0 0 0 -0.000547083 1
20.2073 2.60089 0.39679 0 0 0 0.00213626 0.999998
20.3111 3.43744 0.445251 0 0 0 0.00383119 0.999993
20.4147 4.04449 0.415283 0 0 0 0.00671173 0.999977
20.5184 4.76172 0.40741 0 0 0 0.00885796 0.999961
20.622 5.6283 0.464111 0 0 0 0.0126586 0.99992
20.7258 6.48468 0.521179 0 0 0 0.0132164 0.999913
20.8294 7.23279 0.505432 0 0 0 0.017351 0.999849
20.9331 8.00977 0.585999 0 0 0 0.0177067 0.999843
21.0369 8.83514 0.58844 0 0 0 0.0216262 0.999766
21.1405 9.62897 0.589661 0 0 0 0.0216174 0.999766
21.2442 10.4256 0.611206 0 0 0 0.0230761 0.999734
21.348 11.3098 0.702148 0 0 0 0.0232619 0.999729
21.4516 12.1434 0.724609 0 0 0 0.0225983 0.999745
21.5552 13.0135 0.771545 0 0 0 0.024103 0.999709
21.659 13.939 0.829224 0 0 0 0.023459 0.999725
21.7626 14.8427 0.920471 0 0 0 0.023877 0.999715
21.8663 15.7183 0.937744 0 0 0 0.0250463 0.999686
21.9699 16.601 0.9729 0 0 0 0.0265113 0.999649
22.0737 17.5079 1.0589 0 0 0 0.0251707 0.999683
22.1773 18.4187 1.08069 0 0 0 0.0263261 0.999653
22.281 19.2979 1.13379 0 0 0 0.0277426 0.999615
22.3846 20.199 1.17523 0 0 0 0.028349 0.999598
22.4883 21.1229 1.21112 0 0 0 0.0292488 0.999572
22.592 22.0314 1.26862 0 0 0 0.02967 0.99956
22.6958 22.9361 1.36334 0 0 0 0.0283469 0.999598
22.7994 23.8521 1.36841 0 0 0 0.0292376 0.999573
22.9031 24.7801 1.43719 0 0 0 0.0281903 0.999603
23.0068 25.5062 1.38019 0 0 0 0.0206996 0.999786
23.1104 26.6939 1.52173 0 0 0 0.0276299 0.999618
23.2141 27.6102 1.57867 0 0 0 0.0254922 0.999675
23.3177 28.623 1.63104 0 0 0 0.0265448 0.999648
23.4213 29.5834 1.65356 0 0 0 0.0260151 0.999662
23.5249 30.5491 1.71503 0 0 0 0.0254601 0.999676
23.6285 31.553 1.76447 0 0 0 0.0250571 0.999686
23.7323 32.5421 1.78839 0 0 0 0.0257118 0.999669
23.8359 33.4969 1.81683 0 0 0 0.0261759 0.999657
23.9395 34.4739 1.87012 0 0 0 0.0275177 0.999621
24.0431 35.4695 1.93127 0 0 0 0.0289493 0.999581
24.1469 36.4836 1.98975 0 0 0 0.0285449 0.999592
24.2505 37.4779 2.03876 0 0 0 0.0289084 0.999582
24.3542 38.5073 2.09497 0 0 0 0.030164 0.999545
24.4579 39.5238 2.16101 0 0 0 0.0310299 0.999518
24.5616 40.522 2.20734 0 0 0 0.0305806 0.999532
24.6653 41.5164 2.24817 0 0 0 0.0287401 0.999587
24.7689 42.4188 2.35211 0 0 0 0.0309991 0.999519
24.8725 43.5897 2.38544 0 0 0 0.0317629 0.999495
24.9761 43.9877 2.40387 0 0 0 0.0327519 0.999463
25.0799 44.6899 2.4552 0 0 0 0.0326209 0.999468
25.1835 44.9917 2.49786 0 0 0 0.0339953 0.999422
25.2871 45.3595 2.53735 0 0 0 0.0345136 0.999404
25.3909 44.7828 2.50482 0 0 0 0.0343236 0.999411
25.4945 44.5492 2.4527 0 0 0 0.0399407 0.999202
25.5982 44.6064 2.46271 0 0 0 0.0357957 0.999359
25.7018 44.1602 2.52997 0 0 0 0.035879 0.999356
25.8056 44.197 2.52094 0 0 0 0.0368621 0.99932
25.9092 44.0834 2.58228 0 0 0 0.0393573 0.999225
26.0129 43.8798 2.53491 0 0 0 0.0369209 0.999318
26.1165 44.2112 2.49408 0 0 0 0.0345133 0.999404
26.2203 44.8887 2.55994 0 0 0 0.034506 0.999404
26.3239 44.6677 2.55164 0 0 0 0.0370992 0.999312
26.4277 44.1607 2.61279 0 0 0 0.0341392 0.999417
26.5314 44.8777 2.62976 0 0 0 0.0357114 0.999362
26.635 45.1766 2.74487 0 0 0 0.0375133 0.999296
26.7387 44.5928 2.67285 0 0 0 0.0371801 0.999309
26.8424 44.8884 2.81482 0 0 0 0.038981 0.99924
26.946 45.5906 2.83527 0 0 0 0.0407922 0.999168
27.0497 45.0825 2.85541 0 0 0 0.0405775 0.999176
27.1533 45.0871 2.86426 0 0 0 0.0409044 0.999163
27.2569 44.8309 2.86566 0 0 0 0.0396313 0.999214
27.3605 45.7188 2.90247 0 0 0 0.0432369 0.999065
27.4642 45.7812 2.93671 0 0 0 0.0399 0.999204
27.5678 46.2046 2.98395 0 0 0 0.0418845 0.999122
27.6714 45.5374 2.96326 0 0 0 0.0431323 0.999069
27.7751 45.0999 2.98029 0 0 0 0.0424983 0.999097
27.8788 44.9565 3.01813 0 0 0 0.0452433 0.998976
27.9825 45.4825 3.01953 0 0 0 0.0421961 0.999109
28.0861 45.3367 3.08118 0 0 0 0.0460359 0.99894
28.1898 45.1265 3.10828 0 0 0 0.0454422 0.998967
28.2935 45.2687 3.13434 0 0 0 0.0505962 0.998719
28.3971 45.8871 3.22015 0 0 0 0.0480763 0.998844
28.5008 46.6976 3.30914 0 0 0 0.0496165 0.998768
28.6044 47.4635 3.28326 0 0 0 0.044648 0.999003
28.7082 48.4007 3.37189 0 0 0 0.0493884 0.99878
28.8118 48.8981 3.47168 0 0 0 0.0513152 0.998682
28.9154 49.24 3.55499 0 0 0 0.049727 0.998763
29.0192 49.6333 3.6236 0 0 0 0.0514606 0.998675
29.1229 50.1277 3.70532 0 0 0 0.0546299 0.998507
29.2265 50.7224 3.68927 0 0 0 0.0423673 0.999102
29.3302 51.4149 3.73981 0 0 0 0.0398071 0.999207
29.434 51.9529 3.75922 0 0 0 0.034001 0.999422
29.5377 52.5256 3.78455 0 0 0 0.0283493 0.999598
29.6416 53.0361 3.87958 0 0 0 0.0201107 0.999798
29.7453 53.614 3.86884 0 0 0 0.016153 0.99987
29.8492 54.3039 3.862 0 0 0 0.00315234 0.999995
29.9531 54.021 3.75421 0 0 0 -0.00746664 0.999972
30.0569 52.6805 3.6228 0 0 0 -0.0204538 0.999791
30.1608 52.5305 3.56415 0 0 0 -0.035985 0.999352
30.2647 53.069 3.50037 0 0 0 -0.0560997 0.998425
30.3687 53.4174 3.37317 0 0 0 -0.0793425 0.996847
30.4726 53.5015 3.33557 0 0 0 -0.0946848 0.995507
30.5766 53.8473 3.25946 0 0 0 -0.11518 0.993345
30.6806 54.4497 3.05365 0 0 0 -0.146967 0.989141
30.7846 54.6674 2.85864 0 0 0 -0.176474 0.984305
30.8888 55.056 2.69092 0 0 0 -0.2055 0.978657
30.9927 55.3163 2.4256 0 0 0 -0.240549 0.970637
31.0966 55.748 2.22504 0 0 0 -0.271183 0.962528
31.2006 56.0056 2.0285 0 0 0 -0.300317 0.953839
31.3043 56.3169 1.72675 0 0 0 -0.330481 0.943813
31.4082 56.6921 1.38092 0 0 0 -0.366868 0.930273
31.5119 56.8972 1.09357 0 0 0 -0.396178 0.918174
31.6155 57.0977 0.759705 0 0 0 -0.426253 0.904604
31.7193 57.4755 0.39978 0 0 0 -0.4548 0.890593
31.8228 57.3621 0.105347 0 0 0 -0.476735 0.879047
31.9264 57.3525 -0.104736 0 0 0 -0.498812 0.86671
32.03 57.6959 -0.510895 0 0 0 -0.523285 0.852158
32.1336 57.8789 -0.875 0 0 0 -0.543355 0.839503
32.2371 57.8497 -1.27643 0 0 0 -0.562662 0.826687
32.3406 58.0294 -1.67578 0 0 0 -0.58059 0.814196
32.4441 58.0912 -2.07306 0 0 0 -0.598418 0.801184
32.5477 58.2665 -2.2457 0 0 0 -0.604652 0.79649
32.6511 58.3482 -2.67673 0 0 0 -0.617633 0.786466
32.7547 58.3752 -2.88864 0 0 0 -0.620988 0.78382
32.8581 58.2474 -3.42545 0 0 0 -0.635009 0.772505
32.9617 57.4993 -3.91129 0 0 0 -0.651313 0.758809
33.0652 56.7647 -4.14966 0 0 0 -0.668274 0.743915
33.1688 56.838 -4.77954 0 0 0 -0.66814 0.744036
33.2724 56.8977 -5.10059 0 0 0 -0.674536 0.738242
33.3759 56.9716 -5.48471 0 0 0 -0.669955 0.742402
33.4795 56.8115 -5.92422 0 0 0 -0.667721 0.744412
33.5831 57.2139 -6.12555 0 0 0 -0.650872 0.759188
33.6867 57.1797 -6.6655 0 0 0 -0.658224 0.752822
33.7903 57.0152 -7.09424 0 0 0 -0.662688 0.748895
33.894 56.6417 -8.02914 0 0 0 -0.671587 0.740925
33.9977 56.8181 -8.66611 0 0 0 -0.678797 0.734326
34.1013 57.3709 -8.89706 0 0 0 -0.676573 0.736376
34.2049 56.9693 -8.88248 0 0 0 -0.669044 0.743223
34.3085 56.9247 -8.26715 0 0 0 -0.669911 0.742441
34.4123 57.0803 -8.93936 0 0 0 -0.671275 0.741208
34.5159 57.1636 -9.52887 0 0 0 -0.666952 0.745101
34.6197 56.8955 -10.0752 0 0 0 -0.6837 0.729763
34.7233 56.8906 -10.753 0 0 0 -0.68459 0.728928
34.8269 56.9178 -11.5555 0 0 0 -0.679958 0.733251
34.9305 59.0778 -12.0863 0 0 0 -0.593688 0.804695
35.0341 58.2313 -13.246 0 0 0 -0.622104 0.782935
35.1378 59.2794 -13.4066 0 0 0 -0.602403 0.798192
35.2415 62.8094 -14.761 0 0 0 -0.5274 0.849617
35.3451 65.2919 -19.2037 0 0 0 -0.435746 0.90007
35.4488 66.6943 -18.2618 0 0 0 -0.465929 0.884822
35.5526 66.729 -19.0424 0 0 0 -0.459485 0.888186
35.6562 65.852 -18.9772 0 0 0 -0.436946 0.899488
35.7599 66.015 -18.8546 0 0 0 -0.453722 0.891143
35.8636 65.2557 -18.2101 0 0 0 -0.491043 0.871135
35.9674 65.5181 -17.7544 0 0 0 -0.466832 0.884346
36.071 64.7641 -18.3831 0 0 0 -0.459928 0.887956
36.1747 64.8767 -17.9185 0 0 0 -0.45743 0.889245
36.2785 75.2786 -28.1962 0 0 0 -0.377087 0.926178
36.3821 74.6725 -29.3346 0 0 0 -0.350786 0.936456
36.4857 74.8495 -29.6285 0 0 0 -0.311459 0.95026
36.5893 74.7534 -29.8707 0 0 0 -0.306784 0.951779
36.6931 74.6262 -29.478 0 0 0 -0.315695 0.948861
36.7967 74.1339 -30.1245 0 0 0 -0.288281 0.957546
36.9004 74.1871 -28.639 0 0 0 -0.386665 0.92222
37.0042 74.5602 -28.8267 0 0 0 -0.394007 0.919107
37.1079 74.9263 -28.3194 0 0 0 -0.420864 0.907124
37.2117 74.9061 -27.7938 0 0 0 -0.402363 0.91548
37.3154 75.4406 -28.6833 0 0 0 -0.400004 0.916513
37.4192 75.8526 -29.3428 0 0 0 -0.398988 0.916956
37.5229 75.5439 -29.2779 0 0 0 -0.375257 0.926921
37.6265 75.3284 -29.2749 0 0 0 -0.395845 0.918318
37.7302 75.5879 -29.6872 0 0 0 -0.404147 0.914694
37.8338 75.9718 -30.0627 0 0 0 -0.420566 0.907262
37.9375 75.8833 -29.9282 0 0 0 -0.437151 0.899388
38.0412 75.4932 -30.1996 0 0 0 -0.45922 0.888323
38.1448 75.941 -30.6146 0 0 0 -0.463613 0.886038
38.2486 76.2053 -31.3479 0 0 0 -0.487276 0.873248
38.3522 75.6694 -31.8904 0 0 0 -0.491835 0.870688
38.4559 75.0305 -32.4452 0 0 0 -0.473912 0.880572
38.5596 74.9398 -33.3546 0 0 0 -0.440097 0.89795
38.6633 75.1157 -33.5276 0 0 0 -0.429351 0.903138
38.7669 74.3929 -34.8756 0 0 0 -0.407107 0.913381
38.8705 74.6863 -35.8284 0 0 0 -0.398034 0.917371
38.9741 74.9847 -36.9902 0 0 0 -0.394141 0.91905
39.0777 75.4777 -37.9316 0 0 0 -0.360809 0.93264
39.1814 75.8724 -38.5705 0 0 0 -0.343127 0.939289
39.285 76.3998 -39.5716 0 0 0 -0.334238 0.942489
39.3887 76.9649 -40.0225 0 0 0 -0.338752 0.940876
39.4922 77.2047 -40.4992 0 0 0 -0.320952 0.947095
39.5958 78.0359 -40.6222 0 0 0 -0.336875 0.94155
39.6994 78.4571 -40.7492 0 0 0 -0.335724 0.941961
39.8029 78.9703 -41.2358 0 0 0 -0.338481 0.940973
39.9065 79.0023 -41.7905 0 0 0 -0.314103 0.949389
40.01 79.2869 -41.8445 0 0 0 -0.300235 0.953865
40.1135 79.5591 -42.2278 0 0 0 -0.261179 0.96529
40.2171 79.6754 -41.8921 0 0 0 -0.234746 0.972057
40.3206 80.2015 -41.923 0 0 0 -0.222286 0.974982
40.4241 79.8892 -41.8499 0 0 0 -0.2242 0.974543
40.5275 80.4288 -42.0344 0 0 0 -0.201702 0.979447
40.631 81.1483 -42.112 0 0 0 -0.17814 0.984005
40.7344 81.7926 -42.338 0 0 0 -0.151624 0.988438
40.838 82.0413 -42.4244 0 0 0 -0.137429 0.990512
40.9415 82.5672 -42.4701 0 0 0 -0.106402 0.994323
41.045 83.0692 -42.5775 0 0 0 -0.0785833 0.996908
41.1484 83.3168 -42.5232 0 0 0 -0.0478737 0.998853
41.2519 83.4932 -42.5308 0 0 0 -0.00341716 0.999994
41.3554 82.8918 -42.484 0 0 0 0.0177354 0.999843
41.459 82.8187 -41.653 0 0 0 0.0183195 0.999832
41.5627 82.3985 -41.0824 0 0 0 -0.0210147 0.999779
41.6664 82.472 -40.8182 0 0 0 -0.0248825 0.99969
41.7701 82.6353 -41.1156 0 0 0 -0.00893048 0.99996
41.874 82.737 -40.3833 0 0 0 0.00464797 0.999989
41.9777 82.3576 -40.4694 0 0 0 -0.00970101 0.999953
42.0814 81.6871 -40.2433 0 0 0 -0.0320991 0.999485
42.1853 82.232 -40.0789 0 0 0 -0.0122083 0.999925
42.2892 81.2283 -40.2267 0 0 0 -0.0199285 0.999801
42.3932 81.0416 -40.4945 0 0 0 -0.0101578 0.999948
42.4972 81.6175 -40.9452 0 0 0 -0.00538672 0.999986
42.6013 81.6978 -40.7621 0 0 0 0.00180741 0.999998
42.7055 81.7134 -40.8281 0 0 0 -0.00446929 0.99999
42.8096 80.5645 -40.5894 0 0 0 0.00378023 0.999993
42.9137 80.0571 -39.8089 0 0 0 -0.00943495 0.999955
43.0176 80.0182 -40.0952 0 0 0 0.00510797 0.999987
43.1217 80.4019 -40.0377 0 0 0 0.00328283 0.999995
43.2257 79.9232 -40.223 0 0 0 0.00973714 0.999953
43.3297 79.1627 -39.9312 0 0 0 -0.0332637 0.999447
43.4336 79.0552 -39.7597 0 0 0 -0.0386084 0.999254
43.5376 78.9044 -38.8776 0 0 0 -0.0206364 0.999787
43.6414 77.8947 -38.1063 0 0 0 -0.0572765 0.998358
43.7452 78.2743 -39.08 0 0 0 -0.0187855 0.999824
43.849 77.5915 -38.3659 0 0 0 -0.0394706 0.999221
43.9526 76.1923 -37.6639 0 0 0 -0.135356 0.990797
44.0564 75.8187 -39.1175 0 0 0 -0.0757111 0.99713
44.16 75.9851 -39.3501 0 0 0 -0.0665941 0.99778
44.264 75.9703 -39.7521 0 0 0 -0.0549596 0.998489
44.3673 75.8224 -39.7497 0 0 0 -0.0451461 0.99898
44.471 76.1346 -39.2185 0 0 0 -0.0454473 0.998967
44.5746 75.3878 -38.4834 0 0 0 -0.0439718 0.999033
44.6781 74.8583 -38.9102 0 0 0 0.0208766 0.999782
44.7818 73.92 -39.3516 0 0 0 0.0319656 0.999489
44.8855 72.0372 -40.4112 0 0 0 0.109794 0.993954
44.9891 72.3785 -40.4229 0 0 0 0.0542334 0.998528
45.0927 72.9308 -40.0318 0 0 0 0.0397226 0.999211
45.1963 72.0343 -40.7078 0 0 0 0.0286037 0.999591
45.2999 71.6575 -40.9211 0 0 0 0.0458163 0.99895
45.4036 70.7254 -41.5167 0 0 0 0.0730087 0.997331
45.5073 71.5557 -37.8125 0 0 0 -0.0346667 0.999399
