1 -2.22045e-16 -1.11022e-16 -2.22045e-16 -0.5 0.5 -0.5 0.5
1.5 -2.22045e-16 -1.11022e-16 -2.22045e-16 -0.5 0.5 -0.5 0.5
2 -2.22045e-16 -1.11022e-16 -2.22045e-16 -0.5 0.5 -0.5 0.5
2.5 -2.22045e-16 -1.11022e-16 -2.22045e-16 -0.5 0.5 -0.5 0.5
3 -2.22045e-16 -1.11022e-16 -2.22045e-16 -0.5 0.5 -0.5 0.5
3.5 -2.22045e-16 -1.11022e-16 -2.22045e-16 -0.5 0.5 -0.5 0.5
4 -2.22045e-16 -1.11022e-16 -2.22045e-16 -0.5 0.5 -0.5 0.5
4.5 -2.22045e-16 -1.11022e-16 -2.22045e-16 -0.5 0.5 -0.5 0.5
5 -2.22045e-16 -1.11022e-16 -2.22045e-16 -0.5 0.5 -0.5 0.5
5.5 -2.22045e-16 -1.11022e-16 -2.22045e-16 -0.5 0.5 -0.5 0.5
6 -2.22045e-16 -1.11022e-16 -2.22045e-16 -0.5 0.5 -0.5 0.5
6.5 -2.22045e-16 -1.11022e-16 -2.22045e-16 -0.5 0.5 -0.5 0.5
7 -2.22045e-16 -1.11022e-16 -2.22045e-16 -0.5 0.5 -0.5 0.5
7.5 -2.22045e-16 -1.11022e-16 -2.22045e-16 -0.5 0.5 -0.5 0.5
8 -2.22045e-16 -1.11022e-16 -2.22045e-16 -0.5 0.5 -0.5 0.5
8.5 -2.22045e-16 -1.11022e-16 -2.22045e-16 -0.5 0.5 -0.5 0.5
9 -2.22045e-16 -1.11022e-16 -2.22045e-16 -0.5 0.5 -0.5 0.5
9.5 -2.22045e-16 -1.11022e-16 -2.22045e-16 -0.5 0.5 -0.5 0.5
10 -2.22045e-16 -1.11022e-16 -2.22045e-16 -0.5 0.5 -0.5 0.5
10.5 -2.22045e-16 -1.11022e-16 -2.22045e-16 -0.5 0.5 -0.5 0.5
11 -2.22045e-16 -1.11022e-16 -2.22045e-16 -0.5 0.5 -0.5 0.5
11.5 -2.22045e-16 -1.11022e-16 -2.22045e-16 -0.5 0.5 -0.5 0.5
12 -2.22045e-16 -1.11022e-16 -2.22045e-16 -0.5 0.5 -0.5 0.5
12.5 -2.22045e-16 -1.11022e-16 -2.22045e-16 -0.5 0.5 -0.5 0.5
13 -2.22045e-16 -1.11022e-16 -2.22045e-16 -0.5 0.5 -0.5 0.5
13.5 -2.22045e-16 -1.11022e-16 -2.22045e-16 -0.5 0.5 -0.5 0.5
14 -2.22045e-16 -1.11022e-16 -2.22045e-16 -0.5 0.5 -0.5 0.5
14.5 -2.22045e-16 -1.11022e-16 -2.22045e-16 -0.5 0.5 -0.5 0.5
15 -2.22045e-16 -1.11022e-16 -2.22045e-16 -0.5 0.5 -0.5 0.5
15.5 -2.22045e-16 -1.11022e-16 -2.22045e-16 -0.5 0.5 -0.5 0.5
16 -2.22045e-16 -1.11022e-16 -2.22045e-16 -0.5 0.5 -0.5 0.5
16.5 -2.22045e-16 -1.11022e-16 -2.22045e-16 -0.5 0.5 -0.5 0.5
17 -2.22045e-16 -1.11022e-16 -2.22045e-16 -0.5 0.5 -0.5 0.5
17.5 -2.22045e-16 -1.11022e-16 -2.22045e-16 -0.5 0.5 -0.5 0.5
18 -2.22045e-16 -1.11022e-16 -2.22045e-16 -0.5 0.5 -0.5 0.5
18.5 -2.22045e-16 -1.11022e-16 -2.22045e-16 -0.5 0.5 -0.5 0.5
19 -2.22045e-16 -1.11022e-16 -2.22045e-16 -0.5 0.5 -0.5 0.5
19.5 -2.22045e-16 -1.11022e-16 -2.22045e-16 -0.5 0.5 -0.5 0.5
20 -2.22045e-16 -1.11022e-16 -2.22045e-16 -0.5 0.5 -0.5 0.5
20.1038 1.00073 -0.0515466 0.0242488 0.487929 -0.510562 0.510979 -0.490052
20.2076 1.99566 -0.146463 0.0505162 0.474092 -0.521293 0.522066 -0.48056
20.3116 2.98669 -0.28792 0.0790306 0.460649 -0.531261 0.533722 -0.469793
20.4151 3.96385 -0.46575 0.110293 0.44788 -0.540784 0.545547 -0.457532
20.5189 4.93464 -0.697164 0.143877 0.434202 -0.551987 0.555322 -0.445418
20.6227 5.88765 -0.971569 0.180224 0.420473 -0.562261 0.565259 -0.433066
20.7264 6.8262 -1.28808 0.218488 0.40556 -0.571847 0.575043 -0.421708
20.8302 7.74395 -1.65133 0.254729 0.390748 -0.581235 0.583949 -0.41047
20.934 8.64624 -2.0505 0.291953 0.376968 -0.590184 0.593088 -0.397271
21.0377 9.52739 -2.48868 0.330924 0.362875 -0.599477 0.601484 -0.383622
21.1415 10.3842 -2.96629 0.369738 0.3485 -0.608607 0.609746 -0.369262
21.2451 11.2156 -3.48307 0.408603 0.33386 -0.617248 0.617897 -0.354606
21.3489 12.0188 -4.03669 0.443974 0.318702 -0.625424 0.625638 -0.340368
21.4527 12.7901 -4.63144 0.479023 -0.302578 0.633415 -0.632732 0.326928
21.5564 13.5306 -5.25212 0.513619 -0.287559 0.640297 -0.640123 0.312366
21.6601 14.2373 -5.91346 0.546271 -0.271003 0.647923 -0.646064 0.298922
21.7638 14.9122 -6.60264 0.577743 -0.255593 0.654513 -0.652392 0.284023
21.8677 15.5548 -7.31598 0.609156 -0.239943 0.660574 -0.658799 0.268428
21.9713 16.155 -8.05965 0.636292 -0.22258 0.666391 -0.664482 0.254645
22.0749 16.7217 -8.82495 0.665278 -0.206713 0.671473 -0.670158 0.239337
22.1787 17.2484 -9.6175 0.693875 -0.190085 0.676233 -0.675326 0.224747
22.2824 17.7358 -10.4357 0.72098 0.172148 -0.680032 0.680652 -0.211267
22.386 18.1886 -11.2734 0.744895 0.156116 -0.684153 0.684877 -0.196231
22.4896 18.6054 -12.1384 0.770723 -0.139639 0.688475 -0.687811 0.182809
22.5934 18.9849 -13.0239 0.796899 -0.124249 0.692126 -0.690453 0.1697
22.697 19.3353 -13.9228 0.819498 -0.109972 0.694274 -0.693703 0.157052
22.8006 19.6556 -14.8457 0.839822 -0.0970145 0.697046 -0.695513 0.144831
22.9044 19.9486 -15.7882 0.859011 -0.0842472 0.700245 -0.696326 0.133
23.0081 20.2096 -16.7461 0.877958 -0.0719343 0.702322 -0.697786 0.121095
23.1117 20.4429 -17.711 0.892643 -0.0607965 0.703374 -0.699856 0.108493
23.2153 20.6454 -18.6907 0.906682 -0.0493721 0.704282 -0.701511 0.0971172
23.3191 20.8165 -19.6917 0.920475 -0.0376902 0.705534 -0.702351 0.0866323
23.4228 20.9589 -20.7087 0.932317 -0.0261448 0.706877 -0.702738 0.076169
23.5266 21.0745 -21.7416 0.942352 -0.0157154 0.708347 -0.702715 0.0647233
23.6303 21.1612 -22.7908 0.948405 -0.00495575 0.709192 -0.702897 0.0543791
23.7339 21.2147 -23.8536 0.951047 0.00580867 0.709596 -0.703114 0.0455135
23.8375 21.2407 -24.9311 0.951927 0.0163587 0.709812 -0.703175 0.0380042
23.9413 21.2403 -26.0235 0.950951 0.0260491 0.709977 -0.703041 0.0314273
24.0449 21.2156 -27.1272 0.948951 0.0355294 0.710138 -0.702676 0.0262381
24.1486 21.1697 -28.2425 0.945629 0.0435092 0.710537 -0.701984 0.0215106
24.2523 21.1074 -29.3702 0.941439 0.0503035 0.710534 -0.701654 0.0170984
24.356 21.0296 -30.5029 0.936359 0.0564013 0.71082 -0.700991 0.0128733
24.4596 20.9398 -31.642 0.929687 0.0612635 0.711266 -0.700199 0.00824094
24.5632 20.837 -32.7868 0.921677 0.0656428 0.711322 -0.699784 0.00380903
24.6669 20.7186 -33.9423 0.911746 0.0697639 0.71035 -0.700383 -0.00026009
24.7706 20.5853 -35.1147 0.90072 0.0736828 0.708989 -0.701349 -0.0037899
24.8743 20.437 -36.3091 0.889158 0.0775189 0.707961 -0.701951 -0.00690556
24.978 20.2789 -37.5268 0.878157 0.080195 0.707492 -0.702089 -0.00969517
25.0817 20.1108 -38.7673 0.86702 0.0821328 0.707258 -0.702066 -0.0119711
25.1853 19.9325 -40.024 0.856448 0.0843432 0.706662 -0.702377 -0.0134934
25.2889 19.7465 -41.3055 0.846036 0.0856985 0.705942 -0.702897 -0.0154281
25.3926 19.5506 -42.6068 0.837548 0.0872774 0.705519 -0.703094 -0.0168352
25.4963 19.3479 -43.9328 0.82955 0.088314 0.705813 -0.702642 -0.01797
25.6 19.1375 -45.2814 0.81879 0.0893803 0.70666 -0.701642 -0.0184617
25.7036 18.9223 -46.6485 0.805992 0.0902248 0.706984 -0.701188 -0.019205
25.8073 18.6994 -48.0356 0.790753 0.0917383 0.706726 -0.701253 -0.0191427
25.911 18.4732 -49.442 0.776593 0.0920001 0.706525 -0.701408 -0.01962
26.0147 18.2399 -50.8713 0.761209 0.0929221 0.706234 -0.701594 -0.0191113
26.1184 18.0057 -52.3163 0.748866 0.0927778 0.706047 -0.701794 -0.0193336
26.2219 17.7682 -53.7841 0.738559 0.0925955 0.705611 -0.702262 -0.019188
26.3257 17.5287 -55.2756 0.728246 0.0922895 0.705609 -0.702318 -0.0186487
26.4293 17.2895 -56.7869 0.719322 0.09144 0.706053 -0.70199 -0.0183923
26.533 17.047 -58.3197 0.709023 0.0913724 0.705805 -0.702266 -0.0176758
26.6367 16.8055 -59.87 0.698229 0.0909035 0.705502 -0.70264 -0.0173164
26.7404 16.5601 -61.4493 0.689854 0.0909093 0.705282 -0.702877 -0.0166446
26.8441 16.3148 -63.0456 0.682234 0.0903779 0.705312 -0.702921 -0.0164304
26.9478 16.0655 -64.6615 0.674294 0.0906779 0.705948 -0.702267 -0.015385
27.0515 15.8143 -66.2927 0.665932 0.0909014 0.706583 -0.701615 -0.0146031
27.1552 15.5643 -67.9336 0.656659 0.0911646 0.706411 -0.701771 -0.0138043
27.2589 15.3106 -69.5915 0.649548 0.0916205 0.70561 -0.702538 -0.0126774
27.3626 15.0605 -71.2635 0.64555 0.0911306 0.705717 -0.702493 -0.0126976
27.4662 14.8071 -72.9496 0.641151 0.0912006 0.705853 -0.702353 -0.0124667
27.5699 14.5538 -74.6568 0.635143 0.0908875 0.706397 -0.701844 -0.0125603
27.6736 14.2958 -76.3758 0.626639 0.0914034 0.706313 -0.701875 -0.0117663
27.7773 14.0377 -78.1121 0.619273 0.0916402 0.706251 -0.70191 -0.0115245
27.881 13.7761 -79.8642 0.612185 0.091803 0.705891 -0.702254 -0.0113909
27.9847 13.5147 -81.6266 0.606953 0.0917304 0.705641 -0.702509 -0.011729
28.0884 13.2493 -83.4032 0.603745 0.0917331 0.705529 -0.702607 -0.0125387
28.1921 12.98 -85.1938 0.601808 0.091934 0.70523 -0.702869 -0.0132065
28.2959 12.7071 -87.0054 0.599482 0.0918929 0.705434 -0.702655 -0.0139425
28.3995 12.4284 -88.8275 0.594876 0.092306 0.705606 -0.702423 -0.0142117
28.5032 12.1486 -90.6666 0.589258 0.0915413 0.705947 -0.702158 -0.015257
28.607 11.8613 -92.5161 0.58226 0.0919616 0.705549 -0.702489 -0.0158727
28.7107 11.5694 -94.3842 0.576158 0.0925021 0.705044 -0.702893 -0.01725
28.8144 11.2675 -96.2638 0.569086 0.0941382 0.705031 -0.702662 -0.018326
28.9181 10.959 -98.1539 0.567065 0.0950266 0.705122 -0.702383 -0.0207823
29.0219 10.6399 -100.053 0.565243 0.0959865 0.705445 -0.70185 -0.0232572
29.1255 10.3099 -101.955 0.564148 0.0973249 0.704926 -0.702115 -0.0253267
29.2291 9.96613 -103.87 0.562445 0.0991762 0.704385 -0.702342 -0.0268641
29.3328 9.61162 -105.791 0.564355 0.100711 0.703696 -0.702743 -0.0286839
29.4365 9.24638 -107.725 0.568797 0.102061 0.703319 -0.702835 -0.0308133
29.5401 8.87158 -109.668 0.571794 0.103109 0.703615 -0.702271 -0.033313
29.6439 8.48663 -111.621 0.573345 0.104383 0.703542 -0.702029 -0.0358877
29.7476 8.08692 -113.581 0.572804 0.106088 0.703742 -0.701451 -0.0381887
29.8512 7.67419 -115.548 0.570538 0.108071 0.703671 -0.70111 -0.0401581
29.9549 7.24693 -117.518 0.568058 0.110223 0.703072 -0.70127 -0.0419633
30.0585 6.80828 -119.496 0.565878 0.11214 0.702581 -0.701322 -0.0441757
30.1623 6.35122 -121.486 0.564565 0.114459 0.702457 -0.700946 -0.0461174
30.2659 5.88325 -123.482 0.563668 0.116149 0.702179 -0.700789 -0.0484673
30.3695 5.40353 -125.479 0.560734 0.117836 0.701906 -0.700635 -0.0505179
30.4733 4.91101 -127.489 0.559152 0.119277 0.701676 -0.700452 -0.0528351
30.577 4.40228 -129.5 0.555614 0.121479 0.701564 -0.70011 -0.053824
30.6808 3.88011 -131.523 0.549411 0.123549 0.701947 -0.699309 -0.0545192
30.7845 3.34816 -133.549 0.542754 0.12535 0.701424 -0.699448 -0.0553627
30.8884 2.80695 -135.584 0.536035 0.126563 0.701182 -0.699391 -0.0563733
30.9921 2.25799 -137.625 0.529597 0.127501 0.701128 -0.699149 -0.0579073
31.0963 1.6993 -139.68 0.522454 0.128476 0.700891 -0.699049 -0.0598003
31.1996 1.13215 -141.73 0.517999 0.12961 0.700381 -0.699164 -0.0619441
31.3034 0.551587 -143.793 0.512737 0.130941 0.70027 -0.698855 -0.0638621
31.4071 -0.0413721 -145.862 0.506199 0.132683 0.700039 -0.69861 -0.0654609
31.5106 -0.644931 -147.93 0.500625 0.134141 0.699673 -0.698523 -0.0672997
31.6142 -1.26111 -150.007 0.495969 0.135675 0.699304 -0.69842 -0.0691052
31.718 -1.89234 -152.097 0.48983 0.13715 0.699506 -0.697773 -0.0706695
31.8214 -2.53318 -154.181 0.482992 0.138931 0.699344 -0.697448 -0.071987
31.9251 -3.18765 -156.275 0.475391 0.140733 0.69901 -0.697308 -0.0730798
32.0286 -3.85146 -158.373 0.467684 0.142075 0.698445 -0.697462 -0.0744082
32.1321 -4.52532 -160.474 0.460874 -0.143513 -0.697539 0.697937 0.0756741
32.236 -5.21197 -162.587 0.455531 -0.144997 -0.697209 0.697847 0.0767145
32.3396 -5.90858 -164.704 0.452548 -0.146138 -0.696748 0.697919 0.0780783
32.4432 -6.6147 -166.826 0.449531 -0.147383 -0.696545 0.697708 0.0794139
32.5468 -7.33146 -168.954 0.445612 -0.148875 -0.696407 0.697363 0.0808625
32.6506 -8.06307 -171.087 0.441674 -0.150798 -0.696224 0.69703 0.0817377
32.7542 -8.80609 -173.225 0.436552 -0.15284 -0.695833 0.696934 0.0820959
32.8578 -9.55783 -175.367 0.429409 -0.154145 -0.695917 0.696477 0.0828112
32.9614 -10.3183 -177.517 0.420933 0.155126 0.696032 -0.696027 -0.0837907
33.065 -11.0856 -179.671 0.411828 0.155741 0.695877 -0.695872 -0.0852215
33.1688 -11.8623 -181.83 0.404363 -0.156447 -0.695027 0.696368 0.0867947
33.2724 -12.6499 -183.997 0.39858 -0.157547 -0.694322 0.696652 0.0881642
33.3762 -13.448 -186.17 0.399051 -0.158084 -0.693608 0.697 0.0900439
33.4798 -14.2555 -188.344 0.400055 -0.158817 -0.692838 0.697367 0.0918212
33.5834 -15.0749 -190.52 0.401383 -0.160521 -0.69268 0.696989 0.0929156
33.687 -15.9088 -192.709 0.403865 -0.161609 -0.692901 0.69631 0.0944602
33.7907 -16.7532 -194.901 0.403566 -0.162941 -0.692973 0.695734 0.0958783
33.8944 -17.6074 -197.093 0.402116 -0.164509 -0.692753 0.695398 0.0972179
33.9985 -18.4748 -199.296 0.400664 -0.165446 -0.692466 0.69523 0.0988676
34.1018 -19.3445 -201.48 0.401197 -0.166462 -0.691998 0.695195 0.100667
34.2059 -20.2346 -203.688 0.403082 -0.167676 -0.6918 0.694922 0.101884
34.3092 -21.1272 -205.877 0.406195 -0.169085 -0.691466 0.69481 0.102592
34.4129 -22.0366 -208.075 0.408323 -0.170507 -0.691338 0.694519 0.103064
34.5165 -22.954 -210.275 0.407256 -0.171904 -0.691376 0.694046 0.103671
34.6203 -23.879 -212.474 0.405178 -0.173202 -0.691053 0.693956 0.104268
34.7237 -24.8069 -214.67 0.403694 -0.174275 -0.690496 0.694112 0.105127
34.8274 -25.7452 -216.872 0.405345 -0.175052 -0.690234 0.693979 0.106429
34.9316 -26.6951 -219.085 0.408967 -0.175834 -0.689721 0.694091 0.107726
35.0349 -27.6423 -221.275 0.414573 -0.176867 -0.689116 0.694246 0.108902
35.1385 -28.5989 -223.475 0.422788 -0.177088 -0.688846 0.694201 0.110528
35.2422 -29.5663 -225.674 0.432373 -0.178263 -0.688448 0.694127 0.111576
35.3457 -30.5421 -227.869 0.441833 -0.179957 -0.688486 0.693614 0.111814
35.4495 -31.5245 -230.066 0.448562 -0.181006 -0.688595 0.693095 0.11266
35.5531 -32.5114 -232.258 0.450201 -0.181951 -0.688658 0.69255 0.114097
35.6567 -33.5041 -234.448 0.451644 -0.182645 -0.688263 0.692491 0.115716
35.7604 -34.5071 -236.64 0.454562 -0.183399 -0.688162 0.69209 0.117515
35.864 -35.5155 -238.827 0.456504 -0.184365 -0.688226 0.691494 0.119129
35.9678 -36.5336 -241.01 0.45836 -0.185517 -0.687932 0.691208 0.120684
36.0714 -37.5587 -243.187 0.459815 -0.186641 -0.687816 0.690733 0.122318
36.1752 -38.5911 -245.357 0.461858 -0.18791 -0.687241 0.690658 0.124018
36.2788 -39.632 -247.524 0.461475 -0.189127 -0.687179 0.690045 0.12591
36.3824 -40.6836 -249.684 0.461446 -0.190573 -0.686855 0.689696 0.127406
36.4862 -41.7463 -251.842 0.462839 -0.19212 -0.686252 0.689651 0.128569
36.5897 -42.8137 -253.99 0.462321 -0.193381 -0.685984 0.689279 0.130094
36.6934 -43.8903 -256.142 0.459941 -0.194439 -0.685572 0.689058 0.131847
36.797 -44.9778 -258.295 0.456604 -0.195808 -0.68535 0.688618 0.133267
36.9007 -46.0741 -260.445 0.451586 -0.197335 -0.68481 0.688492 0.134434
37.0043 -47.184 -262.592 0.446893 -0.199188 -0.684236 0.688355 0.135327
37.1079 -48.3001 -264.734 0.444323 -0.201155 -0.683393 0.688502 0.135922
37.2123 -49.4345 -266.892 0.442692 -0.20258 -0.682923 0.688386 0.136754
37.3153 -50.5679 -269.026 0.439489 -0.204308 -0.682042 0.688631 0.137351
37.4189 -51.7204 -271.174 0.435794 -0.205913 -0.681072 0.689005 0.137885
37.5227 -52.8877 -273.332 0.431275 -0.207295 -0.680624 0.688868 0.138711
37.6263 -54.0621 -275.487 0.424406 -0.208764 -0.679974 0.688847 0.139792
37.73 -55.2531 -277.658 0.418242 -0.209655 -0.679605 0.688603 0.141446
37.8336 -56.4551 -279.827 0.412827 -0.211183 -0.678966 0.688544 0.142527
37.9378 -57.6741 -282.017 0.410583 -0.212112 -0.678496 0.688373 0.1442
38.041 -58.8925 -284.189 0.409559 -0.212605 -0.678194 0.688166 0.145876
38.1446 -60.1296 -286.372 0.407962 -0.214126 -0.67796 0.687788 0.146521
38.2482 -61.3849 -288.57 0.404549 -0.21557 -0.677917 0.687348 0.146666
38.3518 -62.6493 -290.77 0.398668 -0.216669 -0.677835 0.686973 0.147183
38.4557 -63.9234 -292.983 0.390882 -0.217553 -0.677643 0.6867 0.148034
38.5591 -65.2062 -295.195 0.382147 -0.218298 -0.677662 0.686219 0.149074
38.6631 -66.5052 -297.421 0.3714 -0.219683 -0.677548 0.685752 0.149709
38.7663 -67.8087 -299.642 0.358711 -0.220746 -0.677399 0.685419 0.150339
38.8699 -69.1256 -301.876 0.347006 -0.221322 -0.676897 0.685508 0.15135
38.9735 -70.4517 -304.114 0.337252 -0.221789 -0.675759 0.686171 0.152737
39.0771 -71.7917 -306.359 0.330795 -0.222547 -0.675613 0.68566 0.154564
39.1809 -73.144 -308.613 0.323336 -0.223492 -0.675924 0.684474 0.157078
39.2845 -74.5125 -310.871 0.312619 -0.224721 -0.676207 0.683197 0.159648
39.3882 -75.9001 -313.13 0.297188 -0.226258 -0.676206 0.682169 0.161858
39.4918 -77.3073 -315.385 0.279642 -0.228157 -0.675676 0.681681 0.163455
39.5955 -78.7299 -317.638 0.257841 -0.23064 -0.675021 0.68128 0.164347
39.6991 -80.1727 -319.895 0.238155 -0.232637 -0.674315 0.681045 0.165398
39.8028 -81.6321 -322.158 0.219785 -0.234314 -0.674022 0.680452 0.166664
39.9064 -83.1001 -324.412 0.201682 -0.236247 -0.674311 0.679204 0.16785
40.01 -84.5797 -326.663 0.182536 -0.237419 -0.674336 0.678289 0.169788
40.1137 -86.0683 -328.905 0.160832 -0.238693 -0.673925 0.677804 0.171559
40.2173 -87.5705 -331.148 0.138391 -0.240253 -0.673703 0.677042 0.173254
40.3209 -89.0867 -333.384 0.112561 -0.242554 -0.673623 0.67604 0.174266
40.4245 -90.6143 -335.613 0.0845515 -0.244399 -0.673174 0.675479 0.175593
40.5281 -92.1515 -337.839 0.0524277 -0.245315 -0.672988 0.674796 0.177644
40.6317 -93.7001 -340.056 0.0159958 -0.246743 -0.673079 0.673809 0.179063
40.7354 -95.265 -342.275 -0.0233386 0.248179 0.67318 -0.672922 -0.180033
40.839 -96.8362 -344.489 -0.0633751 0.248592 0.672861 -0.672585 -0.181905
40.9426 -98.4119 -346.701 -0.102477 0.248265 0.672473 -0.672352 -0.184627
41.0463 -99.9981 -348.91 -0.140298 0.248404 0.672115 -0.671994 -0.187032
41.1499 -101.591 -351.109 -0.175422 0.249005 0.672666 -0.670672 -0.188986
41.2536 -103.203 -353.311 -0.214119 0.250589 0.672736 -0.669748 -0.189918
41.3572 -104.817 -355.5 -0.253971 0.251597 0.672316 -0.669357 -0.191445
41.4608 -106.441 -357.681 -0.290319 0.252253 0.671669 -0.66926 -0.193183
41.5646 -108.078 -359.867 -0.32979 0.252932 0.67272 -0.66739 -0.1951
41.6681 -109.717 -362.039 -0.380137 0.25349 0.673076 -0.666228 -0.197109
41.7718 -111.363 -364.205 -0.433594 0.254572 0.672617 -0.665856 -0.198533
41.8754 -113.018 -366.363 -0.48555 0.255522 0.672323 -0.665384 -0.199887
41.979 -114.682 -368.515 -0.535753 0.256627 0.672087 -0.664866 -0.200985
42.0826 -116.349 -370.654 -0.585754 0.257782 0.672302 -0.663845 -0.202159
42.1862 -118.026 -372.793 -0.634751 0.25801 0.671917 -0.663498 -0.204276
42.2902 -119.705 -374.932 -0.680641 0.255821 0.671524 -0.663313 -0.208869
42.3936 -121.373 -377.044 -0.714184 0.253164 0.669371 -0.664734 -0.214426
42.4972 -123.073 -379.149 -0.732239 -0.256992 -0.666001 0.667071 0.213104
42.6008 -124.786 -381.246 -0.75145 -0.260396 -0.666149 0.666434 0.210487
42.7044 -126.498 -383.353 -0.791264 0.262259 0.670222 -0.661795 -0.20988
42.8081 -128.206 -385.462 -0.858119 0.26255 0.673224 -0.658001 -0.21183
42.9118 -129.914 -387.564 -0.937574 0.262254 0.674511 -0.655849 -0.214756
43.0154 -131.627 -389.649 -1.01544 0.262941 0.674104 -0.655424 -0.216484
43.119 -133.351 -391.717 -1.0889 0.265608 0.672483 -0.656158 -0.216047
43.2226 -135.083 -393.78 -1.15491 0.267714 0.66991 -0.658005 -0.215824
43.3264 -136.824 -395.839 -1.21407 0.268933 0.668205 -0.658916 -0.216811
43.4301 -138.57 -397.893 -1.27286 0.270097 0.668137 -0.658074 -0.218128
43.5337 -140.318 -399.943 -1.33497 0.271716 0.668019 -0.657249 -0.218964
43.6373 -142.069 -401.978 -1.39986 0.273122 0.667953 -0.656514 -0.219619
43.7411 -143.84 -404.013 -1.46395 0.274176 0.667591 -0.656256 -0.220177
43.8447 -145.609 -406.04 -1.53057 0.274927 0.66742 -0.655956 -0.220652
43.9484 -147.386 -408.064 -1.59679 0.275727 0.667104 -0.655848 -0.220933
44.0521 -149.165 -410.086 -1.66519 0.27683 0.667285 -0.655273 -0.220712
44.1557 -150.939 -412.1 -1.73948 0.278221 0.66778 -0.654347 -0.220212
44.2594 -152.726 -414.12 -1.82077 0.279459 0.668011 -0.653677 -0.219932
44.363 -154.506 -416.13 -1.90212 0.279579 0.667464 -0.65389 -0.220806
44.4666 -156.286 -418.137 -1.98035 0.278547 0.666606 -0.654404 -0.223169
44.5702 -158.07 -420.14 -2.05126 0.277877 0.666197 -0.654485 -0.224978
44.6739 -159.858 -422.141 -2.11781 0.278142 0.666399 -0.653943 -0.225627
44.7776 -161.651 -424.142 -2.18633 0.27798 0.666591 -0.6535 -0.226543
44.8812 -163.442 -426.136 -2.25608 0.27724 0.666203 -0.653667 -0.228101
44.9849 -165.238 -428.129 -2.32541 0.277274 0.666453 -0.653158 -0.22879
45.0883 -167.032 -430.111 -2.39691 0.277938 0.667116 -0.65231 -0.228469
45.192 -168.831 -432.096 -2.47181 0.278847 0.667729 -0.651641 -0.227478
45.2956 -170.628 -434.072 -2.54928 0.28063 0.669185 -0.650312 -0.224795
45.3992 -172.422 -436.053 -2.65057 0.281816 0.670454 -0.649386 -0.222192
45.5028 -174.203 -438.042 -2.75561 0.279421 0.670848 -0.649731 -0.223016
45.6064 -175.971 -440.03 -2.84391 0.275921 0.669736 -0.651333 -0.226024
45.71 -177.747 -442.034 -2.92191 0.27309 0.670187 -0.651597 -0.227357
45.8136 -179.52 -444.039 -3.00685 0.271351 0.670616 -0.652015 -0.226979
45.9173 -181.288 -446.046 -3.09873 0.270814 0.671228 -0.652279 -0.225044
46.0209 -183.045 -448.053 -3.19257 0.269831 0.671618 -0.652821 -0.223482
46.1245 -184.792 -450.064 -3.27801 0.267772 0.67114 -0.654159 -0.223483
46.2281 -186.533 -452.092 -3.35886 0.264808 0.672454 -0.653475 -0.225061
46.3317 -188.265 -454.125 -3.437 0.261587 0.674179 -0.652167 -0.227448
46.4354 -189.992 -456.158 -3.51679 0.258811 0.674482 -0.652159 -0.229737
46.5391 -191.72 -458.187 -3.59351 0.257732 0.674672 -0.652175 -0.230348
46.6427 -193.452 -460.215 -3.66948 0.258009 0.675114 -0.652055 -0.229077
46.7463 -195.183 -462.246 -3.75085 0.258403 0.676025 -0.651519 -0.227468
46.8499 -196.906 -464.279 -3.83589 0.257536 0.67683 -0.651139 -0.227144
46.9535 -198.621 -466.314 -3.922 0.256183 0.676875 -0.651429 -0.227708
47.0573 -200.338 -468.351 -4.00422 0.25527 0.676414 -0.652208 -0.227873
47.1609 -202.048 -470.384 -4.07955 0.254761 0.676039 -0.652933 -0.227478
47.2645 -203.766 -472.426 -4.15412 0.255083 0.676303 -0.653003 -0.226129
47.3682 -205.479 -474.468 -4.23021 0.255241 0.67672 -0.652946 -0.224865
47.4719 -207.186 -476.511 -4.30971 0.254977 0.677096 -0.652839 -0.224341
47.5755 -208.887 -478.556 -4.38945 0.254477 0.677198 -0.653035 -0.224031
47.6792 -210.589 -480.606 -4.47145 0.254127 0.677737 -0.652733 -0.223678
47.7828 -212.285 -482.655 -4.55562 0.253748 0.678269 -0.652421 -0.223406
47.8866 -213.983 -484.707 -4.64008 0.253216 0.677941 -0.652933 -0.223508
47.9902 -215.677 -486.758 -4.7208 0.252878 0.677477 -0.653546 -0.223507
48.0938 -217.371 -488.807 -4.79976 0.252863 0.677785 -0.653396 -0.223028
48.1974 -219.066 -490.863 -4.88093 0.252668 0.678364 -0.652945 -0.222809
48.301 -220.758 -492.917 -4.96077 0.252208 0.678692 -0.65266 -0.223166
48.4046 -222.448 -494.971 -5.03802 0.252073 0.678761 -0.65255 -0.223432
48.5083 -224.139 -497.025 -5.11671 0.252189 0.678617 -0.652638 -0.22348
48.6119 -225.827 -499.072 -5.19355 0.252421 0.678474 -0.652714 -0.223431
48.7156 -227.527 -501.133 -5.26771 0.25263 0.679043 -0.652057 -0.223385
48.8192 -229.221 -503.187 -5.34911 0.252493 0.679568 -0.651445 -0.223726
48.9228 -230.914 -505.239 -5.43277 0.25255 0.679641 -0.651289 -0.223895
49.0265 -232.607 -507.292 -5.51928 0.252306 0.67955 -0.651372 -0.224206
49.1301 -234.298 -509.338 -5.60525 0.252287 0.679372 -0.65153 -0.224307
49.2338 -235.997 -511.394 -5.6893 0.252512 0.679202 -0.651761 -0.2239
49.3374 -237.691 -513.445 -5.77331 0.25238 0.679297 -0.651744 -0.223809
49.441 -239.384 -515.497 -5.85761 0.25237 0.679329 -0.651706 -0.223832
49.5447 -241.076 -517.549 -5.94248 0.252115 0.679181 -0.6519 -0.224001
49.6483 -242.768 -519.601 -6.02697 0.251877 0.679534 -0.651565 -0.224175
49.752 -244.464 -521.657 -6.11536 0.252021 0.679764 -0.651389 -0.223828
49.8556 -246.156 -523.711 -6.20664 0.252067 0.680369 -0.650832 -0.223557
49.9591 -247.846 -525.763 -6.29972 0.252025 0.680101 -0.651176 -0.223419
50.0627 -249.537 -527.816 -6.39288 0.252313 0.679951 -0.651381 -0.222954
50.1664 -251.223 -529.865 -6.4868 0.252411 0.680151 -0.651258 -0.222589
50.27 -252.916 -531.926 -6.58238 0.252208 0.680494 -0.650981 -0.222583
50.3736 -254.604 -533.981 -6.67737 0.25193 0.68031 -0.651144 -0.222983
50.4772 -256.293 -536.038 -6.77137 0.25198 0.680239 -0.651161 -0.223094
50.5808 -257.983 -538.095 -6.86597 0.252039 0.680697 -0.650665 -0.223076
50.6845 -259.675 -540.154 -6.96491 0.252205 0.68136 -0.649927 -0.223018
50.7882 -261.366 -542.214 -7.06682 0.25206 0.681718 -0.649471 -0.223414
50.8918 -263.055 -544.268 -7.16875 0.25185 0.680916 -0.650225 -0.223901
50.9956 -264.748 -546.325 -7.26526 0.251469 0.679976 -0.651136 -0.224538
51.0991 -266.437 -548.376 -7.35715 0.251554 0.679867 -0.651228 -0.224506
51.2028 -268.134 -550.437 -7.4509 0.252008 0.680788 -0.65029 -0.223923
51.3065 -269.832 -552.496 -7.55143 0.252467 0.681322 -0.649717 -0.223447
51.4101 -271.525 -554.549 -7.65453 0.252692 0.681027 -0.650013 -0.223231
51.5139 -273.22 -556.605 -7.75717 0.252686 0.680704 -0.650331 -0.223297
51.6175 -274.914 -558.659 -7.8574 0.252834 0.680529 -0.650511 -0.223139
51.7212 -276.615 -560.72 -7.95756 0.253231 0.68057 -0.650485 -0.22264
51.8248 -278.311 -562.778 -8.05804 0.253579 0.680871 -0.650204 -0.222141
51.9286 -280.009 -564.839 -8.16179 0.253347 0.681319 -0.649815 -0.222174
52.0322 -281.702 -566.896 -8.26792 0.253426 0.681424 -0.649724 -0.222024
52.1359 -283.395 -568.95 -8.37399 0.253603 0.681321 -0.649915 -0.221579
52.2395 -285.094 -571.015 -8.48345 0.2538 0.681934 -0.649383 -0.221027
52.3433 -286.787 -573.077 -8.59395 0.25321 0.682173 -0.649278 -0.221274
52.447 -288.477 -575.138 -8.70515 0.25259 0.68269 -0.648828 -0.221707
52.5508 -290.168 -577.201 -8.8169 0.252372 0.682317 -0.649316 -0.221677
52.6544 -291.853 -579.254 -8.92491 0.252461 0.681962 -0.649845 -0.221116
52.7581 -293.543 -581.314 -9.03162 0.252561 0.681826 -0.650219 -0.220319
52.8617 -295.227 -583.371 -9.13733 0.252469 0.682068 -0.650171 -0.21982
52.9657 -296.914 -585.438 -9.24551 0.252344 0.68278 -0.649602 -0.219433
53.0705 -298.612 -587.519 -9.35321 0.252087 0.682355 -0.650219 -0.219224
53.1729 -300.263 -589.549 -9.4566 0.251522 0.682463 -0.650326 -0.219218
53.2765 -301.938 -591.611 -9.56134 0.25111 0.682638 -0.650301 -0.219219
53.3801 -303.609 -593.672 -9.66681 0.250704 0.68283 -0.650312 -0.219056
53.4838 -305.28 -595.737 -9.77581 0.250308 0.683147 -0.650152 -0.218992
53.5876 -306.949 -597.803 -9.88367 0.249737 0.683411 -0.650021 -0.219211
53.6912 -308.613 -599.867 -9.99222 0.249006 0.683556 -0.650011 -0.219619
53.7949 -310.281 -601.935 -10.0986 0.248577 0.683152 -0.650398 -0.220215
53.8986 -311.952 -604.002 -10.2068 0.248907 0.683491 -0.649983 -0.220016
54.0024 -313.624 -606.07 -10.3172 0.249362 0.683901 -0.649502 -0.219645
54.106 -315.29 -608.133 -10.4302 0.249148 0.684239 -0.649123 -0.219957
54.2097 -316.964 -610.204 -10.5421 0.248776 0.683882 -0.649452 -0.220518
54.3135 -318.636 -612.271 -10.651 0.248731 0.683075 -0.650267 -0.220665
54.4171 -320.304 -614.332 -10.7565 0.248712 0.682597 -0.650819 -0.220542
54.5208 -321.978 -616.401 -10.8585 0.248797 0.682507 -0.65094 -0.220367
54.6245 -323.646 -618.466 -10.9606 0.248944 0.683066 -0.650347 -0.22022
54.7281 -325.317 -620.535 -11.0676 0.249309 0.683399 -0.650001 -0.219797
54.8318 -326.989 -622.607 -11.177 0.249416 0.683485 -0.649945 -0.21957
54.9354 -328.658 -624.675 -11.2868 0.249146 0.683361 -0.650145 -0.219671
55.0392 -330.327 -626.746 -11.3964 0.248949 0.683238 -0.65035 -0.219672
55.1428 -331.994 -628.814 -11.5049 0.248967 0.683415 -0.65025 -0.219396
55.2465 -333.666 -630.889 -11.6123 0.248741 0.683423 -0.650362 -0.219293
55.3501 -335.331 -632.959 -11.7223 0.248518 0.683755 -0.650102 -0.219283
55.454 -337 -635.032 -11.8319 0.248191 0.683937 -0.650026 -0.219311
55.5574 -338.659 -637.095 -11.9409 0.247942 0.683399 -0.650697 -0.219282
55.6611 -340.323 -639.166 -12.048 0.247725 0.683533 -0.650703 -0.219091
55.7648 -341.989 -641.237 -12.1556 0.247785 0.683869 -0.650456 -0.218707
55.8683 -343.65 -643.305 -12.2664 0.247902 0.684083 -0.650332 -0.218272
55.9721 -345.31 -645.375 -12.3766 0.247618 0.68379 -0.650773 -0.2182
56.0758 -346.969 -647.445 -12.4825 0.247415 0.683329 -0.651378 -0.218072
56.1795 -348.624 -649.516 -12.5863 0.247383 0.683293 -0.651578 -0.217622
56.2833 -350.282 -651.591 -12.6924 0.24757 0.683878 -0.651147 -0.216861
56.3868 -351.935 -653.662 -12.8004 0.24748 0.684232 -0.65091 -0.216554
56.4906 -353.587 -655.736 -12.9101 0.247293 0.684336 -0.650943 -0.216343
56.5941 -355.234 -657.806 -13.0202 0.246988 0.684599 -0.650784 -0.216334
56.6978 -356.881 -659.878 -13.13 0.246693 0.684431 -0.651119 -0.216194
56.8015 -358.533 -661.959 -13.2389 0.24631 0.684078 -0.651644 -0.216166
56.9052 -360.182 -664.036 -13.3467 0.246045 0.683948 -0.651907 -0.216089
57.0089 -361.829 -666.112 -13.4523 0.245837 0.683937 -0.65197 -0.216171
57.1126 -363.475 -668.19 -13.5581 0.245673 0.684108 -0.651805 -0.216312
57.2163 -365.123 -670.271 -13.6636 0.245503 0.684024 -0.651858 -0.216611
57.32 -366.77 -672.351 -13.7687 0.245405 0.68417 -0.651633 -0.216939
57.4237 -368.419 -674.432 -13.8741 0.245172 0.684114 -0.651598 -0.217485
57.5273 -370.068 -676.509 -13.9789 0.245182 0.684006 -0.651603 -0.217796
57.6311 -371.72 -678.588 -14.0832 0.245524 0.684139 -0.651355 -0.217734
57.7347 -373.374 -680.666 -14.1885 0.245875 0.684287 -0.651093 -0.217655
57.8384 -375.03 -682.743 -14.2971 0.246601 0.684352 -0.650888 -0.217244
57.942 -376.684 -684.82 -14.4057 0.246601 0.684443 -0.650747 -0.217379
58.0456 -378.337 -686.894 -14.5135 0.246436 0.684168 -0.65099 -0.217705
58.1493 -379.99 -688.966 -14.6192 0.246467 0.683752 -0.651439 -0.217632
58.2529 -381.649 -691.041 -14.7241 0.246931 0.68358 -0.651658 -0.216993
58.3565 -383.305 -693.116 -14.8271 0.247092 0.683418 -0.651964 -0.2164
58.4601 -384.961 -695.193 -14.9298 0.247367 0.683591 -0.651911 -0.215697
58.5637 -386.614 -697.271 -15.0328 0.247333 0.683546 -0.65209 -0.215337
58.6673 -388.265 -699.346 -15.1386 0.246954 0.683446 -0.652347 -0.21531
58.7711 -389.918 -701.427 -15.2444 0.246367 0.68345 -0.652487 -0.215544
58.8748 -391.569 -703.506 -15.3467 0.246032 0.68332 -0.652748 -0.215553
58.9783 -393.217 -705.583 -15.448 0.245667 0.683544 -0.652663 -0.215515
59.082 -394.866 -707.661 -15.55 0.246 0.684111 -0.652195 -0.214752
59.1856 -396.518 -709.744 -15.6558 0.246098 0.684444 -0.652024 -0.214097
59.2893 -398.161 -711.824 -15.7653 0.246144 0.684404 -0.6522 -0.213635
59.3929 -399.8 -713.905 -15.8784 0.246085 0.68401 -0.652771 -0.213218
59.4965 -401.434 -715.984 -15.9912 0.245652 0.683798 -0.653214 -0.213043
59.6002 -403.067 -718.063 -16.1018 0.245291 0.683413 -0.653837 -0.21278
59.7038 -404.698 -720.144 -16.2151 0.244972 0.683468 -0.653984 -0.212521
59.8076 -406.33 -722.23 -16.328 0.244807 0.68318 -0.654464 -0.21216
59.9113 -407.958 -724.316 -16.4403 0.244521 0.683107 -0.654769 -0.211783
60.0149 -409.585 -726.406 -16.544 0.243787 0.683741 -0.654354 -0.211865
60.1187 -411.208 -728.498 -16.6627 0.242859 0.68405 -0.654219 -0.21235
60.2223 -412.829 -730.589 -16.7734 0.242435 0.68394 -0.654485 -0.212368
60.3259 -414.45 -732.675 -16.881 0.242506 0.68362 -0.654995 -0.211745
60.4297 -416.073 -734.766 -16.9817 0.242632 0.683153 -0.65567 -0.211018
60.5333 -417.694 -736.856 -17.0795 0.242498 0.683246 -0.655677 -0.210849
60.637 -419.316 -738.953 -17.1754 0.242472 0.683867 -0.655031 -0.210875
60.7406 -420.934 -741.048 -17.2724 0.241976 0.684367 -0.654483 -0.211523
60.8443 -422.551 -743.142 -17.3715 0.241564 0.684228 -0.654589 -0.212114
60.948 -424.169 -745.235 -17.4672 0.241184 0.683512 -0.65537 -0.212443
61.0516 -425.792 -747.329 -17.555 0.241479 0.683839 -0.655148 -0.211738
61.1552 -427.413 -749.421 -17.6519 0.242173 0.684168 -0.654972 -0.210422
61.259 -429.036 -751.517 -17.7541 0.242773 0.684175 -0.655093 -0.20933
61.3626 -430.654 -753.612 -17.854 0.242936 0.683732 -0.655691 -0.208716
61.4663 -432.271 -755.711 -17.9401 0.242436 0.682885 -0.656725 -0.20882
61.5699 -433.884 -757.809 -18.0221 0.242029 0.682253 -0.657562 -0.208723
61.6735 -435.498 -759.909 -18.0959 0.241873 0.682264 -0.657823 -0.208044
61.7773 -437.112 -762.018 -18.1731 0.241762 0.682966 -0.65736 -0.207332
61.8809 -438.722 -764.125 -18.2548 0.24134 0.683384 -0.657162 -0.207074
61.9846 -440.329 -766.235 -18.3393 0.240768 0.683345 -0.657449 -0.206957
62.0884 -441.935 -768.347 -18.4228 0.240156 0.683519 -0.657499 -0.206932
62.192 -443.538 -770.457 -18.5028 0.239739 0.683742 -0.657502 -0.20667
62.2956 -445.14 -772.573 -18.5849 0.239277 0.683545 -0.657951 -0.20643
62.3993 -446.741 -774.69 -18.6658 0.238449 0.683474 -0.658282 -0.206568
62.503 -448.339 -776.805 -18.7482 0.238666 0.683448 -0.658424 -0.205951
62.6066 -449.932 -778.918 -18.828 0.238511 0.683655 -0.658339 -0.205712
62.7102 -451.529 -781.038 -18.9103 0.238323 0.684052 -0.657959 -0.205829
62.8138 -453.121 -783.155 -18.9943 0.238 0.684482 -0.657475 -0.20632
62.9174 -454.711 -785.271 -19.0791 0.237594 0.684294 -0.65759 -0.207042
63.0212 -456.304 -787.387 -19.1622 0.237297 0.683932 -0.657908 -0.207565
63.1248 -457.893 -789.494 -19.2437 0.237443 0.683867 -0.65786 -0.207767
63.2284 -459.488 -791.604 -19.3254 0.237981 0.683721 -0.657849 -0.207667
63.332 -461.082 -793.71 -19.4054 0.238616 0.683526 -0.657876 -0.207495
63.4356 -462.677 -795.814 -19.4858 0.239083 0.683404 -0.657844 -0.207459
63.5392 -464.271 -797.914 -19.5698 0.239592 0.683824 -0.657247 -0.207381
63.6429 -465.863 -800.012 -19.6553 0.239559 0.683961 -0.657013 -0.207706
63.7465 -467.454 -802.108 -19.7379 0.238939 0.683192 -0.657812 -0.208426
63.8501 -469.045 -804.203 -19.8163 0.238559 0.682493 -0.658565 -0.208772
63.9537 -470.637 -806.299 -19.8894 0.23844 0.682105 -0.659048 -0.208652
64.0574 -472.231 -808.396 -19.9625 0.238512 0.68237 -0.658878 -0.20824
64.1611 -473.82 -810.49 -20.0369 0.238357 0.682632 -0.658755 -0.207943
64.2647 -475.413 -812.591 -20.1144 0.23839 0.682777 -0.65876 -0.207416
64.3683 -477.001 -814.689 -20.1941 0.238534 0.682951 -0.658807 -0.206526
64.4719 -478.591 -816.792 -20.2732 0.238468 0.683027 -0.658988 -0.205772
64.5755 -480.175 -818.895 -20.3538 0.238103 0.683164 -0.659177 -0.205133
64.6791 -481.757 -821.002 -20.4356 0.237748 0.683459 -0.659189 -0.204524
64.7829 -483.34 -823.116 -20.5169 0.23746 0.683592 -0.659361 -0.203856
64.8865 -484.918 -825.23 -20.5991 0.237017 0.683834 -0.659429 -0.203339
64.9901 -486.493 -827.347 -20.6838 0.236511 0.684501 -0.659044 -0.202932
65.0937 -488.061 -829.464 -20.7707 0.235959 0.684979 -0.658852 -0.202585
65.1973 -489.632 -831.591 -20.858 0.234989 0.684903 -0.659205 -0.202822
65.301 -491.205 -833.723 -20.946 0.234564 0.685011 -0.659314 -0.202593
65.4047 -492.776 -835.854 -21.0341 0.234613 0.685087 -0.659429 -0.201905
65.5083 -494.345 -837.986 -21.1229 0.234528 0.685299 -0.65931 -0.201673
65.6121 -495.913 -840.12 -21.2121 0.234599 0.685342 -0.659249 -0.201641
65.7157 -497.485 -842.262 -21.3036 0.234491 0.686393 -0.65812 -0.201885
65.8194 -499.056 -844.404 -21.3978 0.234167 0.686493 -0.657954 -0.20246
65.923 -500.626 -846.544 -21.4944 0.233763 0.686606 -0.657796 -0.203058
66.0266 -502.196 -848.683 -21.5873 0.233308 0.686112 -0.658342 -0.203479
66.1303 -503.767 -850.821 -21.6791 0.233036 0.686367 -0.658204 -0.203378
66.2339 -505.343 -852.972 -21.7734 0.232779 0.687026 -0.657649 -0.203242
66.3375 -506.914 -855.115 -21.866 0.232365 0.686599 -0.658195 -0.20339
66.4411 -508.487 -857.262 -21.9564 0.232152 0.686138 -0.65878 -0.203296
66.5447 -510.061 -859.408 -22.0476 0.232686 0.686257 -0.658731 -0.20244
66.6483 -511.637 -861.557 -22.1402 0.23304 0.686934 -0.658074 -0.201873
66.7521 -513.214 -863.71 -22.2364 0.233401 0.687575 -0.657422 -0.201399
66.8557 -514.785 -865.859 -22.3343 0.233181 0.687848 -0.65721 -0.201411
66.9594 -516.355 -868.012 -22.4364 0.23293 0.688523 -0.656652 -0.201218
67.0631 -517.922 -870.157 -22.5359 0.232712 0.688212 -0.65719 -0.200777
67.1665 -519.484 -872.294 -22.6329 0.232775 0.687829 -0.657869 -0.199789
67.2702 -521.049 -874.442 -22.7299 0.232946 0.687721 -0.658333 -0.198427
67.3738 -522.608 -876.589 -22.8266 0.232779 0.688022 -0.6584 -0.197356
67.4774 -524.161 -878.737 -22.925 0.23248 0.688702 -0.658036 -0.19655
67.581 -525.706 -880.882 -23.0239 0.232212 0.689051 -0.657968 -0.195866
67.6848 -527.248 -883.032 -23.1254 0.2319 0.68956 -0.657753 -0.195169
67.7893 -528.796 -885.2 -23.2296 0.231203 0.689982 -0.657613 -0.194973
67.8921 -530.308 -887.324 -23.3297 0.230286 0.690076 -0.657823 -0.195019
67.9958 -531.831 -889.471 -23.4309 0.2296 0.690221 -0.657987 -0.194762
68.0995 -533.346 -891.609 -23.5326 0.22928 0.690464 -0.65801 -0.194201
68.2032 -534.862 -893.755 -23.6342 0.2289 0.690559 -0.658221 -0.193593
68.3068 -536.37 -895.895 -23.7341 0.22864 0.690402 -0.658649 -0.193003
68.4105 -537.873 -898.035 -23.8353 0.228341 0.690998 -0.658267 -0.192528
68.5142 -539.374 -900.174 -23.9414 0.228483 0.691307 -0.658127 -0.191726
68.6178 -540.866 -902.308 -24.0486 0.22805 0.691565 -0.658071 -0.191502
68.7217 -542.363 -904.456 -24.1589 0.227529 0.691839 -0.657984 -0.191435
68.8252 -543.848 -906.591 -24.2671 0.227085 0.691778 -0.658223 -0.191358
68.9288 -545.332 -908.727 -24.3729 0.226413 0.691828 -0.65833 -0.191604
69.0324 -546.814 -910.862 -24.4797 0.226076 0.691912 -0.658376 -0.191543
69.136 -548.292 -912.99 -24.5849 0.226067 0.691655 -0.65874 -0.191231
69.2395 -549.773 -915.123 -24.688 0.226107 0.691005 -0.659507 -0.19089
69.3432 -551.258 -917.262 -24.789 0.226323 0.691283 -0.659276 -0.190422
69.4467 -552.731 -919.401 -24.8947 0.226788 0.692282 -0.658296 -0.189631
69.5506 -554.202 -921.544 -25.014 0.226285 0.692725 -0.65789 -0.190023
69.6541 -555.662 -923.676 -25.1219 0.224605 0.690502 -0.660293 -0.191759
69.7576 -557.126 -925.807 -25.2101 0.22376 0.688946 -0.66195 -0.192629
69.8612 -558.595 -927.945 -25.3008 0.223683 0.690551 -0.660323 -0.192558
69.9648 -560.065 -930.086 -25.41 0.224389 0.692884 -0.657917 -0.191592
70.0685 -561.535 -932.226 -25.5299 0.224798 0.693549 -0.657261 -0.190956
70.172 -562.996 -934.354 -25.6517 0.22503 0.693308 -0.657602 -0.190383
70.2757 -564.466 -936.493 -25.7727 0.225213 0.693104 -0.657937 -0.18975
70.3794 -565.933 -938.633 -25.8923 0.225139 0.693605 -0.657552 -0.189341
70.483 -567.397 -940.772 -26.0141 0.224691 0.694135 -0.657168 -0.189264
70.5866 -568.859 -942.916 -26.1376 0.224289 0.694458 -0.656996 -0.189154
70.6902 -570.322 -945.057 -26.2601 0.223805 0.693692 -0.658038 -0.188915
70.794 -571.786 -947.205 -26.3816 0.223599 0.693641 -0.658312 -0.18839
70.8976 -573.248 -949.353 -26.5008 0.223491 0.693845 -0.658368 -0.187569
71.0013 -574.71 -951.508 -26.6208 0.223213 0.694053 -0.658383 -0.187078
71.1051 -576.166 -953.66 -26.7423 0.222898 0.69387 -0.658785 -0.186719
71.2087 -577.619 -955.815 -26.8617 0.222361 0.693887 -0.659023 -0.186452
71.3124 -579.075 -957.98 -26.9822 0.22199 0.694692 -0.658384 -0.186155
71.416 -580.526 -960.138 -27.0996 0.222002 0.694804 -0.65843 -0.185562
71.5198 -581.978 -962.302 -27.2201 0.221846 0.695566 -0.657821 -0.185053
71.6234 -583.425 -964.464 -27.3483 0.221948 0.697156 -0.656315 -0.184292
71.7271 -584.874 -966.637 -27.4845 0.22125 0.69818 -0.655415 -0.184456
71.8307 -586.315 -968.8 -27.6278 0.22082 0.698542 -0.655126 -0.184627
71.9345 -587.758 -970.963 -27.7662 0.22087 0.697575 -0.656181 -0.18448
72.0381 -589.204 -973.125 -27.8996 0.221608 0.69682 -0.656974 -0.183619
72.1418 -590.649 -975.288 -28.0299 0.222134 0.696625 -0.65716 -0.183058
72.2454 -592.093 -977.455 -28.1605 0.22187 0.696611 -0.657186 -0.183338
72.3492 -593.533 -979.625 -28.2919 0.220707 0.697169 -0.656638 -0.184584
72.4529 -594.976 -981.795 -28.424 0.220096 0.696672 -0.657129 -0.185438
72.5567 -596.421 -983.962 -28.5546 0.220533 0.696344 -0.657461 -0.184973
72.6603 -597.869 -986.127 -28.6843 0.221587 0.69659 -0.657184 -0.183765
72.7639 -599.318 -988.293 -28.8146 0.222188 0.696291 -0.657532 -0.182929
72.8676 -600.766 -990.462 -28.9454 0.222386 0.695879 -0.658005 -0.182557
72.9713 -602.212 -992.63 -29.0744 0.222402 0.695956 -0.657977 -0.182343
73.0749 -603.656 -994.799 -29.2036 0.222333 0.696195 -0.657817 -0.182091
73.1785 -605.096 -996.966 -29.3324 0.222037 0.696174 -0.65798 -0.181944
73.2822 -606.537 -999.138 -29.4585 0.221435 0.695833 -0.658501 -0.182097
73.3858 -607.973 -1001.3 -29.5812 0.221023 0.695818 -0.658667 -0.182052
73.4895 -609.408 -1003.47 -29.703 0.220927 0.696118 -0.658485 -0.181683
73.5931 -610.84 -1005.64 -29.8268 0.220861 0.696861 -0.657833 -0.181275
73.6967 -612.27 -1007.81 -29.9555 0.22059 0.697635 -0.657153 -0.181095
73.8003 -613.695 -1009.97 -30.0873 0.21998 0.698048 -0.656797 -0.181538
73.904 -615.119 -1012.14 -30.2178 0.219295 0.69737 -0.657618 -0.181995
74.0077 -616.538 -1014.3 -30.3449 0.218584 0.697014 -0.65811 -0.182438
74.1114 -617.959 -1016.46 -30.471 0.218744 0.697047 -0.658156 -0.181952
74.215 -619.381 -1018.62 -30.5983 0.219075 0.697231 -0.658028 -0.181312
74.3187 -620.801 -1020.77 -30.7231 0.219074 0.696854 -0.658506 -0.181024
74.4224 -622.217 -1022.92 -30.8452 0.219476 0.69677 -0.658611 -0.180479
74.526 -623.631 -1025.07 -30.9672 0.22004 0.697021 -0.658384 -0.179651
74.6297 -625.042 -1027.22 -31.0878 0.220592 0.696454 -0.659033 -0.178795
74.7333 -626.453 -1029.37 -31.2093 0.220663 0.696534 -0.659097 -0.178159
74.8371 -627.857 -1031.51 -31.3327 0.220241 0.697036 -0.658729 -0.178075
74.9407 -629.253 -1033.66 -31.4568 0.218719 0.697193 -0.658793 -0.179097
75.0443 -630.642 -1035.8 -31.5822 0.216894 0.697946 -0.658202 -0.18055
75.1479 -632.024 -1037.94 -31.707 0.215378 0.697899 -0.658461 -0.1816
75.2515 -633.411 -1040.09 -31.8281 0.214125 0.69745 -0.659166 -0.182247
75.3553 -634.799 -1042.23 -31.9467 0.21416 0.697227 -0.659627 -0.181393
75.4589 -636.185 -1044.37 -32.0646 0.214343 0.697709 -0.659372 -0.180246
75.5625 -637.568 -1046.51 -32.1865 0.214536 0.697985 -0.659346 -0.179037
75.6663 -638.946 -1048.66 -32.3105 0.214626 0.69821 -0.659341 -0.17807
75.7699 -640.317 -1050.8 -32.4317 0.213912 0.697662 -0.660155 -0.178058
75.8736 -641.685 -1052.94 -32.5472 0.213262 0.696979 -0.661055 -0.178173
75.9773 -643.052 -1055.08 -32.6596 0.213305 0.696671 -0.661536 -0.177542
76.0809 -644.417 -1057.23 -32.7743 0.213885 0.697476 -0.660883 -0.17611
76.1845 -645.784 -1059.37 -32.8986 0.214263 0.698832 -0.659589 -0.175122
76.2881 -647.144 -1061.53 -33.0293 0.213551 0.699348 -0.65926 -0.175169
76.3917 -648.492 -1063.67 -33.1614 0.211759 0.700046 -0.658716 -0.176599
76.4953 -649.838 -1065.82 -33.2906 0.210265 0.699995 -0.658893 -0.177921
76.5989 -651.185 -1067.97 -33.4162 0.209638 0.699814 -0.659177 -0.17832
76.7024 -652.535 -1070.11 -33.5383 0.209344 0.699289 -0.659815 -0.178368
76.806 -653.885 -1072.26 -33.6574 0.209549 0.698842 -0.660313 -0.17803
76.9096 -655.235 -1074.4 -33.7743 0.210008 0.698527 -0.660655 -0.177459
77.0134 -656.59 -1076.55 -33.8903 0.211097 0.698183 -0.660988 -0.176277
77.117 -657.941 -1078.69 -34.0047 0.211707 0.698244 -0.660948 -0.175449
77.2206 -659.293 -1080.84 -34.1249 0.211581 0.69923 -0.659966 -0.175372
77.3242 -660.639 -1082.99 -34.2479 0.211382 0.699161 -0.660097 -0.175396
77.4277 -661.981 -1085.13 -34.3671 0.211191 0.69798 -0.661503 -0.175033
77.5314 -663.328 -1087.27 -34.4808 0.211903 0.696703 -0.663014 -0.173534
77.6349 -664.669 -1089.41 -34.5871 0.211691 0.696316 -0.663754 -0.172516
77.7386 -666.014 -1091.57 -34.6943 0.211861 0.697119 -0.663089 -0.171619
77.8422 -667.347 -1093.72 -34.8058 0.211463 0.696481 -0.663954 -0.171356
77.9458 -668.678 -1095.88 -34.921 0.210583 0.698584 -0.661959 -0.171594
78.0495 -670.011 -1098.04 -35.047 0.210378 0.700201 -0.660372 -0.171371
78.1532 -671.341 -1100.19 -35.1798 0.210618 0.700567 -0.660118 -0.170559
78.2568 -672.673 -1102.35 -35.311 0.210304 0.699858 -0.661095 -0.170071
78.3604 -673.996 -1104.51 -35.4337 0.209698 0.698888 -0.662345 -0.169946
78.464 -675.317 -1106.67 -35.5487 0.209022 0.699026 -0.662435 -0.169859
78.5676 -676.637 -1108.83 -35.6655 0.208755 0.699409 -0.662227 -0.169424
78.6714 -677.958 -1110.99 -35.7854 0.20844 0.699637 -0.662194 -0.169
78.775 -679.272 -1113.16 -35.9047 0.208087 0.700171 -0.661826 -0.168663
78.8787 -680.587 -1115.33 -36.0266 0.207927 0.700726 -0.661416 -0.16816
78.9825 -681.896 -1117.49 -36.1483 0.207461 0.70069 -0.661645 -0.167986
79.0861 -683.201 -1119.66 -36.2686 0.207084 0.700187 -0.662368 -0.167699
79.1898 -684.512 -1121.84 -36.388 0.206541 0.700078 -0.662702 -0.167506
79.2936 -685.824 -1124.02 -36.5111 0.205906 0.700533 -0.662435 -0.16744
79.3972 -687.132 -1126.2 -36.6344 0.205626 0.700703 -0.662428 -0.167101
79.5009 -688.439 -1128.38 -36.7567 0.205442 0.700222 -0.663119 -0.166598
79.6047 -689.743 -1130.56 -36.8746 0.204686 0.699825 -0.663788 -0.166536
79.7083 -691.046 -1132.75 -36.9903 0.204109 0.699825 -0.664012 -0.16635
79.812 -692.35 -1134.95 -37.1027 0.203816 0.699558 -0.664465 -0.166025
79.9157 -693.654 -1137.14 -37.2124 0.203481 0.699354 -0.664869 -0.165679
80.0195 -694.955 -1139.34 -37.322 0.203322 0.699426 -0.664949 -0.165249
80.1231 -696.255 -1141.54 -37.4326 0.2031 0.699689 -0.664846 -0.164823
80.2268 -697.556 -1143.75 -37.5467 0.202723 0.699877 -0.664799 -0.164675
80.3305 -698.852 -1145.95 -37.6611 0.202249 0.700322 -0.66443 -0.164856
80.4341 -700.149 -1148.16 -37.7765 0.201803 0.700361 -0.664444 -0.165183
80.5378 -701.445 -1150.38 -37.8913 0.201396 0.700322 -0.664478 -0.165702
80.6414 -702.741 -1152.58 -38.0068 0.201544 0.700669 -0.664051 -0.165769
80.7452 -704.041 -1154.8 -38.1245 0.201793 0.70061 -0.664047 -0.165731
80.8488 -705.338 -1157.01 -38.2436 0.201884 0.70005 -0.664596 -0.165787
80.9524 -706.638 -1159.23 -38.3621 0.202238 0.700434 -0.664157 -0.165491
81.0561 -707.936 -1161.45 -38.4824 0.20268 0.700353 -0.664187 -0.165174
81.1598 -709.237 -1163.66 -38.6007 0.202833 0.699341 -0.665196 -0.165209
81.2634 -710.538 -1165.89 -38.717 0.203036 0.699566 -0.664923 -0.165111
81.367 -711.844 -1168.11 -38.8346 0.202933 0.700217 -0.664218 -0.165314
81.4706 -713.151 -1170.34 -38.9554 0.203039 0.700143 -0.66427 -0.165287
81.5742 -714.459 -1172.56 -39.0773 0.203168 0.699497 -0.664977 -0.165025
81.6778 -715.768 -1174.79 -39.1933 0.203207 0.69866 -0.665959 -0.164558
81.7841 -717.112 -1177.08 -39.3079 0.203281 0.699023 -0.665704 -0.163958
81.8852 -718.394 -1179.27 -39.4187 0.203266 0.699754 -0.66504 -0.163552
81.9889 -719.711 -1181.52 -39.5415 0.203476 0.701062 -0.663712 -0.163085
82.0924 -721.022 -1183.76 -39.6707 0.203489 0.701542 -0.663232 -0.162956
82.1966 -722.345 -1186.02 -39.8023 0.203072 0.701555 -0.663291 -0.163178
82.3 -723.659 -1188.27 -39.9327 0.202449 0.701103 -0.663847 -0.163632
82.4034 -724.974 -1190.52 -40.0602 0.20217 0.700845 -0.664193 -0.163678
82.507 -726.295 -1192.78 -40.1861 0.202105 0.700983 -0.664164 -0.163285
82.6111 -727.62 -1195.05 -40.3096 0.201842 0.700728 -0.664592 -0.162964
82.7141 -728.937 -1197.31 -40.4325 0.201573 0.700345 -0.665188 -0.162514
82.8177 -730.258 -1199.58 -40.5533 0.201351 0.699906 -0.665787 -0.162229
82.9215 -731.582 -1201.87 -40.672 0.201118 0.700101 -0.665759 -0.161784
83.025 -732.898 -1204.14 -40.79 0.20117 0.700525 -0.66545 -0.161159
83.1286 -734.213 -1206.42 -40.9064 0.200992 0.700534 -0.665573 -0.160835
83.2322 -735.534 -1208.71 -41.0256 0.200901 0.700795 -0.665417 -0.160456
83.3357 -736.846 -1210.99 -41.1444 0.200449 0.701285 -0.665056 -0.160374
83.4393 -738.159 -1213.28 -41.2651 0.200094 0.701249 -0.665261 -0.160126
83.5429 -739.476 -1215.58 -41.3833 0.200039 0.701329 -0.665351 -0.15947
83.6465 -740.79 -1217.87 -41.5024 0.199649 0.701191 -0.665776 -0.158792
83.75 -742.105 -1220.17 -41.6173 0.198927 0.700732 -0.666598 -0.15827
83.8536 -743.415 -1222.48 -41.7298 0.198131 0.700389 -0.66729 -0.157872
83.9572 -744.722 -1224.79 -41.8374 0.197458 0.699862 -0.668167 -0.157341
84.0607 -746.028 -1227.1 -41.9435 0.196938 0.699829 -0.668496 -0.15674
84.1644 -747.328 -1229.42 -42.0499 0.196556 0.700219 -0.66834 -0.156146
84.268 -748.631 -1231.74 -42.1583 0.195785 0.700685 -0.668071 -0.156173
84.3716 -749.929 -1234.07 -42.2696 0.195042 0.700411 -0.668492 -0.15653
84.4752 -751.227 -1236.41 -42.3792 0.194312 0.699906 -0.669166 -0.156815
84.5787 -752.52 -1238.73 -42.4843 0.193851 0.699523 -0.669696 -0.156831
84.6826 -753.823 -1241.08 -42.5865 0.193905 0.699179 -0.670155 -0.15634
84.7859 -755.12 -1243.42 -42.6865 0.193904 0.699368 -0.670077 -0.155829
84.8896 -756.419 -1245.77 -42.7869 0.193918 0.699544 -0.66998 -0.155437
84.9931 -757.718 -1248.12 -42.8875 0.193567 0.699785 -0.669863 -0.155292
85.0968 -759.014 -1250.48 -42.9908 0.193164 0.700233 -0.669534 -0.155194
85.2004 -760.312 -1252.84 -43.0976 0.192865 0.700652 -0.669227 -0.155
85.3041 -761.612 -1255.21 -43.2069 0.192611 0.701039 -0.668956 -0.154738
85.4077 -762.911 -1257.58 -43.3206 0.192822 0.701794 -0.668283 -0.153958
85.5114 -764.209 -1259.95 -43.4359 0.192818 0.701591 -0.668614 -0.15345
85.615 -765.502 -1262.32 -43.5478 0.192158 0.70059 -0.669807 -0.153645
85.7193 -766.807 -1264.72 -43.6518 0.191247 0.698771 -0.671856 -0.154118
85.8224 -768.095 -1267.08 -43.7395 0.190472 0.696591 -0.674267 -0.15442
85.9261 -769.393 -1269.47 -43.816 0.190174 0.696307 -0.674731 -0.154043
86.0298 -770.693 -1271.87 -43.8932 0.19029 0.697309 -0.673827 -0.153321
86.1334 -771.987 -1274.26 -43.9766 0.190018 0.697704 -0.673542 -0.153111
86.2372 -773.287 -1276.67 -44.0663 0.189941 0.698811 -0.672474 -0.152854
86.3409 -774.582 -1279.07 -44.159 0.189797 0.699502 -0.671834 -0.152689
86.4445 -775.876 -1281.48 -44.2525 0.189798 0.699653 -0.671759 -0.152323
86.5482 -777.171 -1283.89 -44.3466 0.189682 0.699723 -0.671774 -0.15208
86.6519 -778.462 -1286.29 -44.4388 0.189344 0.699387 -0.672243 -0.151972
86.7555 -779.752 -1288.7 -44.5285 0.188935 0.699094 -0.67266 -0.151986
86.8591 -781.041 -1291.1 -44.6141 0.188617 0.698505 -0.673362 -0.151981
86.9627 -782.328 -1293.51 -44.6961 0.1885 0.698213 -0.673774 -0.15164
87.0663 -783.615 -1295.92 -44.7763 0.188368 0.698557 -0.673521 -0.151345
87.17 -784.899 -1298.33 -44.8587 0.188031 0.698929 -0.673264 -0.15119
87.2736 -786.182 -1300.74 -44.9412 0.187802 0.698811 -0.673472 -0.151093
87.3772 -787.464 -1303.15 -45.0228 0.187603 0.698936 -0.673433 -0.150937
87.4808 -788.742 -1305.56 -45.1037 0.187487 0.698579 -0.673912 -0.150598
87.5843 -790.017 -1307.97 -45.1814 0.18723 0.698061 -0.674567 -0.150383
87.6879 -791.295 -1310.38 -45.2549 0.187042 0.697489 -0.675251 -0.150202
87.7915 -792.571 -1312.79 -45.3249 0.18685 0.697384 -0.675437 -0.150091
87.8951 -793.844 -1315.21 -45.3932 0.186504 0.697677 -0.675252 -0.149997
87.9987 -795.117 -1317.62 -45.4636 0.186414 0.698438 -0.674575 -0.149609
88.1023 -796.385 -1320.03 -45.5383 0.186677 0.698321 -0.674778 -0.14891
88.2059 -797.648 -1322.45 -45.6265 0.186453 0.697801 -0.675436 -0.148642
88.3095 -798.907 -1324.87 -45.7072 0.186092 0.697852 -0.675507 -0.148537
88.413 -800.172 -1327.29 -45.8007 0.18561 0.697973 -0.675478 -0.148699
88.5166 -801.429 -1329.71 -45.8666 0.185105 0.697668 -0.675905 -0.148823
88.6202 -802.689 -1332.12 -45.9201 0.184403 0.696788 -0.676941 -0.14911
88.7237 -803.95 -1334.54 -45.9696 0.184016 0.696214 -0.677616 -0.149197
88.8273 -805.211 -1336.96 -46.0154 0.183931 0.696514 -0.677401 -0.148884
88.9309 -806.469 -1339.38 -46.0642 0.184263 0.696951 -0.677016 -0.148175
89.0344 -807.723 -1341.8 -46.1147 0.18422 0.697378 -0.67666 -0.147845
89.138 -808.974 -1344.21 -46.1692 0.183706 0.69695 -0.677192 -0.148065
89.2416 -810.23 -1346.64 -46.2196 0.183109 0.696472 -0.677787 -0.148332
89.3453 -811.482 -1349.06 -46.2719 0.182872 0.696244 -0.678087 -0.148325
89.4489 -812.734 -1351.48 -46.3203 0.182707 0.695905 -0.678521 -0.148135
89.5525 -813.986 -1353.9 -46.366 0.182562 0.695965 -0.678563 -0.147841
89.6561 -815.233 -1356.32 -46.4117 0.182646 0.696295 -0.678308 -0.14735
89.7597 -816.481 -1358.74 -46.4585 0.182476 0.696588 -0.678116 -0.147058
89.8633 -817.723 -1361.16 -46.5073 0.182101 0.696562 -0.678248 -0.147039
89.9668 -818.961 -1363.57 -46.5568 0.181807 0.696666 -0.678229 -0.146997
90.0705 -820.197 -1365.98 -46.6048 0.181634 0.696318 -0.678674 -0.14681
90.174 -821.431 -1368.39 -46.653 0.181307 0.696514 -0.678583 -0.146701
90.2777 -822.664 -1370.8 -46.7006 0.18113 0.696467 -0.67871 -0.146556
90.3814 -823.893 -1373.21 -46.7497 0.180866 0.696328 -0.678959 -0.146392
90.485 -825.119 -1375.61 -46.7981 0.180742 0.696175 -0.679205 -0.146128
90.5888 -826.342 -1378.01 -46.8436 0.18068 0.695629 -0.679889 -0.145623
90.6924 -827.566 -1380.42 -46.8869 0.180441 0.695456 -0.680221 -0.145196
90.796 -828.785 -1382.83 -46.9262 0.179973 0.694984 -0.680878 -0.144958
90.8998 -830.003 -1385.24 -46.9624 0.179561 0.694797 -0.681208 -0.144816
91.0033 -831.216 -1387.65 -46.9943 0.17902 0.694315 -0.681834 -0.144849
91.1072 -832.428 -1390.06 -47.0234 0.178388 0.694369 -0.681931 -0.144916
91.2108 -833.64 -1392.47 -47.0518 0.17784 0.694538 -0.68189 -0.144969
91.3143 -834.847 -1394.88 -47.0789 0.177384 0.694812 -0.681754 -0.144857
91.4181 -836.055 -1397.3 -47.1078 0.177076 0.694821 -0.681893 -0.14453
91.5218 -837.259 -1399.71 -47.1356 0.176855 0.695131 -0.681732 -0.144075
91.6254 -838.459 -1402.12 -47.165 0.17664 0.695146 -0.68185 -0.143704
91.7291 -839.66 -1404.53 -47.1942 0.17665 0.694942 -0.682175 -0.143138
91.8329 -840.856 -1406.94 -47.2209 0.176529 0.694973 -0.682275 -0.142653
91.9365 -842.049 -1409.34 -47.2475 0.176534 0.695036 -0.682335 -0.142054
92.0403 -843.237 -1411.75 -47.2706 0.176176 0.694526 -0.683006 -0.141769
92.144 -844.42 -1414.15 -47.2926 0.17584 0.694287 -0.683391 -0.141499
92.2476 -845.603 -1416.55 -47.3126 0.175398 0.693958 -0.683874 -0.141328
92.3514 -846.782 -1418.94 -47.3287 0.175313 0.693518 -0.684455 -0.140785
92.455 -847.959 -1421.34 -47.342 0.175124 0.69346 -0.684655 -0.140332
92.5586 -849.132 -1423.74 -47.3582 0.174727 0.693804 -0.68443 -0.140224
92.6623 -850.304 -1426.14 -47.3743 0.174249 0.693701 -0.684628 -0.14036
92.7661 -851.474 -1428.54 -47.3911 0.173907 0.693527 -0.684898 -0.140328
92.8697 -852.643 -1430.94 -47.4061 0.173448 0.692993 -0.685531 -0.14044
92.9734 -853.81 -1433.34 -47.4164 0.172993 0.692512 -0.68613 -0.14045
93.0772 -854.975 -1435.73 -47.4214 0.172842 0.692384 -0.686347 -0.140204
93.1808 -856.139 -1438.13 -47.4235 0.17261 0.692466 -0.68637 -0.139974
93.2844 -857.302 -1440.54 -47.4265 0.172313 0.693079 -0.685846 -0.139879
93.3881 -858.462 -1442.94 -47.4324 0.171919 0.692993 -0.686021 -0.13993
93.4917 -859.618 -1445.33 -47.4389 0.171742 0.6927 -0.686406 -0.139708
93.5954 -860.771 -1447.72 -47.4462 0.171477 0.692942 -0.686296 -0.139372
93.699 -861.923 -1450.12 -47.452 0.171119 0.692961 -0.686383 -0.139288
93.8027 -863.071 -1452.51 -47.4564 0.17083 0.692863 -0.686558 -0.139265
93.9063 -864.213 -1454.9 -47.4595 0.170546 0.693089 -0.686422 -0.139164
94.0101 -865.354 -1457.29 -47.4646 0.170559 0.693418 -0.686169 -0.138756
94.1137 -866.49 -1459.67 -47.47 0.170554 0.693722 -0.685958 -0.138286
94.2174 -867.627 -1462.06 -47.474 0.170463 0.693921 -0.685854 -0.137916
94.321 -868.758 -1464.43 -47.4798 0.170471 0.693928 -0.685937 -0.137454
94.4247 -869.886 -1466.81 -47.476 0.170173 0.693885 -0.686088 -0.137289
94.5284 -871.014 -1469.18 -47.4669 0.169867 0.693985 -0.686076 -0.137224
94.632 -872.135 -1471.55 -47.4603 0.169449 0.693803 -0.686392 -0.137075
94.7358 -873.257 -1473.92 -47.4507 0.169334 0.693741 -0.686534 -0.13682
94.8394 -874.373 -1476.28 -47.4392 0.169055 0.693836 -0.686535 -0.136679
94.943 -875.485 -1478.64 -47.4268 0.168801 0.693947 -0.686521 -0.136499
95.0467 -876.593 -1481 -47.4248 0.168683 0.694134 -0.686391 -0.136347
95.1503 -877.695 -1483.35 -47.4259 0.168436 0.694259 -0.686282 -0.136567
95.254 -878.797 -1485.7 -47.4361 0.168378 0.694719 -0.685808 -0.136677
95.3577 -879.897 -1488.04 -47.448 0.168729 0.695033 -0.685446 -0.136468
95.4614 -880.993 -1490.38 -47.4567 0.168775 0.695163 -0.685299 -0.136489
95.565 -882.085 -1492.71 -47.468 0.168658 0.695365 -0.685109 -0.13656
95.6688 -883.175 -1495.04 -47.4788 0.168365 0.695121 -0.685385 -0.136773
95.7724 -884.261 -1497.36 -47.4916 0.168178 0.695141 -0.685393 -0.13686
95.8762 -885.346 -1499.69 -47.514 0.168106 0.6957 -0.684855 -0.136803
95.9798 -886.427 -1502 -47.5321 0.168386 0.695386 -0.685202 -0.136321
96.0833 -887.502 -1504.3 -47.544 0.1681 0.694704 -0.685993 -0.136171
96.1869 -888.579 -1506.61 -47.5539 0.168006 0.694948 -0.68584 -0.135814
96.2905 -889.652 -1508.91 -47.5655 0.168326 0.695496 -0.685369 -0.134986
96.3941 -890.723 -1511.22 -47.5803 0.168413 0.696061 -0.684875 -0.13447
96.4976 -891.787 -1513.51 -47.5975 0.16814 0.695625 -0.685415 -0.134318
96.6012 -892.849 -1515.8 -47.6112 0.168045 0.695264 -0.68586 -0.134033
96.7049 -893.91 -1518.1 -47.624 0.167764 0.69498 -0.686258 -0.133821
96.8084 -894.966 -1520.39 -47.6331 0.167464 0.695364 -0.685964 -0.133711
96.9119 -896.019 -1522.68 -47.646 0.167311 0.696062 -0.685353 -0.133403
97.0155 -897.07 -1524.96 -47.6674 0.167217 0.696406 -0.68508 -0.133126
97.1192 -898.117 -1527.24 -47.6871 0.166887 0.696743 -0.684848 -0.13297
97.2228 -899.162 -1529.52 -47.7052 0.166726 0.696615 -0.685069 -0.132706
97.3264 -900.202 -1531.8 -47.7202 0.166357 0.695655 -0.686146 -0.132638
97.43 -901.24 -1534.07 -47.7313 0.166024 0.6948 -0.687126 -0.132465
97.5336 -902.274 -1536.34 -47.7382 0.165729 0.695385 -0.686655 -0.132206
97.6372 -903.306 -1538.6 -47.7508 0.165541 0.696381 -0.685745 -0.131921
97.7409 -904.335 -1540.87 -47.7693 0.165457 0.697689 -0.684511 -0.131526
97.8445 -905.358 -1543.13 -47.7935 0.165342 0.697863 -0.684419 -0.131227
97.9483 -906.379 -1545.39 -47.8168 0.164857 0.697391 -0.684992 -0.131353
98.0518 -907.394 -1547.64 -47.8334 0.164364 0.696753 -0.685775 -0.131272
98.1554 -908.407 -1549.88 -47.8479 0.164603 0.696517 -0.686105 -0.1305
98.2592 -909.42 -1552.13 -47.8603 0.164536 0.696859 -0.68587 -0.12999
98.3628 -910.425 -1554.37 -47.8727 0.163973 0.697336 -0.685476 -0.130226
98.4664 -911.427 -1556.61 -47.8877 0.163766 0.697801 -0.68499 -0.130548
98.5701 -912.427 -1558.84 -47.9047 0.163595 0.698027 -0.684697 -0.131094
98.6738 -913.426 -1561.07 -47.9262 0.163792 0.698702 -0.683886 -0.131486
98.7774 -914.426 -1563.29 -47.95 0.164286 0.698661 -0.683788 -0.131595
98.881 -915.426 -1565.51 -47.974 0.164621 0.698216 -0.684116 -0.131829
98.9846 -916.424 -1567.72 -47.9971 0.164622 0.697907 -0.684327 -0.132372
99.0882 -917.422 -1569.92 -48.0199 0.164822 0.697976 -0.684155 -0.132645
99.1918 -918.423 -1572.13 -48.0438 0.164869 0.697934 -0.684108 -0.13305
99.2956 -919.426 -1574.33 -48.068 0.165191 0.698281 -0.683644 -0.133213
99.3992 -920.429 -1576.53 -48.093 0.165675 0.697982 -0.683828 -0.133239
99.5028 -921.431 -1578.72 -48.1192 0.165873 0.697662 -0.684062 -0.133466
99.6064 -922.432 -1580.91 -48.1431 0.166101 0.697504 -0.68411 -0.133763
99.7101 -923.439 -1583.11 -48.1661 0.166646 0.697417 -0.684055 -0.133821
99.8138 -924.444 -1585.29 -48.1891 0.167113 0.697352 -0.683933 -0.134196
99.9174 -925.449 -1587.48 -48.2116 0.167565 0.697642 -0.683364 -0.135025
100.021 -926.457 -1589.66 -48.2364 0.168225 0.697896 -0.682726 -0.136116
100.125 -927.467 -1591.82 -48.2626 0.168811 0.698068 -0.68214 -0.137439
100.228 -928.484 -1594 -48.2902 0.169697 0.698152 -0.681632 -0.138432
100.332 -929.503 -1596.16 -48.3194 0.170796 0.698044 -0.681309 -0.139215
100.436 -930.526 -1598.31 -48.3491 0.171645 0.697938 -0.681012 -0.140156
100.539 -931.552 -1600.46 -48.378 0.172267 0.697655 -0.680875 -0.141461
100.643 -932.581 -1602.59 -48.4055 0.173061 0.697353 -0.680708 -0.142778
100.747 -933.615 -1604.73 -48.4341 0.173908 0.697143 -0.680412 -0.144178
100.85 -934.654 -1606.85 -48.4614 0.175109 0.697245 -0.679785 -0.145183
100.954 -935.699 -1608.97 -48.492 0.176514 0.697277 -0.679324 -0.145489
101.058 -936.747 -1611.08 -48.5262 0.177532 0.69756 -0.678645 -0.146061
101.161 -937.795 -1613.18 -48.5611 0.178322 0.697322 -0.678518 -0.146819
101.265 -938.849 -1615.28 -48.597 0.178892 0.697132 -0.678367 -0.147726
101.369 -939.903 -1617.36 -48.6333 0.179483 0.697021 -0.678138 -0.14858
101.472 -940.961 -1619.45 -48.6701 0.180302 0.697245 -0.677575 -0.149106
101.576 -942.017 -1621.51 -48.7077 0.181138 0.696696 -0.677912 -0.149128
101.68 -943.08 -1623.58 -48.7455 0.182084 0.696561 -0.677901 -0.148653
101.783 -944.139 -1625.64 -48.7811 0.182672 0.696153 -0.678202 -0.148471
101.887 -945.195 -1627.69 -48.8136 0.182805 0.695363 -0.678877 -0.148924
101.99 -946.249 -1629.74 -48.8434 0.182469 0.695064 -0.679091 -0.149756
102.094 -947.302 -1631.78 -48.8718 0.182505 0.694953 -0.679096 -0.150203
102.198 -948.357 -1633.82 -48.8979 0.182769 0.694786 -0.679164 -0.15035
102.301 -949.409 -1635.85 -48.9225 0.183088 0.694284 -0.679579 -0.1504
102.405 -950.462 -1637.88 -48.9471 0.183303 0.69461 -0.679205 -0.150326
102.509 -951.509 -1639.9 -48.9746 0.183269 0.695048 -0.67875 -0.150394
102.612 -952.551 -1641.91 -49.0026 0.183144 0.694647 -0.679199 -0.150371
102.716 -953.598 -1643.92 -49.0308 0.18305 0.694914 -0.679015 -0.150085
102.82 -954.636 -1645.93 -49.0612 0.182308 0.69556 -0.678573 -0.149993
102.923 -955.672 -1647.93 -49.0936 0.182556 0.696217 -0.678065 -0.148941
103.027 -956.703 -1649.93 -49.1307 0.182539 0.697574 -0.67698 -0.14754
103.13 -957.723 -1651.93 -49.1778 0.182207 0.698529 -0.676319 -0.146462
103.234 -958.739 -1653.92 -49.2277 0.181266 0.698883 -0.676253 -0.146242
103.338 -959.743 -1655.91 -49.274 0.179387 0.698134 -0.67743 -0.146689
103.442 -960.745 -1657.89 -49.3106 0.17928 0.695324 -0.680662 -0.145198
103.545 -961.741 -1659.87 -49.3367 0.17883 0.694396 -0.682069 -0.143583
103.649 -962.732 -1661.86 -49.3637 0.178588 0.696019 -0.680892 -0.141597
103.753 -963.714 -1663.84 -49.3984 0.177743 0.696748 -0.680665 -0.140161
103.856 -964.686 -1665.83 -49.4388 0.176713 0.697857 -0.679981 -0.139262
103.96 -965.652 -1667.83 -49.4812 0.175622 0.698822 -0.679382 -0.138729
104.064 -966.61 -1669.81 -49.5242 0.175041 0.69878 -0.679724 -0.137995
104.167 -967.565 -1671.8 -49.5646 0.175066 0.698489 -0.680259 -0.136792
104.271 -968.517 -1673.79 -49.606 0.174785 0.699298 -0.679709 -0.135746
104.375 -969.464 -1675.78 -49.6513 0.173687 0.699665 -0.679601 -0.135808
104.478 -970.398 -1677.76 -49.6965 0.17268 0.699912 -0.679482 -0.136416
104.582 -971.331 -1679.74 -49.74 0.171872 0.699711 -0.679766 -0.137051
104.686 -972.264 -1681.72 -49.7818 0.171027 0.699921 -0.679659 -0.137563
104.789 -973.196 -1683.7 -49.8233 0.170624 0.70025 -0.679393 -0.137704
104.893 -974.129 -1685.68 -49.8656 0.170533 0.700564 -0.6791 -0.137666
104.997 -975.06 -1687.66 -49.909 0.170843 0.700447 -0.679208 -0.13734
105.1 -975.985 -1689.62 -49.9526 0.170658 0.700472 -0.679202 -0.137474
105.204 -976.911 -1691.58 -49.9958 0.170672 0.700298 -0.679373 -0.1375
105.308 -977.834 -1693.55 -50.0378 0.170614 0.700031 -0.67964 -0.137612
105.411 -978.758 -1695.51 -50.0783 0.170826 0.700107 -0.679579 -0.137265
105.515 -979.679 -1697.46 -50.1202 0.170997 0.700505 -0.679241 -0.136694
105.619 -980.599 -1699.42 -50.1651 0.171165 0.701088 -0.678734 -0.136006
105.723 -981.52 -1701.38 -50.2114 0.170834 0.701047 -0.678895 -0.135832
105.826 -982.431 -1703.32 -50.2583 0.171022 0.701341 -0.67866 -0.135253
105.93 -983.335 -1705.26 -50.3057 0.170152 0.701673 -0.678508 -0.135392
106.034 -984.244 -1707.21 -50.3551 0.169952 0.701882 -0.678412 -0.13504
106.137 -985.145 -1709.14 -50.406 0.169803 0.702376 -0.678098 -0.134233
106.241 -986.044 -1711.08 -50.4568 0.169563 0.701786 -0.67895 -0.133314
106.344 -986.939 -1713.01 -50.5041 0.16921 0.70075 -0.680281 -0.132423
106.448 -987.831 -1714.95 -50.5462 0.168423 0.70058 -0.680731 -0.132011
106.552 -988.714 -1716.88 -50.5893 0.167813 0.701948 -0.679578 -0.131459
106.656 -989.593 -1718.81 -50.6389 0.166768 0.703128 -0.67862 -0.131432
106.759 -990.467 -1720.75 -50.6922 0.165793 0.703638 -0.678342 -0.131373
106.863 -991.337 -1722.68 -50.7471 0.165107 0.704355 -0.677843 -0.130965
106.967 -992.204 -1724.61 -50.8039 0.164597 0.704665 -0.677752 -0.13041
107.071 -993.063 -1726.53 -50.8588 0.163761 0.704186 -0.678495 -0.130193
107.174 -993.918 -1728.44 -50.9131 0.163437 0.704615 -0.678235 -0.129625
107.278 -994.774 -1730.37 -50.9695 0.163402 0.705429 -0.677535 -0.1289
107.382 -995.616 -1732.26 -51.0212 0.16276 0.704446 -0.678688 -0.129029
107.485 -996.458 -1734.16 -51.0717 0.162683 0.704296 -0.678927 -0.128682
107.589 -997.293 -1736.04 -51.122 0.16364 0.704095 -0.679154 -0.127367
107.693 -998.126 -1737.92 -51.1702 0.164423 0.703931 -0.679322 -0.126359
107.796 -998.953 -1739.78 -51.2185 0.1655 0.704458 -0.678701 -0.125353
107.9 -999.774 -1741.63 -51.2688 0.16612 0.704846 -0.678218 -0.124966
108.004 -1000.59 -1743.47 -51.3225 0.165919 0.70505 -0.677957 -0.1255
108.107 -1001.4 -1745.31 -51.3757 0.16533 0.704987 -0.677976 -0.126522
108.212 -1002.2 -1747.15 -51.4477 0.164514 0.704744 -0.67817 -0.127894
108.315 -1002.99 -1748.97 -51.5081 0.164082 0.704707 -0.678121 -0.12891
108.419 -1003.79 -1750.78 -51.56 0.16394 0.704917 -0.677823 -0.129507
108.522 -1004.59 -1752.59 -51.6063 0.164245 0.705346 -0.677262 -0.129714
108.626 -1005.38 -1754.39 -51.6539 0.164232 0.705656 -0.676837 -0.130269
108.73 -1006.16 -1756.19 -51.7058 0.164144 0.706154 -0.676177 -0.131103
108.833 -1006.96 -1757.97 -51.7626 0.164488 0.706768 -0.675305 -0.131853
108.937 -1007.75 -1759.75 -51.8231 0.165037 0.706982 -0.674855 -0.132325
109.041 -1008.54 -1761.51 -51.8834 0.166116 0.706855 -0.674767 -0.132105
109.145 -1009.34 -1763.26 -51.9529 0.167605 0.707055 -0.674328 -0.131389
109.248 -1010.12 -1765 -52.0104 0.169251 0.707139 -0.674008 -0.130464
109.352 -1010.91 -1766.72 -52.0706 0.170829 0.706666 -0.674266 -0.129638
109.456 -1011.69 -1768.42 -52.129 0.172389 0.705849 -0.67485 -0.12898
109.559 -1012.47 -1770.11 -52.1861 0.173815 0.705586 -0.674878 -0.128362
109.663 -1013.24 -1771.79 -52.2429 0.175427 0.705249 -0.674949 -0.12764
109.767 -1014.01 -1773.45 -52.3003 0.177037 0.704618 -0.675282 -0.127144
109.87 -1014.78 -1775.1 -52.3576 0.178519 0.704086 -0.675526 -0.126718
109.974 -1015.55 -1776.73 -52.4143 0.18003 0.703675 -0.675563 -0.126667
110.078 -1016.32 -1778.35 -52.4713 0.181687 0.703384 -0.675426 -0.126649
110.181 -1017.08 -1779.95 -52.5286 0.183674 0.703132 -0.675206 -0.126359
110.285 -1017.84 -1781.54 -52.5861 0.185629 0.702647 -0.675228 -0.126083
110.389 -1018.6 -1783.1 -52.6425 0.187571 0.702229 -0.675158 -0.12591
110.492 -1019.35 -1784.65 -52.698 0.189404 0.701624 -0.675137 -0.126648
110.596 -1020.1 -1786.18 -52.7544 0.191384 0.701397 -0.674532 -0.128146
110.7 -1020.85 -1787.69 -52.8114 0.193905 0.701235 -0.673643 -0.129909
110.804 -1021.6 -1789.18 -52.8701 0.196813 0.700801 -0.672871 -0.131859
110.907 -1022.36 -1790.64 -52.9287 0.199679 0.700062 -0.672293 -0.134397
111.011 -1023.12 -1792.09 -52.9876 0.202481 0.69935 -0.671461 -0.138027
111.115 -1023.88 -1793.51 -53.0449 0.205898 0.698218 -0.670652 -0.142557
111.218 -1024.67 -1794.92 -53.1041 0.210288 0.696904 -0.669567 -0.147594
111.322 -1025.47 -1796.31 -53.1625 0.215711 0.695414 -0.668295 -0.152478
111.426 -1026.27 -1797.65 -53.2256 0.221833 0.69396 -0.666707 -0.157198
111.53 -1027.1 -1798.99 -53.2864 0.228499 0.692137 -0.665264 -0.161736
111.633 -1027.96 -1800.3 -53.3495 0.234971 0.690556 -0.663434 -0.166662
111.737 -1028.81 -1801.57 -53.4186 0.241936 0.688607 -0.661645 -0.171793
111.841 -1029.7 -1802.85 -53.4875 0.248451 0.686825 -0.659501 -0.177767
111.944 -1030.59 -1804.07 -53.5569 0.255132 0.68427 -0.657879 -0.184058
112.048 -1031.53 -1805.3 -53.6278 0.262214 0.681554 -0.656064 -0.190546
112.152 -1032.48 -1806.51 -53.702 0.269917 0.680053 -0.652607 -0.196918
112.256 -1033.44 -1807.66 -53.7813 0.277905 0.677652 -0.649687 -0.203624
112.359 -1034.44 -1808.82 -53.8637 0.28568 0.675201 -0.646542 -0.210888
112.463 -1035.47 -1809.96 -53.9489 0.293088 0.672723 -0.643213 -0.218677
112.567 -1036.49 -1811.03 -54.0316 0.300703 0.669401 -0.640366 -0.22674
112.67 -1037.56 -1812.12 -54.1192 0.308407 0.665957 -0.637244 -0.235171
112.774 -1038.63 -1813.13 -54.2074 0.316726 0.662796 -0.633359 -0.243399
112.878 -1039.76 -1814.16 -54.2975 0.325712 0.659664 -0.628961 -0.251322
112.982 -1040.92 -1815.17 -54.3936 0.334687 0.656949 -0.623922 -0.259082
113.085 -1042.06 -1816.08 -54.4943 0.343312 0.654192 -0.618649 -0.267288
113.189 -1043.27 -1817.03 -54.5985 0.352322 0.649596 -0.614909 -0.275283
113.293 -1044.48 -1817.93 -54.7047 0.360209 0.644615 -0.611502 -0.284228
113.397 -1045.69 -1818.74 -54.8101 0.368541 0.639729 -0.607764 -0.292485
113.5 -1046.96 -1819.59 -54.916 0.37683 0.635052 -0.603436 -0.300956
113.604 -1048.21 -1820.33 -55.0225 0.385466 0.630335 -0.598706 -0.309266
113.708 -1049.52 -1821.1 -55.131 0.394304 0.626053 -0.593141 -0.317436
113.811 -1050.85 -1821.84 -55.2436 0.40298 0.621236 -0.587667 -0.326069
113.915 -1052.15 -1822.46 -55.3559 0.411566 0.615605 -0.582624 -0.334952
114.019 -1053.52 -1823.12 -55.4713 0.420218 0.609601 -0.577706 -0.343598
114.122 -1054.9 -1823.74 -55.586 0.428798 0.603916 -0.572361 -0.351882
114.226 -1056.26 -1824.26 -55.7036 0.437506 0.598828 -0.566103 -0.359889
114.33 -1057.67 -1824.8 -55.8236 0.445816 0.593782 -0.559542 -0.368216
114.434 -1059.06 -1825.23 -55.9407 0.453676 0.588223 -0.553272 -0.376912
114.537 -1060.49 -1825.69 -56.0666 0.461144 0.582193 -0.547495 -0.385548
114.641 -1061.93 -1826.1 -56.1903 0.468745 0.576332 -0.541565 -0.39348
114.745 -1063.36 -1826.42 -56.3163 0.476913 0.57054 -0.535391 -0.400493
114.848 -1064.82 -1826.76 -56.444 0.484349 0.564612 -0.52919 -0.40814
114.952 -1066.3 -1827.05 -56.5732 0.492034 0.558264 -0.523241 -0.415287
115.056 -1067.74 -1827.25 -56.7028 0.49939 0.55231 -0.516734 -0.422552
115.159 -1069.23 -1827.46 -56.8352 0.506313 0.54598 -0.510353 -0.430223
115.263 -1070.73 -1827.64 -56.9688 0.513412 0.539053 -0.50436 -0.437551
115.367 -1072.19 -1827.72 -57.0995 0.520045 0.532751 -0.498027 -0.444634
115.47 -1073.69 -1827.81 -57.2322 0.526658 0.526134 -0.492095 -0.451283
115.574 -1075.15 -1827.81 -57.3658 0.533294 0.519769 -0.485879 -0.457558
115.678 -1076.66 -1827.83 -57.4993 0.53986 0.513626 -0.479254 -0.463739
115.782 -1078.17 -1827.81 -57.6359 0.546074 0.50717 -0.472788 -0.470163
115.885 -1079.64 -1827.7 -57.7698 0.552078 0.50037 -0.466412 -0.47676
115.989 -1081.14 -1827.6 -57.9077 0.557626 0.493401 -0.459937 -0.483804
116.093 -1082.64 -1827.47 -58.044 0.563076 0.4857 -0.453742 -0.491079
116.196 -1084.11 -1827.23 -58.1719 0.568616 0.478368 -0.446885 -0.49813
116.3 -1085.61 -1827.02 -58.3023 -0.574383 -0.471595 0.439038 0.504904
116.403 -1087.07 -1826.7 -58.4359 -0.580718 -0.46435 0.431268 0.511031
116.507 -1088.57 -1826.41 -58.5661 -0.58724 -0.457564 0.422822 0.516726
116.611 -1090.06 -1826.08 -58.7032 -0.593332 -0.450005 0.414804 0.522868
116.715 -1091.49 -1825.63 -58.8338 -0.598626 -0.441515 0.407413 0.529836
116.818 -1092.95 -1825.21 -58.9696 -0.604115 -0.433265 0.399708 0.536246
116.922 -1094.41 -1824.76 -59.102 -0.609832 -0.425454 0.391509 0.542047
117.026 -1095.81 -1824.18 -59.2354 -0.615696 -0.417305 0.383189 0.547669
117.129 -1097.24 -1823.64 -59.3685 -0.621232 -0.409109 0.374575 0.553528
117.233 -1098.65 -1823.06 -59.4951 -0.626556 -0.400535 0.365799 0.559635
117.337 -1099.99 -1822.36 -59.6068 -0.631625 -0.391464 0.35719 0.565881
117.44 -1101.36 -1821.68 -59.7205 -0.636792 -0.382669 0.347951 0.571831
117.544 -1102.66 -1820.89 -59.8423 -0.641921 -0.373504 0.338763 0.577643
117.648 -1103.99 -1820.14 -59.9436 -0.646778 -0.36466 0.329231 0.58336
117.752 -1105.31 -1819.35 -60.0521 -0.651836 -0.355397 0.320059 0.588528
117.855 -1106.54 -1818.45 -60.1596 -0.656793 -0.346264 0.310664 0.593475
117.959 -1107.8 -1817.59 -60.2709 -0.661417 -0.337071 0.301154 0.598512
118.063 -1109.03 -1816.69 -60.3834 -0.6658 -0.327291 0.291976 0.603607
118.167 -1110.18 -1815.69 -60.4913 -0.669961 -0.317874 0.282366 0.608587
118.27 -1111.35 -1814.72 -60.6023 -0.673703 -0.308066 0.272947 0.613775
118.374 -1112.44 -1813.65 -60.7122 -0.677877 -0.298224 0.263384 0.618202
118.477 -1113.55 -1812.61 -60.8208 -0.682143 -0.288789 0.253394 0.622152
118.581 -1114.63 -1811.55 -60.9301 -0.685742 -0.278738 0.243577 0.626685
118.685 -1115.62 -1810.38 -61.0359 -0.689018 -0.268682 0.23365 0.631246
118.788 -1116.63 -1809.25 -61.1442 -0.69188 -0.258337 0.224198 0.635846
118.892 -1117.61 -1808.09 -61.2488 -0.694546 -0.248258 0.21467 0.640227
118.996 -1118.51 -1806.82 -61.349 -0.697471 -0.238436 0.205057 0.643921
119.1 -1119.41 -1805.6 -61.4484 -0.700498 -0.228862 0.195351 0.647119
119.203 -1120.25 -1804.28 -61.5468 -0.703593 -0.219545 0.185409 0.649907
119.307 -1121.09 -1803.01 -61.6458 -0.705913 -0.209893 0.17597 0.653197
119.41 -1121.89 -1801.71 -61.7435 -0.707751 -0.200586 0.166458 0.656617
119.514 -1122.62 -1800.31 -61.8391 -0.710086 -0.191157 0.157496 0.659114
119.618 -1123.36 -1798.96 -61.9342 -0.712108 -0.182004 0.148817 0.661536
119.721 -1124.06 -1797.58 -62.0292 -0.713896 -0.172783 0.140636 0.663867
119.825 -1124.69 -1796.12 -62.1173 -0.715172 -0.163584 0.132684 0.666457
119.929 -1125.32 -1794.7 -62.2073 -0.716509 -0.155308 0.124178 0.668636
120.032 -1125.93 -1793.25 -62.2953 -0.718529 -0.147027 0.115759 0.66985
120.136 -1126.47 -1791.74 -62.3852 -0.719955 -0.139624 0.106765 0.671395
120.24 -1127 -1790.26 -62.4743 -0.720423 -0.131055 0.0994803 0.673735
120.343 -1127.48 -1788.72 -62.5609 -0.721311 -0.12359 0.091983 0.675259
120.447 -1127.95 -1787.19 -62.6448 -0.722332 -0.116346 0.085126 0.676354
120.551 -1128.4 -1785.65 -62.7281 -0.723156 -0.109108 0.0790693 0.677413
120.654 -1128.79 -1784.07 -62.8087 -0.723924 -0.102677 0.0733674 0.67824
120.758 -1129.18 -1782.51 -62.8908 -0.724073 -0.0964101 0.0684834 0.67951
120.862 -1129.54 -1780.92 -62.9707 -0.72404 -0.0904449 0.0640211 0.680799
120.965 -1129.87 -1779.31 -63.0473 -0.724122 -0.0850251 0.0596485 0.681807
121.069 -1130.19 -1777.7 -63.1223 -0.724557 -0.079909 0.0555034 0.682313
121.172 -1130.49 -1776.08 -63.195 -0.724644 -0.0753742 0.0513319 0.683063
121.276 -1130.77 -1774.44 -63.2674 -0.724898 -0.071049 0.0472929 0.683548
121.38 -1131.04 -1772.8 -63.3392 -0.72487 -0.0675919 0.0429533 0.684215
121.483 -1131.28 -1771.14 -63.4117 -0.725159 -0.0640159 0.0392846 0.684473
121.587 -1131.52 -1769.48 -63.4836 -0.725831 -0.0609431 0.036409 0.6842
121.691 -1131.74 -1767.8 -63.558 -0.726438 -0.0582953 0.0343739 0.683892
121.794 -1131.95 -1766.11 -63.6322 -0.726417 -0.0559479 0.0329008 0.684183
121.898 -1132.15 -1764.43 -63.706 -0.726654 -0.0540304 0.0310011 0.684173
122.002 -1132.35 -1762.74 -63.7787 -0.726893 -0.0522476 0.0288825 0.684151
122.105 -1132.53 -1761.05 -63.8511 -0.726992 -0.0507938 0.0267792 0.684241
122.209 -1132.71 -1759.35 -63.9228 -0.727101 -0.0494833 0.0251067 0.684285
122.313 -1132.89 -1757.66 -63.9948 -0.727403 -0.0483977 0.02367 0.684093
122.416 -1133.05 -1755.96 -64.0668 -0.727442 -0.0473514 0.0225729 0.684161
122.52 -1133.21 -1754.26 -64.1379 -0.727317 -0.0462823 0.0218116 0.684392
122.624 -1133.37 -1752.56 -64.2082 -0.726997 -0.0455566 0.0210216 0.684806
122.727 -1133.52 -1750.86 -64.2789 -0.727111 -0.0447406 0.0206112 0.68475
122.831 -1133.67 -1749.16 -64.3481 -0.727086 -0.0442278 0.0200586 0.684827
122.935 -1133.82 -1747.46 -64.4172 -0.726984 -0.0438384 0.0195094 0.684976
123.038 -1133.96 -1745.76 -64.4864 -0.727004 -0.0433231 0.0191706 0.684997
123.142 -1134.11 -1744.05 -64.5566 -0.727504 -0.0428409 0.0187987 0.684507
123.246 -1134.25 -1742.34 -64.6286 -0.727667 -0.0425208 0.0184316 0.684363
123.349 -1134.39 -1740.64 -64.7018 -0.728002 -0.0421186 0.0179235 0.684046
123.453 -1134.53 -1738.93 -64.7756 -0.728113 -0.0417887 0.0173484 0.683963
123.557 -1134.67 -1737.22 -64.8495 -0.727848 -0.0414794 0.016755 0.684278
123.66 -1134.8 -1735.52 -64.922 -0.727582 -0.0411384 0.0162938 0.684592
123.764 -1134.93 -1733.81 -64.9947 -0.728071 -0.0406492 0.0159357 0.684109
123.868 -1135.06 -1732.11 -65.0658 -0.728385 -0.0404544 0.0151934 0.683804
123.971 -1135.19 -1730.43 -65.1367 -0.728332 -0.0399525 0.0146773 0.683901
124.075 -1135.32 -1728.75 -65.2051 -0.727566 -0.0399924 0.0138472 0.684731
124.179 -1135.44 -1727.07 -65.2717 -0.7269 -0.0395235 0.0132118 0.685478
124.282 -1135.56 -1725.4 -65.3348 -0.726439 -0.0389922 0.0126633 0.686007
124.386 -1135.68 -1723.74 -65.3948 -0.725986 -0.0383374 0.0121312 0.686533
124.49 -1135.79 -1722.08 -65.4527 -0.725878 -0.0374167 0.0114169 0.68671
124.593 -1135.89 -1720.43 -65.5124 -0.726311 -0.035987 0.0102348 0.686347
124.697 -1135.99 -1718.79 -65.5695 -0.726621 -0.0346621 0.00802533 0.686117
124.801 -1136.09 -1717.16 -65.6247 -0.726376 -0.0326883 0.00540689 0.686498
124.905 -1136.16 -1715.54 -65.6795 -0.726419 -0.0302863 0.00213061 0.686581
125.008 -1136.22 -1713.93 -65.732 -0.726134 -0.0273081 -0.0014107 0.687009
125.112 -1136.27 -1712.34 -65.7823 -0.726033 -0.0234962 -0.00496635 0.68724
125.216 -1136.3 -1710.75 -65.8327 -0.726304 -0.0197402 -0.00945239 0.687025
125.319 -1136.31 -1709.18 -65.8801 -0.726353 -0.0153942 -0.0147698 0.686991
125.423 -1136.29 -1707.61 -65.9272 -0.72621 -0.0102584 -0.0204947 0.687091
125.527 -1136.25 -1706.08 -65.9713 -0.725754 -0.00461014 -0.0267003 0.687421
125.631 -1136.19 -1704.56 -66.0123 -0.724696 0.0016355 -0.0332139 0.688266
125.734 -1136.08 -1703.03 -66.0478 -0.723736 0.00860455 -0.0400878 0.688858
125.838 -1135.97 -1701.55 -66.0812 -0.722696 0.0159721 -0.0473039 0.68936
125.942 -1135.82 -1700.08 -66.1104 -0.721796 0.0239001 -0.0547375 0.689524
126.046 -1135.61 -1698.59 -66.1365 -0.721318 0.0321587 -0.0626621 0.689014
126.149 -1135.4 -1697.16 -66.1621 -0.720288 0.0412299 -0.0711242 0.688787
126.253 -1135.1 -1695.67 -66.1865 -0.718602 0.0505212 -0.0806636 0.688877
126.357 -1134.79 -1694.24 -66.2104 -0.717009 0.06051 -0.0903182 0.688534
126.461 -1134.47 -1692.83 -66.218 -0.714898 0.0711517 -0.0998335 0.688398
126.564 -1134.07 -1691.37 -66.2073 -0.712388 0.0825342 -0.108794 0.688371
126.668 -1133.67 -1689.99 -66.1959 -0.710143 0.0932841 -0.118565 0.687705
126.772 -1133.23 -1688.62 -66.1712 -0.707893 0.104865 -0.12811 0.686644
126.876 -1132.69 -1687.2 -66.1439 -0.705795 0.11633 -0.138458 0.684946
126.979 -1132.17 -1685.87 -66.0964 -0.703604 0.12809 -0.149348 0.68281
127.083 -1131.54 -1684.48 -66.0623 -0.700927 0.140188 -0.160914 0.680555
127.187 -1130.94 -1683.2 -66.0178 -0.697552 0.152068 -0.173272 0.678434
127.29 -1130.28 -1681.96 -65.9845 -0.693235 0.16431 -0.185496 0.67677
127.394 -1129.52 -1680.64 -65.9424 -0.688653 0.176566 -0.197547 0.674949
127.498 -1128.78 -1679.46 -65.9076 -0.684976 0.18888 -0.208983 0.671906
127.602 -1128 -1678.31 -65.871 -0.680637 0.201338 -0.220403 0.669044
127.705 -1127.1 -1677.08 -65.8276 -0.675965 0.213597 -0.232338 0.665933
127.809 -1126.24 -1675.99 -65.789 -0.671791 0.225788 -0.244128 0.661905
127.913 -1125.27 -1674.83 -65.7458 -0.667347 0.237669 -0.256232 0.657652
128.016 -1124.33 -1673.81 -65.7067 -0.661746 0.249794 -0.268127 0.654067
128.12 -1123.35 -1672.83 -65.6632 -0.655631 0.261328 -0.280221 0.650639
128.224 -1122.27 -1671.79 -65.6131 -0.64929 0.273341 -0.291391 0.647146
128.328 -1121.23 -1670.88 -65.5628 -0.64309 0.285205 -0.302408 0.64315
128.431 -1120.15 -1670.03 -65.5095 -0.636495 0.29707 -0.313502 0.639015
128.535 -1118.97 -1669.1 -65.4475 -0.630029 0.308645 -0.324505 0.634428
128.639 -1117.83 -1668.32 -65.3889 -0.623108 0.320261 -0.335018 0.630026
128.743 -1116.6 -1667.48 -65.3222 -0.615883 0.331009 -0.345831 0.625717
128.846 -1115.41 -1666.78 -65.2539 -0.608122 0.341376 -0.356122 0.621955
128.95 -1114.18 -1666.12 -65.185 -0.601305 0.35158 -0.365554 0.61741
129.053 -1112.88 -1665.41 -65.1046 -0.595787 0.361955 -0.373745 0.611835
129.157 -1111.61 -1664.82 -65.0325 -0.589348 0.371821 -0.382047 0.607007
129.26 -1110.32 -1664.27 -64.9584 -0.582488 0.381242 -0.390615 0.602315
129.364 -1108.96 -1663.68 -64.8765 -0.575028 0.39034 -0.399288 0.597952
129.468 -1107.64 -1663.21 -64.7951 -0.566766 0.39924 -0.408027 0.594053
129.572 -1106.3 -1662.78 -64.7129 -0.560284 0.408088 -0.417145 0.587823
129.675 -1104.88 -1662.3 -64.6243 -0.554617 0.417995 -0.425882 0.579917
129.779 -1103.51 -1661.96 -64.538 -0.548764 0.427395 -0.43576 0.571231
129.883 -1102.06 -1661.56 -64.4691 -0.539018 0.435386 -0.447055 0.565721
129.986 -1100.69 -1661.32 -64.3632 -0.527725 0.441606 -0.459682 0.561412
130.09 -1099.28 -1661.11 -64.2655 -0.519125 0.449465 -0.469891 0.554701
130.194 -1097.8 -1660.88 -64.1444 -0.5122 0.459945 -0.476897 0.546508
130.298 -1096.37 -1660.77 -64.0517 -0.50515 0.471203 -0.483071 0.537991
130.401 -1094.94 -1660.72 -63.9535 -0.496385 0.48134 -0.490364 0.530525
130.505 -1093.44 -1660.62 -63.8605 -0.486764 0.489709 -0.499246 0.523449
130.609 -1092.01 -1660.67 -63.7565 -0.47668 0.497029 -0.508766 0.51662
130.712 -1090.52 -1660.67 -63.6535 -0.466863 0.504179 -0.51803 0.509399
130.816 -1089.08 -1660.81 -63.539 -0.457155 0.511631 -0.52679 0.501733
130.92 -1087.65 -1661 -63.4239 0.448396 -0.518988 0.535516 -0.492762
131.024 -1086.16 -1661.14 -63.3055 0.439663 -0.526899 0.543423 -0.483492
131.127 -1084.74 -1661.42 -63.1884 0.431503 -0.534098 0.551678 -0.473493
131.231 -1083.31 -1661.75 -63.0726 0.422122 -0.540895 0.559657 -0.46479
131.335 -1081.84 -1662.05 -62.9569 0.413336 -0.547478 0.566935 -0.456076
131.438 -1080.42 -1662.47 -62.8424 0.404877 -0.553957 0.573458 -0.447608
131.542 -1078.97 -1662.87 -62.7241 0.396498 -0.560525 0.579046 -0.439667
131.646 -1077.56 -1663.37 -62.6149 0.388885 -0.566894 0.583903 -0.431807
131.749 -1076.15 -1663.91 -62.5042 0.381658 -0.572475 0.588664 -0.424363
131.853 -1074.72 -1664.44 -62.3968 0.37404 -0.577504 0.59323 -0.417925
131.957 -1073.32 -1665.06 -62.2866 0.366991 -0.58142 0.597865 -0.412098
132.06 -1071.93 -1665.69 -62.1766 0.359861 -0.585396 0.601266 -0.407787
132.164 -1070.53 -1666.33 -62.0622 0.353748 -0.588922 0.604357 -0.403467
132.268 -1069.13 -1667.04 -61.9526 0.348702 -0.593223 0.606163 -0.398823
132.371 -1067.76 -1667.75 -61.8436 0.344635 -0.596922 0.608295 -0.393559
132.475 -1066.36 -1668.47 -61.7387 0.339465 -0.599978 0.610971 -0.389235
132.578 -1064.99 -1669.23 -61.6328 0.334914 -0.602031 0.613992 -0.385234
132.682 -1063.61 -1670.01 -61.526 0.33011 -0.604158 0.615948 -0.382921
132.786 -1062.23 -1670.82 -61.4185 0.327366 -0.606476 0.616622 -0.38052
132.89 -1060.84 -1671.64 -61.3103 0.325875 -0.607874 0.61735 -0.378382
132.992 -1059.46 -1672.45 -61.2048 0.324842 -0.608523 0.618331 -0.376623
133.096 -1058.08 -1673.29 -61.0989 0.324113 -0.608954 0.619164 -0.375181
133.2 -1056.68 -1674.14 -60.9943 0.323752 -0.609806 0.619202 -0.374045
133.303 -1055.28 -1674.99 -60.8909 0.323672 -0.611143 0.618574 -0.372971
133.407 -1053.86 -1675.85 -60.79 0.323316 -0.611765 0.618634 -0.372158
133.51 -1052.45 -1676.72 -60.6911 0.322672 -0.612052 0.619014 -0.371614
133.614 -1051.03 -1677.59 -60.5921 0.321878 -0.612274 0.61949 -0.371142
133.718 -1049.6 -1678.47 -60.4919 0.321091 -0.612337 0.620041 -0.370801
133.824 -1048.15 -1679.38 -60.3845 0.320802 -0.611648 0.621393 -0.369925
133.925 -1046.74 -1680.26 -60.2809 0.320104 -0.612116 0.621646 -0.369328
