0.311606 -0.115845 -0.473145 0 0 0 -0.0369357 0.999318
0.415086 0.865845 -0.619507 0 0 0 -0.0583 0.998299
0.518869 1.87964 -0.68042 0 0 0 -0.0831918 0.996534
0.622688 2.53174 -0.914917 0 0 0 -0.0947204 0.995504
0.726432 3.37476 -1.21716 0 0 0 -0.116486 0.993192
0.830171 4.19788 -1.46997 0 0 0 -0.132997 0.991116
0.933953 4.99121 -1.76392 0 0 0 -0.155645 0.987813
1.0377 6.07544 -2.13391 0 0 0 -0.179621 0.983736
1.14148 6.99402 -2.51697 0 0 0 -0.205637 0.978628
1.24514 7.90771 -2.97083 0 0 0 -0.227224 0.973843
1.34887 8.78308 -3.39001 0 0 0 -0.249783 0.968302
1.45273 9.53809 -3.89819 0 0 0 -0.271205 0.962521
1.55638 10.3136 -4.47058 0 0 0 -0.295934 0.955208
1.66009 11.1156 -5.07166 0 0 0 -0.318424 0.947948
1.76384 11.8694 -5.78113 0 0 0 -0.340198 0.940354
1.86771 12.5344 -6.27734 0 0 0 -0.364054 0.931378
1.97132 13.1915 -6.95166 0 0 0 -0.384105 0.923289
2.07494 13.7782 -7.70056 0 0 0 -0.40596 0.913891
2.17868 14.3586 -8.46814 0 0 0 -0.426968 0.904267
2.28243 14.8882 -9.21265 0 0 0 -0.450807 0.892622
2.38603 15.4441 -10.0286 0 0 0 -0.470097 0.882615
2.48965 15.9205 -10.7698 0 0 0 -0.487536 0.873103
2.59339 16.29 -11.4895 0 0 0 -0.502792 0.864408
2.69701 16.7401 -12.2631 0 0 0 -0.519857 0.854253
2.80062 17.1954 -13.2057 0 0 0 -0.537024 0.843567
2.90439 17.5615 -14.1708 0 0 0 -0.550692 0.834709
3.00811 17.9554 -14.9202 0 0 0 -0.566964 0.823743
3.11172 18.1727 -15.848 0 0 0 -0.578034 0.816013
3.21533 18.5422 -17.0016 0 0 0 -0.591122 0.806582
3.31907 18.7964 -17.8542 0 0 0 -0.602155 0.798379
3.42281 19.0306 -18.7939 0 0 0 -0.614768 0.788708
3.52655 19.2455 -19.7388 0 0 0 -0.62508 0.78056
3.63029 19.4681 -20.9062 0 0 0 -0.636044 0.771653
3.73392 19.5803 -21.9327 0 0 0 -0.645344 0.763892
3.83752 19.7131 -22.9229 0 0 0 -0.656109 0.754666
3.94129 19.7715 -24.0173 0 0 0 -0.663511 0.748167
4.0449 19.8354 -25.1552 0 0 0 -0.672778 0.739844
4.14862 19.8066 -26.2877 0 0 0 -0.677633 0.735401
4.25229 19.9735 -27.4722 0 0 0 -0.683567 0.729887
4.35597 19.949 -28.5891 0 0 0 -0.687441 0.72624
4.45961 19.9755 -29.7012 0 0 0 -0.690958 0.722895
4.56322 20.0939 -30.9058 0 0 0 -0.695581 0.718447
4.66695 20.101 -32.1349 0 0 0 -0.700328 0.713822
4.77056 20.1387 -33.2805 0 0 0 -0.706781 0.707432
4.87432 20.1228 -34.5315 0 0 0 -0.709343 0.704864
4.97797 20.0931 -35.7805 0 0 0 -0.712884 0.701282
5.08166 20.0391 -36.9939 0 0 0 -0.713511 0.700644
5.18527 20.0142 -38.3724 0 0 0 -0.716614 0.69747
5.28894 19.9728 -39.6052 0 0 0 -0.717939 0.696106
5.39262 19.9432 -40.9694 0 0 0 -0.718864 0.695151
5.49631 19.8264 -42.3451 0 0 0 -0.720313 0.693649
5.60003 19.801 -43.707 0 0 0 -0.721892 0.692006
5.70364 19.7014 -45.0255 0 0 0 -0.722194 0.691691
5.80734 19.6321 -46.4657 0 0 0 -0.723399 0.69043
5.91095 19.5488 -47.9143 0 0 0 -0.722357 0.69152
6.01472 19.4581 -49.3662 0 0 0 -0.723274 0.690561
6.11845 19.4 -50.854 0 0 0 -0.722504 0.691366
6.22193 19.3605 -52.3826 0 0 0 -0.723392 0.690437
6.32567 19.2561 -53.8423 0 0 0 -0.723751 0.690061
6.42928 19.1464 -55.4055 0 0 0 -0.721009 0.692925
6.53302 19.0966 -56.9781 0 0 0 -0.721888 0.69201
6.63667 19.0491 -58.5045 0 0 0 -0.72135 0.69257
6.7404 18.996 -60.1375 0 0 0 -0.720717 0.69323
6.8441 18.879 -61.7268 0 0 0 -0.720693 0.693254
6.94775 18.8009 -63.3591 0 0 0 -0.719111 0.694895
7.05147 18.7731 -65.0127 0 0 0 -0.720359 0.693601
7.15521 18.6315 -66.6667 0 0 0 -0.719882 0.694096
7.25892 18.5836 -68.3663 0 0 0 -0.718032 0.69601
7.36257 18.4902 -70.0283 0 0 0 -0.720308 0.693654
7.46621 18.4299 -71.722 0 0 0 -0.721464 0.692452
7.56992 18.3391 -73.4524 0 0 0 -0.719868 0.694111
7.67357 18.2347 -75.2058 0 0 0 -0.721595 0.692315
7.77729 18.1862 -76.9506 0 0 0 -0.720545 0.693408
7.88102 18.0635 -78.7212 0 0 0 -0.720289 0.693674
7.9847 18.0568 -80.5027 0 0 0 -0.720361 0.6936
8.0884 17.9575 -82.3251 0 0 0 -0.720179 0.693788
8.19212 17.8645 -84.1118 0 0 0 -0.721423 0.692495
8.29586 17.7646 -85.9106 0 0 0 -0.721181 0.692747
8.39955 17.6854 -87.7577 0 0 0 -0.721514 0.6924
8.50323 17.5695 -89.6465 0 0 0 -0.72122 0.692707
8.60698 17.5116 -91.5684 0 0 0 -0.722028 0.691864
8.7107 17.4258 -93.4708 0 0 0 -0.723143 0.690698
8.81444 17.3014 -95.3302 0 0 0 -0.725352 0.688378
8.91811 17.2156 -97.2515 0 0 0 -0.723731 0.690082
9.02187 17.1019 -99.2246 0 0 0 -0.727199 0.686427
9.12555 16.9475 -101.164 0 0 0 -0.728907 0.684613
9.22915 16.8466 -103.087 0 0 0 -0.730262 0.683167
9.33278 16.6917 -105.066 0 0 0 -0.731492 0.68185
9.43651 16.5315 -107.006 0 0 0 -0.734561 0.678543
9.54013 16.3865 -109.013 0 0 0 -0.734952 0.678119
9.64386 16.2201 -111.015 0 0 0 -0.738643 0.674097
9.74757 16.0021 -113.015 0 0 0 -0.739123 0.673571
9.95485 15.5651 -117.051 0 0 0 -0.743297 0.668961
10.1623 15.1046 -121.035 0 0 0 -0.746189 0.665734
10.266 14.8501 -123.076 0 0 0 -0.74867 0.662943
10.3695 14.623 -125.169 0 0 0 -0.750188 0.661225
10.4733 14.3345 -127.219 0 0 0 -0.752309 0.658811
10.577 14.0355 -129.263 0 0 0 -0.752797 0.658253
10.6808 13.6923 -131.286 0 0 0 -0.754586 0.656202
10.7845 13.4011 -133.34 0 0 0 -0.756091 0.654466
10.8884 13.0975 -135.392 0 0 0 -0.756179 0.654365
10.9921 12.7994 -137.623 0 0 0 -0.758105 0.652132
11.0963 12.5027 -139.666 0 0 0 -0.759653 0.650328
11.1996 12.1965 -141.785 0 0 0 -0.761727 0.647898
11.3034 11.8446 -143.829 0 0 0 -0.764738 0.644342
11.4071 11.4575 -145.995 0 0 0 -0.766029 0.642806
11.5106 11.0719 -148.14 0 0 0 -0.765651 0.643256
11.6142 10.6715 -150.233 0 0 0 -0.768454 0.639905
11.718 10.265 -152.399 0 0 0 -0.769847 0.638228
11.8214 9.81519 -154.595 0 0 0 -0.770696 0.637203
11.9251 9.39966 -156.794 0 0 0 -0.77236 0.635186
12.0287 8.95825 -158.878 0 0 0 -0.774371 0.632732
12.1321 8.48779 -161.074 0 0 0 -0.773946 0.633251
12.236 8.0271 -163.238 0 0 0 -0.776881 0.629648
12.3396 7.56152 -165.411 0 0 0 -0.776731 0.629833
12.4432 7.10803 -167.634 0 0 0 -0.778503 0.62764
12.5469 6.60547 -169.775 0 0 0 -0.779764 0.626073
12.6506 6.14929 -172.02 0 0 0 -0.780876 0.624686
12.7542 5.58911 -174.16 0 0 0 -0.782783 0.622294
12.8578 5.08374 -176.423 0 0 0 -0.784184 0.620529
12.9614 4.59216 -178.673 0 0 0 -0.78489 0.619636
13.0651 4.0072 -180.848 0 0 0 -0.785648 0.618674
13.1688 3.47424 -183.039 0 0 0 -0.785192 0.619253
13.2724 2.90869 -185.318 0 0 0 -0.786457 0.617645
13.3762 2.35974 -187.594 0 0 0 -0.788908 0.614511
13.4798 1.79858 -189.811 0 0 0 -0.78812 0.615521
13.5834 1.18958 -192.076 0 0 0 -0.791096 0.611692
13.687 0.548462 -194.375 0 0 0 -0.792533 0.609829
13.7907 -0.0209961 -196.637 0 0 0 -0.792845 0.609424
13.8944 -0.662354 -198.895 0 0 0 -0.794123 0.607757
13.9985 -1.2478 -201.148 0 0 0 -0.794263 0.607574
14.1018 -1.91052 -203.463 0 0 0 -0.795331 0.606176
14.2059 -2.54712 -205.757 0 0 0 -0.797168 0.603757
14.3092 -3.18359 -208.042 0 0 0 -0.797779 0.60295
14.4129 -3.85876 -210.318 0 0 0 -0.798048 0.602594
14.5165 -4.53491 -212.634 0 0 0 -0.79943 0.600759
14.6203 -5.19336 -214.936 0 0 0 -0.800405 0.59946
14.7237 -5.89368 -217.183 0 0 0 -0.80166 0.59778
14.8274 -6.58801 -219.518 0 0 0 -0.802077 0.597221
14.9316 -7.25732 -221.795 0 0 0 -0.802278 0.596951
15.0349 -8.01758 -224.079 0 0 0 -0.80412 0.594467
15.1385 -8.74475 -226.37 0 0 0 -0.803415 0.59542
15.2422 -9.4165 -228.633 0 0 0 -0.804708 0.59367
15.3457 -10.1514 -230.914 0 0 0 -0.805523 0.592565
15.4495 -10.8527 -233.227 0 0 0 -0.80547 0.592637
15.5531 -11.6025 -235.526 0 0 0 -0.806994 0.59056
15.6567 -12.3711 -237.832 0 0 0 -0.807351 0.590071
15.7604 -13.0933 -240.111 0 0 0 -0.808299 0.588773
15.9678 -14.5985 -244.685 0 0 0 -0.810972 0.585085
16.0714 -15.4158 -247.02 0 0 0 -0.810274 0.586052
16.1752 -16.1719 -249.302 0 0 0 -0.813149 0.582056
16.2788 -16.9493 -251.562 0 0 0 -0.813011 0.582248
16.3824 -17.7267 -253.867 0 0 0 -0.813966 0.580913
16.4862 -18.6199 -256.14 0 0 0 -0.817606 0.575778
16.5897 -18.2617 -255.39 0 0 0 -0.801001 0.598664
16.6934 -18.9247 -257.8 0 0 0 -0.805786 0.592206
16.797 -19.7643 -260.283 0 0 0 -0.806472 0.591272
16.9007 -20.4517 -262.476 0 0 0 -0.805678 0.592353
17.0043 -21.4553 -264.868 0 0 0 -0.809149 0.587603
17.1079 -21.9523 -266.963 0 0 0 -0.807427 0.589967
17.2123 -22.7256 -269.45 0 0 0 -0.810353 0.585942
17.3153 -23.474 -271.709 0 0 0 -0.809845 0.586643
17.4189 -24.3252 -274.071 0 0 0 -0.810177 0.586185
17.5227 -25.045 -276.375 0 0 0 -0.812777 0.582575
17.6263 -25.7024 -278.628 0 0 0 -0.814497 0.580168
17.73 -26.5902 -281.052 0 0 0 -0.814645 0.579959
17.8336 -27.4064 -283.429 0 0 0 -0.816167 0.577816
17.9378 -28.2115 -285.801 0 0 0 -0.818218 0.574908
18.041 -28.9847 -288.154 0 0 0 -0.817152 0.576422
18.1446 -30.0035 -290.486 0 0 0 -0.818947 0.57387
18.2482 -30.9543 -292.747 0 0 0 -0.819647 0.572869
18.3518 -31.7517 -295.223 0 0 0 -0.820319 0.571906
18.4557 -32.6445 -297.622 0 0 0 -0.822598 0.568623
18.5591 -33.4984 -300.042 0 0 0 -0.820135 0.57217
18.663 -34.4534 -302.302 0 0 0 -0.824133 0.566396
18.7663 -35.3972 -304.737 0 0 0 -0.824464 0.565914
18.8699 -36.3933 -307.071 0 0 0 -0.825417 0.564523
18.9735 -37.3018 -309.568 0 0 0 -0.825441 0.564488
19.0771 -38.2876 -311.961 0 0 0 -0.8268 0.562496
19.1809 -39.2605 -314.394 0 0 0 -0.827643 0.561255
19.2845 -40.1803 -316.944 0 0 0 -0.828091 0.560594
19.3882 -41.2651 -319.435 0 0 0 -0.829936 0.557859
19.4918 -42.2688 -321.84 0 0 0 -0.832011 0.554759
19.5955 -43.2573 -324.337 0 0 0 -0.83371 0.552202
19.6991 -44.3861 -326.772 0 0 0 -0.836258 0.548336
19.8028 -45.4006 -329.243 0 0 0 -0.837222 0.546863
19.9064 -46.5245 -331.65 0 0 0 -0.838043 0.545605
20.01 -47.6632 -334.162 0 0 0 -0.83946 0.543422
20.1136 -48.7703 -336.597 0 0 0 -0.841855 0.539704
20.2173 -49.9277 -339.006 0 0 0 -0.842326 0.538969
20.3209 -51.1959 -341.444 0 0 0 -0.842823 0.538192
20.4245 -52.2871 -343.956 0 0 0 -0.846352 0.532624
20.5281 -53.454 -346.422 0 0 0 -0.846611 0.532212
20.6317 -54.6248 -348.931 0 0 0 -0.847058 0.5315
20.7353 -55.9028 -351.346 0 0 0 -0.849556 0.527498
20.839 -57.0354 -353.744 0 0 0 -0.850662 0.525713
20.9426 -57.2782 -354.08 0 0 0 -0.849557 0.527497
21.0463 -57.5653 -354.312 0 0 0 -0.850127 0.526578
21.1499 -58.1282 -355.508 0 0 0 -0.84914 0.528168
21.2535 -58.7122 -356.679 0 0 0 -0.847332 0.531064
21.3572 -59.3112 -357.665 0 0 0 -0.853363 0.521317
21.4608 -58.9651 -356.952 0 0 0 -0.847396 0.530962
21.5646 -60.1764 -359.461 0 0 0 -0.850441 0.526071
21.6681 -61.2639 -361.35 0 0 0 -0.85322 0.521551
21.7718 -61.7408 -362.206 0 0 0 -0.852177 0.523254
21.8754 -62.1451 -362.966 0 0 0 -0.851541 0.524289
21.979 -62.068 -363.059 0 0 0 -0.854055 0.520182
22.0826 -62.2872 -363.46 0 0 0 -0.855171 0.518347
22.1862 -63.071 -364.791 0 0 0 -0.851502 0.524351
22.2903 -63.7664 -366.144 0 0 0 -0.855212 0.518278
22.3936 -64.4988 -367.563 0 0 0 -0.858431 0.512929
22.4972 -65.2294 -368.967 0 0 0 -0.849985 0.526807
22.6008 -65.2526 -368.849 0 0 0 -0.852721 0.522367
22.7044 -65.7747 -369.904 0 0 0 -0.860229 0.509907
22.8081 -66.2987 -370.848 0 0 0 -0.860113 0.510104
22.9118 -66.6802 -371.665 0 0 0 -0.86431 0.50296
23.0154 -66.8317 -371.92 0 0 0 -0.863698 0.504009
23.119 -67.7357 -373.254 0 0 0 -0.864877 0.501983
23.2227 -67.9211 -373.445 0 0 0 -0.862497 0.506062
23.3264 -68.1025 -373.68 0 0 0 -0.863277 0.504731
23.4301 -68.3785 -374.027 0 0 0 -0.862699 0.505718
23.5337 -68.469 -374.131 0 0 0 -0.865975 0.500087
23.6373 -68.696 -374.405 0 0 0 -0.865984 0.500072
23.7411 -68.3047 -373.331 0 0 0 -0.864986 0.501797
23.8447 -68.4305 -373.423 0 0 0 0.866879 -0.498519
23.9484 -69.2854 -374.828 0 0 0 0.869487 -0.493956
24.0521 -68.5674 -373.267 0 0 0 0.867564 -0.497326
24.1556 -69.9113 -375.32 0 0 0 0.871025 -0.491239
24.363 -71.3524 -377.064 0 0 0 0.875211 -0.483741
24.4666 -70.959 -376.536 0 0 0 -0.86503 0.501721
24.5702 -72.1328 -378.788 0 0 0 0.868745 -0.495259
24.6739 -72.3185 -378.816 0 0 0 0.866781 -0.498689
24.7776 -72.2351 -378.527 0 0 0 0.867844 -0.496838
24.8812 -72.7001 -379.099 0 0 0 0.869683 -0.493611
24.9849 -73.3535 -380.073 0 0 0 0.869775 -0.493448
25.0883 -73.3077 -379.699 0 0 0 0.870695 -0.491824
25.1919 -74.9866 -382.196 0 0 0 0.867875 -0.496782
25.2956 -76.3357 -384.78 0 0 0 0.870802 -0.491634
25.3992 -77.9194 -387.051 0 0 0 -0.863997 0.503497
25.5028 -79.5114 -388.304 0 0 0 -0.836738 0.547604
25.6064 -80.3756 -391.397 0 0 0 -0.860991 0.50862
25.71 -81.6558 -393.834 0 0 0 -0.864322 0.502939
25.8136 -82.9396 -396.096 0 0 0 -0.863516 0.504322
25.9173 -84.2483 -398.418 0 0 0 -0.863238 0.504797
26.0208 -85.5636 -400.732 0 0 0 -0.861525 0.507715
26.1245 -86.8351 -403.089 0 0 0 -0.860256 0.509863
26.2281 -87.9626 -405.626 0 0 0 -0.861703 0.507413
26.3317 -89.2203 -407.792 0 0 0 -0.858825 0.51227
26.4354 -90.4454 -410.105 0 0 0 -0.855408 0.517955
26.5391 -91.6691 -412.447 0 0 0 -0.85519 0.518315
26.6427 -92.6453 -414.419 0 0 0 -0.858676 0.51252
26.7463 -93.7638 -416.468 0 0 0 -0.857603 0.514313
26.8499 -93.8503 -416.616 0 0 0 -0.858006 0.51364
26.9535 -93.7211 -416.468 0 0 0 -0.854441 0.519548
27.0573 -93.7373 -416.314 0 0 0 -0.85648 0.516181
27.1609 -94.3182 -417.322 0 0 0 -0.853509 0.521079
27.2645 -93.9889 -416.758 0 0 0 -0.855817 0.517279
27.3682 -94.2369 -417.177 0 0 0 -0.853322 0.521384
27.4718 -94.1418 -417.16 0 0 0 -0.854769 0.519008
27.5755 -94.3007 -417.335 0 0 0 -0.85326 0.521486
27.6792 -94.1965 -416.947 0 0 0 -0.848695 0.528883
27.7828 -94.333 -417.437 0 0 0 -0.844353 0.535788
27.8866 -94.2567 -417.125 0 0 0 -0.845167 0.534503
27.9902 -94.3528 -417.374 0 0 0 -0.846565 0.532285
28.0938 -94.2264 -417.23 0 0 0 -0.847599 0.530638
28.1974 -94.6307 -417.961 0 0 0 -0.849128 0.528186
28.301 -94.9546 -418.741 0 0 0 -0.842837 0.538169
28.4046 -94.9969 -418.831 0 0 0 -0.843901 0.536498
28.5082 -94.2928 -417.26 0 0 0 -0.848999 0.528395
28.6119 -94.3116 -417.296 0 0 0 -0.848239 0.529614
28.7156 -94.5546 -417.688 0 0 0 -0.845139 0.534547
28.8192 -94.5439 -418.169 0 0 0 -0.832643 0.55381
28.9228 -94.5453 -418.376 0 0 0 -0.833459 0.552582
29.0265 -94.9644 -419.293 0 0 0 -0.832129 0.554582
29.1301 -94.7892 -419.055 0 0 0 -0.832798 0.553578
29.2338 -94.8038 -419.014 0 0 0 -0.834199 0.551464
29.3374 -94.9371 -419.279 0 0 0 -0.831443 0.555611
29.441 -94.7192 -418.82 0 0 0 -0.832685 0.553747
29.5447 -94.7982 -418.654 0 0 0 -0.841366 0.540466
29.6483 -94.658 -418.742 0 0 0 -0.836823 0.547473
29.752 -94.6464 -418.627 0 0 0 -0.833161 0.55303
29.8556 -94.8013 -418.997 0 0 0 -0.83038 0.557198
29.9591 -94.7087 -418.816 0 0 0 -0.831725 0.555188
30.0627 -94.7051 -418.674 0 0 0 -0.833119 0.553093
30.1663 -94.641 -418.426 0 0 0 -0.832593 0.553885
30.27 -94.7682 -418.8 0 0 0 -0.831237 0.555917
30.3736 -94.1809 -417.686 0 0 0 -0.831658 0.555288
30.4772 -94.5923 -418.581 0 0 0 -0.832659 0.553787
30.5808 -94.693 -418.903 0 0 0 -0.831789 0.555093
30.6845 -94.9056 -419.548 0 0 0 -0.830887 0.556441
30.7882 -94.8735 -419.811 0 0 0 -0.831962 0.554833
30.8918 -94.8936 -419.787 0 0 0 -0.831143 0.556059
30.9956 -94.8815 -419.738 0 0 0 -0.836296 0.548277
31.0991 -94.6279 -419.263 0 0 0 -0.835586 0.54936
31.2028 -94.3944 -418.757 0 0 0 -0.836646 0.547744
31.3065 -94.3539 -418.977 0 0 0 -0.837814 0.545955
31.4101 -94.3867 -418.85 0 0 0 -0.838164 0.545418
31.5138 -94.4846 -418.825 0 0 0 -0.837047 0.547131
31.6175 -94.5302 -418.475 0 0 0 -0.847331 0.531066
31.7213 -94.4006 -418.047 0 0 0 -0.833033 0.553223
31.8248 -94.4431 -418.333 0 0 0 -0.8359 0.548881
31.9286 -94.2114 -417.762 0 0 0 -0.833441 0.552609
32.0322 -94.2561 -417.897 0 0 0 -0.834908 0.550389
32.1359 -94.549 -418.801 0 0 0 -0.836217 0.548399
32.2395 -94.9945 -419.791 0 0 0 -0.836699 0.547663
32.3433 -94.632 -419.073 0 0 0 -0.834711 0.550688
32.447 -94.8667 -419.773 0 0 0 -0.836563 0.54787
32.5508 -94.9924 -419.909 0 0 0 -0.835919 0.548853
32.6544 -94.5942 -418.999 0 0 0 -0.836279 0.548304
32.7581 -94.5057 -418.61 0 0 0 -0.836072 0.54862
32.8617 -94.399 -418.135 0 0 0 -0.831523 0.55549
32.9657 -94.1947 -417.698 0 0 0 -0.832378 0.554208
33.0705 -94.3011 -418.071 0 0 0 -0.832612 0.553857
33.1729 -94.816 -419.019 0 0 0 -0.832044 0.554709
33.2765 -94.7977 -418.979 0 0 0 -0.832051 0.554699
33.3801 -94.2899 -418.016 0 0 0 -0.831172 0.556015
33.4838 -94.6292 -418.756 0 0 0 -0.829904 0.557907
33.5876 -94.124 -417.904 0 0 0 -0.830017 0.557738
33.6912 -94.244 -418.327 0 0 0 -0.830875 0.556459
33.7949 -94.2601 -418.549 0 0 0 -0.83087 0.556466
33.8986 -94.5051 -418.858 0 0 0 -0.829804 0.558054
34.0024 -94.5209 -418.875 0 0 0 -0.829363 0.55871
34.106 -94.6331 -419.304 0 0 0 -0.831434 0.555624
34.2097 -94.5072 -418.957 0 0 0 -0.829635 0.558306
34.3135 -94.6617 -419.163 0 0 0 -0.830592 0.556881
34.4171 -94.0822 -417.832 0 0 0 -0.831783 0.555101
34.5208 -94.1447 -417.907 0 0 0 -0.833 0.553273
34.6245 -94.1185 -417.863 0 0 0 -0.833236 0.552917
34.7281 -94.3452 -418.417 0 0 0 -0.831935 0.554873
34.8318 -94.1646 -417.818 0 0 0 -0.832555 0.553943
34.9354 -94.1541 -417.961 0 0 0 -0.83341 0.552656
35.0392 -94.1194 -417.963 0 0 0 -0.83384 0.552006
35.1428 -94.2947 -418.244 0 0 0 -0.832764 0.553629
35.2465 -94.3685 -418.461 0 0 0 -0.831861 0.554984
35.3501 -94.5308 -418.937 0 0 0 -0.834982 0.550277
35.454 -94.5183 -418.858 0 0 0 -0.832432 0.554127
35.5574 -94.3589 -418.596 0 0 0 -0.832002 0.554773
35.6611 -94.5081 -418.792 0 0 0 -0.832037 0.55472
35.7648 -94.0422 -417.88 0 0 0 -0.833389 0.552687
35.8683 -94.4344 -418.651 0 0 0 -0.831743 0.555161
35.9721 -94.3939 -418.626 0 0 0 -0.831938 0.554868
36.0758 -94.1727 -418.077 0 0 0 -0.834452 0.551081
36.1795 -94.6244 -418.741 0 0 0 -0.833234 0.55292
36.2833 -94.2963 -418.077 0 0 0 -0.831776 0.555111
36.3868 -94.1171 -417.902 0 0 0 -0.832206 0.554467
36.4906 -94.2106 -417.97 0 0 0 -0.830342 0.557254
36.5941 -94.0649 -417.86 0 0 0 -0.831353 0.555745
36.6978 -94.1914 -418.318 0 0 0 -0.832812 0.553557
36.8015 -94.158 -418.131 0 0 0 -0.831286 0.555845
36.9052 -94.5242 -418.92 0 0 0 -0.829443 0.558591
37.0089 -94.3383 -418.555 0 0 0 -0.830883 0.556448
37.1126 -94.2111 -418.341 0 0 0 -0.830236 0.557412
37.2163 -94.3016 -418.603 0 0 0 -0.83238 0.554206
37.32 -94.1073 -418.291 0 0 0 -0.833596 0.552374
37.4237 -94.8339 -419.886 0 0 0 -0.831205 0.555965
37.5273 -94.9218 -420.066 0 0 0 -0.831761 0.555133
37.6311 -94.8275 -419.773 0 0 0 -0.831073 0.556163
37.7347 -94.4324 -419.663 0 0 0 -0.808459 0.588552
37.8384 -94.4438 -419.559 0 0 0 -0.807406 0.589997
37.942 -94.1621 -419.026 0 0 0 -0.810203 0.586149
38.0456 -93.8646 -418.374 0 0 0 -0.813192 0.581995
38.1493 -93.7616 -418.153 0 0 0 -0.813951 0.580933
38.2529 -94.1389 -417.773 0 0 0 -0.829514 0.558486
38.3565 -94.0653 -418.385 0 0 0 -0.810459 0.585795
38.4601 -94.2109 -418.583 0 0 0 -0.808541 0.58844
38.5637 -94.369 -418.388 0 0 0 -0.805413 0.592714
38.6673 -94.0913 -418.299 0 0 0 -0.810616 0.585578
38.7711 -94.1373 -418.291 0 0 0 -0.81021 0.58614
38.8748 -94.0199 -417.798 0 0 0 -0.818218 0.574908
38.9783 -94.2231 -418.318 0 0 0 -0.808785 0.588104
39.082 -94.0774 -417.282 0 0 0 -0.817417 0.576046
39.1856 -94.0354 -416.552 0 0 0 -0.826125 0.563487
39.2893 -93.5874 -416.341 0 0 0 -0.808248 0.588843
39.3929 -93.8162 -415.882 0 0 0 -0.826854 0.562416
39.4965 -93.4153 -415.203 0 0 0 -0.828241 0.560373
39.6002 -93.3569 -415.116 0 0 0 -0.82853 0.559944
39.7038 -93.2452 -414.696 0 0 0 -0.830605 0.556862
39.8076 -93.1217 -414.443 0 0 0 -0.829364 0.558709
39.9113 -92.8771 -414.247 0 0 0 -0.828409 0.560124
40.0149 -92.7958 -413.757 0 0 0 -0.828211 0.560416
40.1187 -92.38 -413.273 0 0 0 -0.830341 0.557256
40.2223 -92.324 -413.187 0 0 0 -0.831419 0.555646
40.3259 -92.1398 -412.761 0 0 0 -0.831498 0.555527
40.4297 -91.9868 -412.269 0 0 0 -0.82779 0.561039
40.5333 -91.8545 -411.886 0 0 0 -0.831065 0.556175
40.637 -91.7208 -411.632 0 0 0 -0.833181 0.553
40.7406 -91.45 -411.164 0 0 0 -0.82732 0.56173
40.8443 -91.2791 -411.161 0 0 0 -0.819249 0.573438
40.948 -91.0651 -410.674 0 0 0 -0.819639 0.57288
41.0516 -90.9874 -410.063 0 0 0 -0.826896 0.562355
41.1552 -90.9534 -410.006 0 0 0 -0.826598 0.562792
41.259 -90.746 -409.458 0 0 0 -0.829991 0.557777
41.3626 -90.7213 -409.328 0 0 0 -0.829786 0.558081
41.4663 -90.4623 -408.711 0 0 0 -0.827098 0.562058
41.5699 -90.3706 -408.415 0 0 0 -0.828332 0.560238
41.6735 -90.2101 -407.889 0 0 0 -0.83022 0.557436
41.7773 -89.9972 -407.472 0 0 0 -0.826328 0.563189
41.8809 -89.9563 -407.471 0 0 0 -0.820225 0.572042
41.9846 -89.6681 -406.854 0 0 0 -0.819428 0.573182
42.0884 -89.5317 -406.628 0 0 0 -0.819378 0.573254
42.192 -89.4463 -406.358 0 0 0 -0.819451 0.573149
42.2956 -89.3323 -406 0 0 0 -0.819739 0.572738
42.3993 -89.1787 -405.707 0 0 0 -0.818105 0.575068
42.503 -89.0166 -405.3 0 0 0 -0.827497 0.561471
42.6066 -88.8558 -404.896 0 0 0 -0.817989 0.575235
42.7102 -88.7487 -404.811 0 0 0 -0.815025 0.579426
42.8138 -88.4359 -404.285 0 0 0 -0.810868 0.585229
42.9174 -88.3265 -404.151 0 0 0 -0.810629 0.585559
43.0212 -88.2422 -404.057 0 0 0 -0.812037 0.583605
43.1248 -87.8879 -403.018 0 0 0 -0.808195 0.588915
43.2284 -87.8702 -402.88 0 0 0 -0.807276 0.590174
43.332 -87.843 -402.618 0 0 0 -0.809075 0.587706
43.4356 -87.358 -401.762 0 0 0 -0.815186 0.5792
43.5392 -87.3457 -401.424 0 0 0 -0.808628 0.58832
43.6429 -87.3087 -401.138 0 0 0 -0.800798 0.598934
43.7465 -87.093 -400.654 0 0 0 -0.802893 0.596123
43.8501 -86.9862 -400.118 0 0 0 -0.806986 0.590571
44.0574 -86.7626 -399.377 0 0 0 -0.813413 0.581686
44.1611 -86.656 -399.078 0 0 0 -0.810616 0.585578
44.2647 -86.501 -398.487 0 0 0 -0.810897 0.585189
44.3683 -86.4127 -398.283 0 0 0 -0.812181 0.583405
44.4719 -86.3176 -397.993 0 0 0 -0.813483 0.581589
44.5755 -86.1766 -397.553 0 0 0 -0.817007 0.576628
44.6791 -86.0046 -397.136 0 0 0 -0.820589 0.571519
44.7829 -85.9598 -396.93 0 0 0 -0.817985 0.57524
44.8865 -85.7943 -396.528 0 0 0 -0.818359 0.574707
44.9901 -85.7964 -396.347 0 0 0 -0.812805 0.582536
45.0937 -85.8158 -396.286 0 0 0 -0.812567 0.582868
45.1973 -85.637 -396.124 0 0 0 -0.81412 0.580697
45.301 -85.3625 -395.475 0 0 0 -0.817256 0.576275
45.4047 -85.1339 -395.098 0 0 0 -0.813839 0.581091
45.5083 -85.0315 -394.584 0 0 0 -0.816546 0.57728
45.6121 -85.0234 -394.455 0 0 0 -0.815664 0.578526
45.7157 -84.9399 -394.593 0 0 0 -0.809449 0.58719
45.8194 -84.9746 -395.023 0 0 0 -0.800474 0.599368
45.923 -84.885 -394.997 0 0 0 -0.796527 0.604603
46.0266 -84.8971 -394.97 0 0 0 -0.811053 0.584973
46.1303 -84.7474 -394.649 0 0 0 -0.805109 0.593127
46.2339 -84.5114 -394.245 0 0 0 -0.806134 0.591733
46.3375 -84.5433 -394.821 0 0 0 -0.801693 0.597736
46.4411 -84.2758 -393.685 0 0 0 -0.807522 0.589838
46.5447 -84.1552 -393.072 0 0 0 -0.813667 0.581331
46.6483 -84.1805 -392.881 0 0 0 -0.810791 0.585335
46.7521 -84.0148 -392.609 0 0 0 -0.805158 0.593061
46.8557 -83.8884 -392.371 0 0 0 -0.800667 0.59911
46.9594 -83.8273 -392.162 0 0 0 -0.801393 0.598138
47.0631 -83.7327 -391.803 0 0 0 -0.803795 0.594906
47.1665 -83.688 -391.311 0 0 0 -0.814144 0.580664
47.2702 -83.5881 -391.084 0 0 0 -0.810794 0.585331
47.3738 -83.5344 -390.762 0 0 0 -0.812548 0.582894
47.4774 -83.4791 -390.568 0 0 0 -0.802725 0.59635
47.581 -83.7563 -391.261 0 0 0 -0.806127 0.591742
47.6848 -83.2666 -389.952 0 0 0 -0.808489 0.588511
47.7893 -83.1284 -389.651 0 0 0 -0.807539 0.589814
47.8921 -83.0437 -389.459 0 0 0 -0.810916 0.585162
47.9958 -82.9364 -389.162 0 0 0 -0.805949 0.591985
48.0995 -82.8693 -388.905 0 0 0 -0.803511 0.595289
48.2032 -82.9685 -389.343 0 0 0 -0.809902 0.586565
48.3068 -82.9651 -389.235 0 0 0 -0.811866 0.583844
48.4104 -82.8191 -388.842 0 0 0 -0.808286 0.58879
48.5142 -82.5074 -388.254 0 0 0 -0.813261 0.581899
48.6178 -82.4546 -387.967 0 0 0 -0.813046 0.5822
48.7217 -82.3586 -387.71 0 0 0 -0.813948 0.580938
48.8252 -82.3175 -387.742 0 0 0 -0.814134 0.580677
48.9288 -82.0857 -387.063 0 0 0 -0.812555 0.582884
49.0324 -82.3685 -387.9 0 0 0 -0.811701 0.584073
49.136 -82.1742 -387.375 0 0 0 -0.81373 0.581244
49.2395 -82.0513 -386.993 0 0 0 -0.812639 0.582767
49.3432 -81.9263 -386.631 0 0 0 -0.812545 0.582898
49.4467 -81.8291 -386.359 0 0 0 -0.812913 0.582385
49.5506 -81.7388 -386.266 0 0 0 -0.810082 0.586317
49.6541 -81.9375 -386.972 0 0 0 -0.809408 0.587247
49.7576 -82.0195 -387.385 0 0 0 -0.815693 0.578485
49.8612 -81.8784 -386.793 0 0 0 -0.814276 0.580478
49.9648 -81.4355 -385.66 0 0 0 -0.813498 0.581568
50.0685 -81.3074 -385.273 0 0 0 -0.813306 0.581836
50.172 -81.2635 -385.134 0 0 0 -0.813563 0.581477
50.2757 -81.0275 -384.57 0 0 0 -0.815644 0.578555
50.3794 -80.896 -384.148 0 0 0 -0.814932 0.579557
50.483 -80.8134 -384.092 0 0 0 -0.815783 0.578359
50.5866 -80.7217 -383.768 0 0 0 -0.815599 0.578618
50.6902 -80.6356 -383.481 0 0 0 -0.815218 0.579154
50.7939 -80.4462 -383.056 0 0 0 -0.815518 0.578731
50.8976 -80.2854 -382.536 0 0 0 -0.813956 0.580927
51.0013 -80.1991 -382.276 0 0 0 -0.812169 0.583423
51.1051 -80.1337 -382.159 0 0 0 -0.813857 0.581065
51.2087 -80.1445 -382.213 0 0 0 -0.814271 0.580485
51.3125 -79.8351 -381.412 0 0 0 -0.812295 0.583247
51.416 -79.691 -380.964 0 0 0 -0.811996 0.583663
51.5198 -79.4785 -380.446 0 0 0 -0.813065 0.582172
51.6234 -79.3525 -380.115 0 0 0 -0.811003 0.585042
51.7271 -79.2631 -379.888 0 0 0 -0.806299 0.591508
51.8307 -79.4341 -380.775 0 0 0 -0.798326 0.602225
51.9345 -79.4543 -380.82 0 0 0 -0.804881 0.593436
52.0381 -79.5153 -380.895 0 0 0 -0.802665 0.59643
52.1418 -79.6062 -381.035 0 0 0 -0.805483 0.592619
52.2454 -79.7711 -381.728 0 0 0 -0.803117 0.595821
52.3492 -79.7157 -382.14 0 0 0 -0.799634 0.600487
52.4529 -79.7399 -382.356 0 0 0 -0.800421 0.599438
52.5567 -79.7925 -382.459 0 0 0 -0.800087 0.599883
52.6603 -80.2144 -383.277 0 0 0 -0.804445 0.594027
52.7639 -80.375 -383.571 0 0 0 -0.799863 0.600183
52.8676 -80.86 -384.531 0 0 0 -0.802435 0.596739
52.9713 -80.8221 -384.393 0 0 0 -0.803261 0.595628
53.0749 -80.801 -384.501 0 0 0 -0.803184 0.595731
53.1785 -80.8085 -384.541 0 0 0 -0.803364 0.595489
53.2822 -80.7661 -384.54 0 0 0 -0.80934 0.58734
53.3858 -80.957 -385.121 0 0 0 -0.807632 0.589687
53.4895 -81.0182 -385.103 0 0 0 -0.806413 0.591353
53.5931 -81.2404 -385.812 0 0 0 -0.803408 0.595428
53.6967 -81.2748 -386.08 0 0 0 -0.798028 0.60262
53.8003 -81.7266 -387.454 0 0 0 -0.791865 0.610697
53.904 -81.5673 -387.479 0 0 0 -0.796788 0.604259
54.0076 -81.174 -386.535 0 0 0 -0.800806 0.598923
54.1114 -80.9957 -386.291 0 0 0 -0.802056 0.597249
54.215 -80.5254 -384.83 0 0 0 -0.799904 0.600129
54.3187 -80.9059 -385.866 0 0 0 -0.807308 0.590131
54.4224 -80.7906 -385.385 0 0 0 -0.807161 0.590331
54.526 -80.6521 -385.159 0 0 0 -0.809157 0.587592
54.6297 -80.528 -384.203 0 0 0 -0.808551 0.588427
54.7333 -80.0244 -383.516 0 0 0 -0.820372 0.571831
54.8371 -80.6395 -384.982 0 0 0 -0.811231 0.584726
54.9407 -80.9072 -384.923 0 0 0 -0.806289 0.591522
55.0443 -80.7371 -385.011 0 0 0 -0.799257 0.600989
55.1479 -81.2592 -386.646 0 0 0 -0.804139 0.594441
55.2515 -81.9585 -388.701 0 0 0 -0.803222 0.595679
55.3553 -82.4811 -389.803 0 0 0 -0.805222 0.592973
55.4589 -81.9977 -388.458 0 0 0 -0.805228 0.592965
55.5625 -83.0251 -390.502 0 0 0 -0.796416 0.604749
55.6662 -83.7135 -392.3 0 0 0 -0.794421 0.607368
55.7699 -83.6471 -392.348 0 0 0 -0.804144 0.594434
55.8736 -83.944 -392.945 0 0 0 -0.813635 0.581376
55.9773 -84.3514 -394.092 0 0 0 -0.816185 0.577791
56.0809 -83.6869 -392.363 0 0 0 -0.81775 0.575574
56.1845 -84.3938 -394.098 0 0 0 -0.809231 0.587491
56.2881 -84.959 -395.509 0 0 0 -0.793122 0.609063
56.3917 -84.0582 -394.195 0 0 0 -0.797022 0.603951
56.4953 -84.0011 -395.013 0 0 0 -0.802441 0.596731
56.5989 -84.5781 -396.595 0 0 0 -0.801012 0.598648
56.7024 -84.1208 -395.516 0 0 0 -0.802314 0.596902
56.806 -84.8398 -397.321 0 0 0 -0.801406 0.59812
56.9096 -84.7687 -396.815 0 0 0 -0.808852 0.588012
57.0134 -84.7683 -395.851 0 0 0 -0.816094 0.57792
57.117 -84.6344 -395.486 0 0 0 -0.815155 0.579243
57.2206 -84.9296 -396.599 0 0 0 -0.810761 0.585378
57.3242 -85.1982 -397.161 0 0 0 -0.806118 0.591755
57.4277 -85.1044 -397.302 0 0 0 -0.818397 0.574653
57.5314 -85.4556 -398.126 0 0 0 -0.824588 0.565734
57.6349 -86.244 -400.777 0 0 0 -0.829984 0.557787
57.7386 -86.9609 -403.308 0 0 0 -0.833552 0.552441
57.8422 -87.2958 -404.204 0 0 0 -0.837539 0.546377
57.9458 -87.37 -404.089 0 0 0 -0.844487 0.535575
58.0495 -86.0952 -402.602 0 0 0 -0.849284 0.527936
58.1532 -86.3083 -402.562 0 0 0 -0.84691 0.531736
58.2568 -86.7069 -403.049 0 0 0 -0.844897 0.534929
58.3604 -87.4467 -403.483 0 0 0 -0.837084 0.547074
58.464 -87.6969 -403.556 0 0 0 -0.838718 0.544565
58.5676 -87.7866 -403.096 0 0 0 -0.839455 0.54343
58.6714 -87.9214 -403.044 0 0 0 -0.836403 0.548114
58.775 -87.8396 -402.25 0 0 0 -0.831689 0.555241
58.8787 -88.17 -402.82 0 0 0 -0.828217 0.560407
58.9825 -88.5609 -403.613 0 0 0 -0.82463 0.565673
59.0861 -88.1725 -402.441 0 0 0 -0.822948 0.568116
59.1898 -88.3107 -402.74 0 0 0 -0.823823 0.566848
59.2936 -88.4286 -403.177 0 0 0 -0.821516 0.570186
59.3972 -88.1801 -402.553 0 0 0 -0.817162 0.576408
59.5009 -88.3137 -402.983 0 0 0 -0.8152 0.57918
59.6046 -88.0797 -402.27 0 0 0 -0.809629 0.586943
59.7083 -88.3314 -403.403 0 0 0 -0.808199 0.588909
59.812 -88.4955 -403.46 0 0 0 -0.81188 0.583824
59.9157 -88.2543 -403.554 0 0 0 -0.810347 0.58595
60.0195 -88.58 -404.021 0 0 0 -0.811914 0.583777
60.1231 -88.2424 -403.943 0 0 0 -0.805453 0.592659
60.2268 -88.0895 -403.617 0 0 0 -0.808768 0.588128
60.3305 -87.519 -404.191 0 0 0 -0.826352 0.563154
60.4341 -87.5037 -403.957 0 0 0 -0.829018 0.559222
60.5378 -86.7883 -402.562 0 0 0 -0.824393 0.566018
60.6414 -86.9786 -402.953 0 0 0 -0.823737 0.566973
60.7452 -86.5808 -401.905 0 0 0 -0.825036 0.565081
60.8488 -86.9419 -402.926 0 0 0 -0.828664 0.559747
60.9524 -87.3003 -403.553 0 0 0 -0.827594 0.561327
61.0561 -87.3176 -403.219 0 0 0 -0.823898 0.566738
61.1598 -87.4655 -403.636 0 0 0 -0.825605 0.564249
61.2634 -87.4412 -403.205 0 0 0 -0.823467 0.567364
61.367 -87.3829 -403.081 0 0 0 -0.819251 0.573436
61.4706 -87.686 -403.839 0 0 0 -0.82072 0.57133
61.5742 -87.6719 -403.549 0 0 0 -0.821549 0.570137
61.6778 -87.5566 -403.108 0 0 0 -0.820993 0.570939
61.7841 -87.5365 -402.96 0 0 0 -0.822085 0.569365
61.8852 -87.509 -402.81 0 0 0 -0.823734 0.566977
61.9889 -87.4938 -402.816 0 0 0 -0.82424 0.566241
62.0924 -87.3878 -402.728 0 0 0 -0.82782 0.560994
62.1966 -87.6914 -402.926 0 0 0 -0.825798 0.563966
62.3 -87.4333 -402.979 0 0 0 -0.827439 0.561556
62.4034 -87.7333 -403.659 0 0 0 -0.822673 0.568515
62.507 -87.8271 -403.495 0 0 0 -0.8223 0.569054
62.611 -88.0497 -403.844 0 0 0 -0.820784 0.571239
62.7141 -87.4243 -402.681 0 0 0 -0.820155 0.572141
62.8177 -86.99 -402.188 0 0 0 -0.815726 0.578439
62.9216 -87.3458 -403.086 0 0 0 -0.815641 0.578559
63.025 -87.5363 -403.226 0 0 0 -0.818307 0.574781
63.1286 -87.6439 -403.394 0 0 0 -0.822866 0.568236
63.2322 -87.6804 -403.256 0 0 0 -0.824458 0.565924
63.3357 -87.6976 -403.491 0 0 0 -0.825615 0.564233
63.4393 -87.9388 -403.959 0 0 0 -0.825958 0.563732
63.5429 -87.8177 -403.855 0 0 0 -0.829907 0.557901
63.6465 -88.2976 -404.393 0 0 0 -0.829724 0.558173
63.75 -87.8831 -402.578 0 0 0 -0.822714 0.568456
63.8536 -87.6656 -402.283 0 0 0 -0.821928 0.569592
63.9572 -87.2821 -401.521 0 0 0 -0.823135 0.567846
64.0607 -87.3428 -401.262 0 0 0 -0.822488 0.568782
64.1644 -87.593 -401.491 0 0 0 -0.824892 0.565291
64.268 -87.4106 -401.274 0 0 0 -0.82534 0.564636
64.3716 -87.5892 -402.084 0 0 0 -0.812448 0.583034
64.4752 -87.6307 -401.856 0 0 0 -0.815326 0.579002
64.5787 -88.1169 -403.352 0 0 0 -0.815615 0.578595
64.6826 -87.8788 -403.405 0 0 0 -0.81978 0.572678
64.7859 -88.3171 -403.866 0 0 0 -0.823592 0.567183
64.8896 -87.6813 -402.684 0 0 0 -0.827968 0.560775
64.9931 -87.6805 -401.648 0 0 0 -0.820151 0.572147
65.0968 -87.823 -401.872 0 0 0 -0.821645 0.57
65.2004 -87.5137 -402.239 0 0 0 -0.827817 0.560999
65.3041 -88.3954 -403.587 0 0 0 -0.812425 0.583066
65.4077 -87.8578 -403.81 0 0 0 -0.827608 0.561306
65.5114 -88.236 -404.192 0 0 0 -0.821794 0.569785
65.615 -87.7705 -403.233 0 0 0 -0.82099 0.570943
65.7193 -87.6111 -402.728 0 0 0 -0.817368 0.576116
65.8224 -87.7335 -402.937 0 0 0 -0.818741 0.574163
65.9261 -87.7712 -403.079 0 0 0 -0.813714 0.581266
66.0298 -87.9032 -403.098 0 0 0 -0.818053 0.575143
66.1334 -88.0544 -403.737 0 0 0 -0.817849 0.575432
66.2372 -88.0879 -403.684 0 0 0 -0.817075 0.576531
66.3409 -87.866 -403.24 0 0 0 -0.817823 0.575469
66.4445 -87.9949 -403.464 0 0 0 -0.816564 0.577255
66.5482 -87.1639 -402.929 0 0 0 -0.822648 0.568552
66.6519 -87.3768 -403.017 0 0 0 -0.825601 0.564254
66.7555 -87.2104 -402.698 0 0 0 -0.822097 0.569347
66.8591 -87.5096 -402.757 0 0 0 -0.825441 0.564488
66.9627 -87.7145 -402.716 0 0 0 -0.824755 0.56549
67.0663 -87.7979 -403.2 0 0 0 -0.821504 0.570202
67.17 -87.9125 -402.863 0 0 0 -0.818266 0.57484
67.2736 -87.9309 -403.573 0 0 0 -0.824688 0.565588
67.3772 -87.988 -403.644 0 0 0 -0.826828 0.562455
67.4808 -87.6704 -402.903 0 0 0 -0.82463 0.565672
67.5843 -87.7229 -403.014 0 0 0 -0.820015 0.572342
67.6879 -87.5774 -402.359 0 0 0 -0.818541 0.574448
67.7915 -87.9008 -403.365 0 0 0 -0.814454 0.580228
67.8951 -87.9662 -403.519 0 0 0 -0.816501 0.577344
67.9987 -87.7892 -403.135 0 0 0 -0.81386 0.581061
68.1023 -87.8579 -403.504 0 0 0 -0.813966 0.580912
68.2059 -87.6941 -403.398 0 0 0 -0.807858 0.589377
68.3095 -87.875 -403.802 0 0 0 -0.81129 0.584644
68.413 -87.8151 -404.451 0 0 0 -0.812621 0.582793
68.5166 -87.3287 -403.787 0 0 0 -0.822831 0.568286
68.6202 -87.1447 -403.702 0 0 0 -0.814019 0.580838
68.7237 -86.7339 -403.235 0 0 0 -0.809842 0.586648
68.8273 -86.9446 -403.92 0 0 0 -0.812799 0.582544
68.9309 -87.0564 -404.486 0 0 0 -0.8231 0.567897
69.0344 -86.8398 -403.774 0 0 0 -0.823923 0.566702
69.138 -87.8605 -406.287 0 0 0 -0.825778 0.563996
69.2416 -88.0996 -407.02 0 0 0 -0.828005 0.56072
69.3453 -88.9454 -408.899 0 0 0 -0.826828 0.562455
69.4489 -89.9102 -411.366 0 0 0 -0.826149 0.563452
69.5525 -91.0134 -413.964 0 0 0 -0.826101 0.563522
69.7597 -93.0139 -418.965 0 0 0 -0.826918 0.562323
69.9668 -93.782 -420.907 0 0 0 -0.825551 0.564327
70.0705 -94.0345 -421.469 0 0 0 -0.823945 0.56667
70.174 -94.4313 -422.101 0 0 0 -0.823697 0.56703
70.2777 -95.3665 -424.449 0 0 0 -0.818894 0.573945
70.3814 -96.1917 -426.162 0 0 0 -0.82011 0.572205
70.485 -95.5388 -425.648 0 0 0 -0.828502 0.559986
70.5888 -95.131 -424.343 0 0 0 -0.82482 0.565396
70.6924 -95.2504 -424.491 0 0 0 -0.830173 0.557505
70.796 -95.376 -424.842 0 0 0 -0.827024 0.562167
70.8998 -95.7574 -426.068 0 0 0 -0.82718 0.561936
71.0033 -96.88 -428.768 0 0 0 -0.824029 0.566547
71.1072 -97.9535 -431.251 0 0 0 -0.823875 0.566771
71.2108 -98.0713 -431.554 0 0 0 -0.822601 0.568619
71.3143 -98.0022 -431.251 0 0 0 -0.821465 0.570258
71.4181 -98.4749 -432.233 0 0 0 -0.821763 0.569829
71.5218 -98.7717 -433.168 0 0 0 -0.822188 0.569217
71.6254 -99.0222 -433.986 0 0 0 -0.823939 0.566679
71.7291 -98.6875 -433.277 0 0 0 -0.82116 0.570697
71.8329 -98.9171 -433.711 0 0 0 -0.817316 0.57619
71.9365 -98.873 -433.597 0 0 0 -0.81857 0.574407
72.0403 -98.869 -433.328 0 0 0 -0.821745 0.569856
72.144 -98.4115 -432.609 0 0 0 -0.819457 0.573141
72.2476 -98.4281 -432.294 0 0 0 -0.819448 0.573154
72.3514 -98.8428 -433.051 0 0 0 -0.821553 0.570132
72.455 -98.5992 -432.505 0 0 0 -0.821443 0.570291
72.5586 -98.4862 -432.649 0 0 0 -0.821324 0.570461
72.6623 -98.1554 -432.307 0 0 0 -0.825513 0.564383
72.7661 -98.2767 -432.329 0 0 0 -0.82258 0.56865
72.8697 -98.4343 -432.6 0 0 0 -0.82152 0.57018
72.9734 -98.6514 -432.969 0 0 0 -0.821129 0.570742
73.0772 -98.2865 -432.203 0 0 0 -0.823751 0.566952
73.1808 -98.1505 -431.941 0 0 0 -0.822895 0.568194
73.2844 -98.3907 -431.383 0 0 0 -0.817953 0.575285
73.3881 -98.3523 -432.184 0 0 0 -0.819973 0.572402
73.4917 -98.9174 -432.416 0 0 0 -0.819366 0.573271
73.5954 -98.1707 -431.347 0 0 0 -0.813909 0.580993
73.699 -97.9005 -431.238 0 0 0 -0.824109 0.566431
73.8027 -99.1 -433.081 0 0 0 -0.813743 0.581224
73.9063 -99.0972 -431.4 0 0 0 -0.776847 0.62969
74.0101 -98.6128 -431.248 0 0 0 -0.793813 0.608162
74.1137 -98.392 -431.716 0 0 0 -0.807936 0.58927
74.2174 -98.5128 -432.486 0 0 0 -0.813616 0.581403
74.321 -98.5061 -432.052 0 0 0 -0.814451 0.580233
74.4247 -98.4802 -432.291 0 0 0 -0.813197 0.581989
74.5284 -98.4478 -431.595 0 0 0 -0.809407 0.587247
74.632 -98.1127 -431.502 0 0 0 -0.806159 0.591699
74.7358 -98.5045 -432.415 0 0 0 -0.808698 0.588224
74.8394 -97.9481 -431.305 0 0 0 -0.812881 0.582429
74.943 -98.4171 -432.609 0 0 0 -0.809977 0.586462
75.0467 -98.082 -432.383 0 0 0 -0.819059 0.573709
75.1503 -98.032 -432.117 0 0 0 -0.820005 0.572357
75.254 -98.4197 -432.483 0 0 0 -0.820905 0.571065
75.3577 -98.2705 -432.174 0 0 0 -0.819388 0.57324
75.4614 -98.2882 -431.922 0 0 0 -0.81611 0.577896
75.565 -97.6636 -431.013 0 0 0 -0.811741 0.584018
75.6688 -97.4919 -430.36 0 0 0 -0.817189 0.57637
75.7724 -98.3744 -432.659 0 0 0 -0.818385 0.57467
75.8762 -98.4546 -432.77 0 0 0 -0.818414 0.574629
75.9798 -98.0468 -431.427 0 0 0 -0.81669 0.577077
76.0833 -98.6246 -433.097 0 0 0 -0.816731 0.577018
76.1869 -98.4575 -433.168 0 0 0 -0.815397 0.578903
76.2905 -98.004 -432.084 0 0 0 -0.817938 0.575306
76.3941 -98.1876 -432.333 0 0 0 -0.818798 0.574082
76.4976 -98.5862 -432.999 0 0 0 -0.817222 0.576323
76.6012 -98.4105 -432.991 0 0 0 -0.819313 0.573347
76.7049 -97.9889 -432.307 0 0 0 -0.817275 0.576247
76.8084 -98.3701 -432.727 0 0 0 -0.811082 0.584933
76.9119 -97.9639 -431.658 0 0 0 -0.803127 0.595808
77.0155 -97.6404 -431.129 0 0 0 -0.806245 0.591582
77.1192 -98.1827 -432.115 0 0 0 -0.787852 0.615865
77.2228 -98.8441 -434.822 0 0 0 -0.80089 0.598811
77.3264 -99.5215 -436.964 0 0 0 -0.790898 0.611948
77.43 -100.261 -439.399 0 0 0 -0.794448 0.607332
77.5336 -100.828 -441.287 0 0 0 -0.806338 0.591455
77.6372 -100.896 -441.542 0 0 0 -0.796342 0.604847
77.7409 -101.451 -443.361 0 0 0 -0.80325 0.595642
77.8445 -101.326 -443.179 0 0 0 -0.798078 0.602554
77.9483 -101.439 -443.291 0 0 0 -0.798731 0.601688
78.0518 -101.328 -443.621 0 0 0 -0.801068 0.598573
78.1554 -100.839 -442.393 0 0 0 -0.801096 0.598536
78.2592 -101.459 -443.22 0 0 0 -0.794669 0.607043
78.3628 -101.397 -444.145 0 0 0 -0.802682 0.596408
78.4664 -100.807 -442.259 0 0 0 -0.800835 0.598886
78.5701 -100.581 -441.493 0 0 0 -0.795607 0.605813
78.6738 -100.861 -442.585 0 0 0 -0.801017 0.598642
78.7774 -101.372 -444.021 0 0 0 -0.796999 0.603981
78.881 -101.481 -443.701 0 0 0 -0.790291 0.612731
78.9846 -101.125 -443.115 0 0 0 -0.797206 0.603708
79.0882 -101.61 -444.828 0 0 0 -0.798073 0.602561
79.1918 -101.56 -444.776 0 0 0 -0.799247 0.601002
79.2956 -101.073 -443.249 0 0 0 -0.802199 0.597057
79.3992 -101.667 -444.951 0 0 0 -0.801338 0.598212
79.5028 -101.332 -444.329 0 0 0 -0.800158 0.599789
79.6064 -101.448 -444.741 0 0 0 -0.801414 0.59811
79.7101 -100.81 -442.576 0 0 0 -0.802283 0.596943
79.8138 -101.083 -443.153 0 0 0 -0.804977 0.593307
79.9174 -101.36 -444.325 0 0 0 -0.803701 0.595033
80.021 -102.401 -447.205 0 0 0 -0.798584 0.601883
80.1246 -102.818 -448.175 0 0 0 -0.799803 0.600262
80.2284 -103.441 -449.914 0 0 0 -0.794502 0.607262
80.332 -103.76 -450.887 0 0 0 -0.793169 0.609002
80.4356 -104.169 -451.974 0 0 0 -0.789113 0.614248
80.5394 -104.688 -452.647 0 0 0 -0.779877 0.625933
80.643 -104.769 -452.847 0 0 0 -0.782715 0.62238
80.7467 -105.151 -454.909 0 0 0 -0.790286 0.612738
80.8503 -105.649 -457.161 0 0 0 -0.790003 0.613103
80.9541 -106.167 -459.008 0 0 0 -0.786974 0.616986
81.0577 -106.531 -460.305 0 0 0 -0.785195 0.619249
81.1614 -106.665 -460.96 0 0 0 -0.786606 0.617455
81.3688 -107.094 -461.465 0 0 0 -0.7859 0.618354
81.4724 -107.048 -461.9 0 0 0 -0.79374 0.608258
81.576 -107.09 -461.607 0 0 0 -0.794061 0.607838
81.6796 -107.144 -461.504 0 0 0 -0.794115 0.607767
81.7831 -107.2 -461.117 0 0 0 -0.795543 0.605897
81.8867 -107.086 -460.399 0 0 0 -0.797376 0.603482
81.9903 -107.356 -461.263 0 0 0 -0.798009 0.602646
82.0939 -107.124 -460.408 0 0 0 -0.800123 0.599836
82.1976 -107.516 -460.692 0 0 0 -0.800139 0.599815
82.3012 -107.731 -461.326 0 0 0 -0.800502 0.59933
82.4049 -107.847 -461.17 0 0 0 -0.799157 0.601123
82.5085 -108.578 -462.319 0 0 0 -0.795086 0.606497
82.6122 -108.191 -460.693 0 0 0 -0.79834 0.602207
82.7159 -108.199 -460.824 0 0 0 -0.800165 0.59978
82.8195 -107.981 -459.836 0 0 0 -0.801833 0.597548
82.9231 -108.116 -459.903 0 0 0 -0.801676 0.597759
83.0269 -108.207 -459.621 0 0 0 -0.796707 0.604365
83.1305 -108.562 -459.925 0 0 0 -0.789751 0.613427
83.2342 -108.749 -460.443 0 0 0 -0.790863 0.611993
83.3379 -108.782 -460.215 0 0 0 -0.7913 0.611428
83.4416 -108.822 -459.884 0 0 0 -0.79378 0.608205
83.5452 -108.971 -460.109 0 0 0 -0.794966 0.606654
83.6488 -108.997 -459.928 0 0 0 -0.795042 0.606555
83.7525 -109.084 -460.001 0 0 0 -0.79037 0.61263
83.8563 -109.13 -459.871 0 0 0 -0.792172 0.610298
83.96 -109.188 -459.825 0 0 0 -0.787217 0.616675
84.0637 -109.208 -459.677 0 0 0 -0.787342 0.616517
84.1674 -109.261 -459.616 0 0 0 -0.787506 0.616307
84.271 -109.357 -459.942 0 0 0 -0.785958 0.61828
84.3751 -109.387 -459.946 0 0 0 -0.785872 0.61839
84.4784 -109.482 -460.188 0 0 0 -0.785716 0.618588
84.5821 -109.479 -460.168 0 0 0 -0.785598 0.618738
84.6857 -109.59 -460.396 0 0 0 -0.785683 0.61863
84.7894 -109.64 -460.664 0 0 0 -0.785935 0.618309
84.8932 -109.569 -460.218 0 0 0 -0.784549 0.620067
84.9968 -109.823 -460.837 0 0 0 -0.784759 0.619801
85.1005 -109.759 -460.338 0 0 0 -0.784627 0.619968
85.2041 -109.694 -460.08 0 0 0 -0.785448 0.618928
85.3077 -109.696 -460.228 0 0 0 -0.785992 0.618237
85.4114 -109.752 -460.322 0 0 0 -0.783857 0.620942
85.515 -109.652 -459.779 0 0 0 -0.784466 0.620172
85.6188 -109.633 -459.619 0 0 0 -0.783938 0.620839
85.7231 -109.68 -459.611 0 0 0 -0.784214 0.62049
85.8265 -109.706 -459.744 0 0 0 -0.783372 0.621553
85.9298 -109.644 -459.306 0 0 0 -0.782859 0.622199
86.0337 -109.538 -458.827 0 0 0 -0.782354 0.622834
86.1374 -109.638 -459.175 0 0 0 -0.781869 0.623442
86.2408 -109.655 -459.132 0 0 0 -0.78144 0.62398
86.3445 -109.664 -459.163 0 0 0 -0.781924 0.623374
86.4484 -109.688 -459.155 0 0 0 -0.780817 0.62476
86.5519 -109.579 -458.78 0 0 0 -0.778919 0.627125
86.6556 -109.628 -459.036 0 0 0 -0.779863 0.62595
86.7594 -109.626 -459.24 0 0 0 -0.777059 0.629427
86.863 -109.679 -459.494 0 0 0 -0.775677 0.63113
86.9669 -109.59 -459.2 0 0 0 -0.774425 0.632666
87.0705 -109.562 -459.204 0 0 0 -0.773409 0.633907
87.1741 -109.567 -459.451 0 0 0 -0.77169 0.635998
87.2783 -109.637 -459.864 0 0 0 -0.772242 0.635329
87.3817 -109.575 -459.621 0 0 0 -0.773456 0.63385
87.4854 -109.573 -459.668 0 0 0 -0.774221 0.632915
87.589 -109.496 -459.763 0 0 0 -0.77208 0.635526
87.6927 -109.535 -460.217 0 0 0 -0.769451 0.638706
87.7963 -109.463 -459.685 0 0 0 -0.773427 0.633885
87.9001 -109.59 -459.986 0 0 0 -0.779315 0.626632
88.0038 -109.671 -460.455 0 0 0 -0.77932 0.626627
88.1074 -110.041 -462.823 0 0 0 -0.777433 0.628966
88.2116 -109.42 -460.714 0 0 0 -0.779959 0.625831
88.315 -109.269 -460.857 0 0 0 -0.781598 0.623782
88.4185 -109.325 -460.636 0 0 0 -0.782938 0.622099
88.5223 -109.119 -459.958 0 0 0 -0.782909 0.622136
88.626 -109.445 -459.837 0 0 0 -0.773085 0.634303
88.7298 -109.262 -460.539 0 0 0 -0.778348 0.627833
88.8335 -109.469 -461.112 0 0 0 -0.776735 0.629828
88.9373 -109.668 -462.381 0 0 0 -0.778102 0.628138
89.041 -109.685 -462.101 0 0 0 -0.778605 0.627515
89.1446 -109.232 -460.794 0 0 0 -0.781627 0.623746
89.2482 -109.411 -460.851 0 0 0 -0.779697 0.626157
89.3519 -109.103 -460.512 0 0 0 -0.784953 0.619556
89.4555 -109.376 -460.535 0 0 0 -0.77623 0.630449
89.5592 -109.731 -461.703 0 0 0 -0.78041 0.625268
89.6628 -110.144 -463.07 0 0 0 -0.77311 0.634273
89.7665 -110.552 -465.089 0 0 0 -0.777773 0.628545
89.8703 -110.902 -466.914 0 0 0 -0.782165 0.623071
89.974 -111.648 -464.483 0 0 0 -0.772128 0.635467
90.0776 -112.055 -465.931 0 0 0 -0.771314 0.636455
90.1813 -112.468 -467.706 0 0 0 -0.770623 0.637291
90.2851 -112.782 -469.438 0 0 0 -0.771031 0.636797
90.3888 -112.992 -467.384 0 0 0 -0.762131 0.647423
90.4924 -113.221 -469.088 0 0 0 -0.760856 0.648921
90.5962 -113.604 -470.807 0 0 0 -0.766696 0.64201
90.6999 -113.94 -472.41 0 0 0 -0.76565 0.643258
90.8035 -114.21 -474.165 0 0 0 -0.770924 0.636928
90.9073 -114.543 -475.72 0 0 0 -0.772729 0.634736
91.011 -114.88 -477.394 0 0 0 -0.777304 0.629125
91.1146 -115.277 -478.926 0 0 0 -0.7815 0.623905
91.2184 -115.483 -480.575 0 0 0 -0.785156 0.619297
91.3221 -115.947 -482.077 0 0 0 -0.790507 0.612453
91.4258 -116.431 -483.618 0 0 0 -0.798005 0.602651
91.5296 -116.853 -485.131 0 0 0 -0.800607 0.59919
91.6332 -117.303 -486.642 0 0 0 -0.805585 0.59248
91.737 -117.792 -488.134 0 0 0 -0.812152 0.583446
91.8407 -118.266 -489.624 0 0 0 -0.81666 0.577119
91.9444 -118.8 -491.018 0 0 0 -0.822193 0.569209
92.0482 -119.388 -492.453 0 0 0 -0.829329 0.55876
92.1519 -120.023 -493.937 0 0 0 -0.837375 0.546629
92.2557 -120.642 -495.222 0 0 0 -0.842801 0.538225
92.3594 -121.296 -496.729 0 0 0 -0.849187 0.528092
92.5669 -122.704 -499.293 0 0 0 -0.860602 0.509279
92.7742 -124.234 -501.932 0 0 0 0.873465 -0.486888
92.878 -125.089 -503.202 0 0 0 0.87967 -0.475585
92.9817 -125.968 -504.473 0 0 0 0.887258 -0.461273
93.0854 -126.822 -505.681 0 0 0 0.892087 -0.451863
93.1892 -127.742 -506.854 0 0 0 0.897882 -0.440237
93.2929 -128.681 -508.019 0 0 0 0.903004 -0.429633
93.3965 -129.578 -509.195 0 0 0 0.908881 -0.417056
93.5003 -130.607 -510.283 0 0 0 0.914754 -0.40401
93.604 -131.653 -511.369 0 0 0 0.920399 -0.390979
93.7077 -132.738 -512.425 0 0 0 0.925424 -0.378933
93.8114 -133.749 -513.427 0 0 0 0.930715 -0.365745
93.9151 -134.893 -514.378 0 0 0 0.936313 -0.351166
94.0189 -136.027 -515.383 0 0 0 0.94098 -0.338463
94.1225 -137.217 -516.32 0 0 0 0.945682 -0.325092
94.2263 -138.403 -517.186 0 0 0 0.950203 -0.311632
94.3298 -139.656 -518.074 0 0 0 0.954599 -0.297892
94.4336 -140.849 -518.869 0 0 0 0.958882 -0.283804
94.5372 -142.172 -519.677 0 0 0 0.963324 -0.26834
94.6408 -143.419 -520.403 0 0 0 0.966712 -0.255867
94.7445 -144.699 -521.1 0 0 0 0.969837 -0.243753
94.8483 -146.073 -521.821 0 0 0 0.973386 -0.229174
94.9519 -147.39 -522.476 0 0 0 0.976457 -0.215711
95.0557 -148.753 -523.064 0 0 0 0.979367 -0.202089
95.1594 -150.144 -523.635 0 0 0 0.982097 -0.188377
95.2631 -151.498 -524.179 0 0 0 0.984436 -0.175741
95.3667 -152.92 -524.659 0 0 0 0.986849 -0.161645
95.4705 -154.351 -525.123 0 0 0 0.988576 -0.15072
95.5741 -155.755 -525.52 0 0 0 0.990331 -0.138721
95.6778 -157.194 -525.917 0 0 0 0.991868 -0.127274
95.7816 -158.65 -526.288 0 0 0 0.99358 -0.11313
95.8852 -160.077 -526.636 0 0 0 0.995036 -0.0995161
95.9888 -161.56 -526.883 0 0 0 0.996071 -0.0885627
96.0925 -163.094 -527.156 0 0 0 0.997207 -0.0746876
96.1962 -164.516 -527.361 0 0 0 0.998102 -0.061582
96.2998 -166.05 -527.526 0 0 0 0.998805 -0.0488651
96.4034 -167.552 -527.647 0 0 0 0.999413 -0.0342564
96.5071 -169.013 -527.711 0 0 0 0.999743 -0.0226822
96.6109 -170.491 -527.791 0 0 0 0.999961 -0.00886377
96.7145 -172.055 -527.774 0 0 0 0.999981 0.00621823
96.8182 -173.544 -527.739 0 0 0 0.999829 0.0185066
96.9218 -175.039 -527.663 0 0 0 0.999462 0.0327974
97.0256 -176.578 -527.567 0 0 0 0.998792 0.0491319
97.1293 -178.072 -527.392 0 0 0 0.998076 0.0619975
97.2331 -179.6 -527.171 0 0 0 0.997116 0.0758929
97.3368 -181.079 -526.902 0 0 0 0.995881 0.0906715
97.4404 -182.558 -526.642 0 0 0 0.994484 0.104888
97.5442 -183.991 -526.292 0 0 0 0.99284 0.11945
97.6479 -185.54 -525.894 0 0 0 0.990787 0.135426
97.7516 -187.005 -525.451 0 0 0 0.988656 0.150199
97.8552 -188.371 -525.016 0 0 0 0.98653 0.163579
97.959 -189.88 -524.496 0 0 0 0.983686 0.179894
98.0627 -191.256 -523.931 0 0 0 0.981171 0.193139
98.1665 -192.681 -523.334 0 0 0 0.978095 0.208158
98.2701 -194.038 -522.691 0 0 0 0.97514 0.221589
98.3738 -195.404 -522.022 0 0 0 0.971488 0.23709
98.4774 -196.71 -521.317 0 0 0 0.968141 0.250407
98.5811 -198.057 -520.548 0 0 0 0.964223 0.265093
98.6848 -199.262 -519.803 0 0 0 0.960901 0.276891
98.7884 -200.596 -518.971 0 0 0 0.956253 0.292542
98.8922 -201.835 -518.099 0 0 0 0.951593 0.307361
98.9958 -203.04 -517.199 0 0 0 0.947375 0.320125
99.0995 -204.266 -516.223 0 0 0 0.942761 0.333469
99.2031 -205.34 -515.312 0 0 0 0.938618 0.344959
99.3067 -206.605 -514.257 0 0 0 0.933007 0.359859
99.4104 -207.703 -513.235 0 0 0 0.928234 0.371997
99.514 -208.722 -512.154 0 0 0 0.924237 0.38182
99.6177 -209.914 -510.984 0 0 0 0.917441 0.397871
99.7213 -210.922 -509.81 0 0 0 0.912938 0.408098
99.8251 -211.91 -508.647 0 0 0 0.907651 0.419726
99.9287 -212.917 -507.464 0 0 0 0.902536 0.430615
100.032 -213.836 -506.285 0 0 0 0.897915 0.44017
100.136 -214.784 -505.093 0 0 0 0.893127 0.449804
100.24 -215.743 -503.754 0 0 0 0.887909 0.46002
100.343 -216.661 -502.415 0 0 0 0.882717 0.469904
100.447 -217.533 -501.011 0 0 0 0.87778 0.479064
100.551 -218.393 -499.689 0 0 0 0.873357 0.487081
100.654 -219.221 -498.298 0 0 0 0.868437 0.4958
100.758 -220.037 -496.867 0 0 0 0.865171 0.501477
100.862 -220.778 -495.375 0 0 0 0.861683 0.507447
100.965 -221.602 -493.9 0 0 0 0.85734 0.514751
101.069 -222.332 -492.497 0 0 0 0.853813 0.52058
101.172 -223.059 -490.995 0 0 0 0.850721 0.525618
101.276 -223.794 -489.528 0 0 0 0.847503 0.530791
101.38 -224.486 -488.02 0 0 0 0.844048 0.536268
101.483 -225.234 -486.505 0 0 0 0.840848 0.541271
101.587 -225.882 -485.012 0 0 0 0.838763 0.544496
101.691 -226.589 -483.425 0 0 0 0.836957 0.547269
101.794 -227.258 -481.863 0 0 0 0.835271 0.549838
101.898 -227.925 -480.27 0 0 0 0.833047 0.553203
102.002 -228.57 -478.747 0 0 0 0.831576 0.555411
102.105 -229.243 -477.106 0 0 0 0.828702 0.55969
102.209 -229.839 -475.531 0 0 0 0.827786 0.561045
102.313 -230.446 -473.931 0 0 0 0.826459 0.562997
102.416 -231.083 -472.394 0 0 0 0.825468 0.56445
102.52 -231.697 -470.806 0 0 0 0.825055 0.565052
102.624 -232.302 -469.176 0 0 0 0.824292 0.566166
102.727 -232.914 -467.547 0 0 0 0.823283 0.567632
102.831 -233.558 -465.964 0 0 0 0.822923 0.568153
102.935 -234.115 -464.344 0 0 0 0.822059 0.569402
103.038 -234.708 -462.788 0 0 0 0.821219 0.570613
103.142 -235.303 -461.123 0 0 0 0.820385 0.571811
103.246 -235.886 -459.596 0 0 0 0.820533 0.571599
103.349 -236.503 -457.9 0 0 0 0.819753 0.572717
103.557 -237.723 -454.667 0 0 0 0.81826 0.574848
103.66 -238.271 -453.026 0 0 0 0.818389 0.574664
103.868 -239.409 -449.779 0 0 0 0.817746 0.575579
103.971 -239.957 -448.202 0 0 0 0.816682 0.577088
104.075 -240.494 -446.672 0 0 0 0.816548 0.577277
104.179 -241.029 -445.067 0 0 0 0.816083 0.577935
104.282 -241.61 -443.511 0 0 0 0.815441 0.57884
104.386 -242.151 -441.94 0 0 0 0.814688 0.5799
104.49 -242.694 -440.386 0 0 0 0.813813 0.581126
104.593 -243.233 -438.776 0 0 0 0.812135 0.583469
104.697 -243.759 -437.301 0 0 0 0.811844 0.583874
104.801 -244.247 -435.666 0 0 0 0.809676 0.586877
104.905 -244.743 -434.081 0 0 0 0.807671 0.589634
105.008 -245.286 -432.582 0 0 0 0.804669 0.593724
105.112 -245.734 -431.03 0 0 0 0.802038 0.597274
105.216 -246.211 -429.506 0 0 0 0.797661 0.603106
105.319 -246.609 -427.992 0 0 0 0.793878 0.608078
105.423 -247.011 -426.38 0 0 0 0.789744 0.613436
105.527 -247.458 -424.91 0 0 0 0.782898 0.62215
105.631 -247.745 -423.461 0 0 0 0.777829 0.628476
105.734 -248.063 -421.912 0 0 0 0.772114 0.635485
105.838 -248.294 -420.446 0 0 0 0.765938 0.642914
105.942 -248.548 -418.981 0 0 0 0.758708 0.651431
106.046 -248.803 -417.535 0 0 0 0.750275 0.661126
106.149 -248.978 -416.027 0 0 0 0.742669 0.669659
106.357 -249.178 -413.031 0 0 0 0.726529 0.687135
106.461 -249.273 -411.607 0 0 0 0.715563 0.698548
106.564 -249.304 -410.167 0 0 0 0.704547 0.709658
106.668 -249.231 -408.734 0 0 0 0.694759 0.719243
106.772 -249.154 -407.179 0 0 0 0.683528 0.729925
106.876 -249.049 -405.795 0 0 0 0.671649 0.74087
106.979 -248.939 -404.354 0 0 0 0.660537 0.750793
107.083 -248.719 -402.855 0 0 0 0.645415 0.763832
107.187 -248.441 -401.468 0 0 0 0.634441 0.772972
107.29 -248.127 -399.998 0 0 0 0.620734 0.784021
107.394 -247.755 -398.691 0 0 0 0.608282 0.793721
107.498 -247.354 -397.253 0 0 0 0.594645 0.803988
107.602 -246.933 -395.909 0 0 0 0.578598 0.815613
107.705 -246.459 -394.528 0 0 0 0.56274 0.826634
107.809 -245.881 -393.147 0 0 0 0.549336 0.835601
107.913 -245.312 -391.891 0 0 0 0.53255 0.846399
108.016 -244.673 -390.596 0 0 0 0.51699 0.855991
108.12 -244.006 -389.375 0 0 0 0.502846 0.864376
108.224 -243.314 -388.15 0 0 0 0.48631 0.873787
108.328 -242.544 -386.937 0 0 0 0.473419 0.880837
108.431 -241.723 -385.763 0 0 0 0.45644 0.889754
108.535 -240.937 -384.666 0 0 0 0.44004 0.897978
108.639 -240.02 -383.557 0 0 0 0.426087 0.904682
108.743 -239.104 -382.487 0 0 0 0.408381 0.912811
108.846 -238.175 -381.462 0 0 0 0.394968 0.918695
108.95 -237.193 -380.481 0 0 0 0.38037 0.924835
109.053 -236.161 -379.509 0 0 0 0.365982 0.930622
109.157 -235.107 -378.551 0 0 0 0.353173 0.935558
109.26 -234.025 -377.649 0 0 0 0.338745 0.940878
109.364 -232.906 -376.796 0 0 0 0.324495 0.945887
109.468 -231.754 -375.908 0 0 0 0.311879 0.950122
109.572 -230.565 -375.087 0 0 0 0.296097 0.955158
109.675 -229.359 -374.277 0 0 0 0.280789 0.95977
109.779 -228.139 -373.533 0 0 0 0.264068 0.964504
109.883 -226.943 -372.845 0 0 0 0.24736 0.968924
109.986 -225.676 -372.176 0 0 0 0.230317 0.973116
110.09 -224.401 -371.525 0 0 0 0.21457 0.976709
110.194 -223.044 -370.946 0 0 0 0.196532 0.980497
110.298 -221.706 -370.406 0 0 0 0.181533 0.983385
110.401 -220.315 -369.929 0 0 0 0.165304 0.986243
110.505 -218.959 -369.516 0 0 0 0.14825 0.98895
110.609 -217.532 -369.122 0 0 0 0.132175 0.991226
110.713 -216.138 -368.746 0 0 0 0.114331 0.993443
110.816 -214.732 -368.431 0 0 0 0.0989253 0.995095
110.92 -213.312 -368.199 0 0 0 0.0796451 0.996823
111.024 -211.821 -367.988 0 0 0 0.063614 0.997975
111.127 -210.374 -367.82 0 0 0 0.0474051 0.998876
111.231 -208.978 -367.715 0 0 0 0.0315083 0.999503
111.335 -207.467 -367.627 0 0 0 0.0145579 0.999894
111.438 -206.086 -367.521 0 0 0 0.000145192 1
111.542 -204.567 -367.589 0 0 0 -0.0142163 0.999899
111.646 -203.068 -367.642 0 0 0 -0.0259613 0.999663
111.749 -201.592 -367.74 0 0 0 -0.0358506 0.999357
111.853 -200.003 -367.923 0 0 0 -0.0511213 0.998692
112.06 -196.992 -368.277 0 0 0 -0.0713758 0.99745
112.164 -195.536 -368.544 0 0 0 -0.0822673 0.99661
112.268 -194.044 -368.784 0 0 0 -0.0886298 0.996065
112.371 -192.533 -369.078 0 0 0 -0.0939172 0.99558
112.475 -191.138 -369.313 0 0 0 -0.0987429 0.995113
112.578 -189.541 -369.648 0 0 0 -0.105693 0.994399
112.682 -187.889 -370.072 0 0 0 -0.115631 0.993292
112.786 -186.39 -370.489 0 0 0 -0.120058 0.992767
112.89 -184.939 -370.787 0 0 0 -0.116889 0.993145
112.992 -183.342 -371.126 0 0 0 -0.122244 0.9925
113.096 -181.796 -371.476 0 0 0 -0.124198 0.992257
113.2 -180.196 -371.877 0 0 0 -0.125591 0.992082
113.303 -178.56 -372.374 0 0 0 -0.127991 0.991775
113.407 -177.012 -372.748 0 0 0 -0.127279 0.991867
113.51 -175.337 -373.165 0 0 0 -0.12943 0.991589
113.614 -173.862 -373.548 0 0 0 -0.128196 0.991749
113.718 -172.138 -374.006 0 0 0 -0.12805 0.991768
113.824 -170.554 -374.457 0 0 0 -0.130227 0.991484
113.925 -168.865 -374.978 0 0 0 -0.130298 0.991475
