6 -0.276855 -0.23291 0 0 0 0.000722875 1
6.5 -0.277344 -0.234863 0 0 0 0.00076047 1
7 -0.277344 -0.234863 0 0 0 0.000760494 1
7.5 -0.277344 -0.234863 0 0 0 0.000760503 1
8 -0.277344 -0.234863 0 0 0 0.000760503 1
8.5 -0.277344 -0.234863 0 0 0 0.000760503 1
9 -0.277344 -0.234863 0 0 0 0.000760503 1
9.5 -0.277344 -0.234863 0 0 0 0.000760503 1
10 -0.277344 -0.234863 0 0 0 0.000760503 1
10.5 -0.277344 -0.234863 0 0 0 0.000760503 1
11 -0.277344 -0.234863 0 0 0 0.000760503 1
11.5 -0.277344 -0.234863 0 0 0 0.000760503 1
12 -0.277344 -0.234863 0 0 0 0.000760503 1
12.5 -0.277344 -0.234863 0 0 0 0.000760503 1
13 -0.277344 -0.234863 0 0 0 0.000760503 1
13.5 -0.277344 -0.234863 0 0 0 0.000760503 1
14 -0.277344 -0.234863 0 0 0 0.000760503 1
14.5 -0.277344 -0.234863 0 0 0 0.000760503 1
15 -0.277344 -0.234863 0 0 0 0.000760503 1
15.5 -0.277344 -0.234863 0 0 0 0.000760503 1
16 -0.277344 -0.234863 0 0 0 0.000760503 1
16.5 -0.277344 -0.234863 0 0 0 0.000760503 1
17 -0.277344 -0.234863 0 0 0 0.000760503 1
17.5 -0.277344 -0.234863 0 0 0 0.000760503 1
18 -0.277344 -0.234863 0 0 0 0.000760503 1
18.5 -0.277344 -0.234863 0 0 0 0.000760503 1
19 -0.277344 -0.234863 0 0 0 0.000760503 1
19.5 -0.277344 -0.234863 0 0 0 0.000760503 1
20 -0.277344 -0.234863 0 0 0 0.000760503 1
20.1038 0.299072 -0.09375 0 0 0 -0.0312668 0.999511
20.2076 2.0542 0.198242 0 0 0 -0.0077749 0.99997
20.3116 3.56763 1.1958 0 0 0 0.019826 0.999803
20.4151 4.46875 -9.67334 0 0 0 -0.10797 0.994154
20.5189 4.99609 -10.1597 0 0 0 -0.114969 0.993369
20.6227 5.89819 -10.8501 0 0 0 -0.140941 0.990018
20.7264 6.6499 -10.4609 0 0 0 -0.156048 0.987749
20.8302 7.49316 -8.83936 0 0 0 -0.193903 0.981021
20.934 8.18994 -9.34814 0 0 0 -0.200208 0.979753
21.0377 9.0166 -9.17773 0 0 0 -0.224507 0.974472
21.1415 10.1411 -8.97559 0 0 0 -0.247951 0.968773
21.2451 11.1392 -8.33398 0 0 0 -0.275061 0.961427
21.3489 12.1956 -6.44775 0 0 0 -0.2956 0.955312
21.4527 12.6528 -4.88281 0 0 0 -0.314332 0.949313
21.5564 13.3777 -5.51611 0 0 0 -0.339128 0.94074
21.6601 14.1309 -6.1333 0 0 0 -0.357329 0.933979
21.7638 14.8091 -6.68848 0 0 0 -0.379934 0.925014
21.8677 16.1294 -4.06934 0 0 0 -0.403597 0.914937
21.9713 16.7026 -3.20703 0 0 0 -0.41973 0.907649
22.0749 17.2668 -2.79785 0 0 0 -0.44264 0.896699
22.1787 17.9937 -1.89648 0 0 0 -0.463711 0.885986
22.2824 18.5078 -2.5708 0 0 0 -0.483117 0.875556
22.386 18.8718 -3.14551 0 0 0 -0.49764 0.867384
22.4896 19.2539 -4.1377 0 0 0 -0.517492 0.855688
22.5934 19.6934 -3.8457 0 0 0 -0.531116 0.847299
22.697 19.8655 -4.17969 0 0 0 -0.545248 0.838275
22.8006 20.3013 -4.87988 0 0 0 -0.557105 0.830442
22.9044 21.0215 -4.34229 0 0 0 -0.579609 0.814894
23.0081 21.4651 -3.7417 0 0 0 -0.599402 0.800448
23.1117 21.7361 -4.125 0 0 0 -0.609117 0.793081
23.2153 22.0757 -4.85645 0 0 0 -0.621408 0.783487
23.3191 22.2756 -5.62646 0 0 0 -0.62969 0.776847
23.4228 22.4443 -5.66406 0 0 0 -0.63758 0.770384
23.5266 22.6357 -5.9082 0 0 0 -0.649091 0.760711
23.6303 22.8679 -5.52783 0 0 0 -0.662091 0.749423
23.7339 23.0933 -5.229 0 0 0 -0.669635 0.742691
23.8375 23.3008 -4.41602 0 0 0 -0.678213 0.734865
23.9413 23.4783 -2.57715 0 0 0 -0.689254 0.72452
24.0449 23.3921 -1.4751 0 0 0 -0.689753 0.724045
24.1486 23.8489 -0.703125 0 0 0 -0.699099 0.715024
24.2523 23.8464 -0.0966797 0 0 0 -0.696774 0.717291
24.356 23.9385 -1.16016 0 0 0 -0.709481 0.704724
24.4596 23.9121 0.352051 0 0 0 -0.698934 0.715186
24.5632 24.2998 1.49414 0 0 0 -0.714751 0.699379
24.6669 24.5999 0.996094 0 0 0 -0.725282 0.688452
24.7706 24.2996 0.0136719 0 0 0 -0.72394 0.689863
24.8743 24.4885 1.45264 0 0 0 -0.733523 0.679665
24.978 24.3547 -0.150879 0 0 0 -0.738359 0.674408
25.0817 24.8484 3.41504 0 0 0 -0.745302 0.666727
25.1853 25.0066 3.33105 0 0 0 -0.726732 0.686921
25.2889 24.656 1.17871 0 0 0 -0.720035 0.693937
25.3926 24.4075 2.31055 0 0 0 -0.731824 0.681493
25.4963 24.4146 0.620605 0 0 0 -0.735064 0.677998
25.6 24.197 -0.871582 0 0 0 -0.739316 0.673359
25.7036 25.0652 2.44238 0 0 0 -0.743466 0.668774
25.8073 24.4834 -0.45459 0 0 0 -0.737807 0.675011
25.911 24.3762 -0.44873 0 0 0 -0.738626 0.674115
