0.20759 0 0 0 0 0 0 1
0.415086 -0.00354004 -0.404541 0 0 0 -0.0193454 0.999813
0.518869 0.263916 -1.96753 0 0 0 -0.0143234 0.999897
0.622688 0.711792 -2.19116 0 0 0 -0.0167426 0.99986
0.726432 1.64954 -2.20251 0 0 0 -0.039503 0.999219
0.830171 2.48193 -2.24255 0 0 0 -0.0582298 0.998303
0.933953 3.36816 -2.39062 0 0 0 -0.0784122 0.996921
1.0377 4.4967 -2.61877 0 0 0 -0.103899 0.994588
1.14148 5.37695 -2.83594 0 0 0 -0.126217 0.992003
1.24514 6.3208 -3.08459 0 0 0 -0.149467 0.988767
1.34887 7.27344 -3.36255 0 0 0 -0.169415 0.985545
1.45273 8.11914 -3.51392 0 0 0 -0.19051 0.981685
1.55638 8.99182 -4.09644 0 0 0 -0.217389 0.976085
1.66009 9.92029 -4.46802 0 0 0 -0.237213 0.971458
1.76384 10.6909 -4.95239 0 0 0 -0.260991 0.965341
1.97132 11.5785 -3.56372 0 0 0 -0.294559 0.955633
2.07494 12.3354 -3.27222 0 0 0 -0.324016 0.946052
2.28243 12.8384 -1.15723 0 0 0 -0.369313 0.929305
2.38603 13.2319 0.119751 0 0 0 -0.38736 0.921929
2.48965 13.7383 0.420654 0 0 0 -0.40641 0.913691
2.69701 14.4822 1.64099 0 0 0 -0.438546 0.898709
2.80062 14.7539 2.49316 0 0 0 -0.452657 0.891685
3.00811 15.4673 3.62329 0 0 0 -0.487541 0.8731
3.11172 15.6738 4.08374 0 0 0 -0.496903 0.867806
3.21533 15.9453 4.63123 0 0 0 -0.511297 0.859404
3.42281 16.4751 4.72583 0 0 0 -0.531816 0.84686
3.52655 16.8588 4.05249 0 0 0 -0.540639 0.841255
3.73392 17.1992 4.67969 0 0 0 -0.569778 0.821799
3.83752 17.5861 3.82068 0 0 0 -0.582834 0.812591
3.94129 17.7681 2.68713 0 0 0 -0.587797 0.809008
4.14862 18.0996 1.97559 0 0 0 -0.603514 0.797352
4.25229 18.449 0.828735 0 0 0 -0.613241 0.789896
4.45961 18.6699 -0.598999 0 0 0 -0.619196 0.785236
4.77056 19.1152 -1.59729 0 0 0 -0.638163 0.769901
4.87432 18.8765 -1.10376 0 0 0 -0.648521 0.761197
4.97797 19.1001 -2.29272 0 0 0 -0.650192 0.75977
5.08166 19.2673 -3.57556 0 0 0 -0.650708 0.759328
5.18527 19.4404 -4.80493 0 0 0 -0.654216 0.756308
5.28894 19.6484 -6.09546 0 0 0 -0.655213 0.755444
5.49631 19.7156 -7.94666 0 0 0 -0.650766 0.759279
5.60003 20.0435 -9.38611 0 0 0 -0.652602 0.757701
5.70364 20.2118 -10.8334 0 0 0 -0.652345 0.757922
5.91095 20.437 -11.6947 0 0 0 -0.657483 0.75347
6.01472 20.3036 -12.3887 0 0 0 -0.649912 0.760009
6.22193 20.5977 -13.074 0 0 0 -0.65353 0.7569
6.32567 20.767 -14.6418 0 0 0 -0.653068 0.7573
6.42928 21.0292 -16.1711 0 0 0 -0.652866 0.757473
6.63667 21.3964 -17.6725 0 0 0 -0.645004 0.764179
6.7404 21.7881 -18.7321 0 0 0 -0.646566 0.762858
6.94775 21.709 -19.6257 0 0 0 -0.65004 0.7599
7.05147 21.8192 -20.6224 0 0 0 -0.644531 0.764578
7.25892 22.1816 -21.0979 0 0 0 -0.650298 0.759679
7.36257 22.521 -21.4451 0 0 0 -0.654651 0.755931
7.46621 22.7606 -23.0798 0 0 0 -0.653013 0.757346
7.67357 23.1702 -23.8004 0 0 0 -0.657753 0.753234
7.9847 23.6116 -24.2705 0 0 0 -0.650652 0.759376
8.19212 23.8436 -24.9377 0 0 0 -0.652691 0.757624
8.39955 24.5526 -24.9841 0 0 0 -0.650366 0.759621
8.7107 24.3793 -25.3691 0 0 0 -0.639835 0.768513
8.81444 25.0597 -26.0973 0 0 0 -0.648877 0.760893
8.91811 25.1487 -26.6912 0 0 0 -0.649101 0.760702
9.22915 25.3871 -27.6492 0 0 0 -0.648876 0.760894
9.43651 25.4519 -27.7369 0 0 0 -0.646904 0.762571
9.54013 25.3906 -27.8988 0 0 0 -0.653464 0.756958
9.64386 25.4879 -27.9967 0 0 0 -0.655833 0.754906
9.85122 25.5079 -28.4633 0 0 0 -0.65201 0.75821
9.95485 25.6627 -28.7483 0 0 0 -0.651521 0.758631
10.0584 25.7166 -28.7594 0 0 0 -0.655755 0.754974
10.1623 25.8428 -28.6152 0 0 0 -0.659519 0.751688
10.266 25.5773 -28.7888 0 0 0 -0.656446 0.754373
10.3695 26.1703 -29.1074 0 0 0 -0.665381 0.746504
10.4733 26.0085 -28.8928 0 0 0 -0.657314 0.753617
10.577 26.2065 -29.5289 0 0 0 -0.665304 0.746573
10.6808 26.3229 -29.7412 0 0 0 -0.66749 0.744619
10.7845 26.4216 -30.399 0 0 0 -0.662652 0.748927
10.8884 26.41 -30.3643 0 0 0 -0.662994 0.748625
10.9921 26.4061 -30.3754 0 0 0 -0.662199 0.749328
11.0963 26.3224 -29.7826 0 0 0 -0.659006 0.752138
11.1996 26.5435 -30.4717 0 0 0 -0.663629 0.748062
11.4071 26.7428 -31.6439 0 0 0 -0.657211 0.753706
11.5106 26.6689 -30.7207 0 0 0 -0.654819 0.755785
11.8214 26.8452 -31.7806 0 0 0 -0.658847 0.752277
11.9251 26.8529 -32.1322 0 0 0 -0.663196 0.748446
12.0287 27.0344 -32.9524 0 0 0 -0.659582 0.751633
12.1321 27.2861 -32.9485 0 0 0 -0.659475 0.751727
12.236 27.0903 -33.4808 0 0 0 -0.659707 0.751523
12.3396 27.2886 -33.7871 0 0 0 -0.65783 0.753166
12.4432 27.29 -33.9812 0 0 0 -0.64665 0.762787
12.6506 27.1163 -33.4304 0 0 0 -0.639913 0.768447
12.7542 27.3433 -33.5222 0 0 0 -0.643427 0.765508
12.8578 27.2827 -33.5085 0 0 0 -0.647241 0.762285
12.9614 27.4974 -32.9707 0 0 0 -0.646456 0.762951
13.0651 27.3805 -32.8558 0 0 0 -0.644526 0.764583
13.1688 27.3304 -33.0081 0 0 0 -0.645524 0.76374
13.2724 27.4933 -33.5533 0 0 0 -0.649529 0.760337
13.3762 27.46 -33.7715 0 0 0 -0.658907 0.752224
13.4798 27.4858 -33.5049 0 0 0 -0.653944 0.756543
13.5834 27.452 -33.234 0 0 0 -0.669542 0.742775
13.687 27.4503 -33.3024 0 0 0 -0.668018 0.744146
13.7907 27.5656 -34.2008 0 0 0 -0.674615 0.738169
13.9985 27.7629 -34.7396 0 0 0 -0.675695 0.737181
14.1018 27.5903 -35.2151 0 0 0 -0.680527 0.732723
14.3092 27.6044 -35.7532 0 0 0 -0.662457 0.7491
14.4129 27.4298 -36.1406 0 0 0 -0.665177 0.746685
14.5165 27.5129 -36.4541 0 0 0 -0.665646 0.746268
14.6203 27.8174 -37.2914 0 0 0 -0.672322 0.740259
14.7237 27.9059 -37.261 0 0 0 -0.671439 0.741059
14.8274 28.2018 -37.6569 0 0 0 -0.679867 0.733335
14.9316 28.207 -37.5123 0 0 0 -0.674257 0.738497
15.0349 27.9541 -37.4662 0 0 0 -0.656506 0.754321
15.1385 27.8638 -37.4926 0 0 0 -0.659262 0.751913
15.2422 28.2352 -37.0938 0 0 0 -0.66222 0.749309
15.4495 27.9056 -37.3832 0 0 0 -0.664069 0.747671
15.5531 27.584 -37.6295 0 0 0 -0.660956 0.750425
15.7604 27.9741 -38.3401 0 0 0 -0.6775 0.735523
15.864 28.5308 -38.6641 0 0 0 -0.677164 0.735832
15.9678 28.8088 -38.7429 0 0 0 -0.676736 0.736226
16.0714 28.631 -38.5303 0 0 0 -0.670904 0.741544
16.1752 28.4094 -38.7195 0 0 0 -0.680761 0.732506
16.2788 28.3848 -39.3291 0 0 0 -0.669241 0.743046
16.3824 28.1697 -39.7332 0 0 0 -0.667344 0.74475
16.5897 28.5171 -40.5619 0 0 0 -0.669199 0.743084
16.6934 29.0261 -40.8953 0 0 0 -0.673844 0.738873
16.9007 29.3579 -40.6617 0 0 0 -0.680504 0.732744
17.0043 29.0957 -40.2988 0 0 0 -0.680026 0.733188
17.1079 29.1268 -40.7045 0 0 0 -0.683096 0.730329
17.2123 29.0748 -40.7285 0 0 0 -0.674046 0.738689
17.3153 28.7405 -40.2822 0 0 0 -0.676596 0.736354
17.4189 28.653 -40.5599 0 0 0 -0.681698 0.731633
17.5227 29.1039 -40.6572 0 0 0 -0.683594 0.729862
17.73 28.8615 -41.4205 0 0 0 -0.660201 0.751089
17.8336 28.8845 -41.5463 0 0 0 -0.667694 0.744436
17.9378 29.6364 -41.5336 0 0 0 -0.672764 0.739857
18.041 30.0312 -41.8281 0 0 0 -0.675591 0.737276
18.2482 30.0984 -41.9196 0 0 0 -0.662985 0.748633
18.3518 30.5764 -41.9889 0 0 0 -0.654713 0.755877
18.4557 30.6527 -41.9128 0 0 0 -0.646921 0.762557
18.5591 31.6455 -42.3782 0 0 0 -0.646112 0.763243
18.663 31.436 -43.2959 0 0 0 -0.645963 0.763368
18.7663 31.8665 -42.9382 0 0 0 -0.647582 0.761996
18.8699 31.6425 -43.6533 0 0 0 -0.663975 0.747755
18.9735 31.8147 -44.4001 0 0 0 -0.671926 0.740619
19.0771 32.3735 -45.3328 0 0 0 -0.68589 0.727705
19.1809 32.5059 -45.7185 0 0 0 -0.703729 0.710468
19.3882 32.2509 -46.2201 0 0 0 -0.713737 0.700414
19.4918 32.5753 -46.6586 0 0 0 -0.719717 0.694268
19.5955 32.541 -48.002 0 0 0 -0.725664 0.688049
19.8028 32.4556 -49.0125 0 0 0 -0.733095 0.680126
19.9064 32.8561 -49.1752 0 0 0 -0.736677 0.676245
20.01 32.5627 -50.248 0 0 0 -0.730886 0.682499
20.1136 32.1864 -51.3303 0 0 0 -0.725926 0.687773
20.2173 31.9092 -52.5203 0 0 0 -0.725675 0.688038
20.3209 31.5348 -53.0629 0 0 0 -0.718924 0.695088
20.4245 31.3856 -54.2126 0 0 0 -0.717348 0.696716
20.5281 31.261 -55.4932 0 0 0 -0.718047 0.695995
20.6317 31.1284 -56.3226 0 0 0 -0.72215 0.691737
20.7353 30.9043 -57.172 0 0 0 -0.711098 0.703093
20.839 30.6899 -58.6666 0 0 0 -0.70525 0.708958
21.0463 30.4568 -59.583 0 0 0 -0.697874 0.716221
21.1499 30.5898 -60.7882 0 0 0 -0.703378 0.710815
21.3572 30.4619 -61.9352 0 0 0 -0.701399 0.712769
21.4608 30.4375 -63.04 0 0 0 -0.698033 0.716065
21.5646 30.4456 -64.4558 0 0 0 -0.698869 0.715249
21.7718 30.4092 -65.3542 0 0 0 -0.699697 0.714439
21.8754 30.4333 -66.49 0 0 0 -0.702462 0.711722
22.0826 30.3286 -67.1271 0 0 0 -0.704747 0.709459
22.1862 30.2905 -67.7543 0 0 0 -0.702854 0.711334
22.3936 30.1973 -68.2416 0 0 0 -0.701701 0.712472
22.4972 30.1388 -69.0748 0 0 0 -0.696976 0.717095
22.6008 30.0918 -69.5636 0 0 0 -0.69875 0.715366
22.9118 30.1029 -70.2588 0 0 0 -0.712601 0.70157
23.119 29.9106 -71.031 0 0 0 -0.708158 0.706053
23.2227 29.8439 -71.3546 0 0 0 -0.709512 0.704693
23.6373 29.5604 -72.3917 0 0 0 -0.711704 0.70248
23.9484 29.3115 -72.5109 0 0 0 -0.712673 0.701496
24.1556 29.1604 -73.3201 0 0 0 -0.714929 0.699197
24.363 28.5658 -73.9464 0 0 0 -0.727765 0.685827
24.4666 28.8563 -74.1049 0 0 0 -0.713781 0.700368
24.6739 28.6654 -74.2599 0 0 0 -0.714856 0.699272
24.7776 28.579 -74.4781 0 0 0 -0.71577 0.698336
24.8812 28.4604 -74.8234 0 0 0 -0.715704 0.698404
24.9849 28.3524 -75.4287 0 0 0 -0.7163 0.697793
25.1919 28.1436 -75.7855 0 0 0 -0.716015 0.698085
25.2956 28.0328 -76.1019 0 0 0 -0.717057 0.697015
25.3992 27.9196 -75.7458 0 0 0 -0.715214 0.698905
25.5028 27.8262 -76.082 0 0 0 -0.715576 0.698535
25.6064 27.731 -76.7113 0 0 0 -0.714601 0.699533
25.71 27.646 -77.3453 0 0 0 -0.715968 0.698133
25.8136 27.5439 -78.1051 0 0 0 -0.715547 0.698565
26.0208 27.4528 -78.8289 0 0 0 -0.712451 0.701722
26.1245 27.3613 -78.9869 0 0 0 -0.713474 0.700682
26.2281 28.271 -79.1758 0 0 0 -0.710963 0.703229
26.3317 28.2354 -80.6508 0 0 0 -0.710036 0.704165
26.4354 28.0747 -81.8746 0 0 0 -0.692159 0.721745
26.7463 28.0665 -82.3812 0 0 0 -0.707929 0.706284
26.8499 28.0134 -83.6339 0 0 0 -0.708313 0.705899
26.9535 28.0298 -84.4404 0 0 0 -0.689915 0.72389
27.0573 28.0254 -84.9734 0 0 0 -0.691689 0.722195
27.2645 27.9967 -86.0941 0 0 0 -0.691353 0.722517
27.4718 27.9048 -86.7328 0 0 0 -0.700385 0.713765
27.5755 27.8887 -87.0261 0 0 0 -0.699797 0.714342
27.6792 27.9746 -86.9252 0 0 0 -0.685784 0.727805
27.7828 27.9771 -86.6813 0 0 0 -0.686856 0.726793
27.8866 27.9823 -86.8707 0 0 0 -0.687793 0.725906
27.9902 28.0714 -87.3502 0 0 0 -0.683409 0.730036
28.0938 28.0709 -87.59 0 0 0 -0.683518 0.729933
28.1974 28.0359 -87.2897 0 0 0 -0.684315 0.729187
28.301 28.0596 -87.2758 0 0 0 -0.683599 0.729858
28.4046 28.0383 -87.2566 0 0 0 -0.68491 0.728628
28.5082 28.0406 -87.1847 0 0 0 -0.685985 0.727616
28.6119 28.0344 -87.2458 0 0 0 -0.685176 0.728377
28.7156 28.0179 -87.5355 0 0 0 -0.687068 0.726593
28.8192 28.0411 -87.7084 0 0 0 -0.686927 0.726726
28.9228 28.0566 -87.7527 0 0 0 -0.686344 0.727277
29.0265 28.0784 -87.8805 0 0 0 -0.685731 0.727855
29.1301 28.0822 -87.9753 0 0 0 -0.686289 0.727329
29.2338 28.0447 -87.7888 0 0 0 -0.68727 0.726402
29.3374 28.0253 -87.7136 0 0 0 -0.687019 0.72664
29.441 28.0309 -87.4923 0 0 0 -0.685277 0.728282
29.5447 28.0276 -87.2555 0 0 0 -0.685644 0.727937
29.6483 28.0546 -87.2498 0 0 0 -0.686076 0.72753
29.752 28.0591 -87.444 0 0 0 -0.684941 0.728598
29.8556 28.0825 -87.8337 0 0 0 -0.685301 0.72826
29.9591 28.0503 -87.7432 0 0 0 -0.685512 0.728061
30.0627 28.0369 -87.2609 0 0 0 -0.685059 0.728488
30.1663 28.0502 -87.254 0 0 0 -0.684437 0.729072
30.27 28.0502 -87.2484 0 0 0 -0.684191 0.729303
30.3736 28.0494 -87.1768 0 0 0 -0.683622 0.729836
30.4772 28.0514 -87.1794 0 0 0 -0.684645 0.728877
30.5808 28.054 -87.2794 0 0 0 -0.684328 0.729174
30.6845 28.0796 -87.1744 0 0 0 -0.684402 0.729105
30.7882 28.0936 -87.9122 0 0 0 -0.686079 0.727527
30.8918 28.101 -87.9664 0 0 0 -0.685461 0.728109
30.9956 28.3842 -87.9747 0 0 0 -0.695009 0.719001
31.0991 28.394 -88.691 0 0 0 -0.69409 0.719889
31.2028 28.0929 -88.0164 0 0 0 -0.685389 0.728177
31.5138 28.0233 -87.8848 0 0 0 -0.686101 0.727506
31.6175 28.0586 -88.1273 0 0 0 -0.684383 0.729123
31.7213 27.9976 -87.7461 0 0 0 -0.686072 0.727534
31.8248 27.9673 -87.7902 0 0 0 -0.686184 0.727428
31.9286 27.9672 -88.0951 0 0 0 -0.687239 0.726431
32.0322 28.0161 -88.0699 0 0 0 -0.684288 0.729212
32.1359 27.9335 -87.5938 0 0 0 -0.685471 0.7281
32.2395 27.9071 -87.6094 0 0 0 -0.685094 0.728455
32.3433 27.8627 -86.8431 0 0 0 -0.683722 0.729742
32.5508 27.897 -87.7966 0 0 0 -0.684407 0.729101
32.6544 27.9279 -88.2136 0 0 0 -0.683721 0.729744
32.7581 27.8892 -88.2966 0 0 0 -0.683652 0.729808
32.8617 27.8864 -87.8961 0 0 0 -0.682255 0.731114
32.9657 27.853 -87.7015 0 0 0 -0.682306 0.731067
33.0705 27.8657 -87.9313 0 0 0 -0.68195 0.731399
33.1729 27.874 -88.3265 0 0 0 -0.68192 0.731426
33.2765 27.8912 -88.3627 0 0 0 -0.681424 0.731889
33.3801 27.9026 -88.5332 0 0 0 -0.681078 0.732211
33.4838 27.9196 -88.5844 0 0 0 -0.681653 0.731676
33.5876 27.9474 -88.9117 0 0 0 -0.681827 0.731513
33.6912 27.9987 -89.1918 0 0 0 -0.681841 0.7315
33.8986 28.0825 -90.3281 0 0 0 -0.682648 0.730747
34.0024 28.1034 -90.3922 0 0 0 -0.682735 0.730666
34.106 28.0981 -90.324 0 0 0 -0.68328 0.730156
34.2097 28.1174 -90.3156 0 0 0 -0.683267 0.730169
34.3135 28.161 -90.4646 0 0 0 -0.684341 0.729162
34.4171 28.1675 -90.598 0 0 0 -0.683188 0.730242
34.5208 28.1754 -90.6127 0 0 0 -0.682882 0.730528
34.6245 28.1798 -90.5361 0 0 0 -0.683957 0.729522
34.7281 28.1825 -90.4506 0 0 0 -0.684246 0.729252
34.8318 28.1787 -90.2429 0 0 0 -0.684096 0.729392
34.9354 28.1782 -90.0231 0 0 0 -0.684751 0.728777
35.0392 28.1707 -89.9332 0 0 0 -0.684004 0.729478
35.1428 28.1658 -89.8214 0 0 0 -0.684887 0.728649
35.2465 28.2086 -90.4066 0 0 0 -0.685532 0.728042
35.454 28.1782 -90.1042 0 0 0 -0.686401 0.727224
35.5574 28.1721 -90.041 0 0 0 -0.686523 0.727108
35.6611 28.1548 -90.0026 0 0 0 -0.685874 0.72772
35.7648 28.1598 -90.0544 0 0 0 -0.685983 0.727618
35.8683 28.1527 -90.0957 0 0 0 -0.685523 0.728051
35.9721 28.1534 -90.0201 0 0 0 -0.685453 0.728117
36.0758 28.1653 -89.767 0 0 0 -0.685139 0.728412
36.1795 28.1451 -89.974 0 0 0 -0.68475 0.728778
36.2833 28.1489 -89.9691 0 0 0 -0.685103 0.728447
36.3868 28.1276 -90.0743 0 0 0 -0.684228 0.729268
36.4906 28.146 -90.0291 0 0 0 -0.685104 0.728445
36.5941 28.1487 -90.1006 0 0 0 -0.685228 0.728328
36.6978 28.1339 -89.7677 0 0 0 -0.684943 0.728596
36.8015 28.1449 -89.4799 0 0 0 -0.685464 0.728106
36.9052 28.1584 -89.5586 0 0 0 -0.685259 0.7283
37.0089 28.1578 -89.5576 0 0 0 -0.685338 0.728225
37.1126 28.1733 -89.5782 0 0 0 -0.685431 0.728138
37.2163 28.1865 -89.8531 0 0 0 -0.685437 0.728132
37.32 28.1914 -89.5076 0 0 0 -0.686256 0.72736
37.4237 28.1895 -89.6921 0 0 0 -0.685622 0.727958
37.5273 28.1993 -89.6589 0 0 0 -0.686512 0.727119
37.6311 28.2163 -90.2643 0 0 0 -0.686609 0.727027
37.7347 28.2042 -90.0088 0 0 0 -0.68737 0.726307
37.8384 28.1887 -89.8292 0 0 0 -0.68755 0.726137
37.942 28.1914 -89.791 0 0 0 -0.68835 0.725379
38.0456 28.1576 -89.1525 0 0 0 -0.687632 0.72606
38.1493 28.1226 -88.9515 0 0 0 -0.687466 0.726216
38.2529 28.0605 -88.2184 0 0 0 -0.687026 0.726633
38.3565 28.0189 -87.832 0 0 0 -0.687031 0.726628
38.4601 27.9729 -87.8375 0 0 0 -0.687385 0.726293
38.5637 27.8987 -87.1357 0 0 0 -0.686116 0.727493
38.6673 27.8523 -86.4347 0 0 0 -0.686622 0.727014
38.7711 27.8572 -86.3002 0 0 0 -0.686526 0.727106
38.8748 27.8042 -85.8536 0 0 0 -0.687364 0.726313
38.9783 27.7673 -85.2384 0 0 0 -0.68696 0.726696
39.082 27.7125 -85.1628 0 0 0 -0.685038 0.728507
39.1856 27.6862 -84.6342 0 0 0 -0.68611 0.727498
39.2893 27.6128 -84.2233 0 0 0 -0.683615 0.729843
39.3929 27.6023 -83.8464 0 0 0 -0.683552 0.729902
39.4965 27.5754 -83.5537 0 0 0 -0.684691 0.728834
39.6002 27.5334 -83.1866 0 0 0 -0.686135 0.727474
39.7038 27.5071 -83.1211 0 0 0 -0.684831 0.728702
39.9113 27.4447 -82.3043 0 0 0 -0.684541 0.728974
40.0149 27.4575 -82.4451 0 0 0 -0.683758 0.729709
40.1187 27.5192 -83.2061 0 0 0 -0.684614 0.728906
40.2223 27.5469 -83.5629 0 0 0 -0.684234 0.729262
40.3259 27.5271 -83.3492 0 0 0 -0.683974 0.729507
40.4297 27.5063 -83.4445 0 0 0 -0.683658 0.729802
40.5333 27.489 -83.101 0 0 0 -0.683389 0.730054
40.637 27.5028 -83.3492 0 0 0 -0.683386 0.730057
40.7406 27.5006 -83.2057 0 0 0 -0.684536 0.728979
40.8443 27.5577 -83.7936 0 0 0 -0.683665 0.729796
41.0516 27.6082 -84.8287 0 0 0 -0.683652 0.729808
41.1552 27.5898 -84.8463 0 0 0 -0.683554 0.7299
41.259 27.563 -84.7152 0 0 0 -0.6831 0.730325
41.3626 27.5386 -84.167 0 0 0 -0.683749 0.729717
41.4663 27.5299 -84.1866 0 0 0 -0.683496 0.729954
41.5699 27.551 -84.6875 0 0 0 -0.68384 0.729632
41.6735 27.5615 -84.6478 0 0 0 -0.684502 0.729011
41.7773 27.5625 -84.7351 0 0 0 -0.683401 0.730043
41.8809 27.5873 -84.7809 0 0 0 -0.682662 0.730735
41.9846 27.5731 -84.7491 0 0 0 -0.68303 0.730391
42.0884 27.5786 -84.575 0 0 0 -0.682765 0.730638
42.192 27.5659 -84.5222 0 0 0 -0.681621 0.731705
42.2956 27.5579 -84.4801 0 0 0 -0.68142 0.731893
42.3993 27.6084 -84.6793 0 0 0 -0.681398 0.731913
42.503 27.5774 -84.5577 0 0 0 -0.682162 0.731201
42.6066 27.6099 -84.4285 0 0 0 -0.681562 0.73176
42.7102 27.6337 -84.6299 0 0 0 -0.68189 0.731455
42.8138 27.621 -84.5123 0 0 0 -0.681677 0.731653
42.9174 27.6246 -84.0055 0 0 0 -0.682246 0.731123
43.0212 27.6213 -83.8269 0 0 0 -0.682849 0.73056
43.1248 27.6315 -83.9874 0 0 0 -0.682848 0.730561
43.2284 27.6252 -83.8246 0 0 0 -0.683792 0.729677
43.332 27.5986 -83.7363 0 0 0 -0.683525 0.729927
43.4356 27.5941 -83.7791 0 0 0 -0.683167 0.730262
43.5392 27.5763 -83.9496 0 0 0 -0.683039 0.730382
43.6429 27.5894 -83.8125 0 0 0 -0.683481 0.729968
43.7465 27.6149 -84.3734 0 0 0 -0.683915 0.729561
43.8501 27.6309 -84.4525 0 0 0 -0.685154 0.728398
43.9537 27.5947 -84.5319 0 0 0 -0.684724 0.728802
44.0574 27.5098 -84.5656 0 0 0 -0.682944 0.730471
44.1611 27.4855 -84.6199 0 0 0 -0.683603 0.729854
44.2647 27.4761 -84.5447 0 0 0 -0.683266 0.73017
44.3683 27.4199 -84.5153 0 0 0 -0.683108 0.730317
44.4719 27.4303 -84.5664 0 0 0 -0.682893 0.730518
44.5755 27.472 -84.6492 0 0 0 -0.686113 0.727495
44.6791 27.4113 -85.2301 0 0 0 -0.682665 0.730732
44.7829 27.4733 -85.6627 0 0 0 -0.683422 0.730023
44.8865 27.4916 -85.571 0 0 0 -0.684055 0.729431
44.9901 27.4246 -85.2047 0 0 0 -0.682589 0.730803
45.0937 27.6538 -85.8066 0 0 0 -0.685286 0.728274
45.1973 27.5554 -85.8715 0 0 0 -0.683415 0.73003
45.301 27.5254 -85.7064 0 0 0 -0.683272 0.730164
45.4047 27.515 -85.3914 0 0 0 -0.682243 0.731126
45.6121 27.4885 -85.642 0 0 0 -0.683116 0.73031
45.7157 27.5221 -85.5587 0 0 0 -0.682461 0.730922
45.8194 27.5504 -85.673 0 0 0 -0.683211 0.730221
45.923 27.5125 -85.2535 0 0 0 -0.684148 0.729343
46.0266 27.5309 -85.1674 0 0 0 -0.684844 0.728689
46.1303 27.6089 -85.8816 0 0 0 -0.684335 0.729168
46.2339 27.6045 -85.9932 0 0 0 -0.684147 0.729344
46.3375 27.6 -86.4069 0 0 0 -0.684444 0.729066
46.4411 27.6107 -86.5615 0 0 0 -0.685027 0.728518
46.5447 27.5858 -86.4551 0 0 0 -0.684841 0.728693
46.6483 27.6073 -87.0377 0 0 0 -0.685092 0.728456
46.7521 27.6079 -87.7324 0 0 0 -0.685343 0.728221
46.8557 27.6442 -88.3077 0 0 0 -0.684547 0.728968
47.1665 27.5938 -87.7672 0 0 0 -0.685815 0.727776
47.2702 27.5641 -87.7325 0 0 0 -0.685116 0.728434
47.3738 27.5526 -87.5612 0 0 0 -0.683823 0.729648
47.4774 27.5436 -87.7849 0 0 0 -0.682251 0.731118
47.581 27.5428 -87.8588 0 0 0 -0.682514 0.730872
47.6848 27.5194 -88.0869 0 0 0 -0.6813 0.732005
47.7893 27.5552 -88.0934 0 0 0 -0.681883 0.731462
47.8921 27.5675 -87.9117 0 0 0 -0.681728 0.731605
47.9958 27.599 -88.4004 0 0 0 -0.681177 0.732119
48.0995 27.6139 -88.6371 0 0 0 -0.68175 0.731585
48.2032 27.6368 -88.807 0 0 0 -0.681664 0.731665
48.3068 27.6295 -88.736 0 0 0 -0.681404 0.731907
48.4104 27.6238 -88.4197 0 0 0 -0.681075 0.732213
48.5142 27.6163 -88.238 0 0 0 -0.682056 0.7313
48.6178 27.6257 -88.3021 0 0 0 -0.679892 0.733312
48.7217 27.6638 -88.517 0 0 0 -0.679943 0.733265
48.8252 27.6748 -88.1188 0 0 0 -0.681613 0.731712
48.9288 27.6833 -88.087 0 0 0 -0.681779 0.731558
49.0324 27.7167 -88.1296 0 0 0 -0.682265 0.731105
49.136 27.7102 -88.3431 0 0 0 -0.682539 0.730849
49.2395 27.6892 -88.1769 0 0 0 -0.681594 0.731731
49.3432 27.696 -88.2113 0 0 0 -0.681437 0.731877
49.4467 27.6086 -88.2123 0 0 0 -0.675708 0.73717
49.5506 27.7241 -88.1736 0 0 0 -0.680818 0.732453
49.6541 27.8026 -88.4841 0 0 0 -0.682878 0.730533
49.7576 27.7759 -88.4047 0 0 0 -0.686007 0.727595
49.8612 27.7773 -87.9629 0 0 0 -0.684077 0.72941
49.9648 27.7679 -88.0299 0 0 0 -0.682206 0.73116
50.0685 27.7836 -88.016 0 0 0 -0.681639 0.731688
50.172 27.8076 -88.3337 0 0 0 -0.682142 0.73122
50.2757 27.7871 -88.108 0 0 0 -0.682387 0.730991
50.3794 27.7819 -87.8917 0 0 0 -0.681004 0.73228
50.483 27.8041 -87.8037 0 0 0 -0.682376 0.731001
50.5866 27.8076 -87.9119 0 0 0 -0.682005 0.731348
50.6902 27.8093 -87.8014 0 0 0 -0.682268 0.731102
50.7939 27.804 -87.6055 0 0 0 -0.682127 0.731234
50.8976 27.8029 -87.5524 0 0 0 -0.682717 0.730683
51.0013 27.8225 -87.6006 0 0 0 -0.681367 0.731942
51.1051 27.8198 -87.5759 0 0 0 -0.681767 0.73157
51.2087 27.8345 -87.5685 0 0 0 -0.680612 0.732644
51.3125 27.8256 -87.375 0 0 0 -0.680909 0.732368
51.416 27.8265 -87.0732 0 0 0 -0.680784 0.732484
51.5198 27.8344 -87.0846 0 0 0 -0.681131 0.732162
51.6234 27.8979 -87.6023 0 0 0 -0.680586 0.732669
51.7271 27.9366 -87.9658 0 0 0 -0.680142 0.733081
51.8307 27.9915 -88.1998 0 0 0 -0.67952 0.733657
51.9345 27.9778 -88.0446 0 0 0 -0.680604 0.732652
52.0381 28.0032 -88.3273 0 0 0 -0.679293 0.733867
52.1418 28.0243 -88.7142 0 0 0 -0.68058 0.732674
52.2454 28.0276 -88.4902 0 0 0 -0.680542 0.732709
52.3492 28.0559 -88.2457 0 0 0 -0.680832 0.73244
52.4529 28.0919 -88.39 0 0 0 -0.681293 0.732011
52.5567 28.1 -88.5446 0 0 0 -0.682267 0.731103
52.6603 28.1168 -88.7621 0 0 0 -0.680811 0.732459
52.7639 28.1046 -88.558 0 0 0 -0.682061 0.731295
52.8676 28.1144 -88.6039 0 0 0 -0.682458 0.730925
52.9713 28.0547 -87.9297 0 0 0 -0.682245 0.731124
53.0749 28.0508 -87.8252 0 0 0 -0.682854 0.730555
53.1785 28.0675 -88.0094 0 0 0 -0.682526 0.730862
53.2822 28.0602 -87.7416 0 0 0 -0.68337 0.730072
53.3858 28.0416 -87.6761 0 0 0 -0.683363 0.730078
53.4895 28.0707 -87.9122 0 0 0 -0.683448 0.729999
53.5931 28.0585 -88.0338 0 0 0 -0.682122 0.731238
53.6967 28.0669 -88.2195 0 0 0 -0.682283 0.731089
53.8003 28.0652 -88.0563 0 0 0 -0.681807 0.731532
53.904 28.0957 -88.297 0 0 0 -0.683222 0.730211
54.0076 28.137 -88.2877 0 0 0 -0.683327 0.730112
54.1114 28.1022 -88.0961 0 0 0 -0.684316 0.729185
54.215 28.0986 -88.6648 0 0 0 -0.683769 0.729699
54.3187 28.137 -89.2234 0 0 0 -0.684255 0.729243
54.4224 28.1636 -90.1334 0 0 0 -0.685406 0.728161
54.526 28.1494 -89.5059 0 0 0 -0.684384 0.729121
54.8371 27.9894 -88.8109 0 0 0 -0.683688 0.729774
55.0443 28.0199 -88.4025 0 0 0 -0.684798 0.728733
55.1479 28.0215 -88.3126 0 0 0 -0.6843 0.729201
55.2515 28.0547 -89.1061 0 0 0 -0.68426 0.729238
55.3553 28.004 -88.7139 0 0 0 -0.684155 0.729337
55.4589 28.0068 -88.7299 0 0 0 -0.683217 0.730215
55.5625 27.9388 -88.4291 0 0 0 -0.682723 0.730677
55.6662 27.9364 -88.1068 0 0 0 -0.681927 0.73142
55.7699 27.9663 -88.1826 0 0 0 -0.681433 0.731881
55.8736 27.9341 -88.0123 0 0 0 -0.68226 0.731109
55.9773 27.9004 -87.7881 0 0 0 -0.683421 0.730025
56.0809 27.9332 -88.7214 0 0 0 -0.680808 0.732462
56.1845 27.8708 -88.3083 0 0 0 -0.680604 0.732651
56.2881 27.9222 -88.674 0 0 0 -0.680669 0.732591
56.3917 27.9731 -88.8795 0 0 0 -0.68081 0.73246
56.4953 27.9843 -88.2738 0 0 0 -0.681958 0.731391
56.5989 28.0212 -88.8236 0 0 0 -0.681189 0.732108
56.806 28.0347 -89.1746 0 0 0 -0.68228 0.731091
56.9096 27.9806 -89.0929 0 0 0 -0.68338 0.730063
57.0134 27.9543 -88.9492 0 0 0 -0.681127 0.732166
57.2206 27.8571 -88.4376 0 0 0 -0.681441 0.731873
57.3242 27.8826 -88.965 0 0 0 -0.682554 0.730835
57.5314 27.7412 -88.5265 0 0 0 -0.687932 0.725775
57.6349 27.6938 -88.4865 0 0 0 -0.690715 0.723127
57.7386 28.0845 -89.5631 0 0 0 -0.698191 0.715911
57.8422 28.7747 -90.348 0 0 0 -0.717014 0.697059
57.9458 29.229 -89.9801 0 0 0 -0.732451 0.680819
58.2568 28.6887 -90.6818 0 0 0 -0.72377 0.690041
58.464 28.0637 -90.765 0 0 0 -0.721307 0.692615
58.5676 27.8926 -90.7715 0 0 0 -0.711227 0.702962
58.775 27.4347 -91.0792 0 0 0 -0.699092 0.715032
58.8787 27.5066 -91.4713 0 0 0 -0.692912 0.721022
58.9825 27.3052 -91.7865 0 0 0 -0.697503 0.716582
59.0861 27.3107 -91.5186 0 0 0 -0.69952 0.714613
59.1898 27.5078 -91.986 0 0 0 -0.683454 0.729994
59.2936 27.6011 -92.5446 0 0 0 -0.677172 0.735825
59.3972 27.7939 -92.9033 0 0 0 -0.670996 0.741461
59.6046 27.6952 -93.525 0 0 0 -0.684599 0.72892
59.7083 27.5747 -93.2585 0 0 0 -0.668293 0.743899
59.812 27.7537 -93.3848 0 0 0 -0.660225 0.751068
59.9157 27.7358 -93.9414 0 0 0 -0.660192 0.751096
60.0195 27.8993 -94.3971 0 0 0 -0.656741 0.754116
60.1231 27.9668 -93.8802 0 0 0 -0.657302 0.753627
60.2268 28.1201 -94.3151 0 0 0 -0.656815 0.754051
60.4341 28.4707 -95.1136 0 0 0 -0.667174 0.744902
60.5378 28.5793 -95.6603 0 0 0 -0.669128 0.743147
60.7452 28.6411 -96.486 0 0 0 -0.685353 0.728211
61.0561 28.631 -96.6719 0 0 0 -0.685896 0.7277
61.1598 28.5763 -96.3217 0 0 0 -0.68363 0.729829
61.2634 28.5653 -96.4814 0 0 0 -0.685969 0.72763
61.367 28.582 -96.5609 0 0 0 -0.68514 0.728411
61.4706 28.5646 -96.7106 0 0 0 -0.687554 0.726134
61.5742 28.5483 -96.6715 0 0 0 -0.685185 0.728369
61.6778 28.4463 -96.4105 0 0 0 -0.688679 0.725066
61.7841 28.415 -95.9902 0 0 0 -0.687976 0.725733
61.8852 28.3187 -96.1055 0 0 0 -0.692084 0.721817
61.9889 28.3785 -96.4518 0 0 0 -0.6892 0.724572
62.0924 28.4058 -96.6901 0 0 0 -0.694312 0.719674
62.1966 28.5323 -97.0629 0 0 0 -0.690496 0.723336
62.3 28.5273 -97.4681 0 0 0 -0.695332 0.718689
62.4034 28.4128 -97.3419 0 0 0 -0.696436 0.717619
62.507 28.4915 -97.8975 0 0 0 -0.688041 0.725672
62.611 28.2922 -97.7203 0 0 0 -0.686142 0.727468
62.7141 28.4771 -97.8425 0 0 0 -0.694667 0.719331
62.8177 28.2683 -98.3751 0 0 0 -0.694416 0.719573
63.025 28.2413 -99.3894 0 0 0 -0.692098 0.721803
63.1286 28.3047 -99.7119 0 0 0 -0.695801 0.718234
63.2322 28.254 -99.9396 0 0 0 -0.693745 0.720221
63.3357 28.2183 -100.734 0 0 0 -0.691006 0.722849
63.4393 28.9396 -100.52 0 0 0 -0.699689 0.714448
63.5429 28.8419 -101.141 0 0 0 -0.706025 0.708187
63.75 28.5693 -100.96 0 0 0 -0.699933 0.714208
63.8536 28.6714 -101.208 0 0 0 -0.702299 0.711883
64.0607 28.564 -101.075 0 0 0 -0.693312 0.720638
64.1644 28.3649 -101.363 0 0 0 -0.692931 0.721004
64.268 28.475 -101.384 0 0 0 -0.698133 0.715969
64.3716 28.4425 -101.15 0 0 0 -0.691786 0.722103
64.4752 28.4832 -100.75 0 0 0 -0.694097 0.719882
64.5787 28.6569 -100.992 0 0 0 -0.695592 0.718437
64.6826 28.5245 -100.802 0 0 0 -0.696892 0.717176
64.7859 28.4916 -100.855 0 0 0 -0.699125 0.714999
64.8896 28.6073 -100.451 0 0 0 -0.700206 0.713941
64.9931 28.3574 -100.744 0 0 0 -0.701812 0.712362
65.0968 28.3615 -100.415 0 0 0 -0.691107 0.722753
65.2004 28.3408 -100.793 0 0 0 -0.687173 0.726494
65.3041 28.5758 -100.653 0 0 0 -0.688652 0.725092
65.4077 28.5782 -101.512 0 0 0 -0.686759 0.726886
65.5114 28.8822 -101.961 0 0 0 -0.687927 0.72578
65.615 28.6495 -102.634 0 0 0 -0.683057 0.730365
65.8224 28.8699 -103.223 0 0 0 -0.688695 0.725051
65.9261 28.8413 -103.303 0 0 0 -0.683827 0.729644
66.0298 28.4761 -102.638 0 0 0 -0.686017 0.727586
66.1334 28.3722 -102.737 0 0 0 -0.6815 0.731818
66.2372 28.5153 -102.389 0 0 0 -0.697286 0.716793
66.3409 28.6758 -102.881 0 0 0 -0.685475 0.728096
66.4445 28.6599 -102.311 0 0 0 -0.689273 0.724502
66.5482 28.6748 -102.509 0 0 0 -0.690624 0.723214
66.6519 28.7085 -102.402 0 0 0 -0.695042 0.718969
66.7555 28.7814 -102.795 0 0 0 -0.685743 0.727844
66.8591 28.4652 -103.228 0 0 0 -0.685784 0.727806
67.0663 28.3805 -102.572 0 0 0 -0.67648 0.736461
67.17 28.4192 -102.029 0 0 0 -0.680886 0.73239
67.3772 28.4326 -102.09 0 0 0 -0.687573 0.726115
67.4808 28.4133 -101.818 0 0 0 -0.687177 0.72649
67.5843 28.5402 -101.992 0 0 0 -0.68373 0.729735
67.6879 28.4229 -101.853 0 0 0 -0.686395 0.727229
67.7915 28.667 -102.713 0 0 0 -0.684676 0.728847
67.9987 28.4679 -103.068 0 0 0 -0.677431 0.735586
68.1023 28.7195 -103.515 0 0 0 -0.686445 0.727181
68.2059 28.8177 -103.383 0 0 0 -0.685592 0.727986
68.3095 28.787 -103.847 0 0 0 -0.682661 0.730735
68.413 28.8108 -103.87 0 0 0 -0.685565 0.728012
68.5166 29.0219 -103.748 0 0 0 -0.682681 0.730716
68.6202 28.912 -103.686 0 0 0 -0.678041 0.735024
68.7237 28.9568 -104.295 0 0 0 -0.677409 0.735606
68.8273 29.2668 -104.431 0 0 0 -0.685781 0.727808
68.9309 29.446 -104.719 0 0 0 -0.699715 0.714423
69.138 29.5562 -105.311 0 0 0 -0.68984 0.723962
69.2416 29.1595 -105.423 0 0 0 -0.686203 0.72741
69.3453 29.1024 -105.809 0 0 0 -0.683126 0.730301
69.4489 29.238 -106.315 0 0 0 -0.685058 0.728488
69.6561 29.8208 -106.599 0 0 0 -0.697337 0.716743
69.8633 29.5928 -105.894 0 0 0 -0.699105 0.715019
69.9668 29.4413 -106.185 0 0 0 -0.698696 0.715418
70.0705 29.3271 -106.331 0 0 0 -0.692678 0.721247
70.2777 29.2185 -107.054 0 0 0 -0.692109 0.721793
70.3814 29.4567 -106.544 0 0 0 -0.690288 0.723535
70.5888 29.9399 -105.972 0 0 0 -0.701624 0.712548
70.6924 29.8658 -106.089 0 0 0 -0.693704 0.72026
70.796 29.6725 -106.569 0 0 0 -0.703064 0.711127
70.8998 29.573 -106.541 0 0 0 -0.699161 0.714964
71.0033 29.6371 -106.21 0 0 0 -0.697792 0.716301
71.1072 29.269 -106.536 0 0 0 -0.697522 0.716564
71.3143 29.4089 -105.781 0 0 0 -0.688625 0.725118
71.4181 29.4604 -106.195 0 0 0 -0.687337 0.726338
71.5218 29.48 -106.03 0 0 0 -0.693465 0.720491
71.6254 29.5787 -106.401 0 0 0 -0.689755 0.724042
71.7291 29.4375 -106.517 0 0 0 -0.690343 0.723482
71.8329 29.355 -106.13 0 0 0 -0.693172 0.720772
71.9365 29.3384 -106.709 0 0 0 -0.688165 0.725554
72.0403 29.2863 -106.246 0 0 0 -0.684048 0.729437
72.144 29.272 -106.548 0 0 0 -0.686547 0.727085
72.2476 29.3281 -106.683 0 0 0 -0.689755 0.724042
72.3514 29.0953 -107.403 0 0 0 -0.683937 0.729541
72.455 29.2054 -106.725 0 0 0 -0.678861 0.734267
72.5586 29.5035 -106.203 0 0 0 -0.693528 0.72043
72.6623 29.4473 -106.614 0 0 0 -0.686113 0.727495
72.7661 29.5583 -106.145 0 0 0 -0.694095 0.719884
72.9734 29.5292 -106.49 0 0 0 -0.686829 0.726819
73.0772 29.4521 -105.989 0 0 0 -0.686969 0.726687
73.3881 29.5052 -106.482 0 0 0 -0.688226 0.725496
73.4917 28.6814 -106.154 0 0 0 -0.683118 0.730308
73.5954 29.2881 -106.585 0 0 0 -0.682793 0.730612
73.8027 29.4905 -106.373 0 0 0 -0.684233 0.729263
73.9063 29.5353 -106.418 0 0 0 -0.688394 0.725337
74.0101 29.5078 -106.073 0 0 0 -0.688097 0.725618
74.1137 29.1182 -105.523 0 0 0 -0.678091 0.734978
74.2174 29.3374 -105.887 0 0 0 -0.675343 0.737504
74.4247 29.1658 -105.407 0 0 0 -0.662694 0.74889
74.5284 29.3124 -104.829 0 0 0 -0.664967 0.746873
74.632 29.2791 -104.279 0 0 0 -0.668587 0.743634
74.7358 29.5068 -104.983 0 0 0 -0.681429 0.731884
74.8394 29.5132 -105.448 0 0 0 -0.682642 0.730753
75.1503 29.6738 -106.282 0 0 0 -0.689249 0.724525
75.3577 29.5088 -107.424 0 0 0 -0.697215 0.716862
75.4614 29.7129 -106.679 0 0 0 -0.690593 0.723244
75.6688 29.6455 -106.079 0 0 0 -0.689585 0.724205
75.7724 29.7021 -105.584 0 0 0 -0.683892 0.729583
75.8762 29.6495 -106.148 0 0 0 -0.686846 0.726803
75.9798 29.4886 -106.91 0 0 0 -0.680048 0.733168
76.0833 29.2275 -106.866 0 0 0 -0.678425 0.734669
76.1869 29.3745 -106.264 0 0 0 -0.685296 0.728265
76.2905 29.5239 -106.584 0 0 0 -0.68536 0.728204
76.3941 29.5571 -106.85 0 0 0 -0.687433 0.726248
76.4976 29.5398 -106.958 0 0 0 -0.68584 0.727753
76.6012 29.5609 -106.517 0 0 0 -0.685201 0.728354
76.7049 29.5393 -106.618 0 0 0 -0.683401 0.730043
76.8084 29.6711 -106.437 0 0 0 -0.689332 0.724445
76.9119 29.5596 -106.8 0 0 0 -0.68124 0.73206
77.0155 29.6512 -107.314 0 0 0 -0.685529 0.728045
77.2228 29.7344 -108.216 0 0 0 -0.679487 0.733688
77.3264 29.7643 -108.036 0 0 0 -0.676998 0.735985
77.43 29.9218 -107.491 0 0 0 -0.681951 0.731398
77.7409 29.7708 -106.901 0 0 0 -0.687484 0.7262
77.8445 29.6675 -106.102 0 0 0 -0.689484 0.724301
77.9483 29.6571 -106.561 0 0 0 -0.689126 0.724642
78.0518 29.7725 -106.129 0 0 0 -0.688857 0.724898
78.1554 30.1877 -105.242 0 0 0 -0.688731 0.725017
78.2592 29.4799 -105.824 0 0 0 -0.677689 0.735348
78.4664 29.8447 -106.653 0 0 0 -0.693179 0.720766
78.5701 29.9247 -107.236 0 0 0 -0.676297 0.736629
78.881 29.9508 -108.22 0 0 0 -0.679761 0.733434
78.9846 29.6051 -108.366 0 0 0 -0.677759 0.735284
79.1918 29.8268 -109.29 0 0 0 -0.680523 0.732727
79.2956 30.043 -109.782 0 0 0 -0.667383 0.744715
79.3992 30.0586 -110.24 0 0 0 -0.676237 0.736684
79.6064 30.061 -111.155 0 0 0 -0.67905 0.734092
79.8138 29.8647 -112.861 0 0 0 -0.682942 0.730472
79.9174 29.9556 -112.754 0 0 0 -0.682026 0.731328
80.021 30.0538 -113.161 0 0 0 -0.674097 0.738643
80.1246 30.1677 -113.439 0 0 0 -0.680523 0.732727
80.2284 30.4552 -114.281 0 0 0 -0.687414 0.726266
80.332 30.6415 -115.522 0 0 0 -0.677388 0.735626
80.4356 30.5073 -116.747 0 0 0 -0.680163 0.733061
80.5394 30.6078 -118.179 0 0 0 -0.668624 0.7436
80.7467 30.9803 -120.482 0 0 0 -0.673721 0.738986
80.8503 30.9504 -120.868 0 0 0 -0.674823 0.73798
81.0577 30.8152 -120.551 0 0 0 -0.674509 0.738267
81.265 30.3213 -120.875 0 0 0 -0.672912 0.739722
81.3688 30.4536 -120.969 0 0 0 -0.667784 0.744355
81.4724 30.4752 -120.531 0 0 0 -0.680593 0.732661
81.576 30.3309 -119.964 0 0 0 -0.680505 0.732744
81.6796 30.0591 -120.423 0 0 0 -0.673113 0.739539
81.7831 30.225 -120.934 0 0 0 -0.681055 0.732232
81.8867 30.0552 -120.561 0 0 0 -0.678235 0.734845
81.9903 30.0132 -121.237 0 0 0 -0.678207 0.734871
82.4049 29.5496 -120.627 0 0 0 -0.682617 0.730777
82.6122 29.2389 -120.895 0 0 0 -0.691962 0.721934
82.7159 28.1504 -120.926 0 0 0 -0.692832 0.721099
82.8195 28.0398 -121.164 0 0 0 -0.694667 0.719332
82.9231 27.9263 -121.485 0 0 0 -0.69086 0.722989
83.0269 27.8108 -121.594 0 0 0 -0.691005 0.72285
83.1305 27.7095 -121.879 0 0 0 -0.689187 0.724584
83.2342 27.6401 -122.027 0 0 0 -0.689025 0.724737
83.3379 27.5557 -122.251 0 0 0 -0.688367 0.725362
83.4416 27.5166 -122.596 0 0 0 -0.686954 0.726701
83.5452 27.4341 -122.475 0 0 0 -0.687475 0.726208
83.6488 27.373 -122.576 0 0 0 -0.687713 0.725982
83.7525 27.3232 -122.652 0 0 0 -0.685137 0.728414
83.8563 27.2606 -122.746 0 0 0 -0.683282 0.730154
83.96 27.2291 -122.928 0 0 0 -0.681397 0.731914
84.0637 27.1877 -123.054 0 0 0 -0.680873 0.732402
84.1674 27.1338 -122.855 0 0 0 -0.678379 0.734713
84.271 27.0779 -122.567 0 0 0 -0.679951 0.733257
84.3751 27.0535 -122.719 0 0 0 -0.678185 0.734891
84.4784 26.9913 -122.404 0 0 0 -0.67924 0.733916
84.5821 26.9463 -122.135 0 0 0 -0.678531 0.734572
84.6857 26.915 -122.247 0 0 0 -0.677578 0.735451
84.7894 26.9116 -122.39 0 0 0 -0.679184 0.733968
84.8932 26.8733 -122.379 0 0 0 -0.678761 0.734359
84.9968 26.849 -122.387 0 0 0 -0.678836 0.73429
85.1005 26.8259 -122.354 0 0 0 -0.678644 0.734468
85.2041 26.7822 -122.194 0 0 0 -0.679365 0.7338
85.3077 26.7734 -122.264 0 0 0 -0.677892 0.735161
85.4114 26.7218 -122.035 0 0 0 -0.678586 0.734521
85.515 26.6724 -121.813 0 0 0 -0.678802 0.734321
85.6188 26.6554 -121.868 0 0 0 -0.677695 0.735343
85.7231 26.6353 -121.937 0 0 0 -0.677229 0.735772
85.8265 26.6167 -121.913 0 0 0 -0.676962 0.736018
85.9298 26.6127 -121.945 0 0 0 -0.675832 0.737056
86.0337 26.5983 -121.967 0 0 0 -0.676468 0.736472
86.1374 26.6113 -122.314 0 0 0 -0.676943 0.736035
86.2408 26.6101 -122.296 0 0 0 -0.67555 0.737315
86.3445 26.6289 -122.712 0 0 0 -0.674293 0.738464
86.4484 26.6354 -122.885 0 0 0 -0.673768 0.738943
86.5519 26.6571 -123.047 0 0 0 -0.673894 0.738828
86.6556 26.6356 -122.68 0 0 0 -0.67169 0.740832
86.7594 26.636 -122.689 0 0 0 -0.672645 0.739965
86.863 26.6611 -122.633 0 0 0 -0.66975 0.742587
86.9669 26.6674 -122.594 0 0 0 -0.670323 0.74207
87.0705 26.6907 -122.685 0 0 0 -0.669626 0.742699
87.1741 26.726 -122.665 0 0 0 -0.668821 0.743424
87.2783 26.7601 -122.853 0 0 0 -0.667907 0.744245
87.3817 26.7633 -122.447 0 0 0 -0.664001 0.747732
87.4854 26.7886 -122.491 0 0 0 -0.666376 0.745616
87.589 26.8612 -122.801 0 0 0 -0.664582 0.747215
87.6927 27.135 -122.686 0 0 0 -0.648511 0.761205
87.7963 27.2427 -123.176 0 0 0 -0.648922 0.760855
87.9001 27.2705 -122.615 0 0 0 -0.649098 0.760705
88.0038 27.4312 -123.248 0 0 0 -0.6486 0.76113
88.1074 27.7614 -122.937 0 0 0 -0.656252 0.754541
88.2116 27.8367 -122.098 0 0 0 -0.656857 0.754016
88.315 27.9963 -123.15 0 0 0 -0.655612 0.755098
88.4185 27.8892 -121.845 0 0 0 -0.661023 0.750365
88.5223 28.0106 -122.283 0 0 0 -0.663355 0.748305
88.7298 28.1243 -123.123 0 0 0 -0.657557 0.753405
89.2482 28.0286 -122.388 0 0 0 -0.658882 0.752246
89.3519 28.1171 -122.524 0 0 0 -0.662998 0.748621
89.4555 27.9758 -122.466 0 0 0 -0.664224 0.747534
89.5592 28.1309 -122.664 0 0 0 -0.665294 0.746581
89.6628 28.5096 -122.942 0 0 0 -0.667747 0.744388
89.7665 28.4957 -123.126 0 0 0 -0.667527 0.744586
89.8703 28.1543 -122.862 0 0 0 -0.66796 0.744198
89.974 28.1245 -122.631 0 0 0 -0.665307 0.74657
90.0776 27.8073 -122.751 0 0 0 -0.668098 0.744073
90.1813 27.0072 -122.048 0 0 0 -0.642364 0.7664
90.2851 27.0507 -123.477 0 0 0 -0.631927 0.775028
90.4924 26.6724 -123.916 0 0 0 -0.65678 0.754082
90.5962 27.1182 -124.42 0 0 0 -0.6644 0.747377
90.8035 26.9415 -124.296 0 0 0 -0.660634 0.750708
90.9073 26.9868 -125.339 0 0 0 -0.659326 0.751857
91.011 27.2174 -127.004 0 0 0 -0.663953 0.747774
91.1146 26.8674 -127.616 0 0 0 -0.641834 0.766843
91.2184 26.7444 -129.084 0 0 0 -0.658128 0.752906
91.3221 26.9125 -130.645 0 0 0 -0.665158 0.746702
91.4258 27.0668 -132.244 0 0 0 -0.671629 0.740888
91.5296 27.1962 -133.876 0 0 0 -0.679985 0.733226
91.6332 27.2546 -135.47 0 0 0 -0.687362 0.726315
91.737 27.3119 -136.984 0 0 0 -0.694066 0.719911
91.8407 27.3734 -138.527 0 0 0 -0.69949 0.714643
91.9444 27.3661 -140.014 0 0 0 -0.70663 0.707583
92.0482 27.3358 -141.598 0 0 0 -0.71473 0.699401
92.1519 27.3386 -143.122 0 0 0 -0.720917 0.693022
92.2557 27.2202 -144.624 0 0 0 -0.729704 0.683763
92.3594 26.9017 -145.234 0 0 0 -0.729015 0.684498
92.4631 26.9023 -144.092 0 0 0 -0.720982 0.692954
92.6705 26.6794 -143.754 0 0 0 -0.718303 0.69573
92.7742 26.2073 -143.073 0 0 0 -0.718893 0.695121
92.9817 25.9706 -143.636 0 0 0 -0.716808 0.697271
93.3965 25.3813 -144.481 0 0 0 -0.724391 0.68939
93.5003 25.3286 -144.909 0 0 0 -0.715554 0.698558
93.604 25.4049 -145.318 0 0 0 -0.713609 0.700544
93.8114 25.4985 -145.668 0 0 0 -0.715213 0.698907
94.0189 25.313 -146.172 0 0 0 -0.727385 0.68623
94.1225 25.0438 -146.843 0 0 0 -0.72753 0.686076
94.3298 25.0267 -147.588 0 0 0 -0.723386 0.690444
94.5372 25.0262 -147.212 0 0 0 -0.72666 0.686997
94.7445 25.0752 -147.712 0 0 0 -0.735925 0.677063
94.8483 24.5142 -147.734 0 0 0 -0.727417 0.686196
94.9519 24.6689 -148.297 0 0 0 -0.730253 0.683177
95.1594 24.4229 -149.337 0 0 0 -0.732022 0.681282
95.2631 24.4746 -150.418 0 0 0 -0.742559 0.66978
95.5741 24.2765 -151.089 0 0 0 -0.741645 0.670793
95.6778 24.3353 -151.188 0 0 0 -0.74274 0.66958
95.7816 24.3574 -151.403 0 0 0 -0.742964 0.669331
95.8852 24.3594 -151.524 0 0 0 -0.743406 0.66884
95.9888 24.2415 -151.186 0 0 0 -0.734597 0.678504
96.0925 24.4667 -150.587 0 0 0 -0.73616 0.676808
96.1962 24.3447 -151.932 0 0 0 -0.743026 0.669263
96.4034 24.4169 -152.831 0 0 0 -0.752779 0.658273
96.5071 24.2719 -153.184 0 0 0 -0.750709 0.660633
96.6109 24.4873 -153.133 0 0 0 -0.75453 0.656265
96.7145 24.3762 -153.273 0 0 0 -0.753397 0.657566
96.9218 24.5574 -152.552 0 0 0 -0.748211 0.663461
97.0256 24.3193 -152.822 0 0 0 -0.745341 0.666684
97.1293 24.5513 -152.297 0 0 0 -0.744747 0.667347
97.2331 24.481 -152.468 0 0 0 -0.742918 0.669383
97.3368 24.8398 -152.569 0 0 0 -0.748419 0.663227
97.4404 24.5 -152.684 0 0 0 -0.745237 0.666799
97.5442 24.6031 -152.924 0 0 0 -0.749791 0.661674
97.6479 24.63 -152.922 0 0 0 -0.749656 0.661827
97.7516 24.9117 -153.077 0 0 0 -0.760014 0.649906
97.8552 24.8953 -152.936 0 0 0 -0.756087 0.654471
97.959 24.6523 -153.439 0 0 0 -0.756748 0.653706
98.0627 24.6842 -153.464 0 0 0 -0.756994 0.653422
98.1665 24.811 -153.664 0 0 0 -0.761952 0.647633
98.2701 24.688 -153.78 0 0 0 -0.760312 0.649558
98.3738 24.77 -154.004 0 0 0 -0.766257 0.642534
98.4774 24.6244 -153.84 0 0 0 -0.760207 0.649682
98.5811 24.5227 -154.652 0 0 0 -0.768251 0.640148
98.6848 24.5756 -154.646 0 0 0 -0.768524 0.639821
98.7884 24.6416 -153.859 0 0 0 -0.762722 0.646726
98.8922 24.7385 -153.814 0 0 0 -0.765091 0.643922
98.9958 24.8542 -154.128 0 0 0 -0.77242 0.635112
99.0995 24.6212 -154.545 0 0 0 -0.770798 0.63708
99.3067 24.4491 -153.844 0 0 0 -0.757413 0.652936
99.4104 24.6975 -154.139 0 0 0 -0.763259 0.646092
99.514 24.6782 -154.138 0 0 0 -0.76529 0.643686
99.6177 24.0289 -153.8 0 0 0 -0.756124 0.654428
99.8251 23.4702 -154.162 0 0 0 -0.762192 0.64735
99.9287 23.3621 -153.9 0 0 0 -0.760519 0.649316
100.032 23.3853 -153.58 0 0 0 -0.752965 0.65806
100.136 23.7012 -154.052 0 0 0 -0.766182 0.642623
100.24 23.6826 -153.644 0 0 0 -0.770108 0.637913
100.343 23.3533 -153.937 0 0 0 -0.772204 0.635375
100.447 22.8163 -154.108 0 0 0 -0.773407 0.63391
100.551 22.6646 -154.168 0 0 0 -0.770163 0.637847
100.654 22.4084 -154.714 0 0 0 -0.774461 0.632621
100.758 22.1771 -154.814 0 0 0 -0.777943 0.628335
100.862 21.6799 -154.323 0 0 0 -0.766299 0.642484
100.965 21.6161 -154.659 0 0 0 -0.771801 0.635864
101.069 21.7993 -154.242 0 0 0 -0.765715 0.64318
101.172 21.5527 -153.958 0 0 0 -0.772471 0.635049
101.276 21.5857 -154.237 0 0 0 -0.784417 0.620234
101.38 21.145 -154.632 0 0 0 -0.793325 0.608798
101.483 21.0145 -154.57 0 0 0 -0.798988 0.601347
101.587 20.7179 -154.702 0 0 0 -0.787787 0.615948
101.691 20.9707 -154.948 0 0 0 -0.783492 0.621401
101.794 21.0894 -155.118 0 0 0 -0.784352 0.620316
101.898 20.8862 -155.248 0 0 0 -0.776839 0.6297
102.002 21.0934 -155.313 0 0 0 -0.775922 0.630829
102.105 21.1239 -155.256 0 0 0 -0.77331 0.634028
102.209 21.2762 -155.422 0 0 0 -0.775456 0.631402
102.313 21.4841 -154.825 0 0 0 -0.775188 0.631731
102.416 21.8315 -154.521 0 0 0 -0.779106 0.626893
102.52 21.3955 -154.758 0 0 0 -0.780602 0.625028
102.727 20.8719 -155.276 0 0 0 -0.78076 0.624832
103.038 20.7037 -155.876 0 0 0 -0.783762 0.621061
103.142 20.6381 -156.367 0 0 0 -0.785272 0.61915
103.246 20.5112 -156.608 0 0 0 -0.785333 0.619074
103.453 20.3884 -157.202 0 0 0 -0.787078 0.616854
103.557 20.2694 -157.398 0 0 0 -0.786911 0.617067
103.66 20.2655 -158.133 0 0 0 -0.781473 0.623939
103.764 20.584 -157.761 0 0 0 -0.787075 0.616857
103.868 20.8584 -157.43 0 0 0 -0.787789 0.615945
104.075 20.6265 -157.608 0 0 0 -0.779678 0.626181
104.386 20.7135 -157.453 0 0 0 -0.773205 0.634156
104.49 21.0342 -157.276 0 0 0 -0.77618 0.630511
104.593 21.0299 -157.558 0 0 0 -0.77184 0.635817
104.697 21.1416 -157.603 0 0 0 -0.775363 0.631516
104.801 21.2788 -157.45 0 0 0 -0.757773 0.652519
104.905 21.2134 -157.776 0 0 0 -0.753282 0.657697
105.008 21.7227 -157.652 0 0 0 -0.75421 0.656633
105.112 21.8585 -157.795 0 0 0 -0.753755 0.657155
105.216 21.7841 -158.404 0 0 0 -0.747717 0.664017
105.423 21.944 -158.864 0 0 0 -0.75012 0.661301
105.631 22.3423 -159.024 0 0 0 -0.74901 0.662558
105.734 22.2891 -159.086 0 0 0 -0.750086 0.66134
105.838 22.3052 -159.392 0 0 0 -0.752546 0.658539
105.942 22.207 -159.442 0 0 0 -0.747558 0.664197
106.046 22.2665 -159.414 0 0 0 -0.74331 0.668947
106.149 22.5809 -159.038 0 0 0 -0.748392 0.663256
106.253 22.6172 -158.841 0 0 0 -0.741804 0.670617
106.357 22.587 -159.096 0 0 0 -0.747458 0.66431
106.461 22.8989 -159.083 0 0 0 -0.758256 0.651957
106.564 22.7255 -159.383 0 0 0 -0.76024 0.649642
106.668 23.1373 -159.243 0 0 0 -0.775191 0.631727
106.772 23.1907 -159.418 0 0 0 -0.776247 0.630429
106.876 23.0192 -159.627 0 0 0 -0.776009 0.630722
106.979 23.0131 -159.528 0 0 0 -0.774296 0.632823
107.083 23.1105 -159.234 0 0 0 -0.772285 0.635277
107.187 22.9209 -159.737 0 0 0 -0.773957 0.633239
107.29 22.8419 -160.353 0 0 0 -0.777999 0.628266
107.394 22.376 -160.335 0 0 0 -0.766825 0.641856
107.705 23.0697 -159.842 0 0 0 -0.777656 0.62869
107.913 22.7391 -160.649 0 0 0 -0.78321 0.621758
108.016 22.9302 -160.429 0 0 0 -0.786497 0.617594
108.12 22.7328 -160.858 0 0 0 -0.787223 0.616669
108.224 22.6954 -160.809 0 0 0 -0.785394 0.618996
108.328 22.6154 -161.085 0 0 0 -0.789462 0.6138
108.431 22.3604 -161.495 0 0 0 -0.788865 0.614567
108.639 22.5728 -160.807 0 0 0 -0.788753 0.614711
108.846 22.6913 -160.198 0 0 0 -0.785979 0.618254
108.95 22.3472 -160.831 0 0 0 -0.788108 0.615537
109.053 22.0698 -160.452 0 0 0 -0.775025 0.63193
109.157 21.998 -161.029 0 0 0 -0.778496 0.62765
109.26 21.5377 -161.436 0 0 0 -0.774418 0.632675
109.468 20.9849 -162.036 0 0 0 -0.776321 0.630338
109.572 20.798 -161.717 0 0 0 -0.77431 0.632807
109.675 21.2411 -162.095 0 0 0 -0.780409 0.625269
109.779 21.199 -162.864 0 0 0 -0.782232 0.622987
109.986 21.0231 -163.425 0 0 0 -0.794383 0.607417
110.194 20.7642 -164.462 0 0 0 -0.802271 0.59696
110.298 20.7661 -164.855 0 0 0 -0.807229 0.590239
110.401 20.5055 -165.47 0 0 0 -0.805085 0.59316
110.505 19.9973 -166.424 0 0 0 -0.80182 0.597565
110.609 18.9944 -165.912 0 0 0 -0.789189 0.614151
110.713 18.496 -166.626 0 0 0 -0.792582 0.609765
110.816 17.799 -167.127 0 0 0 -0.809238 0.587481
110.92 17.1791 -167.316 0 0 0 -0.83216 0.554536
111.024 17.1655 -166.828 0 0 0 -0.845947 0.533267
111.231 17.0789 -166.45 0 0 0 -0.852192 0.52323
111.335 16.7983 -167.084 0 0 0 -0.848625 0.528996
111.542 16.6516 -167.382 0 0 0 -0.843395 0.537293
111.646 16.3989 -168.101 0 0 0 -0.844674 0.535281
111.853 16.2231 -168.852 0 0 0 -0.845664 0.533715
111.957 16.0872 -169.485 0 0 0 -0.843921 0.536467
112.06 15.8179 -169.849 0 0 0 -0.829802 0.558058
112.475 15.8848 -169.28 0 0 0 -0.809928 0.586529
112.578 15.829 -169.433 0 0 0 -0.81147 0.584394
112.682 16.1459 -168.993 0 0 0 -0.817698 0.575647
112.786 16.0946 -169.032 0 0 0 -0.812151 0.583447
112.89 16.266 -168.553 0 0 0 -0.804643 0.593759
113.096 16.2307 -168.809 0 0 0 -0.808056 0.589106
113.303 16.516 -168.92 0 0 0 -0.812877 0.582435
113.407 16.3538 -168.864 0 0 0 -0.811201 0.584767
113.51 16.4056 -169.03 0 0 0 -0.804923 0.593379
113.718 16.006 -170.05 0 0 0 -0.798566 0.601907
113.824 15.799 -170.497 0 0 0 -0.797763 0.602971
113.925 15.6689 -170.194 0 0 0 -0.79252 0.609846
