6 -0.13562 0.0296631 0 0 0 0.00608855 0.999981
6.5 -0.107788 0.0111084 0 0 0 0.0150667 0.999887
7 -0.16687 0.636475 0 0 0 0.0348453 0.999393
7.5 0.150391 1.77295 0 0 0 0.0547213 0.998502
8 -0.489014 3.16443 0 0 0 0.0612972 0.99812
8.5 -0.806396 4.00757 0 0 0 0.0779529 0.996957
9 -0.816895 4.02808 0 0 0 0.0857256 0.996319
9.5 -0.412231 3.56189 0 0 0 0.0958712 0.995394
10 0.668823 1.46008 0 0 0 0.126868 0.99192
10.5 -0.351807 3.21777 0 0 0 0.0704024 0.997519
11 -0.560425 3.58215 0 0 0 0.073459 0.997298
11.5 2.86877 -0.0249023 0 0 0 0.146257 0.989247
12 3.31726 1.38806 0 0 0 0.14985 0.988709
12.5 3.27942 1.13196 0 0 0 0.157406 0.987534
13 3.27246 0.884155 0 0 0 0.156065 0.987747
13.5 3.29639 1.14099 0 0 0 0.15684 0.987624
14 3.21838 1.00854 0 0 0 0.154825 0.987942
14.5 3.29077 1.14062 0 0 0 0.157861 0.987461
15 3.08813 1.42944 0 0 0 0.158145 0.987416
15.5 3.13745 1.39624 0 0 0 0.156092 0.987743
16 3.08508 1.39038 0 0 0 0.158351 0.987383
16.5 3.49243 1.62573 0 0 0 0.169954 0.985452
17 3.94934 1.21228 0 0 0 0.190011 0.981782
17.5 3.93005 1.12256 0 0 0 0.192755 0.981247
18 3.70386 1.34277 0 0 0 0.18239 0.983226
18.5 3.94312 1.30676 0 0 0 0.188012 0.982167
19 3.64417 2.12122 0 0 0 0.190259 0.981734
19.5 3.59973 2.06396 0 0 0 0.188372 0.982098
20 3.59302 2.02942 0 0 0 0.191541 0.981485
20.1038 5.97534 2.86328 0 0 0 0.218884 0.975751
20.2076 4.76929 3.75684 0 0 0 0.194598 0.980883
20.3116 4.51685 4.66577 0 0 0 0.190165 0.981752
20.4151 5.06372 4.48584 0 0 0 0.201691 0.979449
20.5189 4.86377 3.66382 0 0 0 0.227001 0.973894
20.6227 4.25623 4.4873 0 0 0 0.210675 0.977556
20.7264 4.76892 3.89111 0 0 0 0.232267 0.972652
20.8302 4.57422 5.13647 0 0 0 0.22593 0.974144
20.934 4.24146 5.99854 0 0 0 0.214456 0.976734
21.0377 4.5 5.78589 0 0 0 0.221713 0.975112
21.1415 4.50952 8.84814 0 0 0 0.180636 0.98355
21.2451 5.08789 9.35754 0 0 0 0.211092 0.977466
21.3489 3.24878 7.4165 0 0 0 0.221538 0.975152
21.4527 3.62329 7.57104 0 0 0 0.258766 0.96594
21.5564 2.36548 8.52649 0 0 0 0.215656 0.976469
21.6601 3.28552 9.34119 0 0 0 0.222484 0.974936
21.7638 3.19238 10.6244 0 0 0 0.212833 0.977089
21.8677 4.83337 11.864 0 0 0 0.235919 0.971773
21.9713 -12.9553 7.08008 0 0 0 0.227751 0.973719
22.0749 -7.30139 6.87244 0 0 0 0.438009 0.89897
22.1787 -5.87427 7.27637 0 0 0 0.501673 0.865057
22.2824 -6.91675 8.32202 0 0 0 0.490383 0.871507
22.386 -10.1633 9.01892 0 0 0 0.407079 0.913393
22.4896 -12.7198 9.91479 0 0 0 0.353266 0.935523
22.5934 -7.65308 8.44897 0 0 0 0.510231 0.860038
22.697 -3.61096 7.96692 0 0 0 0.634968 0.772538
22.8006 -3.64258 10.0193 0 0 0 0.646644 0.762792
22.9044 -0.690063 11.25 0 0 0 0.679955 0.733254
23.0081 -0.749756 11.489 0 0 0 0.679728 0.733464
23.1117 -0.277222 12.7495 0 0 0 0.697777 0.716315
23.2153 -0.124512 13.1245 0 0 0 0.694794 0.719208
23.3191 -0.594116 13.7657 0 0 0 0.702999 0.711191
23.4228 -0.893066 13.8193 0 0 0 0.692585 0.721336
23.5266 -0.562988 13.9105 0 0 0 0.664518 0.747272
23.6303 -1.56836 14.6316 0 0 0 0.676998 0.735985
23.7339 -1.13928 14.9448 0 0 0 0.661181 0.750226
23.8375 -0.90625 15.106 0 0 0 0.659209 0.751959
23.9413 -1.16846 15.2953 0 0 0 0.649376 0.760468
24.0449 -0.362549 15.6255 0 0 0 0.687638 0.726054
24.1486 -2.21997 13.3923 0 0 0 0.589642 0.807665
24.2523 -1.93115 12.2384 0 0 0 0.600602 0.799548
24.356 -1.87061 12.9365 0 0 0 0.623186 0.782073
24.4596 -2.17493 13.2065 0 0 0 0.671931 0.740614
24.5632 -3.4209 11.7712 0 0 0 0.662417 0.749136
24.6669 -2.6781 12.0052 0 0 0 0.658554 0.752534
24.7706 -1.99939 10.9658 0 0 0 0.708359 0.705852
24.8743 -1.96118 9.76575 0 0 0 0.726951 0.686689
24.978 -0.677979 10.3058 0 0 0 0.754162 0.656688
25.0817 -0.851318 10.9281 0 0 0 0.754631 0.65615
25.1853 -0.074707 11.0962 0 0 0 0.766164 0.642645
25.2889 -0.396118 12.354 0 0 0 0.765512 0.643421
25.3926 0.0690918 12.9025 0 0 0 0.760107 0.649798
25.4963 -0.591675 12.7908 0 0 0 0.769089 0.639142
25.6 1.00867 13.3353 0 0 0 0.782442 0.622723
25.7036 -0.529541 14.4072 0 0 0 0.780284 0.625426
25.8073 0.608643 14.9897 0 0 0 0.790337 0.612672
25.911 0.412109 15.2556 0 0 0 0.798997 0.601336
26.0147 -0.0411377 16.8464 0 0 0 0.802998 0.595982
26.1184 0.837891 18.0822 0 0 0 0.799225 0.601032
26.2219 -0.0118408 19.542 0 0 0 0.786098 0.618102
26.3257 -0.0257568 19.2064 0 0 0 0.807301 0.59014
26.4293 -0.139771 23.0312 0 0 0 0.777643 0.628706
26.533 -1.78723 24.1206 0 0 0 0.795077 0.606509
26.6367 -1.82812 26.2025 0 0 0 0.786343 0.61779
26.7404 -2.47729 24.6954 0 0 0 0.82292 0.568157
26.8441 -1.8075 24.1163 0 0 0 0.848651 0.528953
26.9478 -2.7168 26.0688 0 0 0 0.837141 0.546988
