6 -0.104187 -0.0976562 0 0 0 0.00135381 0.999999
6.5 -0.105774 -0.0978394 0 0 0 0.00147059 0.999999
7 -0.105774 -0.0978394 0 0 0 0.00147039 0.999999
7.5 -0.105774 -0.0978394 0 0 0 0.00147038 0.999999
8 -0.105774 -0.0978394 0 0 0 0.00147038 0.999999
8.5 -0.105774 -0.0978394 0 0 0 0.00147038 0.999999
9 -0.105774 -0.0978394 0 0 0 0.00147038 0.999999
9.5 -0.105774 -0.0978394 0 0 0 0.00147038 0.999999
10 -0.105774 -0.0978394 0 0 0 0.00147038 0.999999
10.5 -0.105774 -0.0978394 0 0 0 0.00147038 0.999999
11 -0.105774 -0.0978394 0 0 0 0.00147038 0.999999
11.5 -0.105774 -0.0978394 0 0 0 0.00147038 0.999999
12 -0.105774 -0.0978394 0 0 0 0.00147038 0.999999
12.5 -0.105774 -0.0978394 0 0 0 0.00147038 0.999999
13 -0.105774 -0.0978394 0 0 0 0.00147038 0.999999
13.5 -0.105774 -0.0978394 0 0 0 0.00147038 0.999999
14 -0.105774 -0.0978394 0 0 0 0.00147038 0.999999
14.5 -0.105774 -0.0978394 0 0 0 0.00147038 0.999999
15 -0.105774 -0.0978394 0 0 0 0.00147038 0.999999
15.5 -0.105774 -0.0978394 0 0 0 0.00147038 0.999999
16 -0.105774 -0.0978394 0 0 0 0.00147038 0.999999
16.5 -0.105774 -0.0978394 0 0 0 0.00147038 0.999999
17 -0.105774 -0.0978394 0 0 0 0.00147038 0.999999
17.5 -0.105774 -0.0978394 0 0 0 0.00147038 0.999999
18 -0.105774 -0.0978394 0 0 0 0.00147038 0.999999
18.5 -0.105774 -0.0978394 0 0 0 0.00147038 0.999999
19 -0.105774 -0.0978394 0 0 0 0.00147038 0.999999
19.5 -0.105774 -0.0978394 0 0 0 0.00147038 0.999999
20 -0.105774 -0.0978394 0 0 0 0.00147038 0.999999
20.1036 -0.155701 -0.208191 0 0 0 0.0102341 0.999948
20.2074 -0.0693359 -0.21698 0 0 0 0.0134299 0.99991
20.3111 -0.582031 -0.40686 0 0 0 0.0160397 0.999871
20.4147 -0.209412 -0.0908203 0 0 0 0.0211562 0.999776
20.5199 -0.559387 -0.071228 0 0 0 0.0224936 0.999747
20.6221 -0.114197 -0.241394 0 0 0 0.0514999 0.998673
20.7257 -0.501953 -0.71991 0 0 0 0.0568553 0.998382
20.8295 -0.229431 -0.84845 0 0 0 0.0821467 0.99662
20.933 -1.26221 -0.154297 0 0 0 0.0698809 0.997555
21.0368 -3.03186 -0.210938 0 0 0 0.0524256 0.998625
21.1404 -3.625 -0.793884 0 0 0 0.0899497 0.995946
21.2441 -4.59113 -0.943542 0 0 0 0.128703 0.991683
21.3478 -4.88116 -1.81879 0 0 0 0.166928 0.985969
21.4515 -4.02405 -2.67474 0 0 0 0.183785 0.982966
21.5551 -4.34296 -2.48401 0 0 0 0.175831 0.98442
21.6588 -4.83105 -2.89398 0 0 0 0.180228 0.983625
21.7626 -4.42725 -3.42523 0 0 0 0.176081 0.984376
21.8662 -5.08661 -3.49707 0 0 0 0.193799 0.981041
21.97 -5.7179 -2.77197 0 0 0 0.187802 0.982207
22.0736 -5.74463 -2.6748 0 0 0 0.191494 0.981494
22.1773 -6.67548 -2.41437 0 0 0 0.170387 0.985377
22.281 -6.10638 -2.10907 0 0 0 0.179362 0.983783
22.3847 -6.83734 -2.74854 0 0 0 0.192564 0.981284
22.4884 -6.16547 -3.67108 0 0 0 0.195509 0.980702
22.592 -5.81195 -3.77802 0 0 0 0.184152 0.982898
22.6958 -6.36487 -5.85742 0 0 0 0.175674 0.984448
22.7994 -6.59711 -6.24286 0 0 0 0.148697 0.988883
22.9031 -7.19397 -6.75861 0 0 0 0.124134 0.992266
23.0068 -7.88574 -6.71387 0 0 0 0.0911746 0.995835
23.1105 -7.33643 -6.7962 0 0 0 0.0970027 0.995284
23.2142 -7.50256 -6.85101 0 0 0 0.095811 0.9954
23.3179 -7.05756 -6.78772 0 0 0 0.105632 0.994405
23.4217 -6.73407 -6.71088 0 0 0 0.103165 0.994664
23.5254 -6.55432 -6.74725 0 0 0 0.102564 0.994726
23.6292 -6.46527 -6.81543 0 0 0 0.0958593 0.995395
23.7329 -7.4632 -6.96191 0 0 0 0.0907827 0.995871
23.8367 -6.64935 -7.0224 0 0 0 0.0774051 0.997
23.9404 -6.7619 -7.17133 0 0 0 0.082492 0.996592
24.0443 -6.66034 -7.55121 0 0 0 0.0996601 0.995022
24.1481 -6.28595 -7.25482 0 0 0 0.096176 0.995364
24.2519 -5.79132 -7.4342 0 0 0 0.100706 0.994916
24.3557 -6.69379 -7.44086 0 0 0 0.0750063 0.997183
24.4596 -7.31049 -7.64221 0 0 0 0.0405607 0.999177
24.5635 -9.29266 -7.87494 0 0 0 0.00769677 0.99997
24.6673 -10.149 -8.16895 0 0 0 0.0268181 0.99964
24.7711 -9.52179 -8.18927 0 0 0 0.0313453 0.999509
24.8749 -8.76361 -8.6051 0 0 0 0.0349178 0.99939
24.9787 -8.8963 -9.63965 0 0 0 0.0384639 0.99926
25.0825 -9.00385 -12.033 0 0 0 0.0147864 0.999891
25.1864 4.41119 -8.85175 0 0 0 0.107443 0.994211
25.2901 2.89581 -8.39154 0 0 0 0.15368 0.988121
25.394 1.11749 -10.517 0 0 0 0.12667 0.991945
25.4979 -0.787231 -10.5988 0 0 0 0.127004 0.991902
25.6017 -3.25946 -10.4623 0 0 0 0.120924 0.992662
25.7055 -5.21173 -10.5818 0 0 0 0.166946 0.985966
25.8093 -5.65692 -10.3745 0 0 0 0.222946 0.974831
25.9131 -6.11176 -11.042 0 0 0 0.2237 0.974658
26.017 -5.42102 -11.6204 0 0 0 0.232957 0.972487
26.1208 -4.80902 -13.6004 0 0 0 0.260607 0.965445
26.2246 -4.33685 -13.4454 0 0 0 0.24032 0.970694
26.3284 -5.40179 -12.3414 0 0 0 0.238715 0.97109
26.4322 -6.98926 -12.2471 0 0 0 0.166028 0.986121
26.5359 -5.56439 -11.2835 0 0 0 0.223294 0.974751
26.6396 -6.18671 -13.7622 0 0 0 0.260888 0.965369
26.7433 -5.34503 -10.831 0 0 0 0.216702 0.976238
26.847 -5.82208 -13.0016 0 0 0 0.247522 0.968882
26.9507 -6.00977 -12.3945 0 0 0 0.23759 0.971366
27.0544 -5.75043 -11.5426 0 0 0 0.228064 0.973646
27.1581 -5.87421 -11.8098 0 0 0 0.226936 0.97391
27.2618 -6.66376 -13.8966 0 0 0 0.247631 0.968854
27.3656 -6.56067 -13.0825 0 0 0 0.308545 0.95121
27.4693 -7.92822 -14.6515 0 0 0 0.332837 0.942984
27.5729 -8.19672 -14.1142 0 0 0 0.309603 0.950866
27.6767 -8.03729 -14.1152 0 0 0 0.364548 0.931185
27.7804 -9.92053 -16.8351 0 0 0 0.39062 0.920552
27.8841 -9.3183 -15.952 0 0 0 0.446388 0.89484
27.9878 -11.0117 -17.7853 0 0 0 0.424792 0.905291
