0.310262 1.0412 -0.0102234 0 0 0 -9.74258e-05 1
0.413621 1.98767 0.04245 0 0 0 0.00328366 0.999995
0.517929 2.9491 0.037384 0 0 0 0.00433616 0.999991
0.620389 3.89706 0.0320435 0 0 0 0.00392204 0.999992
0.724219 4.83151 0.0285339 0 0 0 0.00374239 0.999993
0.827211 5.71936 0.026001 0 0 0 0.0032579 0.999995
0.930557 6.64349 0.0350952 0 0 0 0.00266244 0.999996
1.03407 7.5632 0.0400696 0 0 0 0.00314718 0.999995
1.13744 8.49036 0.0279236 0 0 0 0.00297363 0.999996
1.24426 9.38339 0.0246887 0 0 0 0.00213307 0.999998
1.34423 10.2965 0.02948 0 0 0 0.00220948 0.999998
1.44757 11.2205 0.0271301 0 0 0 0.00189854 0.999998
1.55108 12.0651 0.0167542 0 0 0 0.00308581 0.999995
1.65452 13.0361 0.0139771 0 0 0 0.00341613 0.999994
1.75784 13.9148 0.00827026 0 0 0 0.0039539 0.999992
1.86135 14.7906 0.0222778 0 0 0 0.00449287 0.99999
1.96472 15.6865 0.0222778 0 0 0 0.00485068 0.999988
2.06824 16.601 0.0258789 0 0 0 0.00596811 0.999982
2.17162 17.5176 0.028595 0 0 0 0.0067009 0.999978
2.27513 18.3914 0.0400085 0 0 0 0.00788604 0.999969
2.37863 19.2946 0.0466614 0 0 0 0.0079908 0.999968
2.48201 20.1257 0.0538635 0 0 0 0.00949124 0.999955
2.58551 21.0214 0.0600586 0 0 0 0.00935699 0.999956
2.68902 21.863 0.0652466 0 0 0 0.00910382 0.999959
2.79369 22.7125 0.0846558 0 0 0 0.012038 0.999928
2.89614 23.5614 0.0982666 0 0 0 0.0133119 0.999911
2.99956 24.3316 0.127594 0 0 0 0.0131569 0.999913
3.10354 25.228 0.148163 0 0 0 0.013497 0.999909
3.20657 25.9745 0.177124 0 0 0 0.0139224 0.999903
3.31008 26.7284 0.171143 0 0 0 0.0135528 0.999908
3.41396 27.4946 0.20578 0 0 0 0.0145457 0.999894
3.51708 28.24 0.212463 0 0 0 0.0151152 0.999886
3.62072 29.0168 0.23114 0 0 0 0.016625 0.999862
3.72467 29.7187 0.244934 0 0 0 0.0177602 0.999842
3.82772 30.4904 0.250793 0 0 0 0.0187954 0.999823
3.93124 31.2234 0.292297 0 0 0 0.0184336 0.99983
4.03487 31.972 0.333527 0 0 0 0.02045 0.999791
4.14215 32.693 0.358124 0 0 0 0.0218094 0.999762
4.24344 33.3456 0.402252 0 0 0 0.0226209 0.999744
4.34597 34.0141 0.435944 0 0 0 0.0230199 0.999735
4.44918 34.6282 0.463165 0 0 0 0.0233532 0.999727
4.55252 35.3578 0.489227 0 0 0 0.0239838 0.999712
4.65624 36.0309 0.524963 0 0 0 0.0239429 0.999713
4.76082 36.6808 0.546326 0 0 0 0.0220043 0.999758
4.86379 37.3324 0.570007 0 0 0 0.0222219 0.999753
4.96682 37.9781 0.601837 0 0 0 0.0218769 0.999761
5.07326 38.576 0.616821 0 0 0 0.0184483 0.99983
5.17427 39.2325 0.645142 0 0 0 0.0172105 0.999852
5.2775 39.8297 0.676422 0 0 0 0.0138546 0.999904
5.38114 40.4254 0.700409 0 0 0 0.0116908 0.999932
5.48464 41.0316 0.746185 0 0 0 0.00917978 0.999958
5.5881 41.5381 0.752991 0 0 0 0.00507646 0.999987
5.69162 42.03 0.769165 0 0 0 6.26622e-05 1
5.79522 42.5215 0.791931 0 0 0 -0.00507082 0.999987
5.89874 43.0483 0.786133 0 0 0 -0.00535095 0.999986
6.00237 43.5208 0.775726 0 0 0 -0.010406 0.999946
6.10587 43.9005 0.757202 0 0 0 -0.0143772 0.999897
6.20951 44.3253 0.709351 0 0 0 -0.019318 0.999813
6.31302 44.7851 0.65451 0 0 0 -0.0230353 0.999735
6.41652 45.2062 0.647827 0 0 0 -0.0263028 0.999654
6.52404 45.5374 0.682953 0 0 0 -0.0300793 0.999548
6.62372 45.8814 0.67865 0 0 0 -0.0331457 0.999451
6.72729 46.2146 0.681671 0 0 0 -0.0365078 0.999333
6.83081 46.5147 0.675323 0 0 0 -0.0403594 0.999185
6.93443 46.7991 0.590454 0 0 0 -0.0472052 0.998885
7.03807 46.9744 0.565582 0 0 0 -0.0534486 0.998571
7.1417 47.2311 0.534485 0 0 0 -0.0599648 0.9982
7.24533 47.4808 0.454285 0 0 0 -0.0683933 0.997658
7.3533 47.7208 0.403473 0 0 0 -0.0779723 0.996956
7.45259 47.9688 0.36795 0 0 0 -0.08571 0.99632
7.55658 48.1964 0.336029 0 0 0 -0.0944567 0.995529
7.66336 48.4601 0.281006 0 0 0 -0.103819 0.994596
7.76336 48.7048 0.223907 0 0 0 -0.112845 0.993613
7.86699 48.9556 0.135559 0 0 0 -0.124299 0.992245
7.97062 49.1646 0.127502 0 0 0 -0.135846 0.99073
8.07425 49.4263 -0.0160828 0 0 0 -0.147972 0.988992
8.17796 49.6259 -0.0786438 0 0 0 -0.161862 0.986813
8.28392 49.9006 -0.187439 0 0 0 -0.176092 0.984374
8.38596 50.1359 -0.302582 0 0 0 -0.190881 0.981613
8.48878 50.3646 -0.434998 0 0 0 -0.207289 0.97828
8.59345 50.5323 -0.578125 0 0 0 -0.225141 0.974326
8.69603 50.8004 -0.723572 0 0 0 -0.242712 0.970098
8.79966 51.0292 -0.856995 0 0 0 -0.262849 0.964837
8.90391 51.2302 -1.0282 0 0 0 -0.282141 0.959373
9.00803 51.5121 -1.20856 0 0 0 -0.301903 0.953339
9.11058 51.7654 -1.37595 0 0 0 -0.323389 0.946266
9.2142 52.0055 -1.65604 0 0 0 -0.344726 0.938703
9.31783 52.2347 -1.7937 0 0 0 -0.366961 0.930236
9.42146 52.4546 -2.08392 0 0 0 -0.391195 0.920308
9.52511 52.6909 -2.41489 0 0 0 -0.415641 0.909529
9.63008 52.9285 -2.71439 0 0 0 -0.438588 0.898688
9.73238 53.1281 -3.11258 0 0 0 -0.464344 0.885655
9.83601 53.3109 -3.42014 0 0 0 -0.489296 0.872118
9.93968 53.494 -3.82431 0 0 0 -0.513908 0.857845
10.0439 53.7044 -4.25894 0 0 0 -0.537558 0.843227
10.1468 53.8439 -4.66833 0 0 0 -0.558758 0.829331
10.2504 54.1171 -5.15839 0 0 0 -0.578775 0.815487
10.3537 54.1616 -5.72308 0 0 0 -0.603375 0.797457
10.4572 54.1168 -6.21521 0 0 0 -0.619472 0.785018
10.563 54.1943 -6.78781 0 0 0 -0.639536 0.768761
10.6645 54.2336 -7.29828 0 0 0 -0.654583 0.75599
10.767 54.2138 -7.82303 0 0 0 -0.667239 0.744844
10.8702 54.2225 -8.38528 0 0 0 -0.678918 0.734214
10.9734 54.1098 -8.83856 0 0 0 -0.690505 0.723328
11.0772 54.012 -9.30496 0 0 0 -0.699099 0.715025
11.1802 53.9384 -9.97345 0 0 0 -0.70431 0.709892
11.2842 53.8986 -10.5186 0 0 0 -0.71024 0.70396
11.3859 53.8928 -11.0573 0 0 0 -0.71564 0.698469
11.489 53.8255 -11.6858 0 0 0 -0.717439 0.696621
11.5926 53.7966 -12.3463 0 0 0 -0.720794 0.693149
11.6953 53.7391 -13.0309 0 0 0 -0.721846 0.692054
11.7995 53.6979 -13.5944 0 0 0 -0.724585 0.689186
11.9017 53.6662 -14.2272 0 0 0 -0.725537 0.688183
12.0048 53.6277 -14.9101 0 0 0 -0.727661 0.685937
12.108 53.5386 -15.5746 0 0 0 -0.726526 0.687139
12.2112 53.5164 -16.2352 0 0 0 -0.728384 0.685169
12.3145 53.4493 -16.8387 0 0 0 -0.729603 0.683871
12.4177 53.3893 -17.6639 0 0 0 -0.728255 0.685306
12.5211 53.3281 -18.3816 0 0 0 -0.72632 0.687356
12.6245 53.2737 -19.0277 0 0 0 -0.726771 0.68688
12.7274 53.2148 -19.9049 0 0 0 -0.725965 0.687732
12.8307 53.1849 -20.5894 0 0 0 -0.726526 0.687138
12.9341 53.1418 -21.4149 0 0 0 -0.724346 0.689436
13.0377 53.0882 -22.1008 0 0 0 -0.723502 0.690323
13.1417 53.0513 -22.8129 0 0 0 -0.724015 0.689784
13.2442 53.0269 -23.5472 0 0 0 -0.721452 0.692465
13.348 53.0066 -24.3896 0 0 0 -0.719842 0.694138
13.4528 52.9843 -25.1371 0 0 0 -0.71953 0.694462
13.5549 52.9236 -25.8667 0 0 0 -0.718307 0.695726
13.658 52.9142 -26.5712 0 0 0 -0.71671 0.697371
13.7613 52.8962 -27.346 0 0 0 -0.71498 0.699145
13.8647 52.8578 -28.0791 0 0 0 -0.714023 0.700122
13.9682 52.8173 -28.7998 0 0 0 -0.712769 0.701399
14.0716 52.8029 -29.5748 0 0 0 -0.71187 0.702311
14.175 52.7816 -30.3227 0 0 0 -0.710327 0.703871
14.2786 52.7554 -30.9943 0 0 0 -0.708831 0.705379
14.3821 52.7454 -31.7997 0 0 0 -0.707819 0.706393
14.4855 52.7469 -32.473 0 0 0 -0.7082 0.706011
14.589 52.7465 -33.2357 0 0 0 -0.706073 0.708139
14.6924 52.7437 -34.0122 0 0 0 -0.705912 0.7083
14.796 52.7507 -34.7787 0 0 0 -0.704506 0.709698
14.8995 52.769 -35.5094 0 0 0 -0.703762 0.710435
15.0029 52.7782 -36.3214 0 0 0 -0.702188 0.711991
15.1064 52.7827 -37.0433 0 0 0 -0.700995 0.713166
15.2099 52.7941 -37.8071 0 0 0 -0.699648 0.714488
15.3134 52.8201 -38.5663 0 0 0 -0.698504 0.715606
15.4167 52.843 -39.3534 0 0 0 -0.697279 0.716799
15.5202 52.8812 -40.1007 0 0 0 -0.695958 0.718082
15.6239 52.8937 -40.9194 0 0 0 -0.694697 0.719302
15.7272 52.9187 -41.7037 0 0 0 -0.693474 0.720482
15.8306 52.954 -42.4994 0 0 0 -0.693189 0.720756
15.9342 52.9932 -43.2939 0 0 0 -0.690835 0.723012
16.0394 53.0205 -44.1107 0 0 0 -0.690533 0.723301
16.1409 53.0821 -44.89 0 0 0 -0.687407 0.726272
16.2443 53.1227 -45.6566 0 0 0 -0.685148 0.728404
16.3483 53.1796 -46.4056 0 0 0 -0.682547 0.730841
16.4534 53.2493 -47.2077 0 0 0 -0.680244 0.732985
16.5544 53.3242 -48.0284 0 0 0 -0.676433 0.736504
16.658 53.3832 -48.8565 0 0 0 -0.67411 0.738631
16.7614 53.4526 -49.6568 0 0 0 -0.671338 0.741151
16.8647 53.5543 -50.4657 0 0 0 -0.669142 0.743135
16.9681 53.6236 -51.2715 0 0 0 -0.66662 0.745397
17.0734 53.7194 -52.0359 0 0 0 -0.664121 0.747625
17.1756 53.8234 -52.829 0 0 0 -0.661836 0.749648
17.2795 53.9266 -53.6096 0 0 0 -0.660097 0.751181
17.3833 54.0317 -54.3816 0 0 0 -0.657653 0.753321
17.4854 54.1188 -55.131 0 0 0 -0.655195 0.755459
17.5889 54.2252 -55.9389 0 0 0 -0.65386 0.756615
17.6939 54.3566 -56.7095 0 0 0 -0.651805 0.758386
17.7958 54.4761 -57.4858 0 0 0 -0.649964 0.759965
17.8994 54.5894 -58.2607 0 0 0 -0.649519 0.760345
18.0031 54.7147 -59.0124 0 0 0 -0.646471 0.762939
18.1063 54.8149 -59.7486 0 0 0 -0.646298 0.763085
18.2098 54.9361 -60.4287 0 0 0 -0.645578 0.763694
18.3134 55.0658 -61.1303 0 0 0 -0.644103 0.764939
18.4172 55.1835 -61.8278 0 0 0 -0.644421 0.764671
18.5205 55.3259 -62.5567 0 0 0 -0.644019 0.765009
18.624 55.4382 -63.2072 0 0 0 -0.643877 0.765129
18.7275 55.544 -63.8678 0 0 0 -0.644243 0.764821
18.8309 55.655 -64.5805 0 0 0 -0.642424 0.766349
18.9347 55.7546 -65.2521 0 0 0 -0.642545 0.766248
19.038 55.8711 -65.8774 0 0 0 -0.642511 0.766276
19.1415 55.9975 -66.5727 0 0 0 -0.642113 0.76661
19.2455 56.0884 -67.1591 0 0 0 -0.643616 0.765349
19.3518 56.1918 -67.7917 0 0 0 -0.644687 0.764447
19.4521 56.2318 -68.4277 0 0 0 -0.645319 0.763913
19.5578 56.3287 -69.0009 0 0 0 -0.646828 0.762636
19.6601 56.413 -69.6092 0 0 0 -0.646944 0.762537
19.764 56.5015 -70.1491 0 0 0 -0.648887 0.760885
19.867 56.5899 -70.7123 0 0 0 -0.649482 0.760377
19.9699 56.7339 -71.3104 0 0 0 -0.650716 0.759321
20.0734 56.8463 -71.8781 0 0 0 -0.652036 0.758188
20.1772 56.9726 -72.4511 0 0 0 -0.652571 0.757728
20.2803 56.9849 -73.0056 0 0 0 -0.653197 0.757188
20.3839 57.0598 -73.4995 0 0 0 -0.652538 0.757756
20.4876 57.191 -74.0413 0 0 0 -0.654623 0.755955
20.5909 57.2926 -74.6182 0 0 0 -0.654547 0.756022
20.6943 57.3081 -75.1401 0 0 0 -0.655496 0.755199
20.7977 57.359 -75.6973 0 0 0 -0.654014 0.756482
20.9021 57.4696 -76.2513 0 0 0 -0.652087 0.758144
21.0046 57.5726 -76.8005 0 0 0 -0.651237 0.758874
21.1082 57.6184 -77.3439 0 0 0 -0.649002 0.760786
21.2136 57.7473 -77.9416 0 0 0 -0.645996 0.763341
21.3161 57.8616 -78.5325 0 0 0 -0.641941 0.766754
21.418 57.9605 -79.0862 0 0 0 -0.638012 0.770026
21.5243 58.0808 -79.6607 0 0 0 -0.634786 0.772688
21.6248 58.2084 -80.273 0 0 0 -0.63034 0.776319
21.7303 58.3421 -80.8517 0 0 0 -0.62617 0.779687
21.833 58.4738 -81.4746 0 0 0 -0.621987 0.783028
21.9362 58.6172 -82.1088 0 0 0 -0.617505 0.786567
22.0384 58.7502 -82.7133 0 0 0 -0.613444 0.789738
22.1419 58.9402 -83.3732 0 0 0 -0.60924 0.792985
22.2453 59.1404 -84.0359 0 0 0 -0.605323 0.79598
22.3488 59.3411 -84.7335 0 0 0 -0.599602 0.800299
22.4522 59.5306 -85.3987 0 0 0 -0.59571 0.8032
22.5557 59.7512 -86.0701 0 0 0 -0.589966 0.807428
22.6594 59.9913 -86.7864 0 0 0 -0.586751 0.809768
22.7625 60.2386 -87.5013 0 0 0 -0.583663 0.811996
22.866 60.4094 -88.1811 0 0 0 -0.580485 0.814271
22.9695 60.6749 -88.9375 0 0 0 -0.577616 0.816308
23.073 60.9178 -89.6652 0 0 0 -0.57376 0.819023
23.1766 61.1876 -90.386 0 0 0 -0.570262 0.821463
23.28 61.5118 -91.1211 0 0 0 -0.568105 0.822956
23.3847 61.7792 -91.8542 0 0 0 -0.566874 0.823805
23.4876 62.0274 -92.5566 0 0 0 -0.563135 0.826365
23.5907 62.3236 -93.277 0 0 0 -0.56099 0.827822
23.6945 62.6392 -94.0141 0 0 0 -0.559063 0.829125
23.7982 62.9341 -94.7441 0 0 0 -0.555854 0.83128
23.9035 63.2707 -95.432 0 0 0 -0.553833 0.832627
24.0046 63.5488 -96.0762 0 0 0 -0.55246 0.83354
24.1082 63.8444 -96.7635 0 0 0 -0.550067 0.835121
24.2132 64.0935 -97.4045 0 0 0 -0.548207 0.836343
24.3151 64.4166 -98.0774 0 0 0 -0.54661 0.837387
24.4221 64.6974 -98.7226 0 0 0 -0.546486 0.837468
24.5224 64.9781 -99.3394 0 0 0 -0.543929 0.839131
24.6253 65.2689 -99.9672 0 0 0 -0.542633 0.83997
24.7288 65.5401 -100.588 0 0 0 -0.54267 0.839946
24.8322 65.8181 -101.179 0 0 0 -0.542582 0.840003
24.9356 66.0832 -101.808 0 0 0 -0.541027 0.841005
25.0391 66.3601 -102.394 0 0 0 -0.540512 0.841336
25.1425 66.5897 -102.956 0 0 0 -0.538172 0.842835
25.246 66.8354 -103.472 0 0 0 -0.537095 0.843522
25.3494 67.14 -104.096 0 0 0 -0.535381 0.844611
25.4527 67.3774 -104.635 0 0 0 -0.535013 0.844844
25.5563 67.6157 -105.133 0 0 0 -0.533287 0.845934
25.6596 67.8757 -105.71 0 0 0 -0.531275 0.847199
25.7632 68.0705 -106.181 0 0 0 -0.529181 0.848509
25.8665 68.3467 -106.687 0 0 0 -0.527924 0.849291
25.9702 68.6224 -107.247 0 0 0 -0.525817 0.850597
26.0745 68.8956 -107.753 0 0 0 -0.522883 0.852404
26.1778 69.1855 -108.272 0 0 0 -0.520214 0.854036
26.28 69.4426 -108.776 0 0 0 -0.517336 0.855782
26.3845 69.7012 -109.299 0 0 0 -0.514169 0.857689
26.4869 69.9842 -109.789 0 0 0 -0.5122 0.858866
26.5902 70.2721 -110.26 0 0 0 -0.509143 0.860682
26.6936 70.5602 -110.753 0 0 0 -0.504539 0.863389
26.7969 70.87 -111.237 0 0 0 -0.501791 0.864989
26.9004 71.2142 -111.776 0 0 0 -0.49857 0.86685
27.0039 71.4813 -112.249 0 0 0 -0.492571 0.870272
27.1073 71.8198 -112.758 0 0 0 -0.490912 0.871209
27.2106 72.1478 -113.328 0 0 0 -0.486888 0.873465
27.314 72.4397 -113.852 0 0 0 -0.484037 0.875048
27.4174 72.8178 -114.414 0 0 0 -0.480228 0.877144
27.5208 73.1317 -114.936 0 0 0 -0.477341 0.878718
27.6242 73.5615 -115.594 0 0 0 -0.474583 0.880211
27.7277 73.9225 -116.111 0 0 0 -0.470156 0.882583
27.8311 74.2786 -116.633 0 0 0 -0.465822 0.884878
27.9345 74.7349 -117.291 0 0 0 -0.462583 0.886576
28.0378 75.1576 -117.853 0 0 0 -0.456974 0.88948
28.1411 75.6142 -118.439 0 0 0 -0.454093 0.890954
28.2444 76.0909 -119.091 0 0 0 -0.449973 0.893042
28.348 76.5323 -119.67 0 0 0 -0.44573 0.895167
28.4513 77.0115 -120.289 0 0 0 -0.442124 0.896954
28.5548 77.4983 -120.915 0 0 0 -0.439439 0.898273
28.6609 78.0096 -121.573 0 0 0 -0.438195 0.89888
28.7618 78.5253 -122.247 0 0 0 -0.436136 0.899881
28.8668 78.9926 -122.872 0 0 0 -0.434938 0.900461
28.9707 79.4615 -123.515 0 0 0 -0.432539 0.901615
29.0735 80.0029 -124.181 0 0 0 -0.430629 0.902529
29.1767 80.5197 -124.796 0 0 0 -0.429044 0.903283
29.2793 81.0869 -125.486 0 0 0 -0.427261 0.904128
29.3848 81.6506 -126.167 0 0 0 -0.42375 0.905779
29.4864 82.2112 -126.831 0 0 0 -0.421625 0.90677
29.5894 82.796 -127.515 0 0 0 -0.420057 0.907498
29.6929 83.4086 -128.199 0 0 0 -0.416891 0.908957
29.7963 84.0739 -128.855 0 0 0 -0.413707 0.91041
29.8998 84.6141 -129.507 0 0 0 -0.410196 0.911997
30.0032 85.163 -130.194 0 0 0 -0.40707 0.913397
30.1066 85.7199 -130.885 0 0 0 -0.405946 0.913897
30.2116 86.3322 -131.572 0 0 0 -0.404823 0.914395
30.3133 86.8906 -132.2 0 0 0 -0.400156 0.916447
30.4167 87.4601 -132.856 0 0 0 -0.395667 0.918394
30.5201 88.1478 -133.536 0 0 0 -0.392484 0.919759
30.6236 88.7637 -134.225 0 0 0 -0.387381 0.92192
30.727 89.4398 -134.885 0 0 0 -0.385213 0.922828
30.8303 90.0942 -135.561 0 0 0 -0.383441 0.923565
30.9338 90.743 -136.212 0 0 0 -0.378893 0.92544
31.0373 91.421 -136.894 0 0 0 -0.378762 0.925494
31.1428 92.087 -137.546 0 0 0 -0.378044 0.925788
31.2442 92.7738 -138.206 0 0 0 -0.379581 0.925159
31.3477 93.3771 -138.812 0 0 0 -0.378904 0.925436
31.4513 94.0449 -139.49 0 0 0 -0.377919 0.925839
31.5556 94.7751 -140.202 0 0 0 -0.381632 0.924314
31.6617 95.442 -140.826 0 0 0 -0.38153 0.924357
31.7632 96.0922 -141.495 0 0 0 -0.381856 0.924222
31.8659 96.762 -142.19 0 0 0 -0.385434 0.922736
31.9708 97.3933 -142.805 0 0 0 -0.384849 0.92298
32.0741 98.0314 -143.442 0 0 0 -0.386836 0.922149
32.1766 98.7 -144.153 0 0 0 -0.388361 0.921507
32.2802 99.3656 -144.842 0 0 0 -0.392271 0.91985
32.3826 99.9868 -145.472 0 0 0 -0.394826 0.918756
32.4861 100.605 -146.133 0 0 0 -0.395177 0.918605
32.5899 101.271 -146.791 0 0 0 -0.397891 0.917433
32.6947 101.899 -147.469 0 0 0 -0.400188 0.916433
32.7966 102.492 -148.118 0 0 0 -0.402454 0.91544
32.9023 103.1 -148.838 0 0 0 -0.403905 0.914801
33.0034 103.772 -149.573 0 0 0 -0.408448 0.912782
33.1068 104.32 -150.222 0 0 0 -0.410613 0.91181
33.2116 104.907 -150.871 0 0 0 -0.410857 0.9117
33.3147 105.51 -151.538 0 0 0 -0.412872 0.910789
33.4171 106.129 -152.226 0 0 0 -0.417924 0.908482
33.5205 106.696 -152.899 0 0 0 -0.418667 0.90814
33.624 107.269 -153.627 0 0 0 -0.421843 0.906669
33.7278 107.843 -154.296 0 0 0 -0.422996 0.906132
33.8308 108.406 -154.992 0 0 0 -0.428955 0.903326
33.9347 108.998 -155.7 0 0 0 -0.431169 0.902271
34.0379 109.545 -156.403 0 0 0 -0.435938 0.899976
34.1422 110.055 -157.099 0 0 0 -0.438431 0.898765
34.2447 110.616 -157.811 0 0 0 -0.442989 0.896527
34.3481 111.197 -158.546 0 0 0 -0.445153 0.895455
34.4516 111.771 -159.27 0 0 0 -0.451336 0.892354
34.5551 112.327 -160.045 0 0 0 -0.452333 0.891849
34.6591 112.905 -160.872 0 0 0 -0.458948 0.888463
34.7647 113.352 -161.56 0 0 0 -0.465576 0.885008
34.8662 113.866 -162.302 0 0 0 -0.468274 0.883583
34.969 114.409 -163.062 0 0 0 -0.472814 0.881162
35.0749 114.893 -163.862 0 0 0 -0.477853 0.87844
35.1768 115.366 -164.604 0 0 0 -0.481846 0.876256
35.2795 115.898 -165.393 0 0 0 -0.485181 0.874414
35.3828 116.377 -166.174 0 0 0 -0.489778 0.871847
35.4863 116.873 -166.948 0 0 0 -0.493376 0.869816
35.5897 117.35 -167.766 0 0 0 -0.497374 0.867536
35.6932 117.822 -168.6 0 0 0 -0.501202 0.865331
35.7965 118.252 -169.37 0 0 0 -0.501481 0.865169
35.9 118.664 -170.104 0 0 0 -0.503035 0.864266
36.006 119.079 -170.879 0 0 0 -0.506887 0.862012
36.1082 119.49 -171.613 0 0 0 -0.506771 0.862081
36.2103 119.879 -172.394 0 0 0 -0.508526 0.861047
36.3137 120.308 -173.114 0 0 0 -0.510499 0.859878
36.4171 120.764 -173.894 0 0 0 -0.51259 0.858633
36.5205 121.096 -174.585 0 0 0 -0.513956 0.857817
36.624 121.508 -175.352 0 0 0 -0.515323 0.856996
36.7274 121.855 -176.072 0 0 0 -0.516068 0.856548
36.8307 122.239 -176.802 0 0 0 -0.516566 0.856247
36.9347 122.582 -177.49 0 0 0 -0.517189 0.855871
37.0404 122.936 -178.166 0 0 0 -0.517959 0.855406
37.141 123.314 -178.904 0 0 0 -0.520715 0.853731
37.2447 123.661 -179.567 0 0 0 -0.523011 0.852326
37.3479 123.986 -180.277 0 0 0 -0.523399 0.852088
37.4514 124.357 -180.959 0 0 0 -0.524113 0.851649
37.5548 124.657 -181.552 0 0 0 -0.52545 0.850824
37.6581 125.037 -182.314 0 0 0 -0.526788 0.849996
37.7617 125.326 -182.913 0 0 0 -0.527099 0.849804
37.8651 125.686 -183.615 0 0 0 -0.529892 0.848065
37.9686 125.982 -184.247 0 0 0 -0.529497 0.848312
38.0724 126.282 -184.886 0 0 0 -0.53114 0.847284
38.1761 126.545 -185.5 0 0 0 -0.533264 0.845949
38.2788 126.851 -186.133 0 0 0 -0.536041 0.844192
38.3823 127.123 -186.697 0 0 0 -0.537151 0.843486
38.4858 127.405 -187.314 0 0 0 -0.541169 0.840914
38.5893 127.698 -187.954 0 0 0 -0.542531 0.840035
38.6927 127.945 -188.556 0 0 0 -0.544581 0.838708
38.7963 128.222 -189.173 0 0 0 -0.548626 0.836068
38.8999 128.476 -189.806 0 0 0 -0.552534 0.83349
39.0032 128.727 -190.416 0 0 0 -0.55613 0.831095
39.1069 129.002 -191.055 0 0 0 -0.557952 0.829873
39.2104 129.273 -191.755 0 0 0 -0.562576 0.826746
39.3139 129.536 -192.368 0 0 0 -0.565079 0.825037
39.4174 129.808 -193.061 0 0 0 -0.57002 0.821631
39.5209 130.003 -193.68 0 0 0 -0.572676 0.819782
39.6243 130.27 -194.396 0 0 0 -0.576277 0.817254
39.728 130.539 -195.076 0 0 0 -0.579602 0.8149
39.8313 130.691 -195.788 0 0 0 -0.583971 0.811775
39.9348 130.944 -196.523 0 0 0 -0.586712 0.809796
40.0383 131.159 -197.222 0 0 0 -0.59013 0.807308
40.1417 131.42 -197.973 0 0 0 -0.593337 0.804954
40.2452 131.646 -198.711 0 0 0 -0.594977 0.803743
40.3505 131.84 -199.432 0 0 0 -0.597903 0.801568
40.4521 132.151 -200.223 0 0 0 -0.600662 0.799503
40.5561 132.389 -201.008 0 0 0 -0.603236 0.797563
40.6602 132.641 -201.82 0 0 0 -0.605389 0.795929
40.7641 132.766 -202.612 0 0 0 -0.607696 0.79417
40.8659 132.916 -203.463 0 0 0 -0.611029 0.791608
40.9694 133.123 -204.291 0 0 0 -0.613593 0.789623
41.0728 133.328 -205.163 0 0 0 -0.616258 0.787544
41.1768 133.443 -205.927 0 0 0 -0.617472 0.786592
41.2828 133.664 -206.795 0 0 0 -0.619627 0.784897
41.3851 133.867 -207.651 0 0 0 -0.621812 0.783166
41.4868 134.096 -208.632 0 0 0 -0.624782 0.780799
41.5927 134.288 -209.464 0 0 0 -0.626421 0.779485
41.6933 134.444 -210.304 0 0 0 -0.627817 0.778361
41.7967 134.648 -211.193 0 0 0 -0.630747 0.775989
41.9002 134.823 -212.077 0 0 0 -0.632927 0.774211
42.0036 135.011 -213.022 0 0 0 -0.635103 0.772427
42.1069 135.155 -213.967 0 0 0 -0.637019 0.770848
42.2103 135.304 -214.815 0 0 0 -0.639757 0.768578
42.3138 135.481 -215.845 0 0 0 -0.640701 0.767791
42.4176 135.614 -216.679 0 0 0 -0.642141 0.766587
42.5206 135.768 -217.735 0 0 0 -0.645092 0.764105
42.624 135.936 -218.67 0 0 0 -0.64723 0.762295
42.7274 136.077 -219.53 0 0 0 -0.647367 0.762178
42.8307 136.243 -220.621 0 0 0 -0.648735 0.761014
42.9342 136.362 -221.381 0 0 0 -0.64836 0.761334
43.0374 136.51 -222.418 0 0 0 -0.649322 0.760513
43.1408 136.644 -223.332 0 0 0 -0.650209 0.759755
43.2447 136.797 -224.283 0 0 0 -0.652529 0.757764
43.3476 136.933 -225.31 0 0 0 -0.651544 0.758611
43.4509 137.052 -226.334 0 0 0 -0.649476 0.760382
43.5552 137.195 -227.222 0 0 0 -0.652341 0.757926
43.6603 137.326 -228.116 0 0 0 -0.653075 0.757294
43.7623 137.46 -229.085 0 0 0 -0.654317 0.75622
43.8653 137.596 -230.029 0 0 0 -0.655435 0.755252
43.9714 137.709 -230.934 0 0 0 -0.656931 0.753951
44.0716 137.823 -231.944 0 0 0 -0.658869 0.752258
44.1768 137.939 -232.919 0 0 0 -0.661358 0.75007
44.2787 138.044 -233.838 0 0 0 -0.662623 0.748953
44.3821 138.144 -234.779 0 0 0 -0.664157 0.747593
44.4857 138.259 -235.671 0 0 0 -0.664302 0.747464
44.5891 138.336 -236.601 0 0 0 -0.665376 0.746508
44.693 138.427 -237.542 0 0 0 -0.66651 0.745496
44.7968 138.511 -238.497 0 0 0 -0.668344 0.743852
44.8996 138.598 -239.425 0 0 0 -0.670886 0.741561
45.0031 138.668 -240.304 0 0 0 -0.673547 0.739144
45.1071 138.756 -241.226 0 0 0 -0.674563 0.738217
45.2099 138.828 -242.177 0 0 0 -0.676268 0.736656
45.3135 138.926 -243.053 0 0 0 -0.676793 0.736173
45.4169 138.957 -244.016 0 0 0 -0.678978 0.734159
45.5204 139.005 -244.913 0 0 0 -0.67973 0.733463
45.6237 139.09 -245.854 0 0 0 -0.682307 0.731066
45.7272 139.085 -246.803 0 0 0 -0.683995 0.729487
45.8306 139.141 -247.701 0 0 0 -0.68307 0.730353
45.9339 139.187 -248.624 0 0 0 -0.685573 0.728004
46.0374 139.209 -249.567 0 0 0 -0.685876 0.727718
46.1408 139.259 -250.473 0 0 0 -0.688381 0.725349
46.2442 139.291 -251.386 0 0 0 -0.689217 0.724555
46.3477 139.343 -252.324 0 0 0 -0.690838 0.72301
46.4511 139.341 -253.18 0 0 0 -0.691669 0.722215
46.5545 139.362 -254.094 0 0 0 -0.693455 0.7205
46.658 139.386 -255.001 0 0 0 -0.695178 0.718837
46.7614 139.424 -255.903 0 0 0 -0.699455 0.714677
46.8649 139.455 -256.825 0 0 0 -0.701079 0.713083
46.9683 139.441 -257.741 0 0 0 -0.703482 0.710714
47.0718 139.484 -258.616 0 0 0 -0.704329 0.709874
47.1752 139.476 -259.501 0 0 0 -0.706291 0.707921
47.2785 139.457 -260.384 0 0 0 -0.706783 0.707431
47.382 139.495 -261.345 0 0 0 -0.709914 0.704288
47.4855 139.566 -262.331 0 0 0 -0.712782 0.701385
47.5889 139.611 -263.196 0 0 0 -0.714693 0.699438
47.6923 139.473 -264.034 0 0 0 -0.718446 0.695582
47.7958 139.43 -264.895 0 0 0 -0.720275 0.693689
47.8992 139.368 -265.807 0 0 0 -0.724438 0.68934
48.0026 139.3 -266.634 0 0 0 -0.725815 0.68789
48.1059 139.293 -267.569 0 0 0 -0.72925 0.684248
48.2093 139.17 -268.414 0 0 0 -0.730824 0.682566
48.3128 139.138 -269.243 0 0 0 -0.732742 0.680506
48.4161 139.041 -270.1 0 0 0 -0.731767 0.681555
48.5195 138.986 -270.971 0 0 0 -0.737198 0.675677
48.6229 138.891 -271.83 0 0 0 -0.737851 0.674964
48.7261 138.794 -272.727 0 0 0 -0.73978 0.672849
48.8294 138.673 -273.534 0 0 0 -0.739432 0.673231
48.9328 138.618 -274.419 0 0 0 -0.74092 0.671594
49.0362 138.52 -275.282 0 0 0 -0.74188 0.670533
49.1394 138.408 -276.103 0 0 0 -0.740293 0.672285
49.2428 138.286 -276.948 0 0 0 -0.740694 0.671843
49.3466 138.189 -277.83 0 0 0 -0.7408 0.671726
49.4522 138.102 -278.632 0 0 0 -0.740262 0.672319
49.553 137.976 -279.427 0 0 0 -0.739027 0.673676
49.6566 137.915 -280.249 0 0 0 -0.738361 0.674406
49.7596 137.849 -281.073 0 0 0 -0.737753 0.67507
49.8635 137.778 -281.862 0 0 0 -0.737478 0.675371
49.9663 137.695 -282.672 0 0 0 -0.735113 0.677945
50.0693 137.647 -283.484 0 0 0 -0.733645 0.679533
50.1727 137.62 -284.294 0 0 0 -0.73321 0.680003
50.2761 137.558 -285.006 0 0 0 -0.730193 0.683241
50.3793 137.5 -285.716 0 0 0 -0.729216 0.684284
50.4837 137.454 -286.576 0 0 0 -0.727876 0.685709
50.5866 137.403 -287.4 0 0 0 -0.727096 0.686536
50.691 137.351 -288.106 0 0 0 -0.724213 0.689577
50.7934 137.297 -288.707 0 0 0 -0.721733 0.692171
50.8962 137.279 -289.439 0 0 0 -0.720399 0.69356
50.9996 137.242 -290.079 0 0 0 -0.721372 0.692547
51.103 137.224 -290.728 0 0 0 -0.719972 0.694004
51.2063 137.219 -291.428 0 0 0 -0.717894 0.696152
51.3097 137.211 -292.019 0 0 0 -0.715458 0.698656
51.4136 137.186 -292.674 0 0 0 -0.714347 0.699791
51.5169 137.164 -293.283 0 0 0 -0.715475 0.698639
51.6223 137.15 -293.843 0 0 0 -0.71361 0.700543
51.7234 137.177 -294.589 0 0 0 -0.712852 0.701314
51.8268 137.184 -295.118 0 0 0 -0.713095 0.701067
51.9301 137.202 -295.774 0 0 0 -0.710086 0.704115
52.0335 137.19 -296.296 0 0 0 -0.710996 0.703196
52.1369 137.166 -296.838 0 0 0 -0.709446 0.70476
52.2404 137.183 -297.4 0 0 0 -0.706948 0.707266
52.3437 137.196 -297.889 0 0 0 -0.705558 0.708652
52.4471 137.172 -298.368 0 0 0 -0.705316 0.708893
52.5505 137.192 -298.825 0 0 0 -0.704035 0.710166
52.6546 137.225 -299.381 0 0 0 -0.704568 0.709637
52.7575 137.206 -299.916 0 0 0 -0.704272 0.70993
52.8609 137.231 -300.432 0 0 0 -0.704542 0.709663
52.9643 137.221 -300.811 0 0 0 -0.704525 0.709679
53.0678 137.214 -301.359 0 0 0 -0.705343 0.708867
53.1712 137.246 -301.861 0 0 0 -0.704448 0.709755
53.2747 137.243 -302.3 0 0 0 -0.705174 0.709034
53.3781 137.251 -302.747 0 0 0 -0.706565 0.707648
53.4815 137.22 -303.257 0 0 0 -0.7051 0.709108
53.5851 137.194 -303.714 0 0 0 -0.705346 0.708863
53.6885 137.204 -304.197 0 0 0 -0.706762 0.707451
53.7921 137.227 -304.772 0 0 0 -0.70808 0.706133
53.8955 137.192 -305.385 0 0 0 -0.70893 0.705279
53.999 137.191 -305.874 0 0 0 -0.709807 0.704397
54.1024 137.1 -306.524 0 0 0 -0.709127 0.705081
54.2059 137.165 -307.038 0 0 0 -0.710104 0.704096
54.3094 137.108 -307.65 0 0 0 -0.71157 0.702615
54.4127 137.113 -308.212 0 0 0 -0.712301 0.701874
54.5163 137.063 -308.818 0 0 0 -0.712846 0.701321
54.6197 137.023 -309.493 0 0 0 -0.714791 0.699338
54.7232 137.019 -310.092 0 0 0 -0.714651 0.699481
54.8266 136.985 -310.778 0 0 0 -0.714622 0.699511
54.93 136.956 -311.462 0 0 0 -0.715549 0.698562
55.0335 136.902 -312.107 0 0 0 -0.715184 0.698936
55.137 136.894 -312.819 0 0 0 -0.716462 0.697626
55.2404 136.898 -313.5 0 0 0 -0.717078 0.696993
55.3437 136.906 -314.18 0 0 0 -0.717399 0.696662
55.447 136.872 -314.924 0 0 0 -0.717884 0.696163
55.5506 136.839 -315.704 0 0 0 -0.720383 0.693577
55.654 136.818 -316.445 0 0 0 -0.721539 0.692373
55.7575 136.823 -317.19 0 0 0 -0.721304 0.692618
55.8607 136.744 -317.966 0 0 0 -0.721908 0.691989
55.9642 136.665 -318.669 0 0 0 -0.722142 0.691744
56.0675 136.649 -319.479 0 0 0 -0.722761 0.691098
56.171 136.603 -320.264 0 0 0 -0.722986 0.690863
56.2743 136.541 -321.034 0 0 0 -0.723073 0.690772
56.3777 136.49 -321.869 0 0 0 -0.723802 0.690007
56.481 136.474 -322.626 0 0 0 -0.724082 0.689714
56.5844 136.447 -323.434 0 0 0 -0.724149 0.689643
56.6877 136.377 -324.22 0 0 0 -0.721665 0.692243
56.791 136.355 -325.042 0 0 0 -0.722097 0.691792
56.8943 136.351 -325.902 0 0 0 -0.721824 0.692077
56.9977 136.297 -326.747 0 0 0 -0.721553 0.69236
57.101 136.274 -327.595 0 0 0 -0.721283 0.69264
57.2044 136.219 -328.468 0 0 0 -0.720299 0.693664
57.3076 136.189 -329.317 0 0 0 -0.720645 0.693304
57.4109 136.198 -330.202 0 0 0 -0.718237 0.695799
57.5142 136.149 -331.06 0 0 0 -0.716724 0.697357
57.6175 136.141 -331.968 0 0 0 -0.714785 0.699344
57.7208 136.089 -332.858 0 0 0 -0.715103 0.699019
57.8241 136.098 -333.726 0 0 0 -0.713152 0.701009
57.9274 136.08 -334.627 0 0 0 -0.712325 0.70185
58.0306 136.072 -335.529 0 0 0 -0.710428 0.70377
58.1339 136.054 -336.429 0 0 0 -0.710105 0.704096
58.2372 136.097 -337.345 0 0 0 -0.709198 0.705009
58.3405 136.074 -338.28 0 0 0 -0.708532 0.705679
58.4438 136.064 -339.191 0 0 0 -0.709087 0.705121
58.5471 136.048 -340.099 0 0 0 -0.707741 0.706472
58.6504 136.057 -341.05 0 0 0 -0.707609 0.706605
58.7537 136.11 -342.015 0 0 0 -0.706312 0.7079
58.8571 136.018 -342.897 0 0 0 -0.706772 0.707442
58.9604 136.04 -343.895 0 0 0 -0.706586 0.707627
59.0637 136.059 -344.782 0 0 0 -0.707783 0.70643
59.1671 136.063 -345.741 0 0 0 -0.706361 0.707852
59.2705 136.072 -346.705 0 0 0 -0.707015 0.707199
59.3739 136.066 -347.594 0 0 0 -0.707355 0.706859
59.4772 136.062 -348.497 0 0 0 -0.707768 0.706444
59.5805 136.069 -349.404 0 0 0 -0.707648 0.706566
59.6838 136.056 -350.332 0 0 0 -0.705422 0.708788
59.7872 136.066 -351.183 0 0 0 -0.706024 0.708188
59.8904 136.061 -352.135 0 0 0 -0.706041 0.708171
59.9937 136.061 -353.005 0 0 0 -0.705827 0.708384
60.097 136.091 -353.921 0 0 0 -0.705483 0.708727
60.2003 136.058 -354.811 0 0 0 -0.705929 0.708283
60.3036 136.065 -355.816 0 0 0 -0.705358 0.708852
60.4068 136.057 -356.696 0 0 0 -0.70482 0.709386
60.51 136.107 -357.625 0 0 0 -0.703583 0.710613
60.6133 136.151 -358.382 0 0 0 -0.70057 0.713583
60.7167 136.098 -359.441 0 0 0 -0.700039 0.714104
60.8199 136.099 -360.26 0 0 0 -0.699502 0.71463
60.9233 136.183 -361.242 0 0 0 -0.697803 0.716289
61.0266 136.201 -362.156 0 0 0 -0.695889 0.718149
61.1299 136.205 -363.085 0 0 0 -0.695347 0.718674
61.2332 136.24 -363.941 0 0 0 -0.69618 0.717867
61.3364 136.237 -364.822 0 0 0 -0.697166 0.71691
61.4398 136.263 -365.75 0 0 0 -0.692707 0.721219
61.5431 136.333 -366.631 0 0 0 -0.693451 0.720504
61.6464 136.394 -367.577 0 0 0 -0.688603 0.725139
61.7498 136.444 -368.445 0 0 0 -0.685177 0.728377
61.853 136.546 -369.346 0 0 0 -0.681479 0.731837
61.9563 136.609 -370.194 0 0 0 -0.677801 0.735245
62.0595 136.71 -371.056 0 0 0 -0.674335 0.738426
62.1629 136.763 -372 0 0 0 -0.671803 0.74073
62.2662 136.875 -372.896 0 0 0 -0.668043 0.744122
62.3694 137.013 -373.862 0 0 0 -0.66376 0.747945
62.4728 137.145 -374.647 0 0 0 -0.659992 0.751272
62.5762 137.246 -375.571 0 0 0 -0.65843 0.752642
62.6794 137.396 -376.525 0 0 0 -0.654801 0.755801
62.7828 137.551 -377.382 0 0 0 -0.655132 0.755514
62.8862 137.687 -378.218 0 0 0 -0.651237 0.758875
62.9895 137.866 -379.199 0 0 0 -0.646478 0.762932
63.0929 138.036 -380.113 0 0 0 -0.645809 0.763499
63.1962 138.161 -380.991 0 0 0 -0.643867 0.765137
63.2996 138.312 -381.867 0 0 0 -0.642888 0.76596
63.4028 138.495 -382.79 0 0 0 -0.641297 0.767293
63.5062 138.689 -383.719 0 0 0 -0.639233 0.769013
63.6095 138.749 -384.578 0 0 0 -0.638425 0.769684
63.7128 138.962 -385.491 0 0 0 -0.636838 0.770998
63.8161 139.151 -386.405 0 0 0 -0.634494 0.772927
63.9194 139.323 -387.326 0 0 0 -0.63142 0.775441
64.0226 139.472 -388.163 0 0 0 -0.630631 0.776083
64.1259 139.645 -389.005 0 0 0 -0.62711 0.778931
64.2291 139.855 -389.895 0 0 0 -0.62621 0.779655
64.3324 140.028 -390.772 0 0 0 -0.625125 0.780524
64.4357 140.242 -391.656 0 0 0 -0.625391 0.780312
64.5391 140.543 -392.507 0 0 0 -0.623633 0.781718
64.6423 140.691 -393.174 0 0 0 -0.621311 0.783564
64.7457 140.968 -393.922 0 0 0 -0.618039 0.786148
64.8491 141.193 -394.793 0 0 0 -0.618088 0.786109
64.9523 141.366 -395.714 0 0 0 -0.618147 0.786062
65.0556 141.587 -396.576 0 0 0 -0.620478 0.784224
65.1588 141.795 -397.382 0 0 0 -0.619701 0.784838
65.2621 142.027 -398.288 0 0 0 -0.62039 0.784294
65.3655 142.237 -399.158 0 0 0 -0.621133 0.783705
65.4688 142.409 -399.913 0 0 0 -0.621197 0.783655
65.572 142.493 -400.79 0 0 0 -0.620706 0.784044
65.6754 142.731 -401.684 0 0 0 -0.621864 0.783125
65.7787 142.934 -402.507 0 0 0 -0.622057 0.782972
65.882 143.102 -403.297 0 0 0 -0.622655 0.782496
65.9852 143.305 -403.992 0 0 0 -0.620027 0.784581
66.0885 143.519 -404.909 0 0 0 -0.621887 0.783107
66.1917 143.668 -405.797 0 0 0 -0.621703 0.783253
66.2951 143.894 -406.662 0 0 0 -0.622519 0.782605
66.3984 144.071 -407.416 0 0 0 -0.622174 0.782879
66.5037 144.273 -408.286 0 0 0 -0.621344 0.783538
66.605 144.429 -409.071 0 0 0 -0.621374 0.783514
66.7121 144.592 -409.965 0 0 0 -0.62137 0.783517
66.8115 144.782 -410.865 0 0 0 -0.62239 0.782708
66.9148 144.956 -411.765 0 0 0 -0.622851 0.78234
67.0182 145.001 -412.571 0 0 0 -0.620148 0.784485
67.1224 145.195 -413.541 0 0 0 -0.620577 0.784146
67.2247 145.373 -414.465 0 0 0 -0.621383 0.783507
67.328 145.519 -415.427 0 0 0 -0.618934 0.785443
67.4314 145.506 -416.134 0 0 0 -0.618626 0.785686
67.5346 145.925 -417.227 0 0 0 -0.620456 0.784241
67.638 146.12 -418.05 0 0 0 -0.620048 0.784564
67.7412 146.418 -419.134 0 0 0 -0.625271 0.780407
67.8446 146.574 -420.015 0 0 0 -0.623601 0.781742
67.9477 146.689 -420.725 0 0 0 -0.621913 0.783086
68.0512 146.952 -421.696 0 0 0 -0.621682 0.78327
68.1549 147.161 -422.571 0 0 0 -0.620889 0.783899
68.2577 147.316 -423.425 0 0 0 -0.623115 0.78213
68.361 147.49 -424.22 0 0 0 -0.623027 0.7822
68.4643 147.748 -425.135 0 0 0 -0.623497 0.781826
68.5677 147.936 -425.926 0 0 0 -0.623986 0.781435
68.6709 148.102 -426.809 0 0 0 -0.62323 0.782039
68.7747 148.303 -427.615 0 0 0 -0.625551 0.780183
68.8776 148.493 -428.409 0 0 0 -0.625036 0.780596
68.981 148.593 -429.116 0 0 0 -0.624542 0.780991
69.0843 148.878 -430.062 0 0 0 -0.628178 0.778069
69.1876 148.957 -430.773 0 0 0 -0.626615 0.779329
69.291 149.115 -431.473 0 0 0 -0.627164 0.778887
69.3944 149.284 -432.176 0 0 0 -0.625415 0.780293
69.4975 149.489 -432.96 0 0 0 -0.625378 0.780322
69.6009 149.669 -433.89 0 0 0 -0.629204 0.77724
69.7045 149.836 -434.572 0 0 0 -0.631999 0.774969
69.808 149.974 -435.258 0 0 0 -0.633692 0.773585
69.9109 150.125 -436.038 0 0 0 -0.633071 0.774094
70.0142 150.262 -436.801 0 0 0 -0.633452 0.773782
70.118 150.389 -437.556 0 0 0 -0.631785 0.775144
70.2216 150.52 -438.293 0 0 0 -0.631994 0.774974
70.3243 150.737 -439.107 0 0 0 -0.634623 0.772822
70.4296 150.847 -439.803 0 0 0 -0.633112 0.77406
70.5309 150.984 -440.496 0 0 0 -0.632891 0.774241
70.6343 151.154 -441.285 0 0 0 -0.633363 0.773854
70.738 151.3 -442.032 0 0 0 -0.634726 0.772737
70.842 151.409 -442.779 0 0 0 -0.633696 0.773582
70.9464 151.566 -443.535 0 0 0 -0.634691 0.772766
71.0493 151.716 -444.255 0 0 0 -0.635194 0.772353
71.1512 151.873 -445.006 0 0 0 -0.635068 0.772456
71.2554 152.037 -445.743 0 0 0 -0.634038 0.773302
71.3597 152.203 -446.531 0 0 0 -0.633491 0.77375
71.4622 152.35 -447.251 0 0 0 -0.633001 0.774151
71.5645 152.503 -447.922 0 0 0 -0.632558 0.774513
71.668 152.658 -448.563 0 0 0 -0.632496 0.774564
71.7719 152.808 -449.351 0 0 0 -0.632687 0.774408
71.8747 152.952 -449.945 0 0 0 -0.632808 0.774309
71.9779 153.089 -450.625 0 0 0 -0.632418 0.774627
72.0844 153.214 -451.308 0 0 0 -0.632403 0.77464
72.1847 153.351 -451.973 0 0 0 -0.63171 0.775205
72.288 153.476 -452.658 0 0 0 -0.631915 0.775037
72.3941 153.607 -453.202 0 0 0 -0.632167 0.774832
72.4951 153.736 -453.841 0 0 0 -0.63259 0.774487
72.6015 153.865 -454.493 0 0 0 -0.632919 0.774218
72.7014 153.974 -455.197 0 0 0 -0.631246 0.775582
72.8048 154.109 -455.749 0 0 0 -0.632415 0.77463
72.9082 154.239 -456.352 0 0 0 -0.631904 0.775047
73.0116 154.365 -456.821 0 0 0 -0.632358 0.774677
73.1149 154.439 -457.276 0 0 0 -0.632901 0.774233
73.2182 154.536 -457.721 0 0 0 -0.63129 0.775547
73.3222 154.595 -457.998 0 0 0 -0.630222 0.776415
73.4251 154.708 -458.567 0 0 0 -0.63055 0.776148
73.5285 154.822 -459.156 0 0 0 -0.629929 0.776652
73.6328 154.906 -459.648 0 0 0 -0.629531 0.776976
73.7353 155.002 -460.105 0 0 0 -0.627716 0.778442
73.8386 155.087 -460.514 0 0 0 -0.628753 0.777605
73.942 155.185 -461.002 0 0 0 -0.629715 0.776826
74.0454 155.281 -461.397 0 0 0 -0.63011 0.776506
74.1507 155.37 -461.835 0 0 0 -0.632074 0.774908
74.2523 155.446 -462.259 0 0 0 -0.631557 0.77533
74.3557 155.517 -462.645 0 0 0 -0.632106 0.774882
74.4591 155.609 -463.039 0 0 0 -0.631499 0.775376
74.5625 155.666 -463.33 0 0 0 -0.632858 0.774268
74.6659 155.742 -463.762 0 0 0 -0.634159 0.773203
74.7693 155.812 -464.117 0 0 0 -0.634208 0.773162
74.8728 155.895 -464.487 0 0 0 -0.634098 0.773253
74.9761 155.952 -464.8 0 0 0 -0.634672 0.772782
75.0795 156.012 -465.073 0 0 0 -0.635921 0.771754
75.1829 156.087 -465.435 0 0 0 -0.635979 0.771706
75.2863 156.104 -465.696 0 0 0 -0.636936 0.770917
75.3895 156.181 -466.04 0 0 0 -0.635531 0.772075
75.4929 156.233 -466.327 0 0 0 -0.634925 0.772574
75.5963 156.273 -466.57 0 0 0 -0.636659 0.771146
75.6997 156.352 -466.874 0 0 0 -0.636875 0.770967
75.803 156.405 -467.139 0 0 0 -0.636729 0.771088
75.9063 156.474 -467.431 0 0 0 -0.635941 0.771738
76.0095 156.514 -467.69 0 0 0 -0.634706 0.772754
76.1129 156.58 -467.97 0 0 0 -0.633788 0.773507
76.2162 156.635 -468.304 0 0 0 -0.630738 0.775996
76.3195 156.691 -468.581 0 0 0 -0.629128 0.777301
76.4226 156.77 -468.853 0 0 0 -0.625159 0.780497
76.5267 156.839 -469.142 0 0 0 -0.622185 0.78287
76.6289 156.909 -469.406 0 0 0 -0.617736 0.786386
76.7323 156.988 -469.723 0 0 0 -0.612714 0.790305
76.8354 157.068 -470.002 0 0 0 -0.606877 0.794796
76.9389 157.184 -470.307 0 0 0 -0.600525 0.799606
77.0418 157.281 -470.634 0 0 0 -0.592723 0.805406
77.1449 157.39 -470.914 0 0 0 -0.58389 0.811833
77.2481 157.478 -471.188 0 0 0 -0.575813 0.817581
77.3514 157.599 -471.462 0 0 0 -0.568283 0.822833
77.4545 157.73 -471.711 0 0 0 -0.558336 0.829615
77.5579 157.875 -472.069 0 0 0 -0.550021 0.835151
77.6613 158.009 -472.276 0 0 0 -0.547056 0.837096
77.7649 158.123 -472.528 0 0 0 -0.549345 0.835596
77.8686 158.231 -472.784 0 0 0 -0.551109 0.834433
77.9722 158.307 -473.034 0 0 0 -0.55557 0.83147
78.0758 158.405 -473.305 0 0 0 -0.560749 0.827986
78.1794 158.491 -473.559 0 0 0 -0.569046 0.822306
78.283 158.508 -473.804 0 0 0 -0.574941 0.818195
78.3868 158.602 -474.068 0 0 0 -0.58549 0.81068
78.4903 158.673 -474.345 0 0 0 -0.594569 0.804045
78.5939 158.814 -474.593 0 0 0 -0.603899 0.797061
78.6976 158.808 -474.883 0 0 0 -0.61204 0.790827
78.8009 158.836 -475.175 0 0 0 -0.620516 0.784194
78.9043 158.863 -475.437 0 0 0 -0.627059 0.778972
79.0077 158.923 -475.725 0 0 0 -0.633192 0.773995
79.1142 158.95 -476.007 0 0 0 -0.639348 0.768918
79.2149 159.041 -476.218 0 0 0 -0.644334 0.764744
79.3223 159.034 -476.519 0 0 0 -0.648445 0.761261
79.422 159.082 -476.75 0 0 0 -0.651362 0.758767
79.5245 159.122 -476.994 0 0 0 -0.651561 0.758596
79.6319 159.178 -477.219 0 0 0 -0.651531 0.758622
79.7337 159.182 -477.465 0 0 0 -0.649544 0.760324
79.8337 159.218 -477.687 0 0 0 -0.646985 0.762502
79.9401 159.274 -477.941 0 0 0 -0.640674 0.767813
80.0448 159.334 -478.094 0 0 0 -0.6353 0.772266
80.1442 159.359 -478.303 0 0 0 -0.629031 0.77738
80.2459 159.435 -478.467 0 0 0 -0.624013 0.781414
80.3507 159.491 -478.651 0 0 0 -0.617433 0.786624
80.4537 159.538 -478.792 0 0 0 -0.611412 0.791313
80.5555 159.53 -478.943 0 0 0 -0.60536 0.795952
80.6584 159.555 -479.092 0 0 0 -0.597789 0.801653
80.7634 159.551 -479.237 0 0 0 -0.593122 0.805112
80.865 159.667 -479.326 0 0 0 -0.585043 0.811002
80.9716 159.727 -479.426 0 0 0 -0.579246 0.815153
81.0717 159.78 -479.536 0 0 0 -0.571362 0.820698
81.1749 159.829 -479.621 0 0 0 -0.565458 0.824777
81.2781 159.86 -479.719 0 0 0 -0.56084 0.827924
81.3815 159.908 -479.831 0 0 0 -0.555955 0.831212
81.4849 159.934 -479.876 0 0 0 -0.551588 0.834117
81.5881 160.017 -479.947 0 0 0 -0.545076 0.838386
81.6916 160.053 -480.031 0 0 0 -0.542574 0.840008
81.795 160.099 -480.147 0 0 0 -0.536686 0.843782
81.9002 160.192 -480.168 0 0 0 -0.533495 0.845803
82.0018 160.26 -480.223 0 0 0 -0.529598 0.848249
82.107 160.272 -480.275 0 0 0 -0.52591 0.85054
82.2085 160.266 -480.309 0 0 0 -0.523836 0.851819
82.312 160.274 -480.382 0 0 0 -0.521254 0.853401
82.4154 160.31 -480.424 0 0 0 -0.520309 0.853978
82.5188 160.354 -480.449 0 0 0 -0.515452 0.856919
82.6243 160.419 -480.488 0 0 0 -0.513909 0.857845
