6 -0.10614 -0.0688477 0 0 0 0.000816439 1
6.5 -0.106934 -0.0684814 0 0 0 0.000876494 1
7 -0.106934 -0.0684814 0 0 0 0.000876222 1
7.5 -0.106934 -0.0684814 0 0 0 0.000876435 1
8 -0.106934 -0.0684814 0 0 0 0.000876222 1
8.5 -0.106934 -0.0684814 0 0 0 0.000876434 1
9 -0.106934 -0.0684814 0 0 0 0.00087624 1
9.5 -0.106934 -0.0684814 0 0 0 0.00087615 1
10 -0.106934 -0.0684814 0 0 0 0.000876227 1
10.5 -0.106934 -0.0684814 0 0 0 0.000876153 1
11 -0.106934 -0.0684814 0 0 0 0.000876158 1
11.5 -0.106934 -0.0684814 0 0 0 0.000876236 1
12 -0.106934 -0.0684814 0 0 0 0.000876227 1
12.5 -0.106934 -0.0684814 0 0 0 0.000876152 1
13 -0.106934 -0.0684814 0 0 0 0.000876157 1
13.5 -0.106934 -0.0684814 0 0 0 0.000876153 1
14 -0.106934 -0.0684814 0 0 0 0.000876158 1
14.5 -0.106934 -0.0684814 0 0 0 0.000876236 1
15 -0.106934 -0.0684814 0 0 0 0.000876227 1
15.5 -0.106934 -0.0684814 0 0 0 0.000876152 1
16 -0.106934 -0.0684814 0 0 0 0.000876157 1
16.5 -0.106934 -0.0684814 0 0 0 0.000876153 1
17 -0.106934 -0.0684814 0 0 0 0.000876158 1
17.5 -0.106934 -0.0684814 0 0 0 0.000876236 1
18 -0.106934 -0.0684814 0 0 0 0.000876227 1
18.5 -0.106934 -0.0684814 0 0 0 0.000876152 1
19 -0.106934 -0.0684814 0 0 0 0.000876157 1
19.5 -0.106934 -0.0684814 0 0 0 0.000876153 1
20 -0.106934 -0.0684814 0 0 0 0.000876158 1
20.1034 0.844421 -0.0377197 0 0 0 0.00173813 0.999999
20.2071 1.79889 -0.0133667 0 0 0 0.00193224 0.999998
20.3103 2.77002 0.00213623 0 0 0 0.00250917 0.999997
20.4136 3.74054 0.0185547 0 0 0 0.00221228 0.999998
20.5179 4.68457 -0.000427246 0 0 0 0.00323061 0.999995
20.6204 5.61523 0.00946045 0 0 0 0.00273365 0.999996
20.7242 6.53424 0.00274658 0 0 0 0.0038603 0.999993
20.8272 7.4873 0.0155029 0 0 0 0.00392222 0.999992
20.9306 8.41632 0.0127563 0 0 0 0.00352214 0.999994
21.0341 9.36511 0.0379639 0 0 0 0.0044578 0.99999
21.1374 9.64246 0.0213013 0 0 0 0.00534783 0.999986
21.2443 10.5289 0.0524292 0 0 0 0.00504295 0.999987
21.3442 11.3561 0.0715942 0 0 0 0.00606794 0.999982
21.4476 12.1605 0.0960693 0 0 0 0.00588239 0.999983
21.5511 13.0619 0.104492 0 0 0 0.00619344 0.999981
21.6545 14.1295 0.103882 0 0 0 0.00809831 0.999967
21.7578 14.811 0.119507 0 0 0 0.00760659 0.999971
21.8614 15.1768 0.138 0 0 0 0.00719156 0.999974
21.9647 15.0025 0.112488 0 0 0 0.00988657 0.999951
22.0682 15.5459 0.126038 0 0 0 0.0113284 0.999936
22.1716 16.3923 0.127136 0 0 0 0.0119257 0.999929
22.2751 16.8644 0.136536 0 0 0 0.0140775 0.999901
22.3786 17.1177 0.139221 0 0 0 0.0164167 0.999865
22.482 16.978 0.171875 0 0 0 0.0151951 0.999885
22.5855 17.1614 0.174316 0 0 0 0.0162948 0.999867
22.689 17.4082 0.196472 0 0 0 0.0145625 0.999894
22.7937 17.699 0.202454 0 0 0 0.0137984 0.999905
22.8961 17.0956 0.192444 0 0 0 0.0199901 0.9998
22.9996 17.739 0.220032 0 0 0 0.0140343 0.999902
23.1035 18.6406 0.25177 0 0 0 0.0156632 0.999877
23.2066 19.1472 0.234741 0 0 0 0.0207772 0.999784
23.3101 20.0049 0.251465 0 0 0 0.0196255 0.999807
23.414 20.8407 0.291565 0 0 0 0.0202845 0.999794
23.5171 21.6168 0.318176 0 0 0 0.0219066 0.99976
23.6207 22.3618 0.323547 0 0 0 0.023053 0.999734
23.7247 23.0838 0.35614 0 0 0 0.0241251 0.999709
23.8277 23.7881 0.364807 0 0 0 0.0212939 0.999773
23.9312 24.0363 0.407593 0 0 0 0.0250734 0.999686
24.0349 23.5173 0.39325 0 0 0 0.0270196 0.999635
24.1422 22.5119 0.410461 0 0 0 0.0307799 0.999526
24.2434 21.7227 0.4422 0 0 0 0.0324231 0.999474
24.346 21.392 0.539368 0 0 0 0.0370943 0.999312
24.4492 21.1362 0.572083 0 0 0 0.0334746 0.99944
24.5525 20.6412 0.571777 0 0 0 0.0280746 0.999606
24.6562 20.6739 0.533508 0 0 0 0.0191536 0.999817
24.7608 20.6136 0.629883 0 0 0 0.0305494 0.999533
24.8638 20.3503 0.715637 0 0 0 0.0228671 0.999739
24.9668 21.186 0.764954 0 0 0 0.0217227 0.999764
25.0733 21.9319 0.768127 0 0 0 0.021825 0.999762
25.1743 22.4868 0.811401 0 0 0 0.0199577 0.999801
25.2775 22.6014 0.785706 0 0 0 0.0216839 0.999765
25.3811 23.0714 0.851624 0 0 0 0.017452 0.999848
25.4846 23.3836 0.875549 0 0 0 0.00639526 0.99998
25.5881 22.6912 0.908203 0 0 0 -0.00373998 0.999993
25.6916 21.9502 0.913574 0 0 0 -0.0100436 0.99995
25.7952 21.2767 0.876343 0 0 0 -0.0279945 0.999608
25.8987 20.6714 1.04932 0 0 0 -0.0282025 0.999602
26.0024 19.9503 1.03271 0 0 0 -0.0349883 0.999388
26.1059 20.357 1.30695 0 0 0 -0.0514068 0.998678
26.2095 19.8387 1.2149 0 0 0 -0.0367629 0.999324
26.313 19.6413 1.32819 0 0 0 -0.0192641 0.999814
26.4165 19.4532 1.30566 0 0 0 -0.01903 0.999819
26.524 19.389 1.31836 0 0 0 -0.00925734 0.999957
26.6237 18.871 1.34015 0 0 0 0.00422804 0.999991
26.7273 19.3111 1.3584 0 0 0 0.000176499 1
26.8308 19.4346 1.37579 0 0 0 -0.00424995 0.999991
26.9344 18.9335 1.33435 0 0 0 0.00817423 0.999967
27.0381 19.5418 1.4043 0 0 0 0.0336214 0.999435
27.1417 19.8109 1.36676 0 0 0 0.0238759 0.999715
27.2453 20.5319 1.40985 0 0 0 0.00727594 0.999974
27.3533 20.508 1.33905 0 0 0 0.00228675 0.999997
27.4526 20.825 1.3822 0 0 0 -0.0102048 0.999948
27.5566 21.11 1.33405 0 0 0 -0.0123671 0.999924
27.6634 21.382 1.28876 0 0 0 -0.0228582 0.999739
27.7634 22.2048 1.38525 0 0 0 -0.0350965 0.999384
27.867 22.39 1.30829 0 0 0 -0.0457927 0.998951
27.9706 22.8577 1.23828 0 0 0 -0.0605562 0.998165
28.0742 22.8539 1.27252 0 0 0 -0.0689828 0.997618
28.178 23.1737 1.11969 0 0 0 -0.0884659 0.996079
28.2839 23.4746 1.09784 0 0 0 -0.0999998 0.994987
28.386 23.2108 0.880188 0 0 0 -0.11857 0.992946
28.4888 23.4241 0.84021 0 0 0 -0.134696 0.990887
28.5934 23.4448 0.814514 0 0 0 -0.143873 0.989596
28.696 23.7446 0.726562 0 0 0 -0.167129 0.985935
28.7997 23.8223 0.511292 0 0 0 -0.190699 0.981649
28.9039 24.4486 0.438538 0 0 0 -0.209589 0.97779
29.008 25.3702 0.475647 0 0 0 -0.223887 0.974615
29.1106 25.2495 0.656738 0 0 0 -0.21967 0.975574
29.2142 25.5 0.606995 0 0 0 -0.231099 0.97293
29.3178 25.3717 0.108948 0 0 0 -0.261881 0.9651
29.4215 25.0812 0.206421 0 0 0 -0.26905 0.963126
29.5251 25.5978 -0.244263 0 0 0 -0.311043 0.950396
29.6301 25.605 -0.227234 0 0 0 -0.318429 0.947947
29.7324 25.4431 -0.242004 0 0 0 -0.329559 0.944135
29.836 25.1117 0.0452881 0 0 0 -0.298385 0.954446
29.9397 24.6 0.263184 0 0 0 -0.292403 0.956295
30.0439 23.6952 0.105469 0 0 0 -0.291854 0.956463
30.1468 23.063 0.0823364 0 0 0 -0.282495 0.959269
30.2504 23.5199 -0.218933 0 0 0 -0.303853 0.952719
30.3537 23.6523 -0.0313721 0 0 0 -0.274699 0.96153
30.4572 22.2141 0.0906372 0 0 0 -0.274253 0.961658
30.563 22.3491 0.267273 0 0 0 -0.239365 0.97093
30.6645 22.433 0.325562 0 0 0 -0.235057 0.971982
30.767 22.1778 0.124512 0 0 0 -0.240121 0.970743
30.8702 21.8189 0.0768433 0 0 0 -0.255773 0.966737
30.9734 21.5897 -0.753723 0 0 0 -0.25942 0.965765
31.0772 21.836 -1.04218 0 0 0 -0.271086 0.962555
31.1802 21.9351 -1.30597 0 0 0 -0.274164 0.961683
31.2841 22.4325 -1.5968 0 0 0 -0.276032 0.961148
31.3859 22.3928 -2.16693 0 0 0 -0.300617 0.953745
31.489 22.6495 -2.24628 0 0 0 -0.278858 0.960332
31.5926 22.3496 -2.21582 0 0 0 -0.288448 0.957496
31.6953 22.4628 -2.47455 0 0 0 -0.304804 0.952415
31.7995 22.9652 -2.73187 0 0 0 -0.323375 0.946271
31.9017 23.4966 -3.31702 0 0 0 -0.316584 0.948564
32.0048 24.256 -3.82257 0 0 0 -0.310531 0.950563
32.108 24.7063 -4.17645 0 0 0 -0.309206 0.950995
32.2112 25.7096 -4.84747 0 0 0 -0.32166 0.946855
32.3145 26.0955 -5.09369 0 0 0 -0.311733 0.95017
32.4176 25.9827 -5.0097 0 0 0 -0.305256 0.95227
32.521 25.9221 -5.08594 0 0 0 -0.301721 0.953396
32.6245 25.408 -4.9375 0 0 0 -0.288242 0.957558
32.7274 25.4351 -4.22668 0 0 0 -0.299052 0.954237
32.8307 25.4672 -4.93402 0 0 0 -0.305348 0.952241
32.9341 25.5297 -5.14746 0 0 0 -0.307568 0.951526
33.0377 25.6328 -5.28827 0 0 0 -0.300051 0.953923
33.1417 25.4952 -5.27295 0 0 0 -0.298651 0.954362
33.2442 25.7278 -5.65179 0 0 0 -0.318586 0.947894
33.348 26.0026 -5.6181 0 0 0 -0.294613 0.955617
33.4528 25.5458 -6.56927 0 0 0 -0.31956 0.947566
33.5549 25.6292 -7.93048 0 0 0 -0.331115 0.94359
33.658 26.2266 -8.41309 0 0 0 -0.324375 0.945929
33.7613 27.178 -8.76544 0 0 0 -0.331969 0.94329
33.8647 27.4896 -9.3053 0 0 0 -0.328642 0.944455
33.9682 28.1333 -9.55585 0 0 0 -0.329104 0.944294
34.0716 28.755 -10.0757 0 0 0 -0.325929 0.945394
34.175 29.2035 -10.7349 0 0 0 -0.319256 0.947669
34.2786 29.7097 -11.1293 0 0 0 -0.319636 0.94754
34.3821 30.0905 -11.6904 0 0 0 -0.317285 0.94833
34.4855 30.9127 -11.7617 0 0 0 -0.322562 0.946548
34.589 31.6735 -11.7505 0 0 0 -0.305694 0.95213
34.6925 31.5234 -11.8214 0 0 0 -0.281782 0.959478
34.796 31.691 -13.072 0 0 0 -0.267767 0.963484
34.8995 29.9454 -13.2309 0 0 0 -0.233719 0.972304
35.0029 30.4825 -12.8351 0 0 0 -0.237253 0.971448
35.1064 30.5841 -12.237 0 0 0 -0.231993 0.972718
35.2099 31.2346 -12.4277 0 0 0 -0.212487 0.977164
35.3134 31.2377 -12.4498 0 0 0 -0.189743 0.981834
35.4168 31.3929 -12.5376 0 0 0 -0.193546 0.981091
35.5202 32.1881 -12.8478 0 0 0 -0.193477 0.981105
35.6239 32.854 -13.463 0 0 0 -0.197318 0.98034
35.7272 33.5729 -13.7153 0 0 0 -0.192847 0.981229
35.8306 34.4817 -14.0631 0 0 0 -0.172398 0.985027
35.9342 35.4618 -14.309 0 0 0 -0.178585 0.983925
36.0394 35.7698 -14.5768 0 0 0 -0.189089 0.98196
36.1409 36.4478 -14.7682 0 0 0 -0.188303 0.982111
36.2443 37.1899 -15.0894 0 0 0 -0.17485 0.984595
36.3483 37.4097 -15.4127 0 0 0 -0.1833 0.983057
36.4534 37.172 -15.8748 0 0 0 -0.205942 0.978564
36.5545 37.1638 -15.6064 0 0 0 -0.218631 0.975808
36.658 36.6201 -16.3749 0 0 0 -0.228775 0.973479
36.7614 36.0884 -17.3833 0 0 0 -0.238977 0.971025
36.8647 36.4139 -18.4638 0 0 0 -0.24608 0.96925
36.9681 35.9136 -20.0527 0 0 0 -0.245612 0.969368
37.0734 34.8665 -20.7641 0 0 0 -0.211236 0.977435
37.1756 35.2155 -20.8251 0 0 0 -0.227824 0.973702
37.2795 34.8269 -21.2075 0 0 0 -0.234364 0.972149
37.3833 34.9596 -21.8528 0 0 0 -0.243438 0.969916
37.4854 35.3325 -22.4567 0 0 0 -0.250938 0.968003
37.5889 34.0974 -23.0319 0 0 0 -0.295376 0.955381
37.6939 34.5815 -23.3105 0 0 0 -0.300117 0.953902
37.7958 35.4728 -22.9372 0 0 0 -0.291256 0.956645
37.8994 35.5502 -23.0579 0 0 0 -0.291564 0.956551
38.0031 34.6241 -23.707 0 0 0 -0.317778 0.948165
38.1063 33.6769 -23.8698 0 0 0 -0.346592 0.938016
38.2098 33.4198 -24.2994 0 0 0 -0.346502 0.938049
38.3134 33.5905 -24.4396 0 0 0 -0.358874 0.933386
38.4172 32.2952 -24.747 0 0 0 -0.353548 0.935417
38.5205 32.7299 -26.492 0 0 0 -0.333392 0.942788
38.624 32.5709 -27.8207 0 0 0 -0.31935 0.947637
38.7275 32.9597 -28.752 0 0 0 -0.314375 0.949299
38.831 33.9479 -28.5416 0 0 0 -0.336229 0.94178
38.9347 34.6775 -29.8237 0 0 0 -0.3053 0.952256
39.038 34.5526 -30.0312 0 0 0 -0.322713 0.946497
39.1415 35.2664 -30.3058 0 0 0 -0.314091 0.949393
39.2455 35.5421 -30.5761 0 0 0 -0.315405 0.948957
39.3518 35.9258 -31.8942 0 0 0 -0.299138 0.95421
39.4521 36.452 -32.4469 0 0 0 -0.267547 0.963545
39.5578 37.0846 -33.8525 0 0 0 -0.239579 0.970877
39.6601 37.7391 -33.6916 0 0 0 -0.246437 0.969159
39.764 37.8043 -34.5184 0 0 0 -0.22817 0.973621
39.867 38.4045 -34.2524 0 0 0 -0.220482 0.975391
39.9698 38.3672 -34.7724 0 0 0 -0.213785 0.976881
40.0733 37.535 -35.1164 0 0 0 -0.19487 0.980829
40.1772 37.2042 -34.7519 0 0 0 -0.185376 0.982668
40.2803 36.7467 -34.0373 0 0 0 -0.194215 0.980959
40.3839 36.7355 -34.1396 0 0 0 -0.198065 0.980189
40.4876 35.7036 -34.6902 0 0 0 -0.160538 0.98703
40.5909 36.2982 -35.7968 0 0 0 -0.13068 0.991425
40.6942 36.7164 -36.0552 0 0 0 -0.129805 0.99154
40.7977 36.897 -36.5639 0 0 0 -0.124849 0.992176
40.9021 37.9554 -37.132 0 0 0 -0.0994881 0.995039
41.0046 38.4276 -37.4276 0 0 0 -0.0951429 0.995464
41.1082 39.4399 -37.8903 0 0 0 -0.070732 0.997495
41.2136 40.0305 -38.0771 0 0 0 -0.0617834 0.99809
41.3161 40.8478 -37.9095 0 0 0 -0.063001 0.998013
41.418 41.6855 -38.6389 0 0 0 -0.0188193 0.999823
41.5243 42.1538 -38.9453 0 0 0 -0.00123254 0.999999
41.6248 42.0168 -39.0967 0 0 0 0.0206586 0.999787
41.7303 42.5768 -39.0119 0 0 0 0.0252765 0.999681
41.833 43.5559 -38.9026 0 0 0 0.0194034 0.999812
41.9362 43.6381 -38.6918 0 0 0 0.0211323 0.999777
42.0384 44.2159 -38.6036 0 0 0 0.00470842 0.999989
42.1419 44.6104 -38.6419 0 0 0 0.0137579 0.999905
42.2453 44.2754 -38.5623 0 0 0 0.0120484 0.999927
42.3488 44.6556 -38.7678 0 0 0 0.0278267 0.999613
42.4522 43.2684 -38.4052 0 0 0 -0.0196277 0.999807
42.5557 42.4474 -38.4258 0 0 0 -0.0390837 0.999236
42.6594 41.9203 -38.6486 0 0 0 -0.0264172 0.999651
42.7625 41.3473 -38.1474 0 0 0 -0.0503369 0.998732
42.866 41.1661 -38.4573 0 0 0 -0.0333361 0.999444
42.9695 41.6782 -37.3688 0 0 0 -0.090712 0.995877
43.073 41.7695 -36.9538 0 0 0 -0.108307 0.994117
43.1766 42.2202 -37.1033 0 0 0 -0.118792 0.992919
43.28 42.0155 -37.0075 0 0 0 -0.147111 0.98912
43.3847 42.8218 -36.9425 0 0 0 -0.157703 0.987487
43.4876 43.4449 -37.3141 0 0 0 -0.12187 0.992546
43.5906 44.4077 -37.5197 0 0 0 -0.0356583 0.999364
43.6945 44.4269 -38.0389 0 0 0 0.00682047 0.999977
43.7982 44.5503 -38.5751 0 0 0 0.0461169 0.998936
43.9035 44.5369 -38.5672 0 0 0 0.0621069 0.99807
44.0046 44.3419 -38.5086 0 0 0 0.0728392 0.997344
44.1082 42.76 -38.4256 0 0 0 0.078539 0.996911
44.2132 41.4999 -38.5416 0 0 0 0.0951392 0.995464
44.3151 41.7808 -38.3022 0 0 0 0.084652 0.996411
44.4221 41.4283 -37.3829 0 0 0 0.0624415 0.998049
44.5224 40.7397 -36.8825 0 0 0 0.0391416 0.999234
44.6253 39.9525 -34.7089 0 0 0 0.0117598 0.999931
44.7287 39.0005 -34.3613 0 0 0 0.058168 0.998307
44.8322 38.3134 -33.9422 0 0 0 0.0308825 0.999523
44.9356 36.9652 -34.0685 0 0 0 -0.00374761 0.999993
45.0391 36.9674 -33.9526 0 0 0 -0.00320187 0.999995
45.1425 37.3059 -35.0768 0 0 0 0.0117401 0.999931
45.246 37.7512 -34.3294 0 0 0 0.0153406 0.999882
45.3494 38.524 -34.8668 0 0 0 0.0308299 0.999525
45.4528 38.4421 -34.1857 0 0 0 -0.0168949 0.999857
45.5563 39.4747 -34.8769 0 0 0 0.00822658 0.999966
45.6596 40.6251 -35.2623 0 0 0 0.0205997 0.999788
45.7632 40.3982 -34.4645 0 0 0 -0.00795371 0.999968
45.8665 41.257 -34.8711 0 0 0 0.0126468 0.99992
45.9702 41.7281 -34.652 0 0 0 0.00646768 0.999979
46.0745 42.3267 -34.776 0 0 0 0.0193407 0.999813
46.1778 42.8677 -34.8068 0 0 0 0.0181636 0.999835
46.28 43.2423 -34.4493 0 0 0 0.0113156 0.999936
46.3845 43.6757 -33.7612 0 0 0 0.0361024 0.999348
46.4869 43.8499 -33.5272 0 0 0 0.0217733 0.999763
46.5902 43.8882 -33.3558 0 0 0 0.00184802 0.999998
46.6936 44.3175 -33.3128 0 0 0 -0.0019466 0.999998
46.797 44.953 -32.9839 0 0 0 -0.0188966 0.999821
46.9004 44.8118 -32.9175 0 0 0 -0.0219536 0.999759
47.0038 44.837 -32.4282 0 0 0 -0.0485093 0.998823
47.1073 44.5887 -32.1926 0 0 0 -0.0518777 0.998653
47.2106 44.2313 -32.173 0 0 0 -0.0674086 0.997725
47.314 44.0271 -32.3688 0 0 0 -0.0826228 0.996581
47.4174 43.9595 -33.1096 0 0 0 -0.0859889 0.996296
47.5207 44.2166 -32.4199 0 0 0 -0.091883 0.99577
47.6242 42.7671 -32.8097 0 0 0 -0.0666236 0.997778
47.7277 42.6204 -32.543 0 0 0 -0.065534 0.99785
47.8311 42.0295 -32.9514 0 0 0 -0.0451063 0.998982
47.9345 42.2063 -32.8335 0 0 0 -0.0522551 0.998634
48.0378 42.4893 -32.86 0 0 0 -0.059937 0.998202
48.141 41.8818 -32.3002 0 0 0 -0.0355826 0.999367
48.2444 40.1844 -33.1495 0 0 0 0.00950148 0.999955
48.348 40.3221 -33.2422 0 0 0 0.0329028 0.999459
48.4513 39.2819 -33.7745 0 0 0 0.0918155 0.995776
48.5548 38.429 -34.4196 0 0 0 0.12195 0.992536
48.6609 37.9834 -33.7817 0 0 0 0.127096 0.99189
48.7618 38.4318 -34.4401 0 0 0 0.15929 0.987232
48.8668 38.2234 -34.2693 0 0 0 0.190414 0.981704
48.9707 37.8273 -34.0959 0 0 0 0.206743 0.978395
49.0736 37.3695 -34.2618 0 0 0 0.240408 0.970672
49.1767 37.8845 -34.0383 0 0 0 0.252554 0.967583
49.2793 37.069 -33.2695 0 0 0 0.24716 0.968975
49.3848 35.3112 -33.1188 0 0 0 0.277646 0.960684
49.4864 34.2903 -32.3823 0 0 0 0.244022 0.96977
49.5894 34.7457 -33.5569 0 0 0 0.259259 0.965808
49.6929 35.6731 -32.525 0 0 0 0.234683 0.972072
49.7963 36.045 -32.1235 0 0 0 0.235081 0.971976
49.8998 36.0133 -31.4625 0 0 0 0.216947 0.976183
50.0032 34.9854 -30.9493 0 0 0 0.20162 0.979464
50.1066 35.5397 -29.9886 0 0 0 0.199103 0.979979
50.2116 33.751 -28.7998 0 0 0 0.174474 0.984662
50.3133 33.3149 -28.3102 0 0 0 0.175523 0.984475
50.4167 34.046 -28.737 0 0 0 0.193375 0.981125
50.5201 33.8551 -29.0876 0 0 0 0.21309 0.977033
50.6236 34.6478 -28.734 0 0 0 0.207854 0.97816
50.727 35.1665 -28.7922 0 0 0 0.219747 0.975557
50.8303 35.9943 -27.9087 0 0 0 0.202487 0.979285
50.9338 36.2977 -27.7927 0 0 0 0.198763 0.980048
51.0373 36.0509 -30.7115 0 0 0 0.29661 0.954999
51.1428 36.7936 -31.7009 0 0 0 0.297235 0.954804
51.2442 36.9631 -33.6888 0 0 0 0.375684 0.926748
51.3477 37.4908 -36.1918 0 0 0 0.460861 0.887472
51.4513 37.6959 -36.5797 0 0 0 0.475083 0.879941
51.5556 37.9762 -37.0309 0 0 0 0.489676 0.871904
51.6617 38.4329 -37.5926 0 0 0 0.506295 0.862361
51.7632 37.2738 -37.5735 0 0 0 0.511476 0.859298
51.8659 38.0602 -37.2029 0 0 0 0.566857 0.823816
51.9709 38.8522 -38.3841 0 0 0 0.60214 0.798391
52.0741 39.0592 -37.593 0 0 0 0.603598 0.797289
52.1766 39.3159 -36.7999 0 0 0 0.608097 0.793862
52.2802 39.1489 -36.4616 0 0 0 0.634348 0.773048
52.3826 39.2672 -35.9604 0 0 0 0.629679 0.776855
52.4861 39.4646 -35.5633 0 0 0 0.631211 0.775611
52.5899 39.5266 -34.5954 0 0 0 0.623319 0.781968
52.6947 39.2925 -33.9881 0 0 0 0.604075 0.796927
52.7966 38.7703 -32.8732 0 0 0 0.576155 0.81734
52.9023 37.5387 -32.9443 0 0 0 0.559011 0.82916
53.0034 35.7482 -32.1595 0 0 0 0.55404 0.83249
53.1068 35.0476 -31.2547 0 0 0 0.55896 0.829194
53.2116 35.4844 -30.4764 0 0 0 0.562788 0.826601
53.3147 35.7096 -30.4135 0 0 0 0.571965 0.820278
53.4171 35.6029 -30.9929 0 0 0 0.578531 0.815661
53.5205 35.7219 -32.0701 0 0 0 0.602851 0.797854
53.624 35.8888 -33.6203 0 0 0 0.58824 0.808687
53.7278 36.2253 -33.4156 0 0 0 0.596977 0.802258
53.8308 36.4119 -33.3484 0 0 0 0.594231 0.804294
53.9347 36.6885 -33.7094 0 0 0 0.607604 0.79424
54.0379 37.0007 -33.3379 0 0 0 0.603873 0.797081
54.1422 36.8296 -33.6299 0 0 0 0.590035 0.807377
54.2447 36.9581 -32.6982 0 0 0 0.609844 0.792522
54.3481 36.8635 -32.0561 0 0 0 0.620428 0.784263
54.4516 35.8372 -31.7264 0 0 0 0.591404 0.806376
54.5551 31.2007 -33.6622 0 0 0 0.559951 0.828526
54.6591 31.5885 -40.0449 0 0 0 0.5497 0.835362
54.7647 31.2843 -38.5933 0 0 0 0.53696 0.843608
54.8662 35.517 -40.7031 0 0 0 0.558226 0.829689
54.969 34.4486 -39.8964 0 0 0 0.49293 0.870069
55.0749 34.9979 -38.237 0 0 0 0.453111 0.891454
55.1768 34.6154 -38.3915 0 0 0 0.451957 0.89204
55.2795 35.7776 -37.7487 0 0 0 0.452909 0.891557
55.3828 35.6807 -37.1498 0 0 0 0.458613 0.888636
55.4863 36.9271 -37.6837 0 0 0 0.507116 0.861878
55.5897 37.1808 -36.8273 0 0 0 0.511186 0.85947
55.6932 37.6473 -36.0192 0 0 0 0.505291 0.862949
55.7965 37.892 -35.2993 0 0 0 0.497221 0.867624
55.9 38.9397 -34.5966 0 0 0 0.502289 0.8647
56.006 39.2667 -34.1277 0 0 0 0.504222 0.863574
56.1082 39.8339 -33.2263 0 0 0 0.501093 0.865394
56.2103 40.4332 -33.2516 0 0 0 0.522305 0.852759
56.3137 40.8082 -33.2449 0 0 0 0.533336 0.845903
56.4171 41.2244 -32.5794 0 0 0 0.528354 0.849024
56.5205 41.3197 -32.7354 0 0 0 0.566056 0.824367
56.624 41.0985 -33.1875 0 0 0 0.562806 0.826589
56.7274 41.2549 -33.3071 0 0 0 0.558567 0.829459
56.8307 41.6224 -32.6596 0 0 0 0.550446 0.834871
56.9347 41.6746 -32.3732 0 0 0 0.556221 0.831035
57.0404 41.4961 -32.5198 0 0 0 0.537348 0.843361
57.141 41.166 -33.0162 0 0 0 0.532311 0.846549
57.2447 41.0127 -32.7776 0 0 0 0.506471 0.862257
57.3479 40.7705 -33.1901 0 0 0 0.498632 0.866814
57.4514 40.7574 -33.3156 0 0 0 0.508792 0.860889
57.5548 40.8787 -32.7202 0 0 0 0.475828 0.879538
57.6581 40.6611 -32.1684 0 0 0 0.467527 0.883979
57.7617 41.2344 -31.5021 0 0 0 0.468487 0.88347
57.8651 41.6917 -30.874 0 0 0 0.466255 0.88465
57.9686 42.5007 -30.331 0 0 0 0.473589 0.880746
58.0724 42.8126 -30.0265 0 0 0 0.473597 0.880742
58.1761 42.7158 -29.8524 0 0 0 0.436849 0.899535
58.2788 43.0446 -29.4662 0 0 0 0.422809 0.906219
58.3823 43.4308 -28.9684 0 0 0 0.414486 0.910055
58.4858 43.8473 -28.4216 0 0 0 0.412188 0.911099
58.5893 44.3092 -28.0449 0 0 0 0.409029 0.912522
58.6927 44.115 -27.968 0 0 0 0.433497 0.901155
58.7963 44.3151 -27.7101 0 0 0 0.449775 0.893142
58.8999 44.2318 -27.519 0 0 0 0.452712 0.891657
59.0032 44.3064 -27.7708 0 0 0 0.45579 0.890088
59.1069 43.8959 -27.726 0 0 0 0.469872 0.882734
59.2104 43.658 -28.3536 0 0 0 0.48978 0.871846
59.3139 43.7151 -27.9282 0 0 0 0.502353 0.864663
59.4174 43.7228 -27.3742 0 0 0 0.518106 0.855317
59.5209 43.5742 -27.6171 0 0 0 0.540237 0.841513
59.6243 43.1581 -27.5659 0 0 0 0.578026 0.816019
59.728 43.006 -26.9145 0 0 0 0.573011 0.819547
59.8313 42.1597 -26.3273 0 0 0 0.595715 0.803196
59.9348 41.6222 -25.6442 0 0 0 0.585105 0.810958
60.0383 41.4088 -24.8964 0 0 0 0.583707 0.811964
60.1417 41.5309 -24.1795 0 0 0 0.584874 0.811124
60.2452 41.4656 -23.9014 0 0 0 0.5932 0.805055
60.3505 41.8146 -23.5464 0 0 0 0.611503 0.791242
60.4521 41.8746 -22.7812 0 0 0 0.615208 0.788365
60.5561 40.7424 -22.8912 0 0 0 0.653114 0.75726
60.6602 39.1704 -22.5348 0 0 0 0.654188 0.756332
60.7641 38.2531 -22.1476 0 0 0 0.656163 0.754619
60.8659 36.6041 -21.876 0 0 0 0.692498 0.72142
60.9694 36.2207 -21.6522 0 0 0 0.690573 0.723262
61.0728 36.5972 -20.1379 0 0 0 0.668336 0.74386
61.1768 74.5159 -7.0174 0 0 0 0.578398 0.815755
61.2828 74.196 -7.19122 0 0 0 0.585928 0.810363
61.3851 75.179 -6.35254 0 0 0 0.574708 0.818358
61.4868 76.3317 -5.56476 0 0 0 0.566446 0.824099
61.5927 76.733 -5.0329 0 0 0 0.574677 0.818381
61.6933 76.9626 -4.60364 0 0 0 0.592583 0.805509
61.7967 78.5049 -5.28271 0 0 0 0.599309 0.800518
61.9002 80.8595 -4.33612 0 0 0 0.555618 0.831437
62.0036 82.7843 -3.67041 0 0 0 0.5316 0.846996
62.1069 85.4966 -3.57825 0 0 0 0.545472 0.838129
62.2103 85.0889 -3.25385 0 0 0 0.52817 0.849139
62.3138 85.5405 -2.117 0 0 0 0.521129 0.853478
62.4176 86.8947 -2.89569 0 0 0 0.502426 0.86462
62.5206 86.8843 -1.59259 0 0 0 0.500665 0.865641
62.624 88.0217 -1.60693 0 0 0 0.492836 0.870122
62.7274 87.5067 -0.702942 0 0 0 0.478644 0.878009
62.8307 88.6475 -0.417786 0 0 0 0.473543 0.880771
62.9342 88.7871 0.824585 0 0 0 0.493051 0.87
63.0374 88.2911 1.36554 0 0 0 0.473543 0.880771
63.1408 88.4468 1.60205 0 0 0 0.484136 0.874993
63.2447 88.8752 1.513 0 0 0 0.471904 0.88165
63.3476 93.4971 12.2896 0 0 0 0.565719 0.824598
