6 -0.21875 -0.218506 0 0 0 0.00334283 0.999994
6.5 -0.222656 -0.218262 0 0 0 0.00341346 0.999994
7 -0.222656 -0.218262 0 0 0 0.00341361 0.999994
7.5 -0.222656 -0.218262 0 0 0 0.00341388 0.999994
8 -0.222656 -0.218262 0 0 0 0.00341361 0.999994
8.5 -0.222656 -0.218262 0 0 0 0.00341388 0.999994
9 -0.222656 -0.218262 0 0 0 0.00341361 0.999994
9.5 -0.222656 -0.218262 0 0 0 0.00341388 0.999994
10 -0.222656 -0.218262 0 0 0 0.00341361 0.999994
10.5 -0.222656 -0.218262 0 0 0 0.00341388 0.999994
11 -0.222656 -0.218262 0 0 0 0.00341361 0.999994
11.5 -0.222656 -0.218262 0 0 0 0.00341388 0.999994
12 -0.222656 -0.218262 0 0 0 0.00341361 0.999994
12.5 -0.222656 -0.218262 0 0 0 0.00341388 0.999994
13 -0.222656 -0.218262 0 0 0 0.00341361 0.999994
13.5 -0.222656 -0.218262 0 0 0 0.00341388 0.999994
14 -0.222656 -0.218262 0 0 0 0.00341361 0.999994
14.5 -0.222656 -0.218262 0 0 0 0.00341388 0.999994
15 -0.222656 -0.218262 0 0 0 0.00341361 0.999994
15.5 -0.222656 -0.218262 0 0 0 0.00341388 0.999994
16 -0.222656 -0.218262 0 0 0 0.00341361 0.999994
16.5 -0.222656 -0.218262 0 0 0 0.00341388 0.999994
17 -0.222656 -0.218262 0 0 0 0.00341361 0.999994
17.5 -0.222656 -0.218262 0 0 0 0.00341388 0.999994
18 -0.222656 -0.218262 0 0 0 0.00341361 0.999994
18.5 -0.222656 -0.218262 0 0 0 0.00341388 0.999994
19 -0.222656 -0.218262 0 0 0 0.00341361 0.999994
19.5 -0.222656 -0.218262 0 0 0 0.00341388 0.999994
20 -0.222656 -0.218262 0 0 0 0.00341361 0.999994
20.1034 0.685791 -0.189209 0 0 0 0.0010633 0.999999
20.2071 1.61914 -0.182373 0 0 0 0.000794925 1
20.3103 2.6272 -0.188965 0 0 0 0.00141422 0.999999
20.4136 3.59839 -0.163086 0 0 0 0.000629585 1
20.5179 4.54883 -0.18042 0 0 0 0.0016549 0.999999
20.6204 5.48462 -0.171875 0 0 0 0.00230546 0.999997
20.7242 6.43188 -0.181396 0 0 0 0.00426779 0.999991
20.8272 7.37402 -0.187256 0 0 0 0.00414769 0.999991
20.9306 8.30151 -0.180176 0 0 0 0.00491252 0.999988
21.0341 9.17163 -0.162354 0 0 0 0.0034021 0.999994
21.1374 10.114 -0.172607 0 0 0 0.00386526 0.999993
21.2443 11.0476 -0.163818 0 0 0 0.0064825 0.999979
21.3442 11.908 -0.170654 0 0 0 0.00633499 0.99998
21.4476 12.8303 -0.153564 0 0 0 0.00681927 0.999977
21.5511 13.7651 -0.142822 0 0 0 0.00850447 0.999964
21.6545 14.7019 -0.147461 0 0 0 0.00913849 0.999958
21.7578 15.4163 -0.112061 0 0 0 0.00974664 0.999952
21.8614 16.4902 -0.0783691 0 0 0 0.0112797 0.999936
21.9647 17.3645 -0.0637207 0 0 0 0.0117345 0.999931
22.0682 18.2559 -0.0449219 0 0 0 0.012586 0.999921
22.1716 19.167 0.00366211 0 0 0 0.0137168 0.999906
22.2751 20.0088 0.0344238 0 0 0 0.0147271 0.999892
22.3786 20.9351 0.0866699 0 0 0 0.0152274 0.999884
22.482 21.8013 0.100098 0 0 0 0.015598 0.999878
22.5855 22.7756 0.17334 0 0 0 0.0163167 0.999867
22.689 23.542 0.203613 0 0 0 0.0143213 0.999897
22.7937 24.4199 0.202637 0 0 0 0.0160222 0.999872
22.8961 25.2888 0.215332 0 0 0 0.0164241 0.999865
22.9996 26.1335 0.273438 0 0 0 0.0177556 0.999842
23.1035 26.925 0.288086 0 0 0 0.01766 0.999844
23.2066 27.7244 0.313232 0 0 0 0.0180769 0.999837
23.3101 28.4636 0.328857 0 0 0 0.017302 0.99985
23.414 29.2031 0.368164 0 0 0 0.0180301 0.999837
23.5171 29.9651 0.389648 0 0 0 0.0201798 0.999796
23.6207 30.7529 0.430908 0 0 0 0.0199296 0.999801
23.7247 31.4978 0.444092 0 0 0 0.022239 0.999753
23.8277 32.2151 0.47583 0 0 0 0.0211281 0.999777
23.9312 33.0059 0.520752 0 0 0 0.0207016 0.999786
24.0349 33.7258 0.563965 0 0 0 0.0223347 0.999751
24.1422 34.4736 0.584717 0 0 0 0.0237328 0.999718
24.2434 35.156 0.618652 0 0 0 0.025432 0.999677
24.346 35.833 0.665527 0 0 0 0.0266485 0.999645
24.4492 36.4907 0.703857 0 0 0 0.0254691 0.999676
24.5525 37.1558 0.731201 0 0 0 0.0255243 0.999674
24.6562 37.8093 0.763184 0 0 0 0.0256476 0.999671
24.7608 38.4678 0.774902 0 0 0 0.0239051 0.999714
24.8638 39.1155 0.803467 0 0 0 0.0231372 0.999732
24.9668 39.7612 0.821289 0 0 0 0.0214481 0.99977
25.0733 40.396 0.821777 0 0 0 0.0177935 0.999842
25.1743 41.0608 0.852783 0 0 0 0.01791 0.99984
25.2775 41.6003 0.863037 0 0 0 0.0134618 0.999909
25.3811 42.2063 0.895996 0 0 0 0.0118303 0.99993
25.4846 42.7932 0.941406 0 0 0 0.00775887 0.99997
25.5881 43.3337 0.953857 0 0 0 0.00398342 0.999992
25.6916 43.8213 0.969727 0 0 0 0.00308011 0.999995
25.7952 44.3108 0.942383 0 0 0 -0.000607165 1
25.8987 44.8137 0.919678 0 0 0 -0.00351324 0.999994
26.0024 45.2537 0.88916 0 0 0 -0.00997804 0.99995
26.1059 45.6843 0.881836 0 0 0 -0.0109166 0.99994
26.2095 46.0391 0.83667 0 0 0 -0.0189943 0.99982
26.313 46.5728 0.842773 0 0 0 -0.0205144 0.99979
26.4165 46.9277 0.823242 0 0 0 -0.0249083 0.99969
26.524 47.3037 0.793945 0 0 0 -0.0301512 0.999545
26.6237 47.6155 0.812988 0 0 0 -0.033079 0.999453
26.7273 47.9504 0.792969 0 0 0 -0.0381362 0.999273
26.8308 48.2014 0.719727 0 0 0 -0.0437677 0.999042
26.9344 48.4783 0.658936 0 0 0 -0.049539 0.998772
27.0381 48.7581 0.681152 0 0 0 -0.0531501 0.998587
27.1417 48.9236 0.605469 0 0 0 -0.0624012 0.998051
27.2453 49.2019 0.601074 0 0 0 -0.0683546 0.997661
27.3533 49.4561 0.559082 0 0 0 -0.0775168 0.996991
27.4526 49.707 0.487305 0 0 0 -0.0861894 0.996279
27.5566 49.9292 0.448975 0 0 0 -0.0945191 0.995523
27.6634 50.2087 0.368408 0 0 0 -0.104407 0.994535
27.7634 50.4153 0.298828 0 0 0 -0.114688 0.993402
27.867 50.6426 0.238281 0 0 0 -0.125781 0.992058
27.9706 50.8655 0.165771 0 0 0 -0.137494 0.990503
28.0742 51.1279 0.0688477 0 0 0 -0.150147 0.988664
28.178 51.3176 -0.0478516 0 0 0 -0.163784 0.986496
28.2839 51.6108 -0.144043 0 0 0 -0.178149 0.984004
28.386 51.9399 -0.25 0 0 0 -0.191568 0.981479
28.4888 52.1377 -0.362305 0 0 0 -0.208174 0.978092
28.5934 52.2788 -0.531006 0 0 0 -0.226376 0.97404
28.696 52.4753 -0.684814 0 0 0 -0.246342 0.969183
28.7997 52.7168 -0.861816 0 0 0 -0.266538 0.963824
28.9039 52.9282 -1.01196 0 0 0 -0.284921 0.958551
29.008 53.1775 -1.20288 0 0 0 -0.305653 0.952143
29.1106 53.437 -1.36914 0 0 0 -0.325784 0.945444
29.2142 53.5864 -1.60474 0 0 0 -0.348501 0.937308
29.3178 53.884 -1.8269 0 0 0 -0.370947 0.928654
29.4215 54.0977 -2.15674 0 0 0 -0.396874 0.917873
29.5251 54.3506 -2.46582 0 0 0 -0.42106 0.907033
29.6301 54.5637 -2.80933 0 0 0 -0.444235 0.89591
29.7324 54.7554 -3.18262 0 0 0 -0.470454 0.882425
29.836 54.9038 -3.58032 0 0 0 -0.496185 0.868217
29.9397 55.075 -3.93115 0 0 0 -0.516963 0.856007
30.0439 55.1885 -4.40308 0 0 0 -0.541792 0.840513
30.1468 55.335 -4.84326 0 0 0 -0.565734 0.824588
30.2504 55.5488 -5.27759 0 0 0 -0.586108 0.810233
30.3537 55.5398 -5.77954 0 0 0 -0.607987 0.793947
30.4572 55.6338 -6.2478 0 0 0 -0.623581 0.781759
30.563 55.7432 -6.79053 0 0 0 -0.64146 0.767156
30.6645 55.7053 -7.3125 0 0 0 -0.657406 0.753537
30.767 55.8435 -7.90088 0 0 0 -0.669574 0.742746
30.8702 55.8127 -8.43115 0 0 0 -0.679401 0.733767
30.9734 55.7483 -8.91577 0 0 0 -0.690306 0.723517
31.0772 55.6987 -9.4856 0 0 0 -0.698195 0.715907
31.1802 55.6836 -10.0398 0 0 0 -0.702944 0.711245
31.2841 55.6753 -10.6926 0 0 0 -0.707407 0.706806
31.3859 55.6548 -11.1589 0 0 0 -0.712842 0.701325
31.489 55.6445 -11.8906 0 0 0 -0.714218 0.699923
31.5926 55.6082 -12.5334 0 0 0 -0.717866 0.696182
31.6953 55.5667 -13.1755 0 0 0 -0.717572 0.696484
31.7995 55.5461 -13.8481 0 0 0 -0.717865 0.696183
31.9017 55.5186 -14.4189 0 0 0 -0.720149 0.693819
32.0048 55.5122 -15.1228 0 0 0 -0.720491 0.693465
32.108 55.4683 -15.7495 0 0 0 -0.722435 0.691439
32.2112 55.4226 -16.521 0 0 0 -0.720202 0.693765
32.3145 55.373 -17.1956 0 0 0 -0.719274 0.694727
32.4176 55.3596 -17.9927 0 0 0 -0.718658 0.695364
32.521 55.3259 -18.7351 0 0 0 -0.716642 0.697442
32.6245 55.3184 -19.5146 0 0 0 -0.716386 0.697704
32.7274 55.3027 -20.2529 0 0 0 -0.714383 0.699755
32.8307 55.2805 -20.9438 0 0 0 -0.713597 0.700556
32.9341 55.2563 -21.667 0 0 0 -0.713029 0.701134
33.0377 55.2361 -22.4255 0 0 0 -0.711331 0.702857
33.1417 55.2283 -23.1794 0 0 0 -0.710404 0.703794
33.2442 55.2163 -23.8562 0 0 0 -0.710235 0.703964
33.348 55.21 -24.5688 0 0 0 -0.707518 0.706695
33.4528 55.2131 -25.4241 0 0 0 -0.705426 0.708783
33.5549 55.2061 -26.126 0 0 0 -0.705169 0.709039
33.658 55.2122 -26.8547 0 0 0 -0.703761 0.710437
33.7613 55.228 -27.6045 0 0 0 -0.702437 0.711746
33.8647 55.229 -28.2656 0 0 0 -0.70124 0.712925
33.9682 55.2261 -29.0952 0 0 0 -0.701059 0.713104
34.0716 55.2373 -29.7603 0 0 0 -0.699424 0.714707
34.175 55.2412 -30.4866 0 0 0 -0.697716 0.716374
34.2786 55.2661 -31.2397 0 0 0 -0.695623 0.718407
34.3821 55.2793 -31.9954 0 0 0 -0.695677 0.718355
34.4855 55.3311 -32.7417 0 0 0 -0.693915 0.720056
34.589 55.355 -33.4128 0 0 0 -0.693245 0.720702
34.6925 55.3672 -34.1399 0 0 0 -0.692814 0.721116
34.796 55.3972 -34.8901 0 0 0 -0.691556 0.722323
34.8995 55.459 -35.6118 0 0 0 -0.691032 0.722824
35.0029 55.4851 -36.4048 0 0 0 -0.689503 0.724283
35.1064 55.5264 -37.1692 0 0 0 -0.688323 0.725405
35.2099 55.5601 -37.9021 0 0 0 -0.687627 0.726064
35.3134 55.6138 -38.646 0 0 0 -0.685597 0.727981
35.4168 55.6531 -39.4324 0 0 0 -0.685132 0.728419
35.5202 55.7285 -40.2058 0 0 0 -0.683426 0.730019
35.6239 55.771 -41.0085 0 0 0 -0.682475 0.730909
35.7272 55.8254 -41.7952 0 0 0 -0.680788 0.732481
35.8306 55.8992 -42.5801 0 0 0 -0.680249 0.732981
35.9342 55.9529 -43.3821 0 0 0 -0.678002 0.73506
36.0394 56.0212 -44.1814 0 0 0 -0.676932 0.736046
36.1409 56.0989 -44.9966 0 0 0 -0.674816 0.737986
36.2443 56.1777 -45.7805 0 0 0 -0.672413 0.740176
36.3483 56.2771 -46.5686 0 0 0 -0.669793 0.742548
36.4534 56.3669 -47.3284 0 0 0 -0.666808 0.74523
36.5545 56.4736 -48.1594 0 0 0 -0.664218 0.747539
36.658 56.5671 -48.9814 0 0 0 -0.660863 0.750507
36.7614 56.6707 -49.7739 0 0 0 -0.65853 0.752554
36.8647 56.8015 -50.5635 0 0 0 -0.655745 0.754983
36.9681 56.8914 -51.4294 0 0 0 -0.653482 0.756942
37.0734 57.0156 -52.218 0 0 0 -0.651303 0.758818
37.1756 57.1577 -53.053 0 0 0 -0.647884 0.761739
37.2795 57.2776 -53.7954 0 0 0 -0.645251 0.763971
37.3833 57.4282 -54.5527 0 0 0 -0.643604 0.765358
37.4854 57.5647 -55.2893 0 0 0 -0.640907 0.767619
37.5889 57.7185 -56.0754 0 0 0 -0.639402 0.768872
37.6939 57.8596 -56.8357 0 0 0 -0.637239 0.770666
37.7958 58.0359 -57.6711 0 0 0 -0.635472 0.772124
37.8994 58.1689 -58.4216 0 0 0 -0.633759 0.773531
38.0031 58.3132 -59.1516 0 0 0 -0.633461 0.773775
38.1063 58.4485 -59.8757 0 0 0 -0.631339 0.775507
38.2098 58.616 -60.6074 0 0 0 -0.630358 0.776304
38.3134 58.7568 -61.29 0 0 0 -0.630169 0.776458
38.4172 58.9373 -61.9668 0 0 0 -0.627615 0.778524
38.5205 59.0676 -62.6147 0 0 0 -0.627204 0.778855
38.624 59.2192 -63.2974 0 0 0 -0.626993 0.779025
38.7275 59.3618 -63.9851 0 0 0 -0.626517 0.779408
38.831 59.4934 -64.6575 0 0 0 -0.626577 0.77936
38.9347 59.6482 -65.3074 0 0 0 -0.626284 0.779595
39.038 59.801 -65.9707 0 0 0 -0.626106 0.779738
39.1415 59.9575 -66.6118 0 0 0 -0.625546 0.780187
39.2455 60.0618 -67.2297 0 0 0 -0.626612 0.779331
39.3518 60.1504 -67.834 0 0 0 -0.628445 0.777854
39.4521 60.2278 -68.4265 0 0 0 -0.628605 0.777724
39.5578 60.3179 -68.9426 0 0 0 -0.630291 0.776359
39.6601 60.4175 -69.5835 0 0 0 -0.631059 0.775735
39.764 60.606 -70.1565 0 0 0 -0.631493 0.775382
39.867 60.7195 -70.7378 0 0 0 -0.632158 0.77484
39.9698 60.8582 -71.2354 0 0 0 -0.632125 0.774866
40.0733 60.9431 -71.7852 0 0 0 -0.633372 0.773847
40.1772 61.0781 -72.3994 0 0 0 -0.635041 0.772478
40.2803 61.1602 -72.9297 0 0 0 -0.635763 0.771885
40.3839 61.2864 -73.4336 0 0 0 -0.636171 0.771548
40.4876 61.3953 -73.967 0 0 0 -0.636148 0.771567
40.5909 61.522 -74.5078 0 0 0 -0.635284 0.772278
40.6942 61.6099 -75.0681 0 0 0 -0.635843 0.771819
40.7977 61.7188 -75.6042 0 0 0 -0.634473 0.772945
40.9021 61.8127 -76.1577 0 0 0 -0.634459 0.772956
41.0046 61.9473 -76.6824 0 0 0 -0.63196 0.775001
41.1082 62.0559 -77.2712 0 0 0 -0.62916 0.777276
41.2136 62.1985 -77.843 0 0 0 -0.626767 0.779207
41.3161 62.3293 -78.386 0 0 0 -0.621662 0.783285
41.418 62.4797 -78.948 0 0 0 -0.618284 0.785955
41.5243 62.6482 -79.561 0 0 0 -0.615572 0.788081
41.6248 62.811 -80.1543 0 0 0 -0.610754 0.79182
41.7303 62.9673 -80.6997 0 0 0 -0.606272 0.795258
41.833 63.134 -81.3457 0 0 0 -0.601876 0.79859
41.9362 63.3801 -81.9502 0 0 0 -0.59682 0.802375
42.0384 63.5068 -82.5723 0 0 0 -0.59304 0.805173
42.1419 63.7346 -83.1956 0 0 0 -0.588733 0.808328
42.2453 63.9482 -83.8215 0 0 0 -0.583721 0.811954
42.3488 64.1531 -84.4685 0 0 0 -0.578277 0.81584
42.4522 64.3718 -85.1235 0 0 0 -0.574523 0.818488
42.5557 64.6821 -85.7871 0 0 0 -0.568531 0.822662
42.6594 64.9128 -86.4753 0 0 0 -0.565274 0.824903
42.7625 65.186 -87.157 0 0 0 -0.561291 0.827618
42.866 65.4836 -87.8804 0 0 0 -0.55892 0.829221
42.9695 65.7493 -88.6025 0 0 0 -0.554795 0.831987
43.073 66.0564 -89.2708 0 0 0 -0.551034 0.834483
43.1766 66.4109 -90.0139 0 0 0 -0.546928 0.83718
43.28 66.7097 -90.7024 0 0 0 -0.545716 0.83797
43.3847 67.0308 -91.4146 0 0 0 -0.542195 0.840252
43.4876 67.3979 -92.1375 0 0 0 -0.541089 0.840965
43.5906 67.7163 -92.8628 0 0 0 -0.537884 0.843019
43.6945 68.0083 -93.5347 0 0 0 -0.535967 0.844239
43.7982 68.3445 -94.2314 0 0 0 -0.533598 0.845738
43.9035 68.6777 -94.8735 0 0 0 -0.531552 0.847026
44.0046 69.0137 -95.53 0 0 0 -0.531218 0.847235
44.1082 69.3784 -96.188 0 0 0 -0.52756 0.849518
44.2132 69.6838 -96.824 0 0 0 -0.526083 0.850433
44.3151 70.0034 -97.4612 0 0 0 -0.525069 0.85106
44.4221 70.3557 -98.0879 0 0 0 -0.524407 0.851468
44.5224 70.6335 -98.6921 0 0 0 -0.518925 0.85482
44.6253 70.9551 -99.313 0 0 0 -0.519551 0.854439
44.7287 71.2842 -99.908 0 0 0 -0.518859 0.85486
44.8322 71.5925 -100.469 0 0 0 -0.5188 0.854895
44.9356 71.9019 -101.085 0 0 0 -0.516645 0.856199
45.0391 72.2078 -101.663 0 0 0 -0.515959 0.856613
45.1425 72.4883 -102.233 0 0 0 -0.514482 0.857501
45.246 72.8022 -102.783 0 0 0 -0.514708 0.857365
45.3494 73.0884 -103.285 0 0 0 -0.513146 0.858301
45.4528 73.3806 -103.847 0 0 0 -0.510707 0.859755
45.5563 73.668 -104.377 0 0 0 -0.508671 0.860961
45.6596 73.9734 -104.906 0 0 0 -0.507139 0.861864
45.7632 74.2319 -105.405 0 0 0 -0.506068 0.862493
45.8665 74.5435 -105.945 0 0 0 -0.504028 0.863687
45.9702 74.8054 -106.424 0 0 0 -0.502708 0.864456
46.0745 75.0984 -106.913 0 0 0 -0.499439 0.866349
46.1778 75.3953 -107.42 0 0 0 -0.497478 0.867477
46.28 75.6758 -107.881 0 0 0 -0.494594 0.869124
46.3845 75.9712 -108.414 0 0 0 -0.490885 0.871224
46.4869 76.249 -108.868 0 0 0 -0.489314 0.872108
46.5902 76.5876 -109.345 0 0 0 -0.486343 0.873768
46.6936 76.9324 -109.85 0 0 0 -0.483313 0.875448
46.797 77.1938 -110.333 0 0 0 -0.478998 0.877816
46.9004 77.5691 -110.826 0 0 0 -0.477998 0.878361
47.0038 77.9172 -111.365 0 0 0 -0.47465 0.880175
47.1073 78.2451 -111.809 0 0 0 -0.469348 0.883013
47.2106 78.6575 -112.381 0 0 0 -0.467518 0.883984
47.314 79.0056 -112.857 0 0 0 -0.463111 0.8863
47.4174 79.3904 -113.445 0 0 0 -0.46053 0.887644
47.5207 79.7412 -113.939 0 0 0 -0.456008 0.889976
47.6242 80.1973 -114.527 0 0 0 -0.455157 0.890411
47.7277 80.6118 -115.062 0 0 0 -0.450714 0.892669
47.8311 81.0007 -115.614 0 0 0 -0.44617 0.894948
47.9345 81.4685 -116.225 0 0 0 -0.442747 0.896647
48.0378 81.887 -116.76 0 0 0 -0.438065 0.898943
48.141 82.4233 -117.364 0 0 0 -0.433846 0.900987
48.2444 82.8589 -117.968 0 0 0 -0.428619 0.903485
48.348 83.3625 -118.508 0 0 0 -0.425516 0.904951
48.4513 83.9026 -119.151 0 0 0 -0.421511 0.906823
48.5548 84.3928 -119.758 0 0 0 -0.419821 0.907607
48.6609 84.9199 -120.372 0 0 0 -0.418009 0.908443
48.7618 85.4624 -121.001 0 0 0 -0.416012 0.909359
48.8668 86.0083 -121.653 0 0 0 -0.412625 0.910901
48.9707 86.5645 -122.3 0 0 0 -0.411718 0.911311
49.0736 87.1304 -122.933 0 0 0 -0.409317 0.912392
49.1767 87.6826 -123.531 0 0 0 -0.407858 0.913045
49.2793 88.2842 -124.212 0 0 0 -0.40503 0.914303
49.3848 88.8782 -124.864 0 0 0 -0.402649 0.915354
49.4864 89.4636 -125.492 0 0 0 -0.401827 0.915716
49.5894 90.074 -126.18 0 0 0 -0.399529 0.916721
49.6929 90.7341 -126.792 0 0 0 -0.394977 0.918691
49.7963 91.4207 -127.458 0 0 0 -0.393371 0.91938
49.8998 92.0261 -128.133 0 0 0 -0.389129 0.921183
50.0032 92.6206 -128.766 0 0 0 -0.385182 0.922841
50.1066 93.2634 -129.47 0 0 0 -0.385338 0.922775
50.2116 93.7957 -130.066 0 0 0 -0.382248 0.92406
50.3133 94.4382 -130.686 0 0 0 -0.378589 0.925565
50.4167 95.0591 -131.316 0 0 0 -0.374555 0.927205
50.5201 95.7751 -131.996 0 0 0 -0.371687 0.928358
50.6236 96.4539 -132.637 0 0 0 -0.366706 0.930337
50.727 97.1265 -133.301 0 0 0 -0.364893 0.93105
50.8303 97.8552 -133.94 0 0 0 -0.362104 0.932138
50.9338 98.5032 -134.544 0 0 0 -0.358621 0.933483
51.0373 99.2554 -135.221 0 0 0 -0.359526 0.933135
51.1428 99.9382 -135.844 0 0 0 -0.360538 0.932745
51.2442 100.667 -136.493 0 0 0 -0.360007 0.93295
51.3477 101.308 -137.071 0 0 0 -0.35933 0.933211
51.4513 102.055 -137.746 0 0 0 -0.361732 0.932282
51.5556 102.741 -138.406 0 0 0 -0.360783 0.93265
51.6617 103.381 -138.964 0 0 0 -0.360702 0.932681
51.7632 104.16 -139.678 0 0 0 -0.364685 0.931131
51.8659 104.833 -140.296 0 0 0 -0.365415 0.930845
51.9709 105.502 -140.912 0 0 0 -0.364613 0.931159
52.0741 106.195 -141.516 0 0 0 -0.364991 0.931011
52.1766 106.917 -142.212 0 0 0 -0.36998 0.92904
52.2802 107.542 -142.818 0 0 0 -0.370254 0.928931
52.3826 108.243 -143.48 0 0 0 -0.373882 0.927476
52.4861 108.841 -144.117 0 0 0 -0.375422 0.926854
52.5899 109.54 -144.747 0 0 0 -0.379107 0.925353
52.6947 110.193 -145.406 0 0 0 -0.380618 0.924732
52.7966 110.809 -146.022 0 0 0 -0.380375 0.924832
52.9023 111.51 -146.698 0 0 0 -0.383337 0.923609
53.0034 112.168 -147.347 0 0 0 -0.384813 0.922995
53.1068 112.824 -148.038 0 0 0 -0.387912 0.921697
53.2116 113.368 -148.633 0 0 0 -0.391149 0.920327
53.3147 113.947 -149.294 0 0 0 -0.392266 0.919852
53.4171 114.657 -150.005 0 0 0 -0.39683 0.917892
53.5205 115.213 -150.659 0 0 0 -0.399517 0.916726
53.624 115.841 -151.34 0 0 0 -0.402038 0.915623
53.7278 116.477 -152.017 0 0 0 -0.405602 0.91405
53.8308 117.039 -152.663 0 0 0 -0.408962 0.912552
53.9347 117.642 -153.334 0 0 0 -0.412715 0.91086
54.0379 118.177 -153.986 0 0 0 -0.417183 0.908822
54.1422 118.781 -154.676 0 0 0 -0.420216 0.907424
54.2447 119.322 -155.429 0 0 0 -0.423326 0.905977
54.3481 119.936 -156.186 0 0 0 -0.426252 0.904604
54.4516 120.549 -156.877 0 0 0 -0.428442 0.903569
54.5551 121.102 -157.583 0 0 0 -0.430518 0.902582
54.6591 121.746 -158.383 0 0 0 -0.437918 0.899015
54.7647 122.311 -159.169 0 0 0 -0.443296 0.896375
54.8662 122.759 -159.81 0 0 0 -0.447401 0.894333
54.969 123.24 -160.559 0 0 0 -0.45099 0.892529
55.0749 123.802 -161.362 0 0 0 -0.456865 0.889536
55.1768 124.334 -162.177 0 0 0 -0.459016 0.888428
55.2795 124.92 -162.942 0 0 0 -0.461886 0.886939
55.3828 125.404 -163.667 0 0 0 -0.465244 0.885182
55.4863 125.892 -164.383 0 0 0 -0.469986 0.882674
55.5897 126.434 -165.207 0 0 0 -0.473832 0.880615
55.6932 126.928 -166.005 0 0 0 -0.47577 0.87957
55.7965 127.436 -166.736 0 0 0 -0.476753 0.879037
55.9 127.919 -167.496 0 0 0 -0.478475 0.878101
56.006 128.317 -168.186 0 0 0 -0.480019 0.877258
56.1082 128.776 -168.924 0 0 0 -0.482337 0.875986
56.2103 129.173 -169.631 0 0 0 -0.482507 0.875892
56.3137 129.64 -170.316 0 0 0 -0.483902 0.875122
56.4171 130.113 -171.079 0 0 0 -0.48536 0.874315
56.5205 130.551 -171.781 0 0 0 -0.486569 0.873642
56.624 130.989 -172.491 0 0 0 -0.489622 0.871935
56.7274 131.351 -173.139 0 0 0 -0.491057 0.871128
56.8307 131.782 -173.865 0 0 0 -0.490865 0.871236
56.9347 132.149 -174.552 0 0 0 -0.490526 0.871427
57.0404 132.56 -175.228 0 0 0 -0.491522 0.870865
57.141 133.007 -175.958 0 0 0 -0.494646 0.869095
57.2447 133.405 -176.618 0 0 0 -0.49523 0.868762
57.3479 133.825 -177.236 0 0 0 -0.497776 0.867306
57.4514 134.174 -177.871 0 0 0 -0.498325 0.866991
57.5548 134.513 -178.456 0 0 0 -0.500117 0.865958
57.6581 134.933 -179.165 0 0 0 -0.500637 0.865657
57.7617 135.28 -179.804 0 0 0 -0.501614 0.865092
57.8651 135.669 -180.396 0 0 0 -0.502594 0.864523
57.9686 136.025 -181.087 0 0 0 -0.50275 0.864432
58.0724 136.319 -181.595 0 0 0 -0.506038 0.862511
58.1761 136.774 -182.397 0 0 0 -0.504587 0.863361
58.2788 137.026 -182.896 0 0 0 -0.508121 0.861285
58.3823 137.33 -183.471 0 0 0 -0.511038 0.859558
58.4858 137.675 -184.041 0 0 0 -0.513185 0.858278
58.5893 137.9 -184.594 0 0 0 -0.516013 0.856581
58.6927 138.173 -185.106 0 0 0 -0.519105 0.85471
58.7963 138.503 -185.726 0 0 0 -0.523075 0.852287
58.8999 138.794 -186.385 0 0 0 -0.525969 0.850504
59.0032 139.14 -187.011 0 0 0 -0.529583 0.848258
59.1069 139.409 -187.596 0 0 0 -0.532205 0.846615
59.2104 139.69 -188.236 0 0 0 -0.535982 0.84423
59.3139 139.968 -188.781 0 0 0 -0.538589 0.842569
59.4174 140.242 -189.4 0 0 0 -0.542714 0.839918
59.5209 140.57 -190.045 0 0 0 -0.545916 0.83784
59.6243 140.838 -190.735 0 0 0 -0.550534 0.834813
59.728 141.144 -191.332 0 0 0 -0.554188 0.832391
59.8313 141.375 -192.026 0 0 0 -0.556352 0.830946
59.9348 141.634 -192.742 0 0 0 -0.559804 0.828625
60.0383 141.906 -193.427 0 0 0 -0.56323 0.8263
60.1417 142.169 -194.16 0 0 0 -0.567464 0.823398
60.2452 142.494 -194.929 0 0 0 -0.569077 0.822284
60.3505 142.693 -195.64 0 0 0 -0.570915 0.821009
60.4521 143.058 -196.42 0 0 0 -0.573554 0.819167
60.5561 143.364 -197.207 0 0 0 -0.577307 0.816527
60.6602 143.568 -197.948 0 0 0 -0.578394 0.815757
60.7641 143.794 -198.757 0 0 0 -0.580988 0.813912
60.8659 144.076 -199.552 0 0 0 -0.584222 0.811594
60.9694 144.339 -200.341 0 0 0 -0.586093 0.810244
61.0728 144.647 -201.216 0 0 0 -0.587321 0.809354
61.1768 144.794 -201.997 0 0 0 -0.587612 0.809143
61.2828 145.081 -202.871 0 0 0 -0.590171 0.807278
61.3851 145.333 -203.667 0 0 0 -0.591963 0.805965
61.4868 145.618 -204.526 0 0 0 -0.597282 0.802031
61.5927 145.834 -205.353 0 0 0 -0.596831 0.802367
61.6933 146.128 -206.269 0 0 0 -0.598745 0.800939
61.7967 146.374 -207.177 0 0 0 -0.600192 0.799856
61.9002 146.618 -208.044 0 0 0 -0.601841 0.798616
62.0036 146.873 -208.991 0 0 0 -0.606459 0.795115
62.1069 147.134 -209.905 0 0 0 -0.60668 0.794946
62.2103 147.337 -210.703 0 0 0 -0.60773 0.794144
62.3138 147.594 -211.696 0 0 0 -0.610911 0.791699
62.4176 147.806 -212.572 0 0 0 -0.610816 0.791773
62.5206 148.07 -213.588 0 0 0 -0.614991 0.788534
62.624 148.272 -214.429 0 0 0 -0.61404 0.789275
62.7274 148.513 -215.376 0 0 0 -0.616782 0.787134
62.8307 148.759 -216.333 0 0 0 -0.617531 0.786547
62.9342 148.971 -217.205 0 0 0 -0.617131 0.78686
63.0374 149.119 -217.766 0 0 0 -0.613804 0.789459
63.1408 149.41 -219.076 0 0 0 -0.618841 0.785516
63.2447 149.652 -220.018 0 0 0 -0.620139 0.784492
63.3476 149.867 -220.956 0 0 0 -0.619278 0.785172
63.4509 150.079 -221.919 0 0 0 -0.620451 0.784245
63.5552 150.308 -222.886 0 0 0 -0.622256 0.782814
63.6603 150.515 -223.78 0 0 0 -0.621789 0.783185
63.7623 150.725 -224.74 0 0 0 -0.623299 0.781984
63.8653 150.957 -225.591 0 0 0 -0.62415 0.781304
63.9714 151.122 -226.399 0 0 0 -0.623741 0.781631
64.0716 151.326 -227.424 0 0 0 -0.626063 0.779773
64.1768 151.542 -228.382 0 0 0 -0.628125 0.778112
64.2787 151.716 -229.285 0 0 0 -0.629102 0.777323
64.3821 151.904 -230.219 0 0 0 -0.630876 0.775883
64.4857 152.092 -231.133 0 0 0 -0.633334 0.773879
64.5891 152.265 -232.045 0 0 0 -0.633872 0.773438
64.693 152.427 -232.922 0 0 0 -0.635441 0.772149
64.7968 152.596 -233.896 0 0 0 -0.636801 0.771028
64.8996 152.745 -234.803 0 0 0 -0.639329 0.768933
65.0031 152.916 -235.687 0 0 0 -0.640153 0.768247
65.1071 153.099 -236.586 0 0 0 -0.640376 0.768062
65.2099 153.292 -237.498 0 0 0 -0.641711 0.766946
65.3135 153.443 -238.38 0 0 0 -0.644186 0.764869
65.4169 153.604 -239.301 0 0 0 -0.644954 0.764222
65.5203 153.744 -240.192 0 0 0 -0.645997 0.76334
65.6237 153.877 -241.104 0 0 0 -0.648905 0.760869
65.7272 154.009 -242.027 0 0 0 -0.649166 0.760647
65.8306 154.161 -242.961 0 0 0 -0.649758 0.760141
65.9339 154.321 -243.874 0 0 0 -0.650995 0.759082
66.0374 154.438 -244.792 0 0 0 -0.653019 0.757342
66.1408 154.592 -245.694 0 0 0 -0.654022 0.756475
66.2442 154.716 -246.613 0 0 0 -0.656459 0.754362
66.3477 154.806 -247.537 0 0 0 -0.657666 0.75331
66.4511 154.896 -248.373 0 0 0 -0.65787 0.753132
66.5545 155.06 -249.286 0 0 0 -0.66169 0.749777
66.658 155.158 -250.241 0 0 0 -0.663546 0.748136
66.7614 155.269 -251.133 0 0 0 -0.665597 0.746311
66.865 155.36 -251.939 0 0 0 -0.667457 0.744648
66.9682 155.457 -252.94 0 0 0 -0.669589 0.742732
67.0718 155.57 -253.676 0 0 0 -0.671397 0.741098
67.1752 155.644 -254.663 0 0 0 -0.673876 0.738844
67.2785 155.675 -255.496 0 0 0 -0.675845 0.737044
67.382 155.805 -256.379 0 0 0 -0.679579 0.733603
67.4855 155.854 -257.274 0 0 0 -0.681111 0.73218
67.5889 155.951 -258.173 0 0 0 -0.683693 0.72977
67.6923 155.972 -259.027 0 0 0 -0.68687 0.72678
67.7958 156.005 -259.937 0 0 0 -0.68906 0.724705
67.8992 156.033 -260.805 0 0 0 -0.691848 0.722043
68.0026 156.042 -261.632 0 0 0 -0.694575 0.71942
68.1059 156.094 -262.531 0 0 0 -0.696696 0.717367
68.2093 156.083 -263.333 0 0 0 -0.698028 0.716071
68.3128 156.146 -264.256 0 0 0 -0.70122 0.712945
68.4161 156.164 -265.091 0 0 0 -0.702047 0.71213
68.5195 156.154 -265.936 0 0 0 -0.701738 0.712435
68.6229 156.155 -266.774 0 0 0 -0.703475 0.71072
68.7261 156.147 -267.673 0 0 0 -0.705159 0.709049
68.8294 156.138 -268.539 0 0 0 -0.704809 0.709397
68.9328 156.137 -269.413 0 0 0 -0.706378 0.707835
69.0361 156.132 -270.291 0 0 0 -0.706412 0.707801
69.1394 156.096 -271.132 0 0 0 -0.707038 0.707176
69.2428 156.068 -271.986 0 0 0 -0.70777 0.706443
69.3466 156.052 -272.87 0 0 0 -0.706662 0.707551
69.4522 156.079 -273.689 0 0 0 -0.706389 0.707824
69.553 156.058 -274.561 0 0 0 -0.704802 0.709404
69.6566 156.032 -275.315 0 0 0 -0.703706 0.710491
69.7596 156.062 -276.135 0 0 0 -0.704042 0.710158
69.8635 156.093 -276.911 0 0 0 -0.702975 0.711214
69.9663 156.141 -277.703 0 0 0 -0.701695 0.712478
70.0693 156.17 -278.472 0 0 0 -0.699934 0.714207
70.1727 156.223 -279.237 0 0 0 -0.698694 0.715421
70.2761 156.25 -279.986 0 0 0 -0.695934 0.718105
70.3793 156.249 -280.655 0 0 0 -0.694909 0.719097
70.4837 156.288 -281.477 0 0 0 -0.69413 0.71985
70.5866 156.32 -282.319 0 0 0 -0.693683 0.72028
70.691 156.345 -283.08 0 0 0 -0.691708 0.722178
70.7934 156.352 -283.748 0 0 0 -0.684953 0.728587
70.8962 156.4 -284.361 0 0 0 -0.686631 0.727006
70.9996 156.439 -285.302 0 0 0 -0.682387 0.730991
71.103 156.443 -285.682 0 0 0 -0.685016 0.728528
71.2063 156.473 -286.311 0 0 0 -0.682627 0.730767
71.3097 156.519 -286.884 0 0 0 -0.681212 0.732086
71.4136 156.566 -287.553 0 0 0 -0.678912 0.73422
71.5169 156.609 -288.239 0 0 0 -0.677454 0.735565
71.6223 156.665 -288.803 0 0 0 -0.674195 0.738554
71.7234 156.729 -289.462 0 0 0 -0.673063 0.739585
71.8268 156.772 -290.027 0 0 0 -0.673295 0.739374
71.9301 156.849 -290.657 0 0 0 -0.671813 0.740721
72.0335 156.878 -291.094 0 0 0 -0.673697 0.739008
72.1369 156.94 -291.623 0 0 0 -0.670776 0.74166
72.2404 156.99 -292.243 0 0 0 -0.670176 0.742202
72.3437 157.054 -292.794 0 0 0 -0.667096 0.744972
72.4471 157.085 -293.268 0 0 0 -0.668676 0.743554
72.5505 157.119 -293.633 0 0 0 -0.667934 0.744221
72.6546 157.221 -294.223 0 0 0 -0.670043 0.742323
72.7575 157.269 -294.602 0 0 0 -0.669385 0.742915
72.8609 157.333 -295.089 0 0 0 -0.669485 0.742826
72.9643 157.353 -295.519 0 0 0 -0.669849 0.742498
73.0678 157.39 -296.058 0 0 0 -0.66985 0.742497
73.1712 157.447 -296.46 0 0 0 -0.667543 0.744571
73.2747 157.492 -297.016 0 0 0 -0.66982 0.742524
73.3781 157.513 -297.526 0 0 0 -0.671173 0.741301
73.4816 157.557 -297.971 0 0 0 -0.670353 0.742042
73.5851 157.593 -298.428 0 0 0 -0.672603 0.740003
73.6885 157.677 -298.934 0 0 0 -0.672504 0.740093
73.7921 157.663 -299.514 0 0 0 -0.672928 0.739708
73.8955 157.728 -300.031 0 0 0 -0.67437 0.738394
73.999 157.817 -300.546 0 0 0 -0.677145 0.73585
74.1024 157.798 -301.104 0 0 0 -0.675255 0.737585
74.2059 157.866 -301.581 0 0 0 -0.674799 0.738002
74.3094 157.886 -302.342 0 0 0 -0.67789 0.735163
74.4127 157.941 -302.938 0 0 0 -0.678846 0.734281
74.5163 157.993 -303.549 0 0 0 -0.679018 0.734122
74.6197 158.024 -304.057 0 0 0 -0.678321 0.734766
74.7232 158.038 -304.771 0 0 0 -0.679851 0.73335
74.8266 158.086 -305.365 0 0 0 -0.678743 0.734375
74.93 158.115 -306.12 0 0 0 -0.681836 0.731505
75.0335 158.18 -306.792 0 0 0 -0.682403 0.730976
75.137 158.197 -307.463 0 0 0 -0.682729 0.730672
75.2404 158.247 -308.218 0 0 0 -0.682824 0.730583
75.3437 158.295 -308.888 0 0 0 -0.683324 0.730115
75.4471 158.402 -309.27 0 0 0 -0.679955 0.733254
75.5506 158.384 -310.36 0 0 0 -0.685263 0.728296
75.654 158.433 -311.145 0 0 0 -0.687884 0.725821
75.7575 158.453 -311.841 0 0 0 -0.68728 0.726392
75.8607 158.531 -312.657 0 0 0 -0.687724 0.725973
75.9642 158.51 -313.374 0 0 0 -0.688221 0.725501
76.0675 158.563 -314.137 0 0 0 -0.687853 0.72585
76.171 158.625 -314.938 0 0 0 -0.689382 0.724398
76.2743 158.636 -315.689 0 0 0 -0.688614 0.725128
76.3777 158.652 -316.494 0 0 0 -0.689109 0.724658
76.481 158.701 -317.294 0 0 0 -0.689214 0.724558
76.5844 158.733 -318.061 0 0 0 -0.688739 0.725009
76.6877 158.759 -318.876 0 0 0 -0.688087 0.725628
76.7911 158.803 -319.711 0 0 0 -0.68748 0.726204
76.8943 158.865 -320.556 0 0 0 -0.687748 0.725949
76.9977 158.918 -321.407 0 0 0 -0.687717 0.725978
77.101 158.973 -322.251 0 0 0 -0.686275 0.727342
77.2044 159.001 -323.135 0 0 0 -0.68632 0.7273
77.3076 159.053 -323.936 0 0 0 -0.685678 0.727905
77.4109 159.122 -324.816 0 0 0 -0.682074 0.731283
77.5142 159.158 -325.723 0 0 0 -0.683137 0.73029
77.6175 159.238 -326.603 0 0 0 -0.681566 0.731756
77.7208 159.277 -327.442 0 0 0 -0.679739 0.733454
77.8241 159.341 -328.392 0 0 0 -0.681245 0.732056
77.9274 159.415 -329.229 0 0 0 -0.677794 0.735251
78.0306 159.512 -330.08 0 0 0 -0.675438 0.737417
78.1339 159.558 -331.043 0 0 0 -0.676747 0.736216
78.2372 159.685 -331.938 0 0 0 -0.675544 0.73732
78.3405 159.723 -332.859 0 0 0 -0.675289 0.737553
78.4438 159.773 -333.784 0 0 0 -0.674224 0.738527
78.5471 159.864 -334.711 0 0 0 -0.673513 0.739176
78.6504 159.953 -335.605 0 0 0 -0.672984 0.739657
78.7537 160.076 -336.555 0 0 0 -0.673418 0.739262
78.8571 160.09 -337.455 0 0 0 -0.673018 0.739626
78.9604 160.231 -338.336 0 0 0 -0.672747 0.739873
79.0637 160.362 -339.276 0 0 0 -0.672957 0.739681
79.1671 160.426 -340.191 0 0 0 -0.67281 0.739815
79.2705 160.443 -341.099 0 0 0 -0.67219 0.740378
79.3739 160.631 -342.069 0 0 0 -0.671784 0.740747
79.4772 160.656 -342.929 0 0 0 -0.671989 0.740561
79.5805 160.736 -343.833 0 0 0 -0.672944 0.739693
79.6838 160.804 -344.679 0 0 0 -0.671472 0.74103
79.7872 160.883 -345.623 0 0 0 -0.672586 0.740019
79.8904 160.923 -346.468 0 0 0 -0.673059 0.739589
79.9937 161.019 -347.431 0 0 0 -0.673087 0.739563
80.097 161.111 -348.27 0 0 0 -0.671268 0.741215
80.2003 161.148 -349.225 0 0 0 -0.671673 0.740848
80.3036 161.249 -350.08 0 0 0 -0.671682 0.740839
80.4068 161.331 -351.044 0 0 0 -0.670845 0.741597
80.51 161.456 -351.91 0 0 0 -0.667988 0.744172
80.6133 161.521 -352.734 0 0 0 -0.667881 0.744268
80.7167 161.601 -353.661 0 0 0 -0.667072 0.744993
80.8199 161.698 -354.578 0 0 0 -0.666368 0.745623
80.9233 161.803 -355.465 0 0 0 -0.664323 0.747446
81.0266 161.819 -356.278 0 0 0 -0.661894 0.749597
81.1299 162 -357.264 0 0 0 -0.661752 0.749722
81.2332 162.059 -358.157 0 0 0 -0.661802 0.749679
81.3364 162.152 -359.059 0 0 0 -0.660874 0.750497
81.4398 162.272 -359.961 0 0 0 -0.658013 0.753007
81.5431 162.424 -360.844 0 0 0 -0.65781 0.753184
81.6464 162.515 -361.791 0 0 0 -0.65325 0.757142
81.7498 162.637 -362.643 0 0 0 -0.650264 0.759708
81.853 162.849 -363.563 0 0 0 -0.646357 0.763036
81.9563 162.933 -364.434 0 0 0 -0.643043 0.76583
82.0595 163.125 -365.315 0 0 0 -0.639602 0.768707
82.1629 163.276 -366.129 0 0 0 -0.635871 0.771795
82.2662 163.493 -367.083 0 0 0 -0.63139 0.775465
82.3694 163.682 -368.018 0 0 0 -0.6286 0.777729
82.4728 163.868 -368.787 0 0 0 -0.623041 0.782189
82.5762 164.017 -369.671 0 0 0 -0.622044 0.782983
82.6794 164.251 -370.496 0 0 0 -0.617253 0.786765
82.7828 164.414 -371.196 0 0 0 -0.621425 0.783474
82.8862 164.715 -371.89 0 0 0 -0.612243 0.790669
82.9895 164.968 -373.136 0 0 0 -0.612186 0.790714
83.0929 165.232 -374.027 0 0 0 -0.610917 0.791694
83.1962 165.45 -374.904 0 0 0 -0.607871 0.794036
83.2996 165.624 -375.757 0 0 0 -0.606909 0.794771
83.4028 165.885 -376.671 0 0 0 -0.60656 0.795038
83.5062 166.126 -377.525 0 0 0 -0.603369 0.797462
83.6095 166.267 -378.401 0 0 0 -0.602804 0.797889
83.7128 166.644 -379.332 0 0 0 -0.600423 0.799682
83.8161 166.883 -380.175 0 0 0 -0.597574 0.801814
83.9194 167.104 -381.009 0 0 0 -0.59581 0.803125
84.0226 167.344 -381.896 0 0 0 -0.593962 0.804493
84.1259 167.656 -382.767 0 0 0 -0.592233 0.805767
84.2291 167.945 -383.565 0 0 0 -0.590764 0.806845
84.3324 168.264 -384.44 0 0 0 -0.588122 0.808772
84.4357 168.476 -385.229 0 0 0 -0.588648 0.808389
84.5391 168.834 -386.073 0 0 0 -0.586721 0.809789
84.6423 169.065 -386.663 0 0 0 -0.584831 0.811155
84.7457 169.352 -387.398 0 0 0 -0.584748 0.811215
84.8491 169.53 -388.009 0 0 0 -0.578111 0.815958
84.9523 169.869 -389.172 0 0 0 -0.586113 0.81023
85.0556 170.192 -390.011 0 0 0 -0.587404 0.809294
85.1588 170.527 -390.912 0 0 0 -0.586679 0.809819
85.2621 170.773 -391.704 0 0 0 -0.586404 0.810019
85.3655 171.022 -392.533 0 0 0 -0.587771 0.809028
85.4688 171.218 -393.254 0 0 0 -0.585629 0.810579
85.572 171.534 -394.166 0 0 0 -0.588105 0.808785
85.6754 171.8 -394.951 0 0 0 -0.588273 0.808662
85.7787 172.042 -395.714 0 0 0 -0.587759 0.809036
85.882 172.339 -396.519 0 0 0 -0.586673 0.809824
85.9852 172.563 -397.274 0 0 0 -0.587827 0.808987
86.0885 172.827 -398.064 0 0 0 -0.587402 0.809295
86.1917 173.177 -398.942 0 0 0 -0.585709 0.810521
86.2951 173.408 -399.716 0 0 0 -0.585486 0.810683
86.3984 173.634 -400.532 0 0 0 -0.58657 0.809898
86.5037 173.912 -401.335 0 0 0 -0.587389 0.809304
86.605 174.182 -402.156 0 0 0 -0.58639 0.810029
86.7121 174.415 -402.957 0 0 0 -0.588292 0.808649
86.8115 174.679 -403.792 0 0 0 -0.58675 0.809768
86.9148 174.971 -404.628 0 0 0 -0.58705 0.80955
87.0182 175.183 -405.521 0 0 0 -0.585711 0.81052
87.1224 175.516 -406.429 0 0 0 -0.585343 0.810786
87.2247 175.76 -407.285 0 0 0 -0.584196 0.811613
87.328 175.969 -408.114 0 0 0 -0.580043 0.814586
87.4314 176.174 -409.01 0 0 0 -0.580128 0.814526
87.5346 176.498 -409.791 0 0 0 -0.581896 0.813263
87.638 176.901 -410.702 0 0 0 -0.584406 0.811461
87.7412 177.235 -411.67 0 0 0 -0.584868 0.811129
87.8446 177.499 -412.478 0 0 0 -0.58461 0.811315
87.9477 177.708 -413.237 0 0 0 -0.582548 0.812796
88.0512 177.991 -414.093 0 0 0 -0.582084 0.813129
88.1549 178.304 -415.035 0 0 0 -0.583205 0.812325
88.2577 178.52 -415.816 0 0 0 -0.583123 0.812384
88.361 178.819 -416.656 0 0 0 -0.583236 0.812303
88.4643 179.128 -417.497 0 0 0 -0.584387 0.811475
88.5677 179.392 -418.299 0 0 0 -0.583863 0.811853
88.6709 179.66 -419.154 0 0 0 -0.583564 0.812067
88.7747 179.909 -419.971 0 0 0 -0.585371 0.810766
88.8776 180.192 -420.835 0 0 0 -0.585239 0.810861
88.981 180.368 -421.583 0 0 0 -0.583004 0.81247
89.0843 180.693 -422.298 0 0 0 -0.587044 0.809555
89.1876 180.927 -423.116 0 0 0 -0.585524 0.810655
89.291 181.164 -423.777 0 0 0 -0.586295 0.810098
89.3944 181.425 -424.473 0 0 0 -0.586559 0.809907
89.4975 181.681 -425.207 0 0 0 -0.586708 0.809798
89.6009 181.938 -426.013 0 0 0 -0.588924 0.808188
89.7045 182.141 -426.784 0 0 0 -0.588262 0.80867
89.808 182.384 -427.561 0 0 0 -0.588163 0.808742
89.9109 182.558 -428.213 0 0 0 -0.589019 0.808119
90.0142 182.827 -428.956 0 0 0 -0.589096 0.808063
90.118 183.06 -429.659 0 0 0 -0.589658 0.807653
90.2216 183.31 -430.459 0 0 0 -0.591081 0.806612
90.3243 183.562 -431.263 0 0 0 -0.590093 0.807335
90.4296 183.712 -431.855 0 0 0 -0.588941 0.808176
90.5309 183.98 -432.552 0 0 0 -0.589169 0.80801
90.6343 184.189 -433.261 0 0 0 -0.590184 0.807268
90.738 184.388 -433.98 0 0 0 -0.587957 0.808892
90.842 184.634 -434.745 0 0 0 -0.589846 0.807516
90.9464 184.916 -435.503 0 0 0 -0.590679 0.806907
91.0493 185.106 -436.228 0 0 0 -0.588206 0.808711
91.1512 185.306 -436.934 0 0 0 -0.586644 0.809845
91.2554 185.538 -437.619 0 0 0 -0.586517 0.809937
91.3597 185.815 -438.406 0 0 0 -0.585803 0.810454
91.4622 186.033 -439.054 0 0 0 -0.583354 0.812218
91.5645 186.253 -439.672 0 0 0 -0.584117 0.811669
91.668 186.473 -440.308 0 0 0 -0.584267 0.811561
91.7719 186.689 -440.968 0 0 0 -0.583031 0.81245
91.8747 186.933 -441.601 0 0 0 -0.582539 0.812802
91.9779 187.161 -442.265 0 0 0 -0.582095 0.813121
92.0844 187.35 -442.804 0 0 0 -0.583192 0.812334
92.1847 187.529 -443.412 0 0 0 -0.582036 0.813163
92.288 187.739 -444.117 0 0 0 -0.578922 0.815383
92.3941 187.938 -444.631 0 0 0 -0.58164 0.813447
92.4951 188.139 -445.172 0 0 0 -0.581752 0.813366
92.6015 188.351 -445.766 0 0 0 -0.579332 0.815092
92.7014 188.533 -446.253 0 0 0 -0.578844 0.815439
92.8048 188.741 -446.814 0 0 0 -0.577941 0.816078
92.9082 188.904 -447.255 0 0 0 -0.576898 0.816816
93.0116 189.097 -447.778 0 0 0 -0.578269 0.815846
93.1149 189.264 -448.21 0 0 0 -0.578043 0.816006
93.2182 189.426 -448.694 0 0 0 -0.577473 0.81641
93.3222 189.61 -449.294 0 0 0 -0.575404 0.817869
93.4251 189.795 -449.714 0 0 0 -0.574477 0.818521
93.5285 189.878 -450.1 0 0 0 -0.575408 0.817867
93.6328 190.122 -450.718 0 0 0 -0.572953 0.819589
93.7353 190.251 -451.132 0 0 0 -0.574701 0.818363
93.8386 190.39 -451.544 0 0 0 -0.573451 0.81924
93.942 190.541 -451.945 0 0 0 -0.572759 0.819724
94.0454 190.684 -452.368 0 0 0 -0.575842 0.817561
94.1507 190.852 -452.798 0 0 0 -0.574611 0.818426
94.2523 190.978 -453.151 0 0 0 -0.575552 0.817765
94.3557 191.112 -453.525 0 0 0 -0.575666 0.817685
94.4591 191.243 -453.912 0 0 0 -0.577035 0.81672
94.5625 191.351 -454.249 0 0 0 -0.577603 0.816318
94.6659 191.473 -454.589 0 0 0 -0.579045 0.815295
94.7693 191.594 -454.928 0 0 0 -0.579254 0.815147
94.8728 191.737 -455.286 0 0 0 -0.578622 0.815596
94.9761 191.853 -455.635 0 0 0 -0.579381 0.815057
95.0795 191.943 -455.859 0 0 0 -0.578136 0.815941
95.1829 192.049 -456.203 0 0 0 -0.579949 0.814653
95.2863 192.098 -456.424 0 0 0 -0.580909 0.813968
95.3895 192.224 -456.755 0 0 0 -0.580007 0.814612
95.4929 192.323 -457.023 0 0 0 -0.580006 0.814612
95.5963 192.361 -457.234 0 0 0 -0.581169 0.813783
95.6997 192.525 -457.581 0 0 0 -0.581049 0.813869
95.803 192.625 -457.891 0 0 0 -0.580484 0.814272
95.9063 192.696 -458.148 0 0 0 -0.580414 0.814321
96.0095 192.807 -458.407 0 0 0 -0.57923 0.815164
96.1129 192.907 -458.662 0 0 0 -0.578734 0.815517
96.2162 192.989 -458.917 0 0 0 -0.576805 0.816882
96.3195 193.081 -459.229 0 0 0 -0.574459 0.818534
96.4226 193.19 -459.478 0 0 0 -0.570938 0.820993
96.5267 193.279 -459.753 0 0 0 -0.565695 0.824614
96.6289 193.43 -460.016 0 0 0 -0.560973 0.827834
96.7323 193.494 -460.323 0 0 0 -0.557151 0.830411
96.8354 193.635 -460.533 0 0 0 -0.549768 0.835318
96.9389 193.762 -460.797 0 0 0 -0.543118 0.839656
97.0418 193.937 -461.098 0 0 0 -0.535701 0.844408
97.1449 194.065 -461.349 0 0 0 -0.526283 0.85031
97.2481 194.235 -461.695 0 0 0 -0.51672 0.856154
97.3514 194.415 -461.97 0 0 0 -0.507143 0.861862
97.4545 194.598 -462.237 0 0 0 -0.498994 0.866605
97.5579 194.726 -462.464 0 0 0 -0.490959 0.871183
97.6613 194.914 -462.688 0 0 0 -0.486889 0.873464
97.7649 195.084 -462.941 0 0 0 -0.488593 0.872512
97.8686 195.238 -463.182 0 0 0 -0.490466 0.871461
97.9722 195.379 -463.467 0 0 0 -0.495607 0.868547
98.0758 195.484 -463.688 0 0 0 -0.501373 0.865232
98.1794 195.574 -463.931 0 0 0 -0.509281 0.8606
98.283 195.669 -464.106 0 0 0 -0.516621 0.856214
98.3868 195.772 -464.389 0 0 0 -0.525523 0.850779
98.4903 195.885 -464.613 0 0 0 -0.538106 0.842877
98.5939 196.007 -464.896 0 0 0 -0.546277 0.837604
98.6976 196.094 -465.133 0 0 0 -0.556062 0.831141
98.8009 196.156 -465.394 0 0 0 -0.563151 0.826354
98.9043 196.241 -465.666 0 0 0 -0.572242 0.820085
99.0077 196.321 -465.993 0 0 0 -0.578135 0.815941
99.1142 196.403 -466.194 0 0 0 -0.583831 0.811875
99.2149 196.497 -466.427 0 0 0 -0.587856 0.808966
99.3223 196.554 -466.712 0 0 0 -0.593557 0.804792
99.422 196.626 -466.99 0 0 0 -0.59521 0.80357
99.5245 196.684 -467.215 0 0 0 -0.594815 0.803862
99.6319 196.751 -467.464 0 0 0 -0.5943 0.804243
99.7337 196.838 -467.67 0 0 0 -0.592789 0.805357
99.8337 196.871 -467.954 0 0 0 -0.588775 0.808297
99.9401 196.989 -468.09 0 0 0 -0.58457 0.811344
100.045 197.035 -468.288 0 0 0 -0.580012 0.814608
100.144 197.133 -468.503 0 0 0 -0.572357 0.820004
100.246 197.235 -468.61 0 0 0 -0.565741 0.824583
100.351 197.302 -468.786 0 0 0 -0.559561 0.828789
100.454 197.372 -468.919 0 0 0 -0.552902 0.833246
100.556 197.407 -469.087 0 0 0 -0.544132 0.838999
100.658 197.455 -469.14 0 0 0 -0.538902 0.842369
100.763 197.528 -469.281 0 0 0 -0.529948 0.84803
100.865 197.584 -469.381 0 0 0 -0.525266 0.850938
100.972 197.653 -469.479 0 0 0 -0.517504 0.855681
101.072 197.726 -469.576 0 0 0 -0.510701 0.859758
101.175 197.788 -469.706 0 0 0 -0.505396 0.862888
101.278 197.848 -469.768 0 0 0 -0.498882 0.86667
101.381 197.901 -469.819 0 0 0 -0.493964 0.869482
101.485 197.973 -469.902 0 0 0 -0.489334 0.872096
101.588 198.008 -469.983 0 0 0 -0.487218 0.873281
101.692 198.081 -470.053 0 0 0 -0.480408 0.877045
101.795 198.126 -470.142 0 0 0 -0.476057 0.879414
101.9 198.231 -470.142 0 0 0 -0.471893 0.881656
102.002 198.3 -470.163 0 0 0 -0.468306 0.883566
102.107 198.312 -470.213 0 0 0 -0.466227 0.884665
102.209 198.329 -470.244 0 0 0 -0.461343 0.887222
102.312 198.37 -470.358 0 0 0 -0.461105 0.887346
102.415 198.399 -470.396 0 0 0 -0.459075 0.888398
102.519 198.416 -470.421 0 0 0 -0.453382 0.891316
102.624 198.477 -470.48 0 0 0 -0.452987 0.891517
