0.310262 1.02753 -0.00765991 0 0 0 -0.00137511 0.999999
0.413621 1.98032 0.00537109 0 0 0 -0.000348719 1
0.517929 2.92245 -0.00805664 0 0 0 0.00070691 1
0.620389 3.84467 -0.0209351 0 0 0 0.000823248 1
0.724219 4.74615 -0.0302734 0 0 0 0.000634285 1
0.827211 5.68619 -0.0328674 0 0 0 0.000858857 1
0.930557 6.55328 -0.0366821 0 0 0 0.000401062 1
1.03407 7.48355 -0.0327759 0 0 0 0.00209907 0.999998
1.13744 8.42007 -0.0393066 0 0 0 0.0014197 0.999999
1.24426 9.34766 -0.0411072 0 0 0 0.00146828 0.999999
1.34423 10.2368 -0.0542603 0 0 0 0.00171077 0.999999
1.44757 11.1501 -0.0673218 0 0 0 0.00180073 0.999998
1.55108 12.0301 -0.074707 0 0 0 0.00195345 0.999998
1.65452 12.9824 -0.0792542 0 0 0 0.00255652 0.999997
1.75784 13.8493 -0.0763245 0 0 0 0.00405773 0.999992
1.86135 14.7517 -0.0751343 0 0 0 0.0041246 0.999991
1.96472 15.6364 -0.0770874 0 0 0 0.00456801 0.99999
2.06824 16.5441 -0.0709839 0 0 0 0.00538821 0.999985
2.17162 17.4285 -0.0664978 0 0 0 0.00616857 0.999981
2.27513 18.3175 -0.0577698 0 0 0 0.00756031 0.999971
2.37863 19.1938 -0.0517578 0 0 0 0.00697451 0.999976
2.48201 20.0712 -0.0419006 0 0 0 0.00841846 0.999965
2.58551 20.9327 -0.034729 0 0 0 0.00932805 0.999956
2.68902 21.7669 -0.0232849 0 0 0 0.0108746 0.999941
2.79369 22.6538 -0.0167847 0 0 0 0.0103965 0.999946
2.89614 23.5168 -0.00665283 0 0 0 0.0121231 0.999927
2.99956 24.3111 0.00561523 0 0 0 0.0106646 0.999943
3.10354 25.1302 0.0181274 0 0 0 0.0117114 0.999931
3.20657 25.9441 0.0426331 0 0 0 0.0121908 0.999926
3.31008 26.7188 0.0568237 0 0 0 0.0129395 0.999916
3.41396 27.4593 0.059967 0 0 0 0.0125752 0.999921
3.51708 28.2216 0.0850525 0 0 0 0.0142104 0.999899
3.62072 28.9747 0.10553 0 0 0 0.0150237 0.999887
3.72467 29.7368 0.1297 0 0 0 0.0166731 0.999861
3.82772 30.4912 0.154602 0 0 0 0.0176874 0.999844
3.93124 31.2032 0.17569 0 0 0 0.0182241 0.999834
4.03487 31.9155 0.201813 0 0 0 0.0196205 0.999807
4.14215 32.6428 0.234039 0 0 0 0.0214972 0.999769
4.24344 33.3296 0.250092 0 0 0 0.0211755 0.999776
4.34597 34.0084 0.275574 0 0 0 0.022443 0.999748
4.44918 34.7341 0.308838 0 0 0 0.0213261 0.999773
4.55252 35.4053 0.335632 0 0 0 0.0221944 0.999754
4.65624 36.0443 0.364746 0 0 0 0.020839 0.999783
4.76082 36.6897 0.379059 0 0 0 0.0197643 0.999805
4.86379 37.3163 0.389648 0 0 0 0.0187808 0.999824
4.96682 37.9865 0.407623 0 0 0 0.0171006 0.999854
5.07326 38.6071 0.439697 0 0 0 0.0141384 0.9999
5.17427 39.2531 0.461761 0 0 0 0.014025 0.999902
5.2775 39.8174 0.48175 0 0 0 0.0103098 0.999947
5.38114 40.4198 0.502777 0 0 0 0.00851364 0.999964
5.48464 40.8946 0.522034 0 0 0 0.00439273 0.99999
5.5881 41.487 0.569092 0 0 0 0.00279057 0.999996
5.69162 41.9975 0.57843 0 0 0 -0.00232401 0.999997
5.79522 42.5169 0.589203 0 0 0 -0.00509251 0.999987
5.89874 43.0205 0.568665 0 0 0 -0.00858502 0.999963
6.00237 43.4702 0.553223 0 0 0 -0.0140716 0.999901
6.10587 43.904 0.547302 0 0 0 -0.0167738 0.999859
6.20951 44.3354 0.527832 0 0 0 -0.0197018 0.999806
6.31302 44.7565 0.48468 0 0 0 -0.0243608 0.999703
6.41652 45.1383 0.445862 0 0 0 -0.0292599 0.999572
6.52404 45.5007 0.452698 0 0 0 -0.0322147 0.999481
6.62372 45.8111 0.465576 0 0 0 -0.0352404 0.999379
6.72729 46.1467 0.444092 0 0 0 -0.0412477 0.999149
6.83081 46.4219 0.414001 0 0 0 -0.0463233 0.998927
6.93443 46.6628 0.387451 0 0 0 -0.0512979 0.998683
7.03807 46.8836 0.338867 0 0 0 -0.0579444 0.99832
7.1417 47.1723 0.298889 0 0 0 -0.063821 0.997961
7.24533 47.4316 0.260437 0 0 0 -0.0720093 0.997404
7.3533 47.7024 0.209625 0 0 0 -0.0794292 0.996841
7.45259 47.9572 0.156982 0 0 0 -0.0868749 0.996219
7.55658 48.1849 0.0945435 0 0 0 -0.0978536 0.995201
7.66336 48.4201 0.019928 0 0 0 -0.108139 0.994136
7.76336 48.6836 -0.0490112 0 0 0 -0.117087 0.993122
7.86699 48.9015 -0.117249 0 0 0 -0.1283 0.991735
7.97062 49.1471 -0.194 0 0 0 -0.140684 0.990054
8.07425 49.381 -0.273499 0 0 0 -0.152549 0.988296
8.17796 49.6512 -0.373779 0 0 0 -0.165617 0.98619
8.28392 49.8754 -0.470032 0 0 0 -0.180083 0.983651
8.38596 50.1048 -0.57666 0 0 0 -0.195043 0.980795
8.48878 50.3576 -0.706787 0 0 0 -0.210223 0.977653
8.59345 50.5678 -0.872498 0 0 0 -0.229438 0.973323
8.69603 50.803 -1.03906 0 0 0 -0.247135 0.968981
8.79966 51.0273 -1.17612 0 0 0 -0.266319 0.963885
8.90391 51.2255 -1.33603 0 0 0 -0.286331 0.958131
9.00803 51.4708 -1.53412 0 0 0 -0.307241 0.951632
9.11058 51.6953 -1.74896 0 0 0 -0.329246 0.944244
9.2142 51.9466 -1.92902 0 0 0 -0.34933 0.937
9.31783 52.1763 -2.17682 0 0 0 -0.372432 0.92806
9.42146 52.4198 -2.48276 0 0 0 -0.396736 0.917933
9.52511 52.6391 -2.79913 0 0 0 -0.421618 0.906774
9.63008 52.8672 -3.10626 0 0 0 -0.444658 0.895701
9.73238 53.0332 -3.44247 0 0 0 -0.470569 0.882363
9.83601 53.2351 -3.82471 0 0 0 -0.495797 0.868439
9.93968 53.4438 -4.26605 0 0 0 -0.520268 0.854003
10.0439 53.5691 -4.6582 0 0 0 -0.543364 0.839497
10.1468 53.727 -5.06949 0 0 0 -0.565526 0.824731
10.2504 53.8929 -5.56696 0 0 0 -0.589095 0.808064
10.3537 53.9576 -6.00732 0 0 0 -0.607564 0.794271
10.4572 53.9267 -6.52411 0 0 0 -0.626049 0.779784
10.563 54.064 -7.0451 0 0 0 -0.644005 0.765021
10.6645 54.1254 -7.57489 0 0 0 -0.658263 0.752788
10.767 54.1367 -8.10294 0 0 0 -0.671055 0.741408
10.8702 54.1486 -8.64291 0 0 0 -0.682825 0.730582
10.9734 54.0813 -9.17548 0 0 0 -0.692669 0.721255
11.0772 53.9682 -9.61093 0 0 0 -0.701902 0.712273
11.1802 54.0055 -10.2349 0 0 0 -0.706734 0.707479
11.2842 53.9758 -10.8353 0 0 0 -0.711472 0.702714
11.3859 53.9809 -11.4531 0 0 0 -0.716064 0.698034
11.489 53.9587 -12.0449 0 0 0 -0.71815 0.695889
11.5926 53.8838 -12.6833 0 0 0 -0.720352 0.693609
11.6953 53.8404 -13.2841 0 0 0 -0.723326 0.690507
11.7995 53.8166 -14.0275 0 0 0 -0.724333 0.689451
11.9017 53.7763 -14.5678 0 0 0 -0.725664 0.688049
12.0048 53.7433 -15.2804 0 0 0 -0.726586 0.687075
12.108 53.6923 -15.9583 0 0 0 -0.727017 0.68662
12.2112 53.6385 -16.622 0 0 0 -0.727924 0.685657
12.3145 53.5754 -17.2703 0 0 0 -0.725971 0.687725
12.4177 53.5331 -18.0149 0 0 0 -0.726005 0.68769
12.5211 53.4871 -18.7875 0 0 0 -0.725413 0.688314
12.6245 53.4377 -19.4709 0 0 0 -0.724131 0.689662
12.7274 53.3965 -20.2604 0 0 0 -0.723306 0.690528
12.8307 53.3654 -20.9443 0 0 0 -0.723555 0.690267
12.9341 53.3307 -21.662 0 0 0 -0.721336 0.692585
13.0377 53.287 -22.4153 0 0 0 -0.719822 0.694159
13.1417 53.2579 -23.1241 0 0 0 -0.719622 0.694366
13.2442 53.2345 -23.8776 0 0 0 -0.718867 0.695147
13.348 53.2193 -24.6166 0 0 0 -0.717178 0.69689
13.4528 53.2054 -25.362 0 0 0 -0.716005 0.698095
13.5549 53.1678 -26.1435 0 0 0 -0.714002 0.700143
13.658 53.1592 -26.8845 0 0 0 -0.712492 0.70168
13.7613 53.1385 -27.6147 0 0 0 -0.711773 0.702409
13.8647 53.124 -28.3321 0 0 0 -0.710575 0.703621
13.9682 53.0957 -29.1165 0 0 0 -0.70959 0.704615
14.0716 53.0972 -29.8083 0 0 0 -0.708298 0.705913
14.175 53.0822 -30.5614 0 0 0 -0.707028 0.707185
14.2786 53.0798 -31.2903 0 0 0 -0.706607 0.707606
14.3821 53.0727 -32.0295 0 0 0 -0.705299 0.70891
14.4855 53.0805 -32.8339 0 0 0 -0.705366 0.708843
14.589 53.0945 -33.5366 0 0 0 -0.703066 0.711125
14.6924 53.0838 -34.2969 0 0 0 -0.702648 0.711538
14.796 53.0994 -35.0672 0 0 0 -0.701482 0.712687
14.8995 53.123 -35.8136 0 0 0 -0.701214 0.712951
15.0029 53.1288 -36.5881 0 0 0 -0.699405 0.714725
15.1064 53.1405 -37.3297 0 0 0 -0.697641 0.716448
15.2099 53.1466 -38.1168 0 0 0 -0.696652 0.717409
15.3134 53.1742 -38.884 0 0 0 -0.695601 0.718428
15.4167 53.2056 -39.6457 0 0 0 -0.694262 0.719723
15.5202 53.2373 -40.4107 0 0 0 -0.693276 0.720672
15.6239 53.2682 -41.2191 0 0 0 -0.691709 0.722176
15.7272 53.2989 -41.9884 0 0 0 -0.690788 0.723058
15.8306 53.337 -42.8072 0 0 0 -0.689612 0.724179
15.9342 53.3763 -43.5916 0 0 0 -0.687359 0.726318
16.0394 53.4273 -44.4068 0 0 0 -0.686502 0.727128
16.1409 53.4714 -45.1773 0 0 0 -0.684693 0.728832
16.2443 53.528 -45.9486 0 0 0 -0.682034 0.731321
16.3483 53.6002 -46.7235 0 0 0 -0.679117 0.73403
16.4534 53.6825 -47.537 0 0 0 -0.676144 0.73677
16.5544 53.7463 -48.3432 0 0 0 -0.67358 0.739114
16.658 53.8228 -49.168 0 0 0 -0.67027 0.742117
16.7614 53.9024 -49.9819 0 0 0 -0.668224 0.74396
16.8647 53.997 -50.8116 0 0 0 -0.66512 0.746737
16.9681 54.1073 -51.6523 0 0 0 -0.661904 0.749588
17.0734 54.1995 -52.4326 0 0 0 -0.659224 0.751947
17.1756 54.2993 -53.2471 0 0 0 -0.656723 0.754132
17.2795 54.4153 -54.0322 0 0 0 -0.654831 0.755775
17.3833 54.5278 -54.8134 0 0 0 -0.65312 0.757254
17.4854 54.6401 -55.5899 0 0 0 -0.650586 0.759433
17.5889 54.7538 -56.3848 0 0 0 -0.648905 0.76087
17.6939 54.8844 -57.1395 0 0 0 -0.646674 0.762766
17.7958 55.0237 -57.9027 0 0 0 -0.644651 0.764477
17.8994 55.1429 -58.6615 0 0 0 -0.643394 0.765535
18.0031 55.2885 -59.3577 0 0 0 -0.642009 0.766697
18.1063 55.3997 -60.1196 0 0 0 -0.641221 0.767356
18.2098 55.5241 -60.8196 0 0 0 -0.640468 0.767985
18.3134 55.6725 -61.5463 0 0 0 -0.639084 0.769137
18.4172 55.8153 -62.2461 0 0 0 -0.638564 0.769569
18.5205 55.9173 -62.9272 0 0 0 -0.638208 0.769864
18.624 56.0636 -63.5926 0 0 0 -0.63806 0.769987
18.7275 56.1907 -64.278 0 0 0 -0.637453 0.770489
18.8309 56.3124 -64.9609 0 0 0 -0.636858 0.770981
18.9347 56.4433 -65.6261 0 0 0 -0.636643 0.771159
19.038 56.5588 -66.2665 0 0 0 -0.636698 0.771113
19.1415 56.6891 -66.9181 0 0 0 -0.636679 0.771129
19.2455 56.8036 -67.5404 0 0 0 -0.637849 0.770161
19.3518 56.9145 -68.1628 0 0 0 -0.638594 0.769544
19.4521 57.0075 -68.7513 0 0 0 -0.639528 0.768768
19.5578 57.1289 -69.3509 0 0 0 -0.640477 0.767977
19.6601 57.2195 -69.9562 0 0 0 -0.640873 0.767647
19.764 57.3064 -70.5195 0 0 0 -0.642172 0.76656
19.867 57.412 -71.098 0 0 0 -0.643809 0.765187
19.9699 57.4747 -71.6465 0 0 0 -0.644065 0.764971
20.0734 57.5864 -72.2292 0 0 0 -0.644198 0.764858
20.1772 57.6875 -72.7727 0 0 0 -0.645608 0.763669
20.2803 57.7649 -73.3233 0 0 0 -0.645737 0.76356
20.3839 57.8786 -73.8648 0 0 0 -0.646905 0.762571
20.4876 57.9721 -74.419 0 0 0 -0.646702 0.762743
20.5909 58.0525 -74.9422 0 0 0 -0.646648 0.762789
20.6943 58.1208 -75.4936 0 0 0 -0.64641 0.76299
20.7977 58.2129 -76.0636 0 0 0 -0.645501 0.76376
20.9021 58.33 -76.6092 0 0 0 -0.644735 0.764406
21.0046 58.4264 -77.1681 0 0 0 -0.641743 0.766919
21.1082 58.5223 -77.7326 0 0 0 -0.639784 0.768555
21.2136 58.6587 -78.3288 0 0 0 -0.637353 0.770572
21.3161 58.7646 -78.9092 0 0 0 -0.634368 0.773031
21.418 58.8626 -79.4807 0 0 0 -0.629724 0.776819
21.5243 59.0089 -80.063 0 0 0 -0.626614 0.77933
21.6248 59.1316 -80.6572 0 0 0 -0.621922 0.783079
21.7303 59.2772 -81.2473 0 0 0 -0.6186 0.785706
21.833 59.4264 -81.861 0 0 0 -0.613978 0.789323
21.9362 59.6049 -82.4927 0 0 0 -0.609594 0.792714
22.0384 59.7664 -83.119 0 0 0 -0.604803 0.796375
22.1419 59.9357 -83.7465 0 0 0 -0.601795 0.798651
22.2453 60.1455 -84.4047 0 0 0 -0.597388 0.801952
22.3488 60.3599 -85.0834 0 0 0 -0.591109 0.806592
22.4522 60.5703 -85.7318 0 0 0 -0.587328 0.809349
22.5557 60.7959 -86.4173 0 0 0 -0.582996 0.812475
22.6594 61.0427 -87.1107 0 0 0 -0.578818 0.815456
22.7625 61.2779 -87.7952 0 0 0 -0.574763 0.81832
22.866 61.5158 -88.4972 0 0 0 -0.572432 0.819952
22.9695 61.7834 -89.2453 0 0 0 -0.568285 0.822832
23.073 62.0451 -89.9397 0 0 0 -0.566087 0.824345
23.1766 62.3459 -90.7082 0 0 0 -0.562823 0.826578
23.28 62.6535 -91.4158 0 0 0 -0.55928 0.828979
23.3847 62.9906 -92.1601 0 0 0 -0.557125 0.830429
23.4876 63.2502 -92.8696 0 0 0 -0.554298 0.832318
23.5907 63.5424 -93.5825 0 0 0 -0.5518 0.833976
23.6945 63.8383 -94.2806 0 0 0 -0.550521 0.834821
23.7982 64.1422 -94.9879 0 0 0 -0.548075 0.836429
23.9035 64.4467 -95.6659 0 0 0 -0.54561 0.838039
24.0046 64.7558 -96.3594 0 0 0 -0.544725 0.838614
24.1082 65.0532 -97.0086 0 0 0 -0.542393 0.840125
24.2132 65.3504 -97.6748 0 0 0 -0.541617 0.840626
24.3151 65.6539 -98.3176 0 0 0 -0.538703 0.842496
24.4221 65.9523 -98.9635 0 0 0 -0.538284 0.842764
24.5224 66.2427 -99.5862 0 0 0 -0.535863 0.844305
24.6253 66.5444 -100.225 0 0 0 -0.534169 0.845377
24.7288 66.8208 -100.813 0 0 0 -0.5333 0.845926
24.8322 67.115 -101.406 0 0 0 -0.533469 0.84582
24.9356 67.406 -102.022 0 0 0 -0.532464 0.846453
25.0391 67.6792 -102.6 0 0 0 -0.530995 0.847375
25.1425 67.9594 -103.172 0 0 0 -0.529817 0.848112
25.246 68.2251 -103.725 0 0 0 -0.528425 0.84898
25.3494 68.5046 -104.278 0 0 0 -0.526551 0.850144
25.4527 68.759 -104.813 0 0 0 -0.525632 0.850712
25.5563 69.0273 -105.366 0 0 0 -0.523967 0.851739
25.6596 69.2761 -105.883 0 0 0 -0.52346 0.85205
25.7632 69.5456 -106.412 0 0 0 -0.521643 0.853164
25.8665 69.8083 -106.916 0 0 0 -0.51948 0.854483
25.9702 70.0791 -107.434 0 0 0 -0.517273 0.855821
26.0745 70.3332 -107.964 0 0 0 -0.515434 0.856929
26.1778 70.62 -108.468 0 0 0 -0.512428 0.85873
26.28 70.8924 -108.98 0 0 0 -0.509217 0.860638
26.3845 71.1765 -109.457 0 0 0 -0.506123 0.862462
26.4869 71.4478 -109.899 0 0 0 -0.503056 0.864254
26.5902 71.7599 -110.425 0 0 0 -0.499357 0.866397
26.6936 72.0439 -110.924 0 0 0 -0.495522 0.868596
26.7969 72.3405 -111.396 0 0 0 -0.492126 0.870524
26.9004 72.656 -111.904 0 0 0 -0.489625 0.871933
27.0039 72.9926 -112.44 0 0 0 -0.486683 0.873579
27.1073 73.3158 -112.941 0 0 0 -0.483542 0.875321
27.2106 73.6413 -113.443 0 0 0 -0.480798 0.876831
27.314 73.9908 -113.972 0 0 0 -0.477686 0.87853
27.4174 74.3449 -114.514 0 0 0 -0.47414 0.880449
27.5208 74.696 -115.066 0 0 0 -0.47101 0.882128
27.6242 75.0947 -115.605 0 0 0 -0.467277 0.884111
27.7277 75.4859 -116.161 0 0 0 -0.463723 0.88598
27.8311 75.8777 -116.735 0 0 0 -0.460664 0.887575
27.9345 76.3183 -117.364 0 0 0 -0.456356 0.889797
28.0378 76.7298 -117.94 0 0 0 -0.45086 0.892595
28.1411 77.1826 -118.497 0 0 0 -0.447503 0.894282
28.2444 77.6469 -119.109 0 0 0 -0.442151 0.896941
28.348 78.1262 -119.707 0 0 0 -0.43829 0.898834
28.4513 78.5915 -120.311 0 0 0 -0.435451 0.900213
28.5548 79.1076 -120.967 0 0 0 -0.432862 0.90146
28.6609 79.6002 -121.56 0 0 0 -0.431327 0.902196
28.7618 80.1404 -122.22 0 0 0 -0.42951 0.903062
28.8668 80.6355 -122.883 0 0 0 -0.428302 0.903636
28.9707 81.1767 -123.547 0 0 0 -0.425521 0.904949
29.0735 81.7098 -124.17 0 0 0 -0.423301 0.905989
29.1767 82.2688 -124.835 0 0 0 -0.421446 0.906853
29.2793 82.8116 -125.476 0 0 0 -0.419434 0.907786
29.3848 83.3982 -126.169 0 0 0 -0.416877 0.908963
29.4864 83.9696 -126.812 0 0 0 -0.415522 0.909583
29.5894 84.5348 -127.492 0 0 0 -0.414078 0.910241
29.6929 85.1257 -128.143 0 0 0 -0.411627 0.911352
29.7963 85.7411 -128.815 0 0 0 -0.409232 0.912431
29.8998 86.3455 -129.498 0 0 0 -0.407059 0.913402
30.0032 86.9046 -130.147 0 0 0 -0.403314 0.915061
30.1066 87.546 -130.822 0 0 0 -0.400321 0.916375
30.2116 88.1178 -131.459 0 0 0 -0.396993 0.917822
30.3133 88.7555 -132.122 0 0 0 -0.392503 0.919751
30.4167 89.36 -132.775 0 0 0 -0.38865 0.921385
30.5201 90.0009 -133.432 0 0 0 -0.385097 0.922876
30.6236 90.6701 -134.115 0 0 0 -0.381807 0.924242
30.727 91.3126 -134.771 0 0 0 -0.37803 0.925793
30.8303 91.9845 -135.42 0 0 0 -0.376516 0.92641
30.9338 92.6692 -136.073 0 0 0 -0.373022 0.927823
31.0373 93.3004 -136.718 0 0 0 -0.370461 0.928848
31.1428 93.9931 -137.368 0 0 0 -0.371718 0.928346
31.2442 94.6859 -138.023 0 0 0 -0.371274 0.928523
31.3477 95.3659 -138.672 0 0 0 -0.370142 0.928975
31.4513 96.016 -139.31 0 0 0 -0.370407 0.92887
31.5556 96.6996 -139.972 0 0 0 -0.371844 0.928295
31.6617 97.3886 -140.604 0 0 0 -0.372112 0.928188
31.7632 98.0749 -141.26 0 0 0 -0.373752 0.927529
31.8659 98.7436 -141.902 0 0 0 -0.375442 0.926846
31.9708 99.4126 -142.546 0 0 0 -0.376245 0.92652
32.0741 100.072 -143.206 0 0 0 -0.378611 0.925556
32.1766 100.733 -143.854 0 0 0 -0.380771 0.92467
32.2802 101.387 -144.53 0 0 0 -0.381989 0.924167
32.3826 102.026 -145.154 0 0 0 -0.384162 0.923266
32.4861 102.706 -145.827 0 0 0 -0.387081 0.922046
32.5899 103.373 -146.475 0 0 0 -0.388503 0.921447
32.6947 103.985 -147.129 0 0 0 -0.390382 0.920653
32.7966 104.589 -147.757 0 0 0 -0.39385 0.919175
32.9023 105.227 -148.459 0 0 0 -0.394809 0.918763
33.0034 105.838 -149.09 0 0 0 -0.397004 0.917817
33.1068 106.451 -149.774 0 0 0 -0.399448 0.916756
33.2116 107.069 -150.415 0 0 0 -0.402339 0.915491
33.3147 107.644 -151.074 0 0 0 -0.40368 0.9149
33.4171 108.25 -151.744 0 0 0 -0.406606 0.913604
33.5205 108.841 -152.408 0 0 0 -0.409112 0.912484
33.624 109.428 -153.101 0 0 0 -0.412176 0.911104
33.7278 110.03 -153.773 0 0 0 -0.414541 0.910031
33.8308 110.625 -154.45 0 0 0 -0.420088 0.907483
33.9347 111.194 -155.133 0 0 0 -0.421611 0.906777
34.0379 111.762 -155.841 0 0 0 -0.4266 0.90444
34.1422 112.336 -156.544 0 0 0 -0.430773 0.90246
34.2447 112.881 -157.247 0 0 0 -0.433148 0.901323
34.3481 113.512 -157.979 0 0 0 -0.437262 0.899334
34.4516 114.073 -158.713 0 0 0 -0.444153 0.895951
34.5551 114.612 -159.451 0 0 0 -0.4468 0.894634
34.6591 115.171 -160.22 0 0 0 -0.45154 0.892251
34.7647 115.697 -160.97 0 0 0 -0.458767 0.888557
34.8662 116.239 -161.728 0 0 0 -0.460265 0.887781
34.969 116.766 -162.476 0 0 0 -0.463106 0.886303
35.0749 117.299 -163.278 0 0 0 -0.468428 0.883502
35.1768 117.79 -164.04 0 0 0 -0.47291 0.881111
35.2795 118.313 -164.806 0 0 0 -0.477086 0.878857
35.3828 118.796 -165.598 0 0 0 -0.480166 0.877178
35.4863 119.275 -166.352 0 0 0 -0.484766 0.874644
35.5897 119.738 -167.125 0 0 0 -0.486765 0.873533
35.6932 120.216 -167.923 0 0 0 -0.49056 0.871407
35.7965 120.697 -168.692 0 0 0 -0.49179 0.870714
35.9 121.131 -169.436 0 0 0 -0.49384 0.869553
36.006 121.562 -170.179 0 0 0 -0.497257 0.867603
36.1082 121.969 -170.935 0 0 0 -0.49871 0.866769
36.2103 122.412 -171.682 0 0 0 -0.499788 0.866148
36.3137 122.839 -172.435 0 0 0 -0.500859 0.865529
36.4171 123.26 -173.169 0 0 0 -0.503111 0.864222
36.5205 123.66 -173.894 0 0 0 -0.503989 0.86371
36.624 124.084 -174.661 0 0 0 -0.507685 0.861543
36.7274 124.454 -175.356 0 0 0 -0.508067 0.861317
36.8307 124.82 -176.027 0 0 0 -0.507632 0.861574
36.9347 125.155 -176.697 0 0 0 -0.509903 0.860232
37.0404 125.535 -177.41 0 0 0 -0.511131 0.859503
37.141 125.938 -178.126 0 0 0 -0.513102 0.858327
37.2447 126.342 -178.842 0 0 0 -0.513542 0.858065
37.3479 126.68 -179.457 0 0 0 -0.514118 0.857719
37.4514 127.067 -180.174 0 0 0 -0.51575 0.856739
37.5548 127.376 -180.813 0 0 0 -0.517142 0.8559
37.6581 127.749 -181.496 0 0 0 -0.519291 0.854598
37.7617 128.072 -182.143 0 0 0 -0.518725 0.854941
37.8651 128.385 -182.774 0 0 0 -0.521159 0.85346
37.9686 128.693 -183.395 0 0 0 -0.521526 0.853235
38.0724 129.018 -184.048 0 0 0 -0.523667 0.851923
38.1761 129.301 -184.649 0 0 0 -0.525073 0.851057
38.2788 129.633 -185.287 0 0 0 -0.527572 0.84951
38.3823 129.908 -185.871 0 0 0 -0.529018 0.848611
38.4858 130.234 -186.515 0 0 0 -0.532137 0.846658
38.5893 130.49 -187.086 0 0 0 -0.533718 0.845662
38.6927 130.791 -187.711 0 0 0 -0.536853 0.843676
38.7963 131.088 -188.333 0 0 0 -0.539876 0.841744
38.8999 131.347 -188.946 0 0 0 -0.542745 0.839898
39.0032 131.62 -189.559 0 0 0 -0.545714 0.837971
39.1069 131.896 -190.201 0 0 0 -0.548017 0.836467
39.2104 132.152 -190.828 0 0 0 -0.552535 0.833489
39.3139 132.426 -191.48 0 0 0 -0.554885 0.831927
39.4174 132.69 -192.126 0 0 0 -0.557718 0.830031
39.5209 132.96 -192.789 0 0 0 -0.561065 0.827772
39.6243 133.198 -193.441 0 0 0 -0.564208 0.825633
39.728 133.458 -194.137 0 0 0 -0.567578 0.823319
39.8313 133.696 -194.837 0 0 0 -0.571954 0.820286
39.9348 133.956 -195.555 0 0 0 -0.574251 0.818679
40.0383 134.201 -196.292 0 0 0 -0.577325 0.816515
40.1417 134.444 -197.012 0 0 0 -0.58222 0.813031
40.2452 134.718 -197.769 0 0 0 -0.585076 0.810978
40.3505 134.916 -198.515 0 0 0 -0.586247 0.810132
40.4521 135.21 -199.315 0 0 0 -0.589127 0.80804
40.5561 135.47 -200.075 0 0 0 -0.592193 0.805796
40.6602 135.701 -200.881 0 0 0 -0.594042 0.804434
40.7641 135.903 -201.656 0 0 0 -0.596524 0.802595
40.8659 136.135 -202.501 0 0 0 -0.598515 0.801112
40.9694 136.346 -203.304 0 0 0 -0.599725 0.800206
41.0728 136.584 -204.126 0 0 0 -0.60274 0.797938
41.1768 136.809 -204.988 0 0 0 -0.604601 0.796529
41.2828 137.036 -205.912 0 0 0 -0.606535 0.795057
41.3851 137.228 -206.677 0 0 0 -0.609645 0.792675
41.4868 137.483 -207.555 0 0 0 -0.61237 0.790571
41.5927 137.691 -208.446 0 0 0 -0.61222 0.790688
41.6933 137.922 -209.287 0 0 0 -0.614914 0.788594
41.7967 138.131 -210.215 0 0 0 -0.617224 0.786787
41.9002 138.339 -211.088 0 0 0 -0.61925 0.785194
42.0036 138.555 -212.02 0 0 0 -0.622942 0.782268
42.1069 138.724 -212.888 0 0 0 -0.624447 0.781067
42.2103 138.923 -213.832 0 0 0 -0.626153 0.7797
42.3138 139.139 -214.805 0 0 0 -0.628301 0.77797
42.4176 139.3 -215.658 0 0 0 -0.629544 0.776965
42.5206 139.503 -216.67 0 0 0 -0.631868 0.775076
42.624 139.673 -217.593 0 0 0 -0.631442 0.775423
42.7274 139.856 -218.488 0 0 0 -0.634494 0.772927
42.8307 140.068 -219.569 0 0 0 -0.635084 0.772443
42.9342 140.219 -220.355 0 0 0 -0.635532 0.772074
43.0374 140.399 -221.381 0 0 0 -0.636838 0.770998
43.1408 140.573 -222.322 0 0 0 -0.637726 0.770263
43.2447 140.739 -223.25 0 0 0 -0.637141 0.770747
43.3476 140.921 -224.249 0 0 0 -0.637336 0.770586
43.4509 141.081 -225.19 0 0 0 -0.639098 0.769125
43.5552 141.262 -226.14 0 0 0 -0.639334 0.768929
43.6603 141.416 -227.074 0 0 0 -0.639683 0.768639
43.7623 141.579 -227.988 0 0 0 -0.642561 0.766235
43.8653 141.733 -228.839 0 0 0 -0.642557 0.766238
43.9714 141.883 -229.844 0 0 0 -0.645645 0.763638
44.0716 142.037 -230.804 0 0 0 -0.646092 0.763259
44.1768 142.186 -231.806 0 0 0 -0.648482 0.76123
44.2787 142.345 -232.77 0 0 0 -0.649846 0.760066
44.3821 142.467 -233.651 0 0 0 -0.65027 0.759703
44.4857 142.615 -234.585 0 0 0 -0.652979 0.757376
44.5891 142.743 -235.497 0 0 0 -0.653546 0.756887
44.693 142.856 -236.412 0 0 0 -0.654661 0.755922
44.7968 142.968 -237.356 0 0 0 -0.657457 0.753492
44.8996 143.095 -238.299 0 0 0 -0.659022 0.752124
45.0031 143.209 -239.2 0 0 0 -0.660349 0.750959
45.1071 143.336 -240.132 0 0 0 -0.661435 0.750003
45.2099 143.45 -241.044 0 0 0 -0.662813 0.748785
45.3135 143.569 -241.951 0 0 0 -0.664947 0.746891
45.4169 143.666 -242.88 0 0 0 -0.665697 0.746222
45.5204 143.749 -243.805 0 0 0 -0.667496 0.744613
45.6237 143.861 -244.735 0 0 0 -0.667849 0.744297
45.7272 143.943 -245.651 0 0 0 -0.67009 0.742279
45.8306 144.025 -246.607 0 0 0 -0.671865 0.740674
45.9339 144.084 -247.494 0 0 0 -0.671865 0.740673
46.0374 144.169 -248.453 0 0 0 -0.673887 0.738834
46.1408 144.257 -249.35 0 0 0 -0.676181 0.736736
46.2442 144.295 -250.257 0 0 0 -0.676626 0.736327
46.3477 144.383 -251.189 0 0 0 -0.678765 0.734356
46.4511 144.407 -252.072 0 0 0 -0.680347 0.73289
46.5545 144.475 -253.011 0 0 0 -0.68378 0.729689
46.658 144.544 -253.891 0 0 0 -0.683295 0.730142
46.7614 144.575 -254.79 0 0 0 -0.686704 0.726937
46.8649 144.625 -255.705 0 0 0 -0.68864 0.725104
46.9683 144.669 -256.614 0 0 0 -0.690808 0.723039
47.0718 144.665 -257.47 0 0 0 -0.693225 0.720721
47.1752 144.701 -258.355 0 0 0 -0.692974 0.720963
47.2785 144.714 -259.253 0 0 0 -0.695912 0.718127
47.382 144.738 -260.169 0 0 0 -0.698977 0.715145
47.4855 144.756 -261.094 0 0 0 -0.700356 0.713794
47.5889 144.764 -261.937 0 0 0 -0.70297 0.71122
47.6923 144.778 -262.817 0 0 0 -0.70453 0.709674
47.7958 144.779 -263.704 0 0 0 -0.707337 0.706877
47.8992 144.773 -264.576 0 0 0 -0.710216 0.703983
48.0026 144.728 -265.428 0 0 0 -0.711528 0.702657
48.1059 144.72 -266.319 0 0 0 -0.714634 0.699499
48.2093 144.68 -267.143 0 0 0 -0.715973 0.698128
48.3128 144.661 -268.035 0 0 0 -0.718936 0.695076
48.4161 144.625 -268.887 0 0 0 -0.720618 0.693333
48.5195 144.582 -269.769 0 0 0 -0.721491 0.692424
48.6229 144.503 -270.633 0 0 0 -0.723166 0.690675
48.7261 144.444 -271.5 0 0 0 -0.724448 0.689329
48.8294 144.367 -272.384 0 0 0 -0.72457 0.689201
48.9328 144.335 -273.243 0 0 0 -0.726271 0.687408
49.0362 144.283 -274.116 0 0 0 -0.726945 0.686696
49.1394 144.232 -274.945 0 0 0 -0.726688 0.686968
49.2428 144.186 -275.8 0 0 0 -0.726004 0.68769
49.3466 144.123 -276.656 0 0 0 -0.726805 0.686844
49.4522 144.089 -277.491 0 0 0 -0.726451 0.687218
49.553 144.029 -278.354 0 0 0 -0.725056 0.68869
49.6566 143.984 -279.134 0 0 0 -0.723855 0.689952
49.7596 143.952 -279.956 0 0 0 -0.723644 0.690174
49.8635 143.924 -280.752 0 0 0 -0.723678 0.690138
49.9663 143.873 -281.598 0 0 0 -0.721913 0.691984
50.0693 143.854 -282.414 0 0 0 -0.721103 0.692828
50.1727 143.826 -283.109 0 0 0 -0.718594 0.69543
50.2761 143.811 -283.887 0 0 0 -0.718352 0.69568
50.3793 143.776 -284.653 0 0 0 -0.716641 0.697443
50.4837 143.765 -285.409 0 0 0 -0.715465 0.698648
50.5866 143.748 -286.179 0 0 0 -0.714854 0.699273
50.691 143.746 -286.878 0 0 0 -0.713997 0.700149
50.7934 143.73 -287.573 0 0 0 -0.711445 0.702742
50.8962 143.701 -288.288 0 0 0 -0.709948 0.704254
50.9996 143.696 -289.001 0 0 0 -0.708529 0.705682
51.103 143.697 -289.587 0 0 0 -0.708917 0.705292
51.2063 143.719 -290.244 0 0 0 -0.705527 0.708683
51.3097 143.73 -290.843 0 0 0 -0.70599 0.708222
51.4136 143.723 -291.531 0 0 0 -0.705275 0.708933
51.5169 143.723 -292.18 0 0 0 -0.704871 0.709336
51.6223 143.723 -292.732 0 0 0 -0.702031 0.712146
51.7234 143.732 -293.353 0 0 0 -0.702611 0.711574
51.8268 143.737 -293.918 0 0 0 -0.702913 0.711276
51.9301 143.764 -294.568 0 0 0 -0.700134 0.714011
52.0335 143.777 -295.037 0 0 0 -0.69842 0.715688
52.1369 143.788 -295.592 0 0 0 -0.697438 0.716645
52.2404 143.788 -296.117 0 0 0 -0.697488 0.716596
52.3437 143.802 -296.633 0 0 0 -0.696655 0.717406
52.4471 143.811 -297.151 0 0 0 -0.695213 0.718803
52.5505 143.82 -297.656 0 0 0 -0.694626 0.719371
52.6546 143.849 -298.147 0 0 0 -0.695125 0.718889
52.7575 143.869 -298.652 0 0 0 -0.694599 0.719398
52.8609 143.904 -299.155 0 0 0 -0.693636 0.720326
52.9643 143.903 -299.638 0 0 0 -0.693938 0.720035
53.0678 143.937 -300.106 0 0 0 -0.694111 0.719868
53.1712 143.939 -300.646 0 0 0 -0.693921 0.720052
53.2747 143.962 -301.139 0 0 0 -0.695244 0.718773
53.3781 143.966 -301.675 0 0 0 -0.695458 0.718567
53.4815 143.978 -302.162 0 0 0 -0.69563 0.7184
53.5851 143.982 -302.581 0 0 0 -0.694899 0.719108
53.6885 144.002 -303.134 0 0 0 -0.697205 0.716872
53.7921 144.012 -303.691 0 0 0 -0.69977 0.714368
53.8955 144.012 -304.227 0 0 0 -0.69847 0.715639
53.999 144.034 -304.818 0 0 0 -0.700519 0.713634
54.1024 144.006 -305.412 0 0 0 -0.700094 0.714051
54.2059 144.031 -305.979 0 0 0 -0.700681 0.713474
54.3094 144.022 -306.629 0 0 0 -0.702474 0.711709
54.4127 144.063 -307.157 0 0 0 -0.702804 0.711383
54.5163 144.062 -307.787 0 0 0 -0.703339 0.710854
54.6197 144.073 -308.425 0 0 0 -0.703753 0.710445
54.7232 144.062 -309.04 0 0 0 -0.704689 0.709516
54.8266 144.055 -309.734 0 0 0 -0.705213 0.708996
54.93 144.045 -310.398 0 0 0 -0.705568 0.708642
55.0335 144.044 -311.055 0 0 0 -0.706215 0.707998
55.137 144.052 -311.738 0 0 0 -0.70782 0.706393
55.2404 144.051 -312.411 0 0 0 -0.70788 0.706333
55.3437 144.057 -313.11 0 0 0 -0.7073 0.706914
55.447 144.045 -313.862 0 0 0 -0.708448 0.705763
55.5506 144.039 -314.576 0 0 0 -0.709597 0.704608
55.654 144.024 -315.334 0 0 0 -0.710956 0.703237
55.7575 144.021 -316.101 0 0 0 -0.711454 0.702732
55.8607 143.994 -316.835 0 0 0 -0.71142 0.702767
55.9642 143.964 -317.582 0 0 0 -0.712048 0.702131
56.0675 143.935 -318.374 0 0 0 -0.712029 0.70215
56.171 143.936 -319.161 0 0 0 -0.713216 0.700945
56.2743 143.916 -319.935 0 0 0 -0.713683 0.700469
56.3777 143.891 -320.735 0 0 0 -0.714085 0.700059
56.481 143.886 -321.56 0 0 0 -0.714685 0.699447
56.5844 143.868 -322.327 0 0 0 -0.713992 0.700153
56.6877 143.852 -323.136 0 0 0 -0.712568 0.701603
56.791 143.827 -323.958 0 0 0 -0.712506 0.701666
56.8943 143.825 -324.8 0 0 0 -0.712293 0.701883
56.9977 143.807 -325.678 0 0 0 -0.712079 0.702099
57.101 143.803 -326.505 0 0 0 -0.71134 0.702848
57.2044 143.766 -327.373 0 0 0 -0.710037 0.704164
57.3076 143.763 -328.21 0 0 0 -0.711133 0.703058
57.4109 143.787 -329.086 0 0 0 -0.707974 0.706239
57.5142 143.767 -329.983 0 0 0 -0.707456 0.706757
57.6175 143.766 -330.875 0 0 0 -0.706494 0.707719
57.7208 143.758 -331.755 0 0 0 -0.705076 0.709131
57.8241 143.784 -332.662 0 0 0 -0.704609 0.709596
57.9274 143.779 -333.576 0 0 0 -0.703215 0.710977
58.0306 143.799 -334.463 0 0 0 -0.701811 0.712363
58.1339 143.797 -335.381 0 0 0 -0.702521 0.711663
58.2372 143.826 -336.279 0 0 0 -0.701296 0.71287
58.3405 143.851 -337.212 0 0 0 -0.699998 0.714145
58.4438 143.863 -338.167 0 0 0 -0.700561 0.713592
58.5471 143.893 -339.082 0 0 0 -0.698592 0.71552
58.6504 143.929 -340.027 0 0 0 -0.697626 0.716462
58.7537 143.927 -340.934 0 0 0 -0.699391 0.71474
58.8571 143.946 -341.906 0 0 0 -0.697532 0.716553
58.9604 143.97 -342.824 0 0 0 -0.697404 0.716678
59.0637 144.006 -343.707 0 0 0 -0.697757 0.716334
59.1671 144.031 -344.676 0 0 0 -0.697453 0.716631
59.2705 144.038 -345.589 0 0 0 -0.697702 0.716388
59.3739 144.068 -346.519 0 0 0 -0.699285 0.714843
59.4772 144.1 -347.43 0 0 0 -0.698289 0.715816
59.5805 144.133 -348.349 0 0 0 -0.697292 0.716787
59.6838 144.141 -349.247 0 0 0 -0.697151 0.716924
59.7872 144.168 -350.14 0 0 0 -0.69759 0.716497
59.8904 144.181 -351.051 0 0 0 -0.697362 0.716719
59.9937 144.197 -351.945 0 0 0 -0.696849 0.717217
60.097 144.237 -352.834 0 0 0 -0.697426 0.716657
60.2003 144.272 -353.781 0 0 0 -0.696487 0.717569
60.3036 144.307 -354.689 0 0 0 -0.695466 0.718559
60.4068 144.293 -355.59 0 0 0 -0.695253 0.718765
60.51 144.353 -356.464 0 0 0 -0.695015 0.718995
60.6133 144.401 -357.382 0 0 0 -0.694276 0.719709
60.7167 144.428 -358.335 0 0 0 -0.691448 0.722427
60.8199 144.495 -359.22 0 0 0 -0.690498 0.723335
60.9233 144.526 -360.132 0 0 0 -0.690519 0.723314
61.0266 144.552 -360.992 0 0 0 -0.688602 0.72514
61.1299 144.587 -361.933 0 0 0 -0.687798 0.725902
61.2332 144.652 -362.8 0 0 0 -0.687675 0.726019
61.3364 144.681 -363.696 0 0 0 -0.685668 0.727914
61.4398 144.731 -364.598 0 0 0 -0.683256 0.730179
61.5431 144.784 -365.526 0 0 0 -0.681166 0.732129
61.6464 144.915 -366.412 0 0 0 -0.678065 0.735002
61.7498 145.017 -367.282 0 0 0 -0.675657 0.737216
61.853 145.055 -368.207 0 0 0 -0.672542 0.740059
61.9563 145.148 -369.08 0 0 0 -0.668874 0.743376
62.0595 145.245 -370.004 0 0 0 -0.665803 0.746128
62.1629 145.337 -370.883 0 0 0 -0.66421 0.747546
62.2662 145.491 -371.796 0 0 0 -0.658187 0.752855
62.3694 145.605 -372.698 0 0 0 -0.65539 0.755291
62.4728 145.759 -373.565 0 0 0 -0.653204 0.757182
62.5762 145.878 -374.441 0 0 0 -0.649519 0.760345
62.6794 146.034 -375.401 0 0 0 -0.646839 0.762627
62.7828 146.163 -376.293 0 0 0 -0.647599 0.761982
62.8862 146.417 -376.278 0 0 0 -0.640536 0.767928
62.9895 146.471 -377.171 0 0 0 -0.642459 0.76632
63.0929 146.685 -378.19 0 0 0 -0.639099 0.769125
63.1962 146.9 -379.121 0 0 0 -0.635347 0.772227
63.2996 147.053 -380.007 0 0 0 -0.634602 0.772839
63.4028 147.218 -380.913 0 0 0 -0.632824 0.774295
63.5062 147.423 -381.816 0 0 0 -0.628961 0.777437
63.6095 147.593 -382.712 0 0 0 -0.62873 0.777624
63.7128 147.791 -383.611 0 0 0 -0.62732 0.778762
63.8161 147.951 -384.47 0 0 0 -0.624614 0.780933
63.9194 148.175 -385.371 0 0 0 -0.62294 0.78227
64.0226 148.364 -386.261 0 0 0 -0.621806 0.783171
64.1259 148.636 -387.118 0 0 0 -0.617943 0.786223
64.2291 148.802 -387.977 0 0 0 -0.615852 0.787862
64.3324 149.039 -388.852 0 0 0 -0.615526 0.788117
64.4357 149.221 -389.722 0 0 0 -0.614579 0.788855
64.5391 149.495 -390.543 0 0 0 -0.612855 0.790195
64.6423 149.714 -391.399 0 0 0 -0.613956 0.78934
64.7457 149.941 -392.233 0 0 0 -0.61227 0.790648
64.8491 150.156 -393.054 0 0 0 -0.611299 0.7914
64.9523 150.35 -393.936 0 0 0 -0.611176 0.791495
65.0556 150.599 -394.766 0 0 0 -0.610937 0.791679
65.1588 150.775 -395.551 0 0 0 -0.61153 0.791221
65.2621 150.988 -396.357 0 0 0 -0.610529 0.791994
65.3655 151.25 -397.198 0 0 0 -0.6105 0.792016
65.4688 151.458 -397.989 0 0 0 -0.610877 0.791725
65.572 151.593 -398.889 0 0 0 -0.611839 0.790982
65.6754 151.767 -399.674 0 0 0 -0.612531 0.790447
65.7787 152.014 -400.476 0 0 0 -0.612773 0.790259
65.882 152.25 -401.325 0 0 0 -0.613617 0.789604
65.9852 152.478 -402.077 0 0 0 -0.612145 0.790746
66.0885 152.652 -402.928 0 0 0 -0.613297 0.789852
66.1917 152.843 -403.798 0 0 0 -0.614219 0.789136
66.2951 153.11 -404.597 0 0 0 -0.614878 0.788623
66.3984 153.299 -405.457 0 0 0 -0.61438 0.78901
66.5037 153.523 -406.288 0 0 0 -0.614279 0.789089
66.605 153.733 -407.133 0 0 0 -0.612658 0.790348
66.7121 153.956 -408.002 0 0 0 -0.614074 0.789248
66.8115 154.134 -408.899 0 0 0 -0.613101 0.790005
66.9148 154.322 -409.785 0 0 0 -0.614163 0.789179
67.0182 154.5 -410.698 0 0 0 -0.611639 0.791137
67.1224 154.644 -411.635 0 0 0 -0.608869 0.793271
67.2247 154.857 -412.611 0 0 0 -0.608619 0.793462
67.328 155.028 -413.558 0 0 0 -0.608924 0.793228
67.4314 155.197 -414.475 0 0 0 -0.608066 0.793886
67.5346 155.396 -415.319 0 0 0 -0.609163 0.793045
67.638 155.642 -416.2 0 0 0 -0.611362 0.791351
67.7412 155.884 -417.111 0 0 0 -0.613728 0.789517
67.8446 156.104 -417.995 0 0 0 -0.61432 0.789057
67.9477 156.316 -418.883 0 0 0 -0.613112 0.789996
68.0512 156.526 -419.727 0 0 0 -0.61042 0.792078
68.1549 156.751 -420.574 0 0 0 -0.612929 0.790138
68.2577 156.952 -421.472 0 0 0 -0.612098 0.790782
68.361 157.198 -422.342 0 0 0 -0.612695 0.79032
68.4643 157.408 -423.156 0 0 0 -0.612981 0.790098
68.5677 157.632 -424.036 0 0 0 -0.613849 0.789423
68.6709 157.801 -424.78 0 0 0 -0.614153 0.789187
68.7747 158.042 -425.62 0 0 0 -0.616103 0.787665
68.8776 158.243 -426.464 0 0 0 -0.616681 0.787214
68.981 158.444 -427.263 0 0 0 -0.617786 0.786347
69.0843 158.62 -428.004 0 0 0 -0.618304 0.785939
69.1876 158.819 -428.844 0 0 0 -0.616935 0.787014
69.291 159.004 -429.585 0 0 0 -0.618111 0.786091
69.3944 159.199 -430.356 0 0 0 -0.616152 0.787627
69.4975 159.394 -431.145 0 0 0 -0.617342 0.786695
69.6009 159.566 -431.91 0 0 0 -0.618924 0.785451
69.7045 159.749 -432.629 0 0 0 -0.623413 0.781893
69.808 159.917 -433.299 0 0 0 -0.622119 0.782922
69.9109 160.066 -434.095 0 0 0 -0.622667 0.782487
70.0142 160.265 -434.826 0 0 0 -0.624127 0.781323
70.118 160.435 -435.61 0 0 0 -0.623485 0.781835
70.2216 160.579 -436.386 0 0 0 -0.622132 0.782912
70.3243 160.74 -437.078 0 0 0 -0.623683 0.781678
70.4296 160.888 -437.822 0 0 0 -0.622994 0.782227
70.5309 161.063 -438.539 0 0 0 -0.622679 0.782478
70.6343 161.269 -439.345 0 0 0 -0.622115 0.782926
70.738 161.403 -440.055 0 0 0 -0.623044 0.782187
70.842 161.563 -440.807 0 0 0 -0.622904 0.782298
70.9464 161.738 -441.548 0 0 0 -0.624401 0.781104
71.0493 161.894 -442.23 0 0 0 -0.624198 0.781266
71.1512 162.066 -442.979 0 0 0 -0.623954 0.781461
71.2554 162.244 -443.72 0 0 0 -0.622527 0.782598
71.3597 162.429 -444.476 0 0 0 -0.621998 0.783019
71.4622 162.595 -445.206 0 0 0 -0.621153 0.783689
71.5645 162.764 -445.894 0 0 0 -0.621153 0.78369
71.668 162.939 -446.588 0 0 0 -0.62046 0.784238
71.7719 163.106 -447.217 0 0 0 -0.621103 0.783729
71.8747 163.275 -447.927 0 0 0 -0.620176 0.784463
71.9779 163.426 -448.54 0 0 0 -0.621008 0.783804
72.0844 163.59 -449.18 0 0 0 -0.620879 0.783907
72.1847 163.743 -449.877 0 0 0 -0.620009 0.784595
72.288 163.881 -450.478 0 0 0 -0.620587 0.784138
72.3941 164.023 -451.036 0 0 0 -0.620333 0.784339
72.4951 164.174 -451.672 0 0 0 -0.619302 0.785153
72.6015 164.316 -452.258 0 0 0 -0.619802 0.784758
72.7014 164.451 -452.778 0 0 0 -0.618712 0.785618
72.8048 164.592 -453.394 0 0 0 -0.618499 0.785785
72.9082 164.732 -453.875 0 0 0 -0.619515 0.784985
73.0116 164.875 -454.393 0 0 0 -0.619765 0.784787
73.1149 164.995 -454.922 0 0 0 -0.619359 0.785108
73.2182 165.125 -455.506 0 0 0 -0.618368 0.785889
73.3222 165.225 -455.961 0 0 0 -0.617747 0.786377
73.4251 165.355 -456.47 0 0 0 -0.61763 0.786469
73.5285 165.478 -456.979 0 0 0 -0.617097 0.786887
73.6328 165.582 -457.46 0 0 0 -0.615412 0.788206
73.7353 165.684 -457.907 0 0 0 -0.614547 0.78888
73.8386 165.785 -458.348 0 0 0 -0.614416 0.788982
73.942 165.894 -458.759 0 0 0 -0.616642 0.787244
74.0454 166.01 -459.216 0 0 0 -0.616261 0.787542
74.1507 166.098 -459.612 0 0 0 -0.618957 0.785425
74.2523 166.199 -460.006 0 0 0 -0.618098 0.786101
74.3557 166.296 -460.405 0 0 0 -0.619179 0.785249
74.4591 166.382 -460.784 0 0 0 -0.619255 0.78519
74.5625 166.486 -461.156 0 0 0 -0.620075 0.784542
74.6659 166.556 -461.539 0 0 0 -0.619811 0.784751
74.7693 166.642 -461.853 0 0 0 -0.620812 0.78396
74.8728 166.724 -462.189 0 0 0 -0.622096 0.782941
74.9761 166.8 -462.526 0 0 0 -0.621727 0.783234
75.0795 166.864 -462.831 0 0 0 -0.621817 0.783162
75.1829 166.931 -463.151 0 0 0 -0.622208 0.782852
75.2863 166.986 -463.461 0 0 0 -0.622508 0.782614
75.3895 167.065 -463.73 0 0 0 -0.623167 0.782089
75.4929 167.127 -464.029 0 0 0 -0.622728 0.782439
75.5963 167.185 -464.296 0 0 0 -0.622834 0.782354
75.6997 167.262 -464.574 0 0 0 -0.623359 0.781936
75.803 167.326 -464.892 0 0 0 -0.622569 0.782565
75.9063 167.398 -465.168 0 0 0 -0.622276 0.782798
76.0095 167.462 -465.417 0 0 0 -0.621257 0.783607
76.1129 167.523 -465.677 0 0 0 -0.620678 0.784066
76.2162 167.59 -465.973 0 0 0 -0.618968 0.785416
76.3195 167.653 -466.254 0 0 0 -0.616429 0.78741
76.4226 167.729 -466.519 0 0 0 -0.613864 0.789412
76.5267 167.815 -466.806 0 0 0 -0.609341 0.792908
76.6289 167.89 -467.087 0 0 0 -0.605054 0.796184
76.7323 167.979 -467.402 0 0 0 -0.599844 0.800117
76.8354 168.086 -467.669 0 0 0 -0.594462 0.804124
76.9389 168.183 -467.969 0 0 0 -0.588064 0.808815
77.0418 168.308 -468.259 0 0 0 -0.58045 0.814296
77.1449 168.406 -468.548 0 0 0 -0.572153 0.820147
77.2481 168.529 -468.839 0 0 0 -0.562949 0.826492
77.3514 168.665 -469.116 0 0 0 -0.5536 0.832783
77.4545 168.806 -469.426 0 0 0 -0.544264 0.838914
77.5579 168.931 -469.638 0 0 0 -0.537845 0.843044
77.6613 169.099 -469.944 0 0 0 -0.533155 0.846018
77.7649 169.222 -470.182 0 0 0 -0.534236 0.845336
77.8686 169.333 -470.434 0 0 0 -0.53626 0.844053
77.9722 169.414 -470.701 0 0 0 -0.541809 0.840502
78.0758 169.548 -470.954 0 0 0 -0.546578 0.837408
78.1794 169.608 -471.223 0 0 0 -0.554643 0.832089
78.283 169.692 -471.411 0 0 0 -0.562479 0.826811
78.3868 169.758 -471.682 0 0 0 -0.571388 0.82068
78.4903 169.822 -471.95 0 0 0 -0.581066 0.813857
78.5939 169.896 -472.191 0 0 0 -0.59051 0.80703
78.6976 169.969 -472.452 0 0 0 -0.599541 0.800344
78.8009 170.037 -472.751 0 0 0 -0.60773 0.794143
78.9043 170.072 -473.021 0 0 0 -0.615308 0.788287
79.0077 170.111 -473.323 0 0 0 -0.620844 0.783934
79.1142 170.144 -473.601 0 0 0 -0.626524 0.779402
79.2149 170.24 -473.824 0 0 0 -0.631714 0.775202
79.3223 170.278 -474.146 0 0 0 -0.635041 0.772479
79.422 170.328 -474.366 0 0 0 -0.638292 0.769795
79.5245 170.353 -474.586 0 0 0 -0.638516 0.769608
79.6319 170.408 -474.87 0 0 0 -0.638099 0.769954
79.7337 170.439 -475.073 0 0 0 -0.637125 0.77076
79.8337 170.496 -475.291 0 0 0 -0.631961 0.775
79.9401 170.554 -475.509 0 0 0 -0.628138 0.778102
80.0448 170.608 -475.695 0 0 0 -0.622697 0.782463
80.1442 170.655 -475.906 0 0 0 -0.615917 0.787811
80.2459 170.721 -476.046 0 0 0 -0.610492 0.792022
80.3507 170.782 -476.216 0 0 0 -0.604693 0.796458
80.4537 170.845 -476.352 0 0 0 -0.600233 0.799825
80.5555 170.837 -476.536 0 0 0 -0.591503 0.806302
80.6584 170.899 -476.629 0 0 0 -0.58435 0.811502
80.7634 170.944 -476.775 0 0 0 -0.577036 0.816718
80.865 171 -476.893 0 0 0 -0.571173 0.820829
80.9716 171.071 -477.011 0 0 0 -0.562157 0.82703
81.0717 171.106 -477.091 0 0 0 -0.559303 0.828964
81.1749 171.172 -477.202 0 0 0 -0.552594 0.833451
81.2781 171.21 -477.287 0 0 0 -0.546791 0.837269
81.3815 171.266 -477.391 0 0 0 -0.541772 0.840526
81.4849 171.303 -477.453 0 0 0 -0.536552 0.843867
81.5881 171.354 -477.536 0 0 0 -0.531863 0.84683
81.6916 171.398 -477.609 0 0 0 -0.527243 0.849714
81.795 171.438 -477.678 0 0 0 -0.524836 0.851203
81.9002 171.544 -477.678 0 0 0 -0.520904 0.853615
82.0018 171.572 -477.757 0 0 0 -0.514334 0.85759
82.107 171.613 -477.808 0 0 0 -0.512296 0.858809
82.2085 171.628 -477.826 0 0 0 -0.509693 0.860356
82.312 171.636 -477.879 0 0 0 -0.50727 0.861787
82.4154 171.67 -477.945 0 0 0 -0.506129 0.862458
82.5188 171.699 -477.994 0 0 0 -0.502998 0.864287
82.6243 171.771 -478.01 0 0 0 -0.499385 0.86638
