0.310262 2.88805 0.031067 0.0634185 -0.498503 0.501038 -0.500058 0.500398
0.413621 3.84831 0.0446274 0.0950362 -0.499929 0.502836 -0.497877 0.499345
0.517929 4.80655 0.0533724 0.122217 -0.498941 0.503376 -0.496646 0.501012
0.620389 5.73896 0.0645855 0.144871 -0.497755 0.503035 -0.496457 0.502719
0.724219 6.67639 0.0754279 0.153567 -0.497051 0.502204 -0.496877 0.503831
0.827211 7.60616 0.0893643 0.167881 -0.497248 0.501684 -0.496994 0.504038
0.930557 8.53549 0.101303 0.179166 -0.498225 0.501864 -0.496346 0.503532
1.03407 9.46587 0.114132 0.186585 -0.499147 0.502406 -0.495458 0.502953
1.13744 10.3889 0.127557 0.19163 -0.499682 0.502525 -0.494839 0.502912
1.24426 11.3395 0.142194 0.199719 -0.499606 0.502927 -0.494128 0.503285
1.34423 12.2234 0.154881 0.21556 -0.499776 0.502703 -0.493871 0.503592
1.44757 13.1333 0.169312 0.235486 -0.499494 0.502198 -0.494034 0.504216
1.55108 14.0414 0.184906 0.260252 -0.499207 0.501379 -0.494075 0.505274
1.65452 14.9455 0.199285 0.276057 -0.498931 0.501015 -0.493684 0.506288
1.75784 15.8463 0.216948 0.285111 -0.499301 0.500368 -0.493493 0.50675
1.86135 16.7431 0.236713 0.293361 -0.499761 0.499454 -0.493678 0.507017
1.96472 17.6348 0.254852 0.298244 -0.500537 0.498644 -0.493624 0.507102
2.06824 18.5268 0.273078 0.304406 -0.501026 0.498631 -0.492853 0.507381
2.17162 19.4142 0.293743 0.31384 -0.501864 0.498484 -0.492332 0.507204
2.27513 20.2948 0.314603 0.323688 -0.50236 0.498151 -0.491908 0.507452
2.37863 21.1689 0.333567 0.32204 -0.502489 0.497985 -0.491194 0.508178
2.48201 22.0379 0.351775 0.320509 -0.502674 0.497478 -0.490892 0.508782
2.58551 22.9009 0.372549 0.317219 -0.50306 0.497319 -0.490534 0.508902
2.68902 23.7577 0.393368 0.315927 -0.503862 0.49749 -0.489836 0.508613
2.79369 24.6154 0.412104 0.314024 -0.504448 0.49833 -0.488582 0.508416
2.89614 25.4422 0.428033 0.305738 -0.505039 0.49841 -0.488157 0.508159
2.99956 26.2662 0.447402 0.298849 -0.505048 0.497801 -0.488379 0.508533
3.10354 27.0804 0.469077 0.293049 -0.504909 0.496558 -0.489236 0.509063
3.20657 27.877 0.491623 0.293405 -0.504835 0.495826 -0.489572 0.509528
3.31008 28.6696 0.514723 0.298277 -0.505132 0.495289 -0.489632 0.509697
3.41396 29.4547 0.537729 0.303039 -0.505326 0.494884 -0.48932 0.510198
3.51708 30.2267 0.56105 0.302456 -0.50571 0.494177 -0.489078 0.510734
3.62072 30.9932 0.58371 0.289317 -0.506067 0.493616 -0.488699 0.511286
3.72467 31.7533 0.609883 0.284946 -0.506773 0.493462 -0.487806 0.511588
3.82772 32.4975 0.637347 0.285958 -0.507904 0.493638 -0.486635 0.511412
3.93124 33.2349 0.669497 0.291315 -0.508852 0.493299 -0.486037 0.511365
4.03487 33.9623 0.707028 0.298099 -0.509752 0.492498 -0.485847 0.511422
4.14215 34.7035 0.747597 0.301181 -0.510637 0.491143 -0.486277 0.511433
4.24344 35.3932 0.786123 0.301299 -0.511232 0.490101 -0.486419 0.511702
4.34597 36.0857 0.822501 0.2935 -0.512064 0.489959 -0.485787 0.511607
4.44918 36.7734 0.857975 0.28456 -0.512993 0.489795 -0.485415 0.511186
4.55252 37.4492 0.897984 0.282922 -0.513898 0.489224 -0.486016 0.510252
4.65624 38.1112 0.935694 0.27535 -0.513901 0.488159 -0.487627 0.509732
4.76082 38.7635 0.966244 0.264395 -0.513043 0.487348 -0.48935 0.509722
4.86379 39.4006 0.994069 0.259033 -0.512116 0.487295 -0.490504 0.509596
4.96682 40.0375 1.02297 0.254691 -0.511888 0.487997 -0.49136 0.508326
5.07326 40.6868 1.05457 0.256142 -0.513042 0.488421 -0.492723 0.505428
5.17427 41.2921 1.08278 0.255999 -0.514122 0.489203 -0.493849 0.502466
5.2775 41.8909 1.10735 0.254244 0.514479 -0.489256 0.495953 -0.499971
5.38114 42.4757 1.12746 0.250493 0.514105 -0.489706 0.498203 -0.497672
5.48464 43.0443 1.14322 0.247276 0.514098 -0.490734 0.500058 -0.494798
5.5881 43.5924 1.15652 0.246127 0.514055 -0.491521 0.502603 -0.491472
5.69162 44.1195 1.16369 0.246331 0.512964 -0.492329 0.505344 -0.488986
5.79522 44.627 1.16531 0.246031 0.512137 -0.493384 0.507907 -0.486125
5.89874 45.1105 1.16528 0.240157 0.511265 -0.494037 0.510961 -0.483171
6.00237 45.5745 1.16212 0.23485 0.509694 -0.494151 0.514658 -0.480784
6.10587 46.014 1.15391 0.236866 0.50731 -0.494918 0.517846 -0.479091
6.20951 46.4356 1.1397 0.23803 0.505555 -0.496892 0.519781 -0.476802
6.31302 46.8327 1.11911 0.239526 0.503847 -0.499295 0.521188 -0.474558
6.41652 47.2046 1.09816 0.239175 0.502496 -0.50108 0.523324 -0.471751
6.52404 47.5673 1.07774 0.238752 0.501062 -0.502472 0.526336 -0.468433
6.62372 47.8784 1.05949 0.240415 0.499996 -0.503292 0.529543 -0.465066
6.72729 48.1766 1.03613 0.244398 0.498671 -0.504671 0.532472 -0.461636
6.83081 48.4509 1.00626 0.253271 0.49629 -0.507187 0.534432 -0.459173
6.93443 48.7166 0.973096 0.260777 0.492782 -0.509614 0.537179 -0.457054
7.03807 48.9756 0.936956 0.267589 0.488137 -0.511755 0.540818 -0.455353
7.1417 49.2324 0.897746 0.273443 0.483816 -0.513747 0.545129 -0.452571
7.24533 49.4871 0.856741 0.280568 0.47971 -0.516631 0.549579 -0.448257
7.3533 49.7497 0.808431 0.286092 0.475439 -0.519949 0.554167 -0.443294
7.45259 49.9861 0.757712 0.291571 0.470921 -0.523442 0.558193 -0.438933
7.55658 50.2306 0.697158 0.296762 0.465536 -0.527666 0.562364 -0.434271
7.66336 50.4773 0.629655 0.302291 0.459772 -0.532481 0.56668 -0.428891
7.76336 50.7073 0.562625 0.306784 0.454193 -0.536644 0.571372 -0.423387
7.86699 50.9453 0.488921 0.311706 0.448179 -0.540539 0.57701 -0.417148
7.97062 51.1815 0.407494 0.317908 0.441527 -0.544972 0.58268 -0.410541
8.07425 51.4202 0.317219 0.325504 0.43458 -0.550036 0.588414 -0.40295
8.17796 51.6593 0.221245 0.33408 0.427656 -0.554994 0.594689 -0.394255
8.28392 51.9007 0.114714 0.343954 0.41976 -0.560415 0.60129 -0.38495
8.38596 52.1298 -0.000273587 0.354496 0.411047 -0.566225 0.607543 -0.375928
8.48878 52.3559 -0.130953 0.364272 0.400588 -0.572732 0.613733 -0.367204
8.59345 52.5804 -0.276032 0.373394 0.388443 -0.579757 0.620452 -0.357818
8.69603 52.8003 -0.427978 0.382434 0.375869 -0.586065 0.628052 -0.347564
8.79966 53.019 -0.590791 0.391907 0.363028 -0.591849 0.636332 -0.336166
8.90391 53.2441 -0.770108 0.402597 0.349755 -0.597845 0.644605 -0.323631
9.00803 53.4728 -0.965237 0.41476 0.336263 -0.603903 0.652968 -0.309616
9.11058 53.6948 -1.17229 0.430253 0.323066 -0.609823 0.661168 -0.294282
9.2142 53.9268 -1.40171 0.44674 0.309372 -0.615609 0.669352 -0.277996
9.31783 54.1534 -1.65826 0.464713 0.29352 -0.622149 0.676857 -0.261995
9.42146 54.3689 -1.94608 0.47764 0.276186 -0.629705 0.683286 -0.245587
9.52511 54.5852 -2.26973 0.477769 0.258309 -0.63651 0.689778 -0.228775
9.63008 54.7899 -2.61268 0.48322 0.239709 -0.642851 0.696371 -0.210594
9.73238 54.9838 -2.97376 0.479276 0.220021 -0.648474 0.702818 -0.192664
9.83601 55.1696 -3.35926 0.486089 0.200435 -0.654224 0.708286 -0.173631
9.93968 55.3354 -3.76614 0.491392 0.181431 -0.659784 0.71268 -0.15445
10.0439 55.484 -4.19836 0.51662 0.163059 -0.66484 0.716456 -0.134501
10.1468 55.6185 -4.64142 0.539618 0.146113 -0.668711 0.720039 -0.114104
10.2504 55.7214 -5.10372 0.564592 0.127292 -0.671188 0.723894 -0.096332
10.3537 55.8023 -5.58554 0.595774 0.106949 -0.674634 0.725723 -0.0822009
10.4572 55.8562 -6.08852 0.62668 0.0867971 -0.677914 0.726591 -0.0704611
10.563 55.9028 -6.61237 0.653241 0.068656 -0.679702 0.728002 -0.0574937
10.6645 55.9379 -7.12638 0.682131 0.0541295 -0.679588 0.730203 -0.045099
10.767 55.9541 -7.65863 0.724289 0.0399061 -0.680188 0.731046 -0.0363823
10.8702 55.9714 -8.20958 0.773785 0.0275859 -0.681233 0.73101 -0.0280001
10.9734 55.9775 -8.77494 0.813751 0.0166565 -0.682283 0.730589 -0.0212639
11.0772 55.9832 -9.35166 0.857379 0.00799192 -0.682346 0.730811 -0.0159727
11.1802 55.9818 -9.93325 0.902062 0.00152051 -0.681785 0.731462 -0.011397
11.2842 55.9798 -10.5377 0.947374 -0.00328786 -0.682015 0.7313 -0.00667918
11.3859 55.979 -11.1375 0.996539 -0.00734633 -0.681795 0.731502 -0.00261593
11.489 55.963 -11.755 1.05525 -0.0120363 -0.680545 0.732607 -0.00108098
11.5926 55.9295 -12.3828 1.11719 -0.0159077 -0.679835 0.733192 -0.000277304
11.6953 55.903 -13.0203 1.16798 -0.017582 -0.680164 0.732848 0.00135893
11.7995 55.8833 -13.6731 1.21752 -0.0180013 -0.681036 0.73202 0.00353811
11.9017 55.8585 -14.3336 1.26954 -0.0180703 -0.683786 0.729441 0.00516419
12.0048 55.8215 -15.0132 1.31743 -0.0190497 -0.685923 0.727406 0.00511851
12.108 55.779 -15.698 1.36612 -0.0201685 -0.686699 0.726649 0.00436073
12.2112 55.7407 -16.3872 1.41706 -0.0212047 -0.685842 0.727434 0.00318775
12.3145 55.7032 -17.0825 1.46235 -0.0214135 -0.682891 0.730201 0.00261081
12.4177 55.6721 -17.7847 1.50244 -0.0208852 -0.680025 0.73289 0.00168359
12.5211 55.643 -18.5047 1.54575 -0.0206495 -0.679489 0.733395 0.000429806
12.6245 55.615 -19.2416 1.59391 -0.0195507 -0.681328 0.731717 1.34512e-05
12.7274 55.5903 -19.9782 1.64772 -0.0185481 -0.684092 0.72916 -0.00080997
12.8307 55.569 -20.7128 1.69673 -0.0168025 -0.684361 0.728949 -0.000993266
12.9341 55.5369 -21.4385 1.74169 -0.0185791 -0.682263 0.730854 -0.00493962
13.0377 55.5101 -22.1671 1.78793 -0.0181586 -0.68028 0.732695 -0.0068582
13.1417 55.5054 -22.9033 1.83908 -0.0149536 -0.68015 0.732901 -0.00533452
13.2442 55.5016 -23.6322 1.89577 -0.0125343 -0.681087 0.732076 -0.00530766
13.348 55.4845 -24.3733 1.9558 -0.0122476 -0.683112 0.730164 -0.0083175
13.4528 55.4636 -25.1116 2.00847 -0.0129329 -0.682142 0.73102 -0.0112118
13.5549 55.4618 -25.8351 2.05939 -0.0116955 -0.680664 0.732402 -0.0121388
13.658 55.4726 -26.5681 2.1137 -0.00924787 -0.680162 0.732902 -0.0122193
13.7613 55.4896 -27.3049 2.16761 -0.00755059 -0.680613 0.732484 -0.0132641
13.8647 55.4977 -28.0441 2.22655 -0.00780499 -0.681538 0.731561 -0.0162086
13.9682 55.5103 -28.7777 2.28867 -0.00811065 -0.681555 0.731469 -0.0192414
14.0716 55.5223 -29.5123 2.34389 -0.00791675 -0.681104 0.731828 -0.0215228
14.175 55.5362 -30.2463 2.3954 -0.00703864 -0.680963 0.731936 -0.0225746
14.2786 55.5486 -30.9856 2.44522 -0.00642597 -0.681325 0.731544 -0.024442
14.3821 55.5619 -31.7263 2.49611 -0.00567594 -0.681888 0.730962 -0.0263008
14.4855 55.5847 -32.465 2.53744 -0.00432397 -0.681427 0.731376 -0.026976
14.589 55.6135 -33.2074 2.57823 -0.00227099 -0.680909 0.731862 -0.0271334
14.6924 55.6398 -33.951 2.6206 -0.00197258 -0.680803 0.731896 -0.028821
14.796 55.6732 -34.6984 2.66772 -4.19576e-05 -0.680958 0.731751 -0.0289206
14.8995 55.7093 -35.4425 2.71189 0.00102902 -0.680613 0.732056 -0.0292955
15.0029 55.7486 -36.1978 2.76138 0.00350281 -0.680797 0.731884 -0.0291326
15.1064 55.787 -36.9509 2.81239 0.00505631 -0.679993 0.732589 -0.0299583
15.2099 55.8266 -37.7047 2.86755 0.00644129 -0.678383 0.734033 -0.0308137
15.3134 55.8685 -38.4658 2.92299 0.0076995 -0.67782 0.734494 -0.0319351
15.4167 55.9211 -39.2301 2.97341 0.0107902 -0.676847 0.735386 -0.0311308
15.5202 55.9763 -40.0022 3.02432 0.0131495 -0.67733 0.73492 -0.0307281
15.6239 56.0249 -40.7783 3.08093 0.0135893 -0.677048 0.735081 -0.0328159
15.7272 56.0779 -41.5555 3.13592 0.0151595 -0.676633 0.735373 -0.0341183
15.8306 56.1413 -42.3395 3.18877 0.0179813 -0.676271 0.735654 -0.033878
15.9342 56.2033 -43.1303 3.24433 0.0195364 -0.676603 0.735243 -0.035277
16.0394 56.2697 -43.938 3.29718 0.0213177 -0.677123 0.734627 -0.037062
16.1409 56.3439 -44.7137 3.35254 0.0241281 -0.675356 0.73613 -0.0377351
16.2443 56.423 -45.5044 3.40258 0.0265861 -0.671804 0.739193 -0.0395692
16.3483 56.5081 -46.3076 3.46124 0.0296924 -0.670056 0.740537 -0.0418
16.4534 56.6053 -47.1222 3.52528 0.0335586 -0.669077 0.74118 -0.0431595
16.5544 56.7066 -47.9141 3.59247 0.0373966 -0.669825 0.740248 -0.0443787
16.658 56.8119 -48.7269 3.66224 0.0401247 -0.670343 0.739467 -0.0470998
16.7614 56.9216 -49.5407 3.72764 0.0426764 -0.67126 0.738322 -0.0496817
16.8647 57.041 -50.3568 3.79289 0.046203 -0.673392 0.736037 -0.0515549
16.9681 57.1679 -51.1679 3.85012 0.0496052 -0.675759 0.733517 -0.0533076
17.0734 57.2973 -51.9891 3.91255 0.0525268 -0.67691 0.732061 -0.0558655
17.1756 57.4249 -52.7738 3.96802 0.0547761 -0.67556 0.732925 -0.058645
17.2795 57.5603 -53.5615 4.02316 0.0565038 -0.673199 0.734773 -0.0609861
17.3833 57.6985 -54.3432 4.08252 0.0584679 -0.671354 0.73616 -0.0627265
17.4854 57.8375 -55.1044 4.1437 0.0607908 -0.670391 0.736754 -0.063831
17.5889 57.9795 -55.8705 4.20441 0.0633386 -0.670446 0.736369 -0.0651993
17.6939 58.1203 -56.6455 4.26212 0.0639193 -0.671401 0.73516 -0.0683659
17.7958 58.2625 -57.3891 4.31831 0.0652844 -0.673422 0.733018 -0.0701832
17.8994 58.4136 -58.1367 4.36915 0.0674791 -0.676179 0.730274 -0.0702105
18.0031 58.5673 -58.876 4.4208 0.0698293 -0.677176 0.729132 -0.0701709
18.1063 58.7161 -59.5996 4.46762 0.0715342 -0.676962 0.729105 -0.0707939
18.2098 58.8661 -60.3125 4.51637 0.0729362 -0.67609 0.729759 -0.0709618
18.3134 59.0211 -61.0132 4.56453 0.074816 -0.674654 0.730977 -0.0701207
18.4172 59.1724 -61.7044 4.61479 0.0759009 -0.672961 0.732388 -0.0705077
18.5205 59.3209 -62.382 4.65759 0.0766153 -0.67096 0.734073 -0.0712701
18.624 59.4684 -63.0559 4.70638 0.0769267 -0.670191 0.734663 -0.072094
18.7275 59.6169 -63.7223 4.75876 0.0781679 -0.67034 0.73443 -0.0717377
18.8309 59.7602 -64.3816 4.81471 0.0785042 -0.671356 0.733453 -0.0718638
18.9347 59.9022 -65.0328 4.86783 0.0787622 -0.672398 0.732464 -0.0719269
19.038 60.0352 -65.6718 4.91338 0.0784484 -0.67275 0.732162 -0.0720557
19.1415 60.1676 -66.301 4.9654 0.0779168 -0.673075 0.731977 -0.0714728
19.2455 60.2984 -66.9221 5.01832 0.0777692 -0.672932 0.732228 -0.0704082
19.3518 60.4322 -67.5457 5.07671 0.0772031 -0.67177 0.73346 -0.0692898
19.4521 60.5544 -68.1202 5.13034 0.0756634 -0.670487 0.734803 -0.0691792
19.5578 60.6779 -68.7247 5.18206 0.0741763 -0.670314 0.735097 -0.0693472
19.6601 60.8031 -69.3031 5.23185 0.0737393 -0.670787 0.734815 -0.0682257
19.764 60.9193 -69.8829 5.2859 0.0730411 -0.671944 0.733936 -0.0670408
19.867 61.033 -70.45 5.34276 0.0723969 -0.673674 0.732489 -0.0662055
19.9699 61.1404 -71.0007 5.39305 0.070681 -0.67401 0.732319 -0.0665117
20.0734 61.2438 -71.5454 5.44083 0.0684175 -0.673174 0.733219 -0.067422
20.1772 61.3467 -72.0865 5.48536 0.0661205 -0.672468 0.734032 -0.0679122
20.2803 61.4508 -72.6229 5.53222 0.0657349 -0.671622 0.734913 -0.0671296
20.3839 61.5545 -73.1581 5.58314 0.0652783 -0.670794 0.735749 -0.066681
20.4876 61.657 -73.7011 5.63017 0.0643073 -0.671497 0.735186 -0.0667676
20.5909 61.7495 -74.2427 5.67645 0.0623112 -0.671917 0.734751 -0.0691804
20.6943 61.8418 -74.7876 5.7208 0.0613435 -0.672013 0.734488 -0.0718496
20.7977 61.9448 -75.3352 5.76817 0.0611797 -0.672235 0.734147 -0.073383
20.9021 62.0582 -75.8867 5.81706 0.0635266 -0.672347 0.733825 -0.0735847
21.0046 62.1712 -76.4345 5.86245 0.0656096 -0.67196 0.733803 -0.0754831
21.1082 62.2914 -76.9926 5.91229 0.0675859 -0.671952 0.733326 -0.0783931
21.2136 62.4239 -77.5684 5.96115 0.0706261 -0.671876 0.732791 -0.0813163
21.3161 62.5531 -78.1287 6.00876 0.0736059 -0.671791 0.732255 -0.0841464
21.418 62.692 -78.6926 6.05987 0.0781354 -0.671818 0.73153 -0.0861338
21.5243 62.8458 -79.285 6.10786 0.082166 -0.671393 0.731092 -0.0893596
21.6248 63.005 -79.8509 6.15078 0.0869076 -0.669891 0.73165 -0.0915525
21.7303 63.1799 -80.4534 6.19281 0.0915183 -0.668448 0.732093 -0.0940318
21.833 63.3568 -81.0484 6.23901 0.0967411 -0.667327 0.73209 -0.0967469
21.9362 63.5411 -81.6547 6.28567 0.100916 -0.666107 0.732185 -0.100118
22.0384 63.7405 -82.2658 6.32496 0.105257 -0.665397 0.731815 -0.103025
22.1419 63.9481 -82.8951 6.37117 0.109381 -0.664482 0.731541 -0.106518
22.2453 64.1668 -83.5348 6.41474 0.114202 -0.663735 0.731066 -0.109345
22.3488 64.3998 -84.194 6.45846 0.118137 -0.665071 0.728636 -0.1132
22.4522 64.6374 -84.8614 6.49861 0.121059 -0.667179 0.725433 -0.118165
22.5557 64.8881 -85.5388 6.54501 0.124702 -0.667959 0.723352 -0.122645
22.6594 65.1538 -86.2244 6.58558 0.128463 -0.668386 0.721659 -0.126354
22.7625 65.4284 -86.9275 6.60505 0.129515 -0.668852 0.720045 -0.131906
22.866 65.7033 -87.6317 6.62434 0.130682 -0.669133 0.718527 -0.137481
22.9695 65.9934 -88.3579 6.64634 0.130506 -0.671652 0.715167 -0.142787
23.073 66.289 -89.0769 6.68407 0.130999 -0.672132 0.713633 -0.147669
23.1766 66.5994 -89.7924 6.72536 0.133124 -0.671296 0.71333 -0.150998
23.28 66.9071 -90.5024 6.76369 0.134327 -0.668032 0.715214 -0.155429
23.3847 67.2287 -91.2181 6.81338 0.134921 -0.665187 0.716698 -0.160206
23.4876 67.5593 -91.9218 6.87074 0.137758 -0.664359 0.716651 -0.161435
23.5907 67.9037 -92.609 6.91427 0.142252 -0.663761 0.716538 -0.160496
23.6945 68.2475 -93.2889 6.97518 0.145792 -0.662591 0.717004 -0.160072
23.7982 68.5808 -93.9613 7.03488 0.147448 -0.66093 0.717835 -0.16169
23.9035 68.9201 -94.6331 7.11002 0.149776 -0.659077 0.718852 -0.162591
24.0046 69.2482 -95.2755 7.18301 0.152042 -0.657889 0.719374 -0.162991
24.1082 69.5824 -95.9275 7.25968 0.154123 -0.658277 0.718341 -0.164022
24.2132 69.913 -96.5834 7.32927 0.155593 -0.659199 0.716762 -0.16583
24.3151 70.2361 -97.2065 7.39853 0.157218 -0.659853 0.71558 -0.166801
24.4221 70.5697 -97.8456 7.46954 0.159163 -0.659972 0.714834 -0.167679
24.5224 70.8839 -98.4351 7.53316 0.160838 -0.658976 0.71516 -0.168604
24.6253 71.1979 -99.0331 7.59212 0.161444 -0.658479 0.715125 -0.170112
24.7288 71.5089 -99.6279 7.65021 0.161585 -0.658804 0.714449 -0.171552
24.8322 71.8162 -100.212 7.70974 0.161527 -0.658827 0.714115 -0.172906
24.9356 72.1255 -100.787 7.76666 0.162779 -0.658853 0.713763 -0.173088
25.0391 72.4326 -101.353 7.82354 0.16308 -0.658667 0.713568 -0.174309
25.1425 72.7358 -101.906 7.88334 0.163963 -0.657541 0.714122 -0.175459
25.246 73.0324 -102.445 7.94307 0.16423 -0.657226 0.713838 -0.177532
25.3494 73.3285 -102.983 8.00238 0.164495 -0.656926 0.713533 -0.179609
25.4527 73.6209 -103.511 8.05369 0.164723 -0.656958 0.712888 -0.18183
25.5563 73.9098 -104.036 8.09662 0.165489 -0.656791 0.712384 -0.183707
25.6596 74.1959 -104.55 8.13929 0.16633 -0.656487 0.712047 -0.185332
25.7632 74.4823 -105.06 8.18196 0.167382 -0.6563 0.711556 -0.186929
25.8665 74.7663 -105.564 8.22375 0.168037 -0.655923 0.711222 -0.188925
25.9702 75.054 -106.064 8.26506 0.169498 -0.654966 0.711334 -0.190508
26.0745 75.3431 -106.565 8.30837 0.17028 -0.654158 0.7112 -0.193073
26.1778 75.6342 -107.06 8.3631 0.172626 -0.652416 0.711848 -0.19449
26.28 75.9257 -107.54 8.41875 0.175344 -0.649686 0.713234 -0.196112
26.3845 76.2288 -108.029 8.47588 0.17893 -0.646637 0.714803 -0.197234
26.4869 76.5323 -108.508 8.53028 0.182546 -0.643836 0.71605 -0.198557
26.5902 76.8408 -108.994 8.58612 0.185677 -0.64149 0.716775 -0.200619
26.6936 77.1609 -109.485 8.64234 0.189583 -0.641219 0.715832 -0.201198
26.7969 77.4899 -109.986 8.70646 0.194442 -0.641782 0.71411 -0.200887
26.9004 77.8245 -110.496 8.76309 0.199488 -0.642763 0.711876 -0.20073
27.0039 78.1711 -111.012 8.81785 0.204579 -0.643658 0.709679 -0.200515
27.1073 78.5197 -111.537 8.86741 0.208286 -0.643914 0.70798 -0.201882
27.2106 78.8761 -112.056 8.91537 0.212256 -0.642047 0.708081 -0.203334
27.314 79.2468 -112.583 8.96322 0.21568 -0.640009 0.708426 -0.204944
27.4174 79.6277 -113.116 9.01165 0.218808 -0.63804 0.708655 -0.206969
27.5208 80.0189 -113.669 9.05712 0.221905 -0.636577 0.708358 -0.209183
27.6242 80.4259 -114.229 9.10537 0.225642 -0.635683 0.707508 -0.210773
27.7277 80.8487 -114.793 9.158 0.230391 -0.634704 0.706668 -0.211403
27.8311 81.2845 -115.367 9.21704 0.233702 -0.6347 0.704777 -0.214075
27.9345 81.7293 -115.948 9.2737 0.236969 -0.63442 0.702999 -0.217137
28.0378 82.1889 -116.53 9.31781 0.240367 -0.633327 0.701897 -0.220138
28.1411 82.664 -117.109 9.36634 0.245231 -0.63177 0.701075 -0.221862
28.2444 83.1511 -117.7 9.41022 0.248517 -0.63034 0.700104 -0.225312
28.348 83.6524 -118.299 9.45763 0.25193 -0.629132 0.699167 -0.227793
28.4513 84.1642 -118.907 9.50146 0.254246 -0.628887 0.697842 -0.22995
28.5548 84.6852 -119.523 9.5499 0.25562 -0.628808 0.69682 -0.231737
28.6609 85.2239 -120.164 9.59065 0.255841 -0.628782 0.695785 -0.234655
28.7618 85.7438 -120.781 9.63523 0.25539 -0.628998 0.694654 -0.237893
28.8668 86.2927 -121.433 9.68294 0.254582 -0.630222 0.692487 -0.241807
28.9707 86.8516 -122.085 9.7287 0.254446 -0.631262 0.690496 -0.244909
29.0735 87.405 -122.73 9.77396 0.254282 -0.63231 0.688494 -0.247995
29.1767 87.9782 -123.378 9.82035 0.255766 -0.632192 0.687534 -0.249429
29.2793 88.5548 -124.02 9.86806 0.257134 -0.630998 0.687626 -0.250787
29.3848 89.1605 -124.677 9.91628 0.260432 -0.62926 0.688037 -0.250622
29.4864 89.7536 -125.311 9.9644 0.263499 -0.628111 0.688107 -0.250109
29.5894 90.3599 -125.964 10.0137 0.265749 -0.629248 0.686066 -0.250478
29.6929 90.9768 -126.619 10.0578 0.268978 -0.630395 0.683762 -0.250444
29.7963 91.5969 -127.276 10.1009 0.271237 -0.632153 0.68094 -0.251264
29.8998 92.2182 -127.927 10.1428 0.272738 -0.632828 0.678754 -0.253841
30.0032 92.8408 -128.581 10.1842 0.272686 -0.632211 0.677772 -0.258026
30.1066 93.4639 -129.225 10.2334 0.270558 -0.630577 0.677519 -0.264836
30.2116 94.1064 -129.879 10.2869 0.269862 -0.627494 0.67846 -0.270401
30.3133 94.7443 -130.507 10.3407 0.271074 -0.625775 0.677978 -0.274355
30.4167 95.4032 -131.149 10.3996 0.273197 -0.625952 0.675649 -0.277571
30.5201 96.0704 -131.792 10.456 0.274925 -0.626822 0.672574 -0.281344
30.6236 96.742 -132.427 10.5052 0.275746 -0.625891 0.671362 -0.285477
30.727 97.4193 -133.059 10.5525 0.276356 -0.62371 0.671562 -0.289166
30.8303 98.1044 -133.685 10.6043 0.277932 -0.621754 0.671905 -0.291067
30.9338 98.7963 -134.319 10.66 0.279048 -0.622477 0.669946 -0.292963
31.0373 99.4886 -134.954 10.7155 0.279675 -0.623761 0.667752 -0.294637
31.1428 100.196 -135.601 10.7714 0.27964 -0.624725 0.666268 -0.295986
31.2442 100.879 -136.221 10.82 0.279189 -0.626019 0.664803 -0.296971
31.3477 101.579 -136.853 10.8698 0.279574 -0.62645 0.664284 -0.29686
31.4513 102.28 -137.484 10.9183 0.280047 -0.626653 0.664166 -0.296248
31.5556 102.985 -138.121 10.9687 0.280112 -0.625984 0.665017 -0.295693
31.6617 103.701 -138.768 11.0181 0.280458 -0.625051 0.666463 -0.294076
31.7632 104.383 -139.39 11.0653 0.28056 -0.624561 0.667701 -0.292208
31.8659 105.073 -140.021 11.1151 0.281164 -0.62447 0.668595 -0.289766
31.9708 105.771 -140.669 11.1641 0.280809 -0.624989 0.669087 -0.287851
32.0741 106.457 -141.31 11.2153 0.280155 -0.625716 0.669348 -0.286296
32.1766 107.133 -141.947 11.2617 0.279912 -0.627201 0.668941 -0.284228
32.2802 107.806 -142.593 11.3094 0.277681 -0.628845 0.668479 -0.283871
32.3826 108.465 -143.23 11.3596 0.275976 -0.627665 0.67074 -0.282812
32.4861 109.124 -143.859 11.4107 0.274562 -0.624161 0.675327 -0.281021
32.5899 109.784 -144.499 11.4626 0.273046 -0.622774 0.677877 -0.27943
32.6947 110.449 -145.154 11.5214 0.273141 -0.625028 0.677184 -0.275964
32.7966 111.096 -145.79 11.5785 0.273214 -0.627202 0.676501 -0.272614
32.9023 111.754 -146.448 11.6336 0.272442 -0.628436 0.676664 -0.270129
33.0034 112.378 -147.083 11.6826 0.270912 -0.629204 0.677151 -0.268654
33.1068 113.008 -147.733 11.7322 0.268884 -0.630151 0.677405 -0.267831
33.2116 113.639 -148.396 11.7842 0.266042 -0.630569 0.678097 -0.267933
33.3147 114.25 -149.052 11.835 0.262972 -0.630722 0.679211 -0.267783
33.4171 114.843 -149.707 11.8835 0.259932 -0.630878 0.680467 -0.267195
33.5205 115.438 -150.376 11.9278 0.258123 -0.631348 0.681429 -0.265381
33.624 116.037 -151.048 11.9758 0.256951 -0.631814 0.682432 -0.262818
33.7278 116.634 -151.727 12.0241 0.254694 -0.632856 0.683227 -0.260432
33.8308 117.222 -152.404 12.072 0.2528 -0.632946 0.685017 -0.257339
33.9347 117.816 -153.086 12.125 0.251085 -0.631866 0.688062 -0.253519
34.0379 118.399 -153.774 12.1793 0.248365 -0.630514 0.691284 -0.250786
34.1422 118.989 -154.479 12.2383 0.245319 -0.630892 0.692977 -0.248146
34.2447 119.566 -155.189 12.299 0.243968 -0.634419 0.691753 -0.243865
34.3481 120.152 -155.913 12.365 0.244428 -0.638551 0.690046 -0.23737
34.4516 120.725 -156.645 12.4265 0.241865 -0.642017 0.689029 -0.233567
34.5551 121.298 -157.384 12.4764 0.240512 -0.642807 0.690352 -0.228839
34.6591 121.868 -158.134 12.5258 0.236275 -0.643328 0.692182 -0.226246
34.7647 122.432 -158.906 12.5837 0.23124 -0.643232 0.694137 -0.225731
34.8662 122.972 -159.646 12.6393 0.22704 -0.640897 0.698232 -0.223999
34.969 123.509 -160.401 12.7022 0.22189 -0.64089 0.700295 -0.222738
35.0749 124.064 -161.195 12.7776 0.218532 -0.643531 0.699792 -0.220004
35.1768 124.583 -161.964 12.8519 0.214832 -0.646605 0.698779 -0.217845
35.2795 125.091 -162.729 12.9194 0.211712 -0.64755 0.699579 -0.215514
35.3828 125.602 -163.499 12.9873 0.208571 -0.648485 0.700375 -0.213167
35.4863 126.114 -164.27 13.0553 0.205417 -0.649422 0.701148 -0.210825
35.5897 126.604 -165.042 13.1223 0.202242 -0.651925 0.700067 -0.209757
35.6932 127.092 -165.801 13.1829 0.200469 -0.653905 0.699411 -0.207473
35.7965 127.577 -166.553 13.2395 0.199432 -0.654984 0.699443 -0.204946
35.9 128.052 -167.292 13.2998 0.1975 -0.654411 0.701047 -0.203159
36.006 128.527 -168.047 13.3643 0.195283 -0.653323 0.702942 -0.202255
36.1082 128.979 -168.764 13.4243 0.193532 -0.65161 0.705204 -0.201587
36.2103 129.429 -169.476 13.4846 0.193057 -0.651333 0.706238 -0.199305
36.3137 129.882 -170.193 13.549 0.192546 -0.653749 0.704609 -0.197647
36.4171 130.322 -170.912 13.6118 0.191378 -0.65718 0.701917 -0.19698
36.5205 130.753 -171.621 13.6712 0.189193 -0.65901 0.70077 -0.19706
36.624 131.175 -172.32 13.7281 0.185941 -0.659164 0.701187 -0.198157
36.7274 131.593 -173.01 13.7841 0.184172 -0.657994 0.702772 -0.198083
36.8307 132.007 -173.686 13.8451 0.183428 -0.655718 0.705351 -0.197148
36.9347 132.418 -174.355 13.9063 0.182499 -0.652671 0.708656 -0.196268
37.0404 132.827 -175.035 13.9638 0.17976 -0.651926 0.709793 -0.197161
37.141 133.218 -175.69 14.0183 0.179893 -0.654876 0.707619 -0.195067
37.2447 133.631 -176.353 14.0787 0.182691 -0.659569 0.704006 -0.189655
37.3479 134.03 -177.007 14.134 0.185059 -0.662001 0.70241 -0.184737
37.4514 134.412 -177.652 14.1809 0.184331 -0.661568 0.703272 -0.183735
37.5548 134.778 -178.294 14.2229 0.181702 -0.660115 0.705121 -0.184494
37.6581 135.14 -178.931 14.2647 0.18019 -0.65968 0.706043 -0.184005
37.7617 135.505 -179.557 14.3126 0.179436 -0.660317 0.70598 -0.182692
37.8651 135.864 -180.175 14.3632 0.178848 -0.661145 0.705762 -0.18111
37.9686 136.217 -180.779 14.4126 0.17786 -0.661533 0.705904 -0.18011
38.0724 136.558 -181.391 14.4585 0.176038 -0.661535 0.706491 -0.179592
38.1761 136.891 -181.99 14.5031 0.174035 -0.661131 0.70763 -0.178542
38.2788 137.214 -182.581 14.5475 0.172268 -0.660786 0.708791 -0.176917
38.3823 137.533 -183.167 14.591 0.170298 -0.660542 0.70993 -0.175164
38.4858 137.844 -183.747 14.631 0.168256 -0.660066 0.711345 -0.173181
38.5893 138.15 -184.328 14.6715 0.165253 -0.659282 0.713155 -0.171609
38.6927 138.45 -184.91 14.7124 0.161894 -0.658624 0.714926 -0.169958
38.7963 138.753 -185.503 14.7551 0.15993 -0.658487 0.716224 -0.166853
38.8999 139.056 -186.097 14.7976 0.158996 -0.658797 0.717124 -0.1626
39.0032 139.356 -186.702 14.845 0.157845 -0.6592 0.717882 -0.1587
39.1069 139.65 -187.317 14.8937 0.155573 -0.659451 0.718722 -0.156076
39.2104 139.942 -187.939 14.9426 0.153158 -0.658902 0.720365 -0.153183
39.3139 140.235 -188.564 14.9929 0.1512 -0.657772 0.722605 -0.149387
39.4174 140.527 -189.198 15.0391 0.1489 -0.657128 0.72438 -0.145893
39.5209 140.816 -189.84 15.0879 0.146702 -0.65687 0.725715 -0.142616
39.6243 141.098 -190.497 15.1458 0.143976 -0.656465 0.727189 -0.139715
39.728 141.381 -191.167 15.2055 0.141739 -0.656467 0.728252 -0.136421
39.8313 141.654 -191.846 15.2638 0.137807 -0.656501 0.729252 -0.134934
39.9348 141.929 -192.539 15.3253 0.134559 -0.657292 0.729523 -0.13288
40.0383 142.204 -193.245 15.3882 0.131686 -0.658801 0.72918 -0.130142
40.1417 142.481 -193.963 15.452 0.129721 -0.660372 0.728729 -0.126627
40.2452 142.754 -194.696 15.5137 0.127395 -0.662494 0.727664 -0.124005
40.3505 143.026 -195.46 15.573 0.124264 -0.6641 0.726939 -0.122837
40.4521 143.294 -196.214 15.6268 0.122476 -0.666521 0.7254 -0.120603
40.5561 143.568 -196.986 15.682 0.120622 -0.668979 0.72382 -0.118334
40.6602 143.834 -197.772 15.7403 0.117139 -0.669057 0.724334 -0.118245
40.7641 144.097 -198.559 15.7985 0.114005 -0.666353 0.727422 -0.117618
40.8659 144.35 -199.339 15.8543 0.109632 -0.661682 0.73219 -0.118556
40.9694 144.607 -200.145 15.9244 0.105593 -0.659211 0.734858 -0.119475
41.0728 144.868 -200.975 16.0053 0.102147 -0.660936 0.733746 -0.119773
41.1768 145.13 -201.824 16.0886 0.0985026 -0.664148 0.731315 -0.119928
41.2828 145.398 -202.692 16.176 0.0963448 -0.666399 0.729778 -0.118552
41.3851 145.654 -203.532 16.2612 0.0955306 -0.664359 0.732162 -0.11593
41.4868 145.908 -204.367 16.3387 0.0949178 -0.6613 0.73543 -0.113206
41.5927 146.172 -205.249 16.4265 0.0943636 -0.660324 0.736851 -0.11008
41.6933 146.423 -206.105 16.5161 0.0939865 -0.662815 0.735177 -0.106574
41.7967 146.678 -206.982 16.6098 0.0932371 -0.664642 0.73408 -0.103368
41.9002 146.926 -207.861 16.6986 0.0916766 -0.664383 0.734847 -0.100948
42.0036 147.171 -208.747 16.7844 0.0901036 -0.663063 0.73651 -0.0989029
42.1069 147.407 -209.644 16.8739 0.0872841 -0.663058 0.736937 -0.0982827
42.2103 147.644 -210.549 16.9632 0.084534 -0.663416 0.736968 -0.0980409
42.3138 147.881 -211.462 17.0544 0.082716 -0.664171 0.736628 -0.0970251
42.4176 148.115 -212.381 17.1439 0.0806227 -0.664445 0.736677 -0.0965448
42.5206 148.348 -213.3 17.2338 0.079682 -0.665018 0.736398 -0.0954973
42.624 148.583 -214.227 17.3224 0.0792098 -0.665702 0.736027 -0.0939705
42.7274 148.814 -215.157 17.4111 0.0783943 -0.666541 0.735484 -0.0929537
42.8307 149.049 -216.084 17.5003 0.0791154 -0.666767 0.735524 -0.0903668
42.9342 149.278 -217.009 17.5891 0.0789013 -0.66599 0.736374 -0.0893607
43.0374 149.504 -217.934 17.6777 0.0784665 -0.665722 0.736766 -0.0885046
43.1408 149.726 -218.86 17.7686 0.0775999 -0.665536 0.737098 -0.0879076
43.2447 149.95 -219.794 17.8589 0.0772804 -0.666633 0.736213 -0.0872835
43.3476 150.166 -220.72 17.9462 0.0760266 -0.667393 0.735609 -0.0876756
43.4509 150.382 -221.645 18.0341 0.0753821 -0.669083 0.734198 -0.0871668
43.5552 150.6 -222.574 18.1204 0.0749478 -0.667731 0.735563 -0.0863999
43.6603 150.814 -223.508 18.2085 0.0742347 -0.666189 0.737113 -0.0857057
43.7623 151.022 -224.412 18.2936 0.0735399 -0.664644 0.738651 -0.0850537
43.8653 151.232 -225.328 18.3864 0.0730369 -0.664654 0.738858 -0.0836046
43.9714 151.446 -226.273 18.4808 0.0727461 -0.666252 0.73764 -0.0818774
44.0716 151.643 -227.168 18.5675 0.0717739 -0.668702 0.735648 -0.0806722
44.1768 151.845 -228.104 18.6551 0.070384 -0.670274 0.734488 -0.079406
44.2787 152.038 -229.006 18.7366 0.0694902 -0.67021 0.734839 -0.0774762
44.3821 152.23 -229.919 18.8165 0.0679379 -0.669746 0.73556 -0.076006
44.4857 152.418 -230.838 18.8938 0.0666194 -0.669869 0.735714 -0.0745825
44.5891 152.603 -231.759 18.9699 0.0651397 -0.670259 0.735653 -0.0729657
44.693 152.786 -232.689 19.0411 0.0635335 -0.670826 0.735403 -0.0716909
44.7968 152.965 -233.615 19.1149 0.0625308 -0.671147 0.735369 -0.0698899
44.8996 153.14 -234.531 19.187 0.0616782 -0.67105 0.735721 -0.0678329
45.0031 153.313 -235.449 19.2612 0.0611645 -0.670977 0.73604 -0.0655365
45.1071 153.478 -236.379 19.3337 0.0605828 -0.67137 0.735934 -0.0631947
45.2099 153.642 -237.29 19.4101 0.0609293 -0.671248 0.73626 -0.0602891
45.3135 153.803 -238.2 19.4956 0.0612432 -0.669794 0.737787 -0.0574021
45.4169 153.959 -239.105 19.5793 0.060911 -0.667869 0.739709 -0.0554155
45.5204 154.11 -240.019 19.6644 0.0602489 -0.667375 0.74034 -0.0536339
45.6237 154.256 -240.934 19.7526 0.059733 -0.668506 0.739494 -0.0517742
45.7272 154.398 -241.85 19.84 0.0585278 -0.67002 0.738301 -0.0505848
45.8306 154.535 -242.763 19.9238 0.0573711 -0.671188 0.737401 -0.04955
45.9339 154.668 -243.669 20.0043 0.0557747 -0.671631 0.737171 -0.0487732
46.0374 154.798 -244.576 20.0839 0.0543545 -0.671662 0.737318 -0.0477191
46.1408 154.924 -245.474 20.164 0.0531287 -0.671076 0.738051 -0.0459875
46.2442 155.041 -246.368 20.2453 0.0515701 -0.670275 0.739 -0.0441643
46.3477 155.145 -247.273 20.3235 0.046536 -0.671736 0.73793 -0.0454414
46.4511 155.252 -248.174 20.4038 0.0450168 -0.673884 0.736154 -0.0439487
46.5545 155.358 -249.07 20.482 0.0431507 -0.673664 0.736586 -0.0418987
46.658 155.453 -249.955 20.5575 0.0403674 -0.668891 0.741089 -0.0417479
46.7614 155.542 -250.835 20.6346 0.0375446 -0.663895 0.745775 -0.0406607
46.8649 155.633 -251.726 20.7197 0.0364129 -0.662994 0.746783 -0.0377998
46.9683 155.721 -252.621 20.8062 0.0363308 -0.66553 0.744705 -0.0341165
47.0718 155.806 -253.514 20.8945 0.0355288 -0.668199 0.742472 -0.031371
47.1752 155.881 -254.402 20.9822 0.0343992 -0.669712 0.741264 -0.0287916
47.2785 155.956 -255.282 21.0652 0.0336579 -0.669989 0.741181 -0.0251608
47.382 156.025 -256.162 21.1449 0.0327128 -0.670834 0.740585 -0.0211131
47.4855 156.09 -257.043 21.2238 0.031557 -0.672555 0.739175 -0.0171178
47.5889 156.145 -257.92 21.3023 0.0297933 -0.674099 0.737912 -0.0137439
47.6923 156.185 -258.791 21.3755 0.02596 -0.673308 0.738795 -0.0128413
47.7958 156.224 -259.66 21.4421 0.0230091 -0.671878 0.740218 -0.0112526
47.8992 156.258 -260.527 21.5112 0.0198382 -0.671138 0.741005 -0.00961495
48.0026 156.288 -261.399 21.5842 0.0176913 -0.671734 0.740546 -0.00720399
48.1059 156.316 -262.272 21.6535 0.0159014 -0.672971 0.739484 -0.00457443
48.2093 156.332 -263.14 21.7264 0.0128529 -0.673294 0.739256 -0.00331427
48.3128 156.345 -264.006 21.7966 0.0103392 -0.672504 0.740018 -0.00216383
48.4161 156.357 -264.866 21.8671 0.00888074 -0.671121 0.741294 -0.000318261
48.5195 156.362 -265.729 21.9412 0.00670881 -0.670585 0.741802 3.68114e-05
48.6229 156.36 -266.595 22.0171 0.00400391 -0.671028 0.741421 -0.000867922
48.7261 156.36 -267.459 22.0933 0.00268828 -0.671975 0.740569 -0.0008339
48.8294 156.353 -268.321 22.1675 0.00130916 -0.672583 0.74002 -0.000834129
48.9328 156.349 -269.183 22.2424 1.73835e-05 -0.673006 0.739636 -0.000867699
49.0362 156.344 -270.039 22.3169 -0.00114464 -0.672337 0.740243 -0.00130204
49.1394 156.341 -270.893 22.3923 -0.00200144 -0.671803 0.740726 -0.00171553
49.2428 156.334 -271.744 22.4694 -0.00312493 -0.671199 0.741264 -0.00310825
49.3466 156.33 -272.588 22.5527 -0.00345064 -0.670851 0.741573 -0.00412811
49.4522 156.328 -273.437 22.6373 -0.00347738 -0.670772 0.741637 -0.00511291
49.553 156.328 -274.241 22.7174 -0.00357298 -0.670862 0.741545 -0.00646421
49.6566 156.33 -275.056 22.798 -0.00308099 -0.671294 0.741145 -0.00765857
49.7596 156.336 -275.862 22.8778 -0.00247255 -0.672123 0.740382 -0.00891043
49.8635 156.346 -276.666 22.9548 -0.0014018 -0.673243 0.739352 -0.0100548
49.9663 156.36 -277.448 23.0296 6.51129e-05 -0.674304 0.738372 -0.0110187
50.0693 156.378 -278.224 23.1017 0.00192599 -0.675072 0.737656 -0.0117223
50.1727 156.403 -278.986 23.1721 0.00488709 -0.674911 0.737792 -0.0115256
50.2761 156.43 -279.738 23.2384 0.00714513 -0.674429 0.738207 -0.0119937
50.3793 156.455 -280.481 23.3017 0.0085191 -0.674342 0.738246 -0.0135398
50.4837 156.485 -281.22 23.3673 0.0101556 -0.675366 0.73727 -0.0145031
50.5866 156.52 -281.938 23.4319 0.0119149 -0.676552 0.736145 -0.0150368
50.691 156.56 -282.651 23.496 0.014488 -0.677282 0.735424 -0.015187
50.7934 156.594 -283.338 23.5516 0.0150318 -0.676667 0.73593 -0.0174204
50.8962 156.634 -284.012 23.6105 0.0164996 -0.676165 0.736329 -0.018675
50.9996 156.676 -284.675 23.6696 0.0178301 -0.675373 0.736997 -0.0197194
51.103 156.717 -285.328 23.7268 0.019206 -0.674437 0.737797 -0.020525
51.2063 156.762 -285.967 23.7813 0.0215374 -0.674271 0.737887 -0.0204477
51.3097 156.807 -286.594 23.8345 0.0233955 -0.674076 0.737996 -0.0208987
51.4136 156.852 -287.209 23.8902 0.0251055 -0.673625 0.738328 -0.0216999
51.5169 156.898 -287.811 23.9434 0.026574 -0.674315 0.737627 -0.0223645
51.6223 156.943 -288.411 23.9958 0.0279291 -0.673488 0.738294 -0.0235596
51.7234 156.992 -288.975 24.0463 0.0299578 -0.672504 0.739114 -0.0234702
51.8268 157.042 -289.549 24.1017 0.0314323 -0.672559 0.738992 -0.0238217
51.9301 157.089 -290.11 24.1512 0.0330218 -0.672826 0.738654 -0.0246083
52.0335 157.134 -290.66 24.1967 0.0344479 -0.672714 0.738667 -0.0252934
52.1369 157.18 -291.199 24.24 0.0355222 -0.672666 0.738625 -0.0262944
52.2404 157.229 -291.728 24.2819 0.036876 -0.672024 0.739114 -0.0271173
52.3437 157.277 -292.249 24.3219 0.0380284 -0.671766 0.739265 -0.0277742
52.4471 157.324 -292.76 24.3612 0.0384674 -0.671303 0.739613 -0.0290783
52.5505 157.372 -293.259 24.4049 0.0395833 -0.670654 0.740124 -0.0295263
52.6546 157.421 -293.753 24.4477 0.0404327 -0.670197 0.740481 -0.0298102
52.7575 157.468 -294.237 24.4915 0.0411615 -0.669612 0.740958 -0.0301256
52.8609 157.517 -294.725 24.5375 0.0416781 -0.669142 0.741345 -0.030332
52.9643 157.567 -295.21 24.585 0.0414107 -0.668929 0.741539 -0.0306594
53.0678 157.617 -295.702 24.6331 0.0413995 -0.668756 0.74171 -0.0302841
53.1712 157.669 -296.199 24.6782 0.0416453 -0.669058 0.741461 -0.029361
53.2747 157.72 -296.701 24.7233 0.0413904 -0.669532 0.741077 -0.0285964
53.3781 157.765 -297.209 24.7705 0.0400755 -0.669272 0.741388 -0.0285214
53.4815 157.809 -297.72 24.8217 0.0383353 -0.667997 0.742616 -0.0288415
53.5851 157.848 -298.24 24.8749 0.0358639 -0.666719 0.743837 -0.0300994
53.6885 157.889 -298.768 24.9237 0.0339796 -0.66475 0.745677 -0.0302988
53.7921 157.936 -299.311 24.9696 0.0334378 -0.663438 0.746916 -0.0291244
53.8955 157.98 -299.866 25.0205 0.0326558 -0.663427 0.746988 -0.0283956
53.999 158.017 -300.433 25.085 0.0304904 -0.664503 0.746087 -0.0293169
54.1024 158.047 -301.013 25.1505 0.0269401 -0.666732 0.744126 -0.0319219
54.2059 158.088 -301.599 25.2132 0.02577 -0.666793 0.744127 -0.0316025
54.3094 158.142 -302.189 25.2748 0.0263109 -0.66554 0.745333 -0.0290133
54.4127 158.193 -302.79 25.3387 0.0266067 -0.664988 0.745879 -0.0273356
54.5163 158.231 -303.409 25.4027 0.0243833 -0.665704 0.745266 -0.0286847
54.6197 158.268 -304.039 25.4672 0.0222163 -0.665982 0.745034 -0.0299819
54.7232 158.31 -304.681 25.532 0.0213912 -0.666251 0.744835 -0.0295351
54.8266 158.359 -305.333 25.5982 0.0218233 -0.66572 0.74538 -0.0273563
54.93 158.406 -305.995 25.6622 0.0220715 -0.665389 0.745728 -0.0257142
55.0335 158.447 -306.666 25.7247 0.021556 -0.663762 0.747208 -0.0252127
55.137 158.484 -307.349 25.795 0.0205349 -0.663197 0.747747 -0.0249329
55.2404 158.532 -308.049 25.8682 0.0212455 -0.663644 0.747393 -0.0229931
55.3437 158.58 -308.748 25.9413 0.0219853 -0.664114 0.747012 -0.0210343
55.447 158.624 -309.457 26.0168 0.0214501 -0.663463 0.747632 -0.020069
55.5506 158.661 -310.174 26.0961 0.0197084 -0.6619 0.749047 -0.0207213
55.654 158.698 -310.897 26.1748 0.0185548 -0.659523 0.751169 -0.0207524
55.7575 158.739 -311.633 26.2545 0.0180659 -0.657995 0.752533 -0.0202834
55.8607 158.771 -312.381 26.3409 0.0163535 -0.659037 0.751624 -0.0215286
55.9642 158.802 -313.14 26.4317 0.014389 -0.661389 0.749556 -0.0228713
56.0675 158.834 -313.905 26.5205 0.0129321 -0.662345 0.74872 -0.0234368
56.171 158.868 -314.676 26.6079 0.0117071 -0.661877 0.749144 -0.0237865
56.2743 158.903 -315.454 26.6938 0.0111965 -0.661147 0.749796 -0.0237662
56.3777 158.939 -316.241 26.7803 0.010567 -0.660802 0.750102 -0.0240004
56.481 158.975 -317.037 26.8707 0.0104679 -0.661155 0.749787 -0.0241762
56.5844 159.013 -317.844 26.9632 0.0105553 -0.661822 0.74918 -0.0246891
56.6877 159.053 -318.653 27.0555 0.0107108 -0.662153 0.748866 -0.0252602
56.791 159.097 -319.478 27.1455 0.011183 -0.662675 0.748382 -0.0257006
56.8943 159.14 -320.302 27.2354 0.0116593 -0.663198 0.747897 -0.0261264
56.9977 159.186 -321.139 27.3265 0.0119444 -0.663681 0.747424 -0.0272426
57.101 159.232 -321.983 27.4181 0.012135 -0.664171 0.746939 -0.0284897
57.2044 159.282 -322.834 27.5086 0.0125848 -0.664263 0.746816 -0.0293794
57.3076 159.332 -323.691 27.599 0.0130174 -0.664045 0.746946 -0.0307801
57.4109 159.385 -324.557 27.6894 0.0134978 -0.664415 0.746541 -0.0323612
57.5142 159.443 -325.435 27.7821 0.0139164 -0.664724 0.746188 -0.0339565
57.6175 159.501 -326.313 27.8748 0.0143406 -0.665025 0.745837 -0.0355466
57.7208 159.562 -327.199 27.9679 0.0151811 -0.664756 0.745997 -0.0368321
57.8241 159.622 -328.093 28.0628 0.0157951 -0.664375 0.746249 -0.0383136
57.9274 159.689 -328.988 28.1579 0.0170055 -0.663922 0.746581 -0.0391862
58.0306 159.763 -329.888 28.2577 0.0189442 -0.663487 0.746918 -0.0392334
58.1339 159.837 -330.789 28.3586 0.0203568 -0.663023 0.747273 -0.0396072
58.2372 159.915 -331.697 28.4599 0.0219126 -0.662829 0.747404 -0.0395682
58.3405 159.992 -332.607 28.5625 0.0226522 -0.663429 0.746825 -0.0400114
58.4438 160.074 -333.518 28.6664 0.0232345 -0.664324 0.745972 -0.0407298
58.5471 160.159 -334.431 28.7719 0.0237504 -0.665351 0.745018 -0.041134
58.6504 160.242 -335.346 28.8735 0.0235621 -0.665127 0.745172 -0.0420674
58.7537 160.328 -336.259 28.9721 0.0233822 -0.664668 0.745544 -0.0428219
58.8571 160.413 -337.175 29.0711 0.0236998 -0.664608 0.745579 -0.0429775
58.9604 160.502 -338.088 29.1731 0.0248 -0.665493 0.744809 -0.0419958
59.0637 160.587 -338.998 29.2752 0.0259106 -0.666294 0.74411 -0.0410082
59.1671 160.67 -339.906 29.3751 0.0265637 -0.665787 0.744565 -0.0405666
59.2705 160.751 -340.808 29.4769 0.02663 -0.665184 0.745103 -0.04054
59.3739 160.835 -341.712 29.5778 0.026853 -0.665105 0.745166 -0.0405086
59.4772 160.912 -342.616 29.6802 0.0273808 -0.664867 0.745387 -0.0400025
59.5805 160.989 -343.521 29.7802 0.0272456 -0.664703 0.745527 -0.0402162
59.6838 161.067 -344.424 29.8776 0.0275324 -0.664811 0.745422 -0.0401834
59.7872 161.145 -345.328 29.9777 0.027221 -0.665196 0.745065 -0.0406316
59.8904 161.227 -346.224 30.0771 0.0277372 -0.665111 0.745136 -0.0403623
59.9937 161.308 -347.117 30.1775 0.0277105 -0.663809 0.746295 -0.0404031
60.097 161.391 -348.01 30.2757 0.0268324 -0.663538 0.74648 -0.0420168
60.2003 161.474 -348.906 30.3755 0.0263254 -0.66464 0.745442 -0.0433249
60.3036 161.556 -349.806 30.4741 0.0261634 -0.665374 0.744705 -0.0447987
60.4068 161.637 -350.698 30.5695 0.0255566 -0.664035 0.745763 -0.0473513
60.51 161.718 -351.59 30.665 0.0249515 -0.662692 0.74681 -0.0499134
60.6133 161.798 -352.483 30.7603 0.0243191 -0.661294 0.747892 -0.052505
60.7167 161.884 -353.379 30.8605 0.0247174 -0.661738 0.747354 -0.0543393
60.8199 161.969 -354.273 30.961 0.0252995 -0.661344 0.747557 -0.056055
60.9233 162.053 -355.17 31.0557 0.0261594 -0.660899 0.747817 -0.0574324
61.0266 162.144 -356.066 31.1498 0.0272334 -0.660324 0.748181 -0.0587884
61.1299 162.24 -356.966 31.2442 0.0289375 -0.662094 0.746461 -0.0599114
61.2332 162.346 -357.863 31.3427 0.0313953 -0.663375 0.745173 -0.0605356
61.3364 162.448 -358.764 31.4323 0.033668 -0.663644 0.744738 -0.061705
61.4398 162.55 -359.667 31.522 0.0359524 -0.663906 0.7443 -0.062882
61.5431 162.654 -360.574 31.6098 0.0384588 -0.664162 0.743827 -0.06427
61.6464 162.77 -361.476 31.6996 0.0410355 -0.663947 0.743716 -0.0661609
61.7498 162.896 -362.376 31.7918 0.0441278 -0.66335 0.74389 -0.0681693
61.853 163.035 -363.272 31.8846 0.0478102 -0.662696 0.744012 -0.0706727
61.9563 163.173 -364.169 31.9774 0.0514865 -0.662021 0.744125 -0.0731771
62.0595 163.323 -365.063 32.0726 0.0552694 -0.661523 0.743999 -0.0761432
62.1629 163.485 -365.955 32.1686 0.0590078 -0.661236 0.743663 -0.0790576
62.2662 163.659 -366.841 32.2655 0.062826 -0.660842 0.743389 -0.081932
62.3694 163.851 -367.727 32.3655 0.0665782 -0.660647 0.742948 -0.084508
62.4728 164.049 -368.6 32.467 0.0699142 -0.660411 0.742548 -0.0871275
62.5762 164.26 -369.477 32.5639 0.0729959 -0.66026 0.742159 -0.0890372
62.6794 164.475 -370.349 32.6582 0.0754334 -0.659924 0.741997 -0.0908364
62.7828 164.696 -371.22 32.7525 0.0776753 -0.659438 0.742017 -0.0922978
62.8862 164.916 -372.093 32.8487 0.0795348 -0.659376 0.741689 -0.0937769
62.9895 165.139 -372.964 32.9496 0.0815029 -0.659118 0.74153 -0.095154
63.0929 165.362 -373.842 33.049 0.0830511 -0.659001 0.741248 -0.0968017
63.1962 165.591 -374.72 33.1473 0.0846226 -0.658632 0.741179 -0.0984781
63.2996 165.827 -375.6 33.2471 0.0862106 -0.658506 0.74091 -0.099952
63.4028 166.067 -376.477 33.3484 0.0879176 -0.658858 0.740178 -0.101551
63.5062 166.315 -377.357 33.4519 0.0900153 -0.659235 0.739429 -0.102716
63.6095 166.566 -378.23 33.552 0.0915881 -0.659889 0.738399 -0.104523
63.7128 166.828 -379.096 33.6515 0.0933188 -0.660413 0.737484 -0.106126
63.8161 167.093 -379.948 33.7507 0.0951266 -0.660452 0.737023 -0.107475
63.9194 167.357 -380.802 33.8501 0.0969472 -0.660446 0.736594 -0.10882
64.0226 167.622 -381.646 33.9495 0.0991396 -0.658921 0.737487 -0.110038
64.1259 167.898 -382.48 34.0517 0.101448 -0.657516 0.738285 -0.110978
64.2291 168.172 -383.318 34.1504 0.103398 -0.657247 0.738091 -0.112058
64.3324 168.449 -384.156 34.2486 0.105572 -0.65875 0.736403 -0.11231
64.4357 168.731 -384.986 34.3489 0.1078 -0.659817 0.735196 -0.111836
64.5391 169.014 -385.808 34.4491 0.10994 -0.659383 0.735419 -0.110847
64.6423 169.293 -386.621 34.544 0.110751 -0.657473 0.737029 -0.110685
64.7457 169.573 -387.435 34.639 0.111557 -0.655542 0.73865 -0.110523
64.8491 169.856 -388.246 34.7378 0.112395 -0.655501 0.738629 -0.110056
64.9523 170.138 -389.052 34.8365 0.11377 -0.657251 0.737042 -0.10884
65.0556 170.42 -389.858 34.9354 0.11516 -0.659004 0.735438 -0.10762
65.1588 170.695 -390.651 35.0312 0.11572 -0.659762 0.73475 -0.107077
65.2621 170.968 -391.44 35.1214 0.115395 -0.659873 0.734693 -0.107135
65.3655 171.238 -392.227 35.2106 0.115048 -0.659465 0.73512 -0.107096
65.4688 171.503 -393.015 35.2982 0.11492 -0.659133 0.735461 -0.106929
65.572 171.762 -393.816 35.3781 0.112702 -0.660482 0.734316 -0.108821
65.6754 172.02 -394.616 35.4595 0.11237 -0.660875 0.733961 -0.109177
65.7787 172.284 -395.404 35.543 0.112243 -0.660239 0.734608 -0.108792
65.882 172.539 -396.19 35.623 0.111171 -0.658105 0.736542 -0.109751
65.9852 172.796 -396.979 35.7099 0.110093 -0.656033 0.73838 -0.110883
66.0885 173.064 -397.78 35.7999 0.110749 -0.657135 0.737502 -0.109536
66.1917 173.332 -398.586 35.8911 0.110704 -0.658415 0.736378 -0.109462
66.2951 173.603 -399.394 35.9874 0.110851 -0.658337 0.736479 -0.109104
66.3984 173.874 -400.205 36.0816 0.110793 -0.657797 0.736967 -0.109123
66.5037 174.146 -401.042 36.1729 0.109958 -0.656444 0.738139 -0.110189
66.605 174.411 -401.857 36.2614 0.109721 -0.656005 0.738517 -0.110506
66.7121 174.699 -402.726 36.3599 0.109828 -0.656647 0.737939 -0.110448
66.8115 174.97 -403.54 36.4565 0.109781 -0.657727 0.736939 -0.110743
66.9148 175.252 -404.387 36.5599 0.108932 -0.657673 0.736947 -0.111839
67.0182 175.53 -405.239 36.6582 0.107517 -0.657317 0.737181 -0.113748
67.1224 175.812 -406.099 36.7613 0.106308 -0.657078 0.7373 -0.115483
67.2247 176.092 -406.952 36.8606 0.105912 -0.657893 0.736439 -0.116689
67.328 176.37 -407.81 36.9606 0.104196 -0.657646 0.736457 -0.119484
67.4314 176.654 -408.665 37.0572 0.10326 -0.657987 0.735971 -0.121396
67.5346 176.947 -409.522 37.1487 0.104305 -0.659127 0.734935 -0.120593
67.638 177.246 -410.381 37.2373 0.105842 -0.661706 0.732614 -0.119243
67.7412 177.532 -411.237 37.3234 0.105906 -0.662389 0.731889 -0.119844
67.8446 177.816 -412.093 37.4067 0.106042 -0.662465 0.731766 -0.120059
67.9477 178.092 -412.944 37.4917 0.10572 -0.661052 0.732997 -0.120621
68.0512 178.362 -413.801 37.5727 0.105428 -0.660318 0.733544 -0.121565
68.1549 178.636 -414.658 37.6619 0.105093 -0.660753 0.733044 -0.122504
68.2577 178.907 -415.502 37.7491 0.104867 -0.661889 0.731934 -0.1232
68.361 179.178 -416.343 37.8326 0.105148 -0.66235 0.731507 -0.123022
68.4643 179.45 -417.168 37.9166 0.105538 -0.662207 0.731681 -0.122416
68.5677 179.722 -417.987 38.001 0.105607 -0.662106 0.73181 -0.122131
68.6709 179.986 -418.797 38.0822 0.105009 -0.663022 0.731026 -0.122378
68.7747 180.246 -419.609 38.1583 0.104577 -0.664077 0.730165 -0.122164
68.8776 180.499 -420.401 38.2331 0.104436 -0.664842 0.729588 -0.121573
68.981 180.748 -421.185 38.306 0.103655 -0.664975 0.729589 -0.121506
69.0843 180.989 -421.959 38.3748 0.102451 -0.664292 0.730321 -0.121867
69.1876 181.23 -422.724 38.4443 0.101911 -0.662628 0.731988 -0.121378
69.291 181.472 -423.474 38.5222 0.101622 -0.66089 0.733715 -0.120662
69.3944 181.715 -424.225 38.6002 0.101337 -0.659109 0.735474 -0.119928
69.4975 181.953 -424.971 38.6818 0.100899 -0.658895 0.735764 -0.119698
69.6009 182.192 -425.714 38.7654 0.100945 -0.660639 0.734373 -0.118586
69.7045 182.427 -426.455 38.8458 0.100936 -0.662585 0.732742 -0.117824
69.808 182.655 -427.191 38.9186 0.100123 -0.663067 0.732368 -0.118128
69.9109 182.878 -427.917 38.9893 0.0992264 -0.662807 0.732654 -0.118569
70.0142 183.104 -428.639 39.0608 0.0989943 -0.661963 0.733437 -0.118641
70.118 183.331 -429.365 39.1322 0.0988254 -0.661529 0.733842 -0.118694
70.2216 183.557 -430.088 39.2018 0.0981571 -0.661413 0.733929 -0.119358
70.3243 183.783 -430.806 39.2666 0.0977269 -0.66097 0.734297 -0.119901
70.4296 184.015 -431.542 39.3291 0.0975092 -0.660897 0.734373 -0.120014
70.5309 184.242 -432.252 39.3855 0.0977477 -0.659914 0.735243 -0.119904
70.6343 184.475 -432.978 39.4457 0.0974702 -0.659977 0.735168 -0.120238
70.738 184.706 -433.71 39.5154 0.0977652 -0.660476 0.734677 -0.120267
70.842 184.937 -434.444 39.5861 0.0978096 -0.661015 0.734078 -0.120923
70.9464 185.168 -435.177 39.6556 0.0983682 -0.661643 0.733353 -0.121433
71.0493 185.397 -435.894 39.7268 0.0988332 -0.662264 0.73261 -0.122153
71.1512 185.625 -436.593 39.8019 0.0995226 -0.662662 0.732069 -0.122673
71.2554 185.858 -437.295 39.88 0.100736 -0.662293 0.732203 -0.122874
71.3597 186.095 -437.987 39.9618 0.101865 -0.661734 0.732509 -0.123131
71.4622 186.322 -438.658 40.037 0.102676 -0.66131 0.732663 -0.123822
71.5645 186.55 -439.318 40.1152 0.103786 -0.661311 0.732462 -0.12408
71.668 186.775 -439.977 40.1934 0.104781 -0.661724 0.731958 -0.124017
71.7719 186.999 -440.629 40.2669 0.105729 -0.662267 0.731351 -0.123895
71.8747 187.211 -441.258 40.333 0.106229 -0.662213 0.731271 -0.124221
71.9779 187.423 -441.889 40.3994 0.106729 -0.66216 0.731191 -0.124551
72.0844 187.639 -442.524 40.4691 0.106967 -0.662114 0.731103 -0.125105
72.1847 187.838 -443.112 40.5317 0.107199 -0.662164 0.730908 -0.125776
72.288 188.041 -443.71 40.5899 0.107148 -0.662242 0.73068 -0.126736
72.3941 188.247 -444.311 40.6511 0.107648 -0.662048 0.730719 -0.1271
72.4951 188.44 -444.871 40.7127 0.10833 -0.66184 0.730786 -0.127216
72.6015 188.641 -445.449 40.7768 0.108964 -0.661716 0.730776 -0.127378
72.7014 188.827 -445.983 40.8362 0.10938 -0.661616 0.730748 -0.1277
72.8048 189.016 -446.526 40.8936 0.109763 -0.661527 0.730719 -0.128002
72.9082 189.201 -447.056 40.9472 0.110488 -0.661729 0.73046 -0.127811
73.0116 189.385 -447.578 41.0028 0.111217 -0.662118 0.730043 -0.127545
73.1149 189.564 -448.091 41.0568 0.11176 -0.662447 0.729659 -0.12756
73.2182 189.74 -448.591 41.111 0.111669 -0.662495 0.729524 -0.128162
73.3222 189.913 -449.082 41.1651 0.11164 -0.661983 0.729904 -0.128666
73.4251 190.081 -449.551 41.2224 0.112093 -0.660838 0.73089 -0.128562
73.5285 190.249 -450.015 41.2784 0.112649 -0.659745 0.731813 -0.128442
73.6328 190.415 -450.474 41.334 0.112939 -0.658934 0.732427 -0.128848
73.7353 190.57 -450.916 41.3848 0.112518 -0.658533 0.732682 -0.12981
73.8386 190.721 -451.353 41.4312 0.112313 -0.658485 0.73265 -0.130408
73.942 190.871 -451.776 41.4778 0.112254 -0.659129 0.732156 -0.129986
74.0454 191.019 -452.189 41.5232 0.112537 -0.659778 0.731722 -0.128886
74.1507 191.161 -452.596 41.5703 0.112218 -0.660197 0.731503 -0.128255
74.2523 191.293 -452.975 41.6161 0.111769 -0.660513 0.731371 -0.127776
74.3557 191.424 -453.348 41.6627 0.111224 -0.660739 0.731304 -0.127464
74.4591 191.55 -453.71 41.7039 0.11105 -0.660958 0.731221 -0.126959
74.5625 191.673 -454.056 41.7471 0.110586 -0.661327 0.731001 -0.126708
74.6659 191.795 -454.402 41.7902 0.110123 -0.661696 0.73078 -0.126456
74.7693 191.911 -454.731 41.8346 0.109587 -0.66203 0.730596 -0.126244
74.8728 192.029 -455.047 41.879 0.109471 -0.662242 0.730539 -0.125558
74.9761 192.142 -455.354 41.9151 0.109705 -0.662353 0.730568 -0.124595
75.0795 192.247 -455.653 41.9495 0.109763 -0.662438 0.730613 -0.123827
75.1829 192.344 -455.946 41.9762 0.109161 -0.66249 0.730702 -0.123554
75.2863 192.441 -456.226 42.007 0.108382 -0.662256 0.73102 -0.123608
75.3895 192.534 -456.505 42.0336 0.107829 -0.661786 0.73151 -0.123715
75.4929 192.63 -456.78 42.0601 0.107629 -0.661634 0.731686 -0.123664
75.5963 192.729 -457.05 42.0898 0.107972 -0.661826 0.731491 -0.123491
75.6997 192.826 -457.319 42.1196 0.108364 -0.662 0.7313 -0.123342
75.803 192.921 -457.585 42.1487 0.109088 -0.662047 0.731146 -0.123362
75.9063 193.016 -457.848 42.1783 0.110016 -0.662031 0.731022 -0.123364
76.0095 193.111 -458.11 42.2011 0.111165 -0.661867 0.730959 -0.123588
76.1129 193.207 -458.373 42.223 0.112279 -0.661637 0.730832 -0.124562
76.2162 193.307 -458.634 42.2459 0.113706 -0.661299 0.730616 -0.126313
76.3195 193.411 -458.897 42.2732 0.115681 -0.660951 0.730221 -0.1286
76.4226 193.522 -459.157 42.3021 0.118659 -0.660168 0.729994 -0.131177
76.5267 193.64 -459.428 42.3298 0.122688 -0.659204 0.729639 -0.134254
76.6289 193.76 -459.698 42.358 0.126766 -0.658089 0.729262 -0.137937
76.7323 193.884 -459.97 42.3882 0.130952 -0.657069 0.728553 -0.142556
76.8354 194.018 -460.249 42.4164 0.136761 -0.655893 0.727562 -0.147493
76.9389 194.166 -460.532 42.4452 0.143575 -0.654081 0.726794 -0.152759
77.0418 194.32 -460.816 42.47 0.151177 -0.652063 0.725846 -0.158451
77.1449 194.472 -461.091 42.4946 0.158288 -0.649684 0.724869 -0.165593
77.2481 194.632 -461.37 42.5216 0.165651 -0.64692 0.724022 -0.17276
77.3514 194.797 -461.646 42.5521 0.173152 -0.644479 0.722608 -0.180286
77.4545 194.967 -461.903 42.5803 0.182342 -0.641697 0.721298 -0.186295
77.5579 195.14 -462.159 42.6007 0.189016 -0.638669 0.72107 -0.190873
77.6613 195.309 -462.41 42.6202 0.193077 -0.636743 0.721782 -0.190555
77.7649 195.468 -462.656 42.6418 0.193585 -0.636393 0.722248 -0.189438
77.8686 195.613 -462.9 42.6619 0.192223 -0.636604 0.723003 -0.187223
77.9722 195.744 -463.135 42.6833 0.188503 -0.637536 0.724109 -0.183522
78.0758 195.865 -463.375 42.6945 0.182411 -0.63899 0.725464 -0.179223
78.1794 195.962 -463.586 42.7001 0.175524 -0.64059 0.726812 -0.174872
78.283 196.075 -463.853 42.7195 0.16699 -0.642642 0.728345 -0.169229
78.3868 196.177 -464.101 42.7371 0.158666 -0.644656 0.730035 -0.16215
78.4903 196.274 -464.354 42.7505 0.150598 -0.646479 0.731811 -0.154395
78.5939 196.364 -464.604 42.7635 0.142837 -0.648331 0.733377 -0.146365
78.6976 196.458 -464.87 42.7845 0.135045 -0.650255 0.73457 -0.13906
78.8009 196.551 -465.139 42.8119 0.126874 -0.651866 0.73564 -0.133445
78.9043 196.635 -465.402 42.8386 0.119104 -0.653302 0.736465 -0.128959
79.0077 196.717 -465.675 42.8732 0.112518 -0.654504 0.737235 -0.124293
79.1142 196.8 -465.949 42.9039 0.10771 -0.655469 0.73798 -0.11893
79.2149 196.87 -466.211 42.9343 0.103963 -0.6568 0.737884 -0.11547
79.3223 196.941 -466.474 42.9711 0.100264 -0.658536 0.737333 -0.11233
79.422 197.006 -466.714 43.0033 0.097616 -0.659287 0.737313 -0.110368
79.5245 197.073 -466.953 43.0332 0.0964504 -0.659307 0.737497 -0.110046
79.6319 197.142 -467.191 43.0547 0.0973575 -0.658951 0.737525 -0.111182
79.7337 197.209 -467.41 43.0762 0.0992351 -0.658823 0.736941 -0.114116
79.8337 197.276 -467.618 43.0986 0.102133 -0.658668 0.736007 -0.118398
79.9401 197.349 -467.823 43.1239 0.107153 -0.658221 0.735034 -0.122427
80.0448 197.427 -468.005 43.1513 0.113969 -0.656809 0.734732 -0.125626
80.1442 197.497 -468.167 43.1833 0.120398 -0.655271 0.734487 -0.129051
80.2459 197.572 -468.329 43.2034 0.126727 -0.654466 0.733406 -0.133157
80.3507 197.643 -468.491 43.2237 0.132819 -0.65422 0.731641 -0.138046
80.4537 197.692 -468.628 43.2414 0.136225 -0.653058 0.730531 -0.145886
80.5555 197.739 -468.763 43.2591 0.139575 -0.651924 0.729324 -0.153626
80.6584 197.788 -468.884 43.2733 0.143474 -0.648898 0.729501 -0.161787
80.7634 197.852 -468.992 43.2847 0.149903 -0.646623 0.729034 -0.167081
80.865 197.918 -469.095 43.2919 0.158029 -0.645351 0.727908 -0.16941
80.9716 197.984 -469.204 43.2958 0.165604 -0.644437 0.726265 -0.172669
81.0717 198.035 -469.299 43.2983 0.171258 -0.643596 0.724722 -0.176727
81.1749 198.082 -469.387 43.3068 0.175895 -0.642721 0.723241 -0.181367
81.2781 198.135 -469.473 43.3131 0.180699 -0.641632 0.721858 -0.185949
81.3815 198.181 -469.556 43.3163 0.185165 -0.640473 0.720626 -0.190277
81.4849 198.224 -469.634 43.3135 0.189169 -0.639709 0.719118 -0.19457
81.5881 198.262 -469.709 43.3223 0.192737 -0.639347 0.717427 -0.198461
81.6916 198.303 -469.772 43.3356 0.196483 -0.638469 0.716584 -0.200646
81.795 198.349 -469.818 43.3442 0.201643 -0.636565 0.716611 -0.20148
81.9002 198.4 -469.858 43.3493 0.208273 -0.633625 0.717119 -0.202192
82.0018 198.442 -469.894 43.352 0.212561 -0.631594 0.717499 -0.202735
82.107 198.478 -469.937 43.3574 0.214532 -0.631341 0.716575 -0.204708
82.2085 198.505 -469.985 43.3601 0.215737 -0.632063 0.714425 -0.208687
82.312 198.534 -470.03 43.3656 0.216407 -0.63288 0.712506 -0.212053
82.4154 198.566 -470.066 43.3748 0.217924 -0.633013 0.711453 -0.213631
82.5188 198.6 -470.093 43.3869 0.221485 -0.632095 0.710951 -0.214358
82.6243 198.634 -470.117 43.3898 0.22505 -0.63081 0.710931 -0.214494
