3.5 -0.241943 -0.247681 0 0 0 -0.000381382 1
4 -0.241455 -0.257568 0 0 0 -0.000417384 1
4.5 -0.241455 -0.257568 0 0 0 -0.000417384 1
5 -0.241455 -0.257568 0 0 0 -0.000417384 1
5.5 -0.241455 -0.257568 0 0 0 -0.000417384 1
6 -0.241455 -0.257568 0 0 0 -0.000417384 1
6.5 -0.241455 -0.257568 0 0 0 -0.000417384 1
7 -0.241455 -0.257568 0 0 0 -0.000417384 1
7.5 -0.241455 -0.257568 0 0 0 -0.000417384 1
8 -0.241455 -0.257568 0 0 0 -0.000417384 1
8.5 -0.241455 -0.257568 0 0 0 -0.000417384 1
9 -0.241455 -0.257568 0 0 0 -0.000417384 1
9.5 -0.241455 -0.257568 0 0 0 -0.000417384 1
10 -0.241455 -0.257568 0 0 0 -0.000417384 1
10.5 -0.241455 -0.257568 0 0 0 -0.000417384 1
11 -0.241455 -0.257568 0 0 0 -0.000417384 1
11.5 -0.241455 -0.257568 0 0 0 -0.000417384 1
12 -0.241455 -0.257568 0 0 0 -0.000417384 1
12.5 -0.241455 -0.257568 0 0 0 -0.000417384 1
13 -0.241455 -0.257568 0 0 0 -0.000417384 1
13.5 -0.241455 -0.257568 0 0 0 -0.000417384 1
14 -0.241455 -0.257568 0 0 0 -0.000417384 1
14.5 -0.241455 -0.257568 0 0 0 -0.000417384 1
15 -0.241455 -0.257568 0 0 0 -0.000417384 1
15.5 -0.241455 -0.257568 0 0 0 -0.000417384 1
16 -0.241455 -0.257568 0 0 0 -0.000417384 1
16.5 -0.241455 -0.257568 0 0 0 -0.000417384 1
17 -0.241455 -0.257568 0 0 0 -0.000417384 1
17.5 -0.241455 -0.257568 0 0 0 -0.000417384 1
18 -0.241455 -0.257568 0 0 0 -0.000417384 1
18.5 -0.241455 -0.257568 0 0 0 -0.000417384 1
19 -0.241455 -0.257568 0 0 0 -0.000417384 1
19.5 -0.241455 -0.257568 0 0 0 -0.000417384 1
20 -0.241455 -0.257568 0 0 0 -0.000417384 1
20.1041 1.0332 -0.217529 0 0 0 0.000808832 1
20.2083 2.31677 -0.228027 0 0 0 0.000781161 1
20.3125 3.68176 -0.290161 0 0 0 0.00395407 0.999992
20.4166 5.01831 -0.316895 0 0 0 0.00419813 0.999991
20.5208 6.33618 -0.320557 0 0 0 0.00348325 0.999994
20.625 7.65601 -0.316895 0 0 0 0.00199003 0.999998
20.7291 9.01086 -0.309326 0 0 0 0.00370427 0.999993
20.8333 10.4011 -0.314209 0 0 0 0.00319534 0.999995
20.9375 11.6536 -0.302979 0 0 0 0.00249232 0.999997
21.0416 13.0558 -0.220703 0 0 0 0.00264583 0.999996
21.1459 14.3799 -0.210205 0 0 0 0.00130377 0.999999
21.25 15.6896 -0.223877 0 0 0 0.00170233 0.999999
21.3543 17.0386 -0.231567 0 0 0 0.0011729 0.999999
21.4584 18.3843 -0.222778 0 0 0 0.0019654 0.999998
21.5625 19.7742 -0.204468 0 0 0 0.00135066 0.999999
21.6668 21.072 -0.220215 0 0 0 0.0010319 0.999999
21.771 22.4525 -0.247559 0 0 0 0.00142582 0.999999
21.8751 23.8411 -0.213257 0 0 0 0.000445197 1
21.9794 25.1438 -0.214722 0 0 0 -0.000800761 1
22.0835 26.5446 -0.215454 0 0 0 -0.00370827 0.999993
22.1878 28.0133 -0.199951 0 0 0 -0.00128451 0.999999
22.2919 29.235 -0.26001 0 0 0 -0.00262013 0.999997
22.3961 30.6967 -0.266846 0 0 0 -0.00236741 0.999997
22.5003 31.9457 -0.330322 0 0 0 -0.00454129 0.99999
22.6044 32.9216 -0.319458 0 0 0 -0.00437989 0.99999
22.7086 33.6416 -0.338379 0 0 0 0.00112036 0.999999
22.8128 34.6819 -0.365967 0 0 0 -0.00339236 0.999994
22.9169 37.6206 -0.26416 0 0 0 -0.00200787 0.999998
23.021 39.125 -0.287476 0 0 0 3.05163e-05 1
23.1253 40.7158 -0.369629 0 0 0 0.00207891 0.999998
23.2294 42.0875 -0.367798 0 0 0 0.00257559 0.999997
23.3335 43.157 -0.261963 0 0 0 0.00136284 0.999999
23.4376 43.7356 -0.330322 0 0 0 0.00576681 0.999983
23.5418 44.9939 -0.279663 0 0 0 0.00114459 0.999999
23.6459 45.1224 -0.334961 0 0 0 0.00597986 0.999982
23.75 44.9746 -0.473389 0 0 0 0.00715304 0.999974
23.8541 45.0746 -0.466431 0 0 0 0.00517775 0.999987
23.9583 45.1128 -0.522217 0 0 0 0.00994454 0.999951
24.0624 47.1484 -0.61731 0 0 0 0.0140855 0.999901
24.1665 48.218 -0.552979 0 0 0 0.0120631 0.999927
24.2706 48.7166 -0.540039 0 0 0 0.0112822 0.999936
24.3748 50.2699 -0.511963 0 0 0 0.0123853 0.999923
24.4789 52.5988 -0.476929 0 0 0 0.0153105 0.999883
24.5831 53.2087 -0.463623 0 0 0 0.0158154 0.999875
24.6873 54.5056 -0.382568 0 0 0 0.0110803 0.999939
24.7914 58.6801 -0.30957 0 0 0 0.0105317 0.999945
24.8955 60.9044 -0.249146 0 0 0 0.00780771 0.99997
24.9996 62.8823 -0.248779 0 0 0 0.00696013 0.999976
25.1038 66.417 -0.199219 0 0 0 0.0038076 0.999993
25.2079 68.8864 -0.198608 0 0 0 0.00434971 0.999991
25.312 70.5796 -0.206055 0 0 0 0.00480281 0.999988
25.4162 72.3093 -0.185425 0 0 0 0.00411696 0.999992
25.5202 74.0165 -0.193604 0 0 0 0.00461226 0.999989
25.6245 74.6049 -0.169434 0 0 0 0.00199118 0.999998
25.7286 76.0018 -0.172119 0 0 0 0.001731 0.999999
25.8326 75.915 -0.200562 0 0 0 0.000245678 1
25.9368 76.5355 -0.23645 0 0 0 -0.00156608 0.999999
26.0409 77.8964 -0.233643 0 0 0 -0.000821503 1
26.145 79.1367 -0.249023 0 0 0 -0.000843437 1
26.249 79.6635 -0.23999 0 0 0 0.000172549 1
26.3531 79.4058 -0.186768 0 0 0 0.00134465 0.999999
26.4573 79.4443 -0.199097 0 0 0 0.00295647 0.999996
26.5614 79.472 -0.225708 0 0 0 0.0029828 0.999996
26.6655 79.7617 -0.220093 0 0 0 0.00458966 0.999989
26.7696 80.5452 -0.200073 0 0 0 0.00617267 0.999981
26.8736 79.9681 -0.171387 0 0 0 0.00589493 0.999983
26.9778 80.2281 -0.119751 0 0 0 0.00837021 0.999965
27.0819 81.7219 -0.114868 0 0 0 0.00754929 0.999972
27.186 82.7361 -0.0814209 0 0 0 0.00742287 0.999972
27.29 83.1802 -0.0557861 0 0 0 0.00801888 0.999968
27.3941 82.9565 -0.0340576 0 0 0 0.00764008 0.999971
27.4983 83.0737 -0.019165 0 0 0 0.00764822 0.999971
27.6024 83.175 0.0263672 0 0 0 0.00857899 0.999963
27.7064 82.556 0.0388184 0 0 0 0.0068806 0.999976
27.8105 83.3562 0.0802002 0 0 0 0.00757408 0.999971
27.9146 83.0105 0.0610352 0 0 0 0.00744165 0.999972
28.0188 82.9491 0.114136 0 0 0 0.00868965 0.999962
28.1228 82.6716 0.0732422 0 0 0 0.00645003 0.999979
28.2269 83.4839 0.122681 0 0 0 0.00624136 0.999981
28.331 82.9133 0.112305 0 0 0 0.0062142 0.999981
28.4351 82.1902 0.116089 0 0 0 0.00520644 0.999986
28.5393 83.7028 0.147949 0 0 0 0.00465605 0.999989
28.6434 84.2534 0.13501 0 0 0 0.00410948 0.999992
28.7475 83.5345 0.136963 0 0 0 0.00227063 0.999997
28.8516 82.9967 0.146973 0 0 0 -4.13974e-05 1
28.9558 82.9893 0.160522 0 0 0 -8.26438e-05 1
29.0599 83.9774 0.145508 0 0 0 2.94531e-06 1
29.164 83.8842 0.134155 0 0 0 -0.000642451 1
29.2681 84.0557 0.102783 0 0 0 -0.00234428 0.999997
29.3723 82.5396 0.148682 0 0 0 -0.00412836 0.999991
29.4764 83.2706 0.101074 0 0 0 -0.00440254 0.99999
29.5805 82.864 0.135498 0 0 0 -0.00405135 0.999992
29.6846 83.5099 0.11731 0 0 0 -0.0038847 0.999992
29.7888 83.8446 0.078125 0 0 0 -0.00600326 0.999982
29.8929 83.6472 0.0275879 0 0 0 -0.00539554 0.999985
29.997 83.0603 0.03479 0 0 0 -0.00708494 0.999975
30.1011 83.462 0.0228271 0 0 0 -0.0056268 0.999984
30.2053 82.6464 -0.0218506 0 0 0 -0.00613581 0.999981
30.3094 83.4149 -0.034668 0 0 0 -0.0059818 0.999982
30.4134 84.1025 0.00927734 0 0 0 -0.00370278 0.999993
30.5175 83.7318 -0.0235596 0 0 0 -0.0016903 0.999999
30.6216 83.4497 -0.0361328 0 0 0 -0.00154367 0.999999
30.7258 82.4729 -0.0977783 0 0 0 -0.00232902 0.999997
30.8299 83.6508 -0.132935 0 0 0 -0.00439109 0.99999
30.934 83.5494 -0.0419922 0 0 0 0.000882667 1
31.0381 84.2129 -0.112671 0 0 0 -0.00075856 1
31.1423 84.7916 -0.114014 0 0 0 -0.00130335 0.999999
31.2464 84.673 -0.0998535 0 0 0 0.000408535 1
31.3505 83.505 -0.230103 0 0 0 -0.00324598 0.999995
31.4546 84.3696 -0.214966 0 0 0 -0.00140539 0.999999
31.5588 84.2656 -0.938354 0 0 0 -0.0234009 0.999726
31.663 83.5176 -1.06177 0 0 0 -0.0296086 0.999562
31.7672 83.2001 -1.15796 0 0 0 -0.0274692 0.999623
31.8713 83.941 -1.26904 0 0 0 -0.02908 0.999577
31.9754 84.5903 -1.29419 0 0 0 -0.0245264 0.999699
32.0796 83.3606 -1.48572 0 0 0 -0.0249049 0.99969
32.1838 84.2722 -1.41528 0 0 0 -0.0265061 0.999649
32.2879 83.0692 -1.58521 0 0 0 -0.0105783 0.999944
32.392 82.0923 -1.58533 0 0 0 -0.00917199 0.999958
32.4963 84.2505 -1.62561 0 0 0 -0.0155842 0.999879
32.6004 84.4681 -1.67798 0 0 0 -0.0205437 0.999789
32.7045 85.2036 -1.70398 0 0 0 -0.0223872 0.999749
32.8086 84.1566 -1.76208 0 0 0 -0.0210719 0.999778
32.9128 83.2743 -1.73547 0 0 0 -0.0240788 0.99971
33.0169 81.5975 -1.88916 0 0 0 -0.0122598 0.999925
33.1211 80.7146 -1.89087 0 0 0 -0.0112464 0.999937
33.2253 79.6647 -1.91992 0 0 0 -0.0130294 0.999915
33.3294 78.1031 -1.92358 0 0 0 -0.0148176 0.99989
33.4335 78.0757 -1.92383 0 0 0 -0.0112988 0.999936
33.5376 78.3876 -2.00415 0 0 0 -0.0112602 0.999937
33.6418 79.0266 -2.10352 0 0 0 -0.0121232 0.999927
33.7459 80.2341 -2.16541 0 0 0 -0.00997303 0.99995
33.85 80.921 -2.27344 0 0 0 -0.00722703 0.999974
33.9542 80.41 -2.44824 0 0 0 -0.00655113 0.999979
34.0584 79.2122 -2.39734 0 0 0 -0.00545085 0.999985
34.1625 81.1689 -2.44275 0 0 0 -0.000539215 1
34.2666 82.7976 -2.44958 0 0 0 0.00376106 0.999993
34.3708 84.7952 -2.48511 0 0 0 0.00472842 0.999989
34.4749 84.3917 -2.53577 0 0 0 0.00315143 0.999995
34.579 87.0055 -2.44666 0 0 0 0.00513082 0.999987
34.6831 87.1328 -2.51465 0 0 0 0.0176544 0.999844
34.7873 87.3513 -2.46301 0 0 0 0.0104786 0.999945
34.8914 86.4586 -2.38013 0 0 0 3.75393e-06 1
34.9955 84.6455 -2.18469 0 0 0 0.0413762 0.999144
35.0996 83.5111 -2.18005 0 0 0 0.0391216 0.999234
35.2038 84.7997 -2.12292 0 0 0 0.0378456 0.999284
35.308 82.5223 -1.72607 0 0 0 0.0521451 0.99864
35.4121 84.1953 -1.44226 0 0 0 0.0495084 0.998774
35.5163 87.6912 -1.61377 0 0 0 0.056634 0.998395
35.6204 86.6862 -1.4386 0 0 0 0.0421023 0.999113
35.7245 87.9414 -1.15295 0 0 0 0.034734 0.999397
35.8286 86.495 -1.82312 0 0 0 0.0570091 0.998374
35.9327 87.2812 -1.71008 0 0 0 0.0506096 0.998719
36.0368 88.0283 -1.51282 0 0 0 0.0481897 0.998838
36.1409 85.3774 -1.16125 0 0 0 0.0314809 0.999504
36.245 86.0627 -0.399658 0 0 0 -0.00314513 0.999995
36.3491 87.5328 -0.491455 0 0 0 -0.00565875 0.999984
36.4533 86.6354 -0.435303 0 0 0 -0.00586808 0.999983
36.5574 86.8391 -0.431274 0 0 0 -0.0058707 0.999983
36.6615 87.4581 -0.414062 0 0 0 -0.00582754 0.999983
36.7657 87.7278 -0.472412 0 0 0 -0.00366034 0.999993
36.8697 87.7911 -0.439575 0 0 0 -0.00414385 0.999991
36.9738 88.5712 -0.474121 0 0 0 -0.00329032 0.999995
37.0779 88.5236 -0.44812 0 0 0 -0.00427737 0.999991
37.182 87.6292 -0.503052 0 0 0 -0.00312057 0.999995
37.2861 88.5698 -0.443115 0 0 0 0.000535121 1
37.3903 88.4338 -0.433105 0 0 0 0.00222937 0.999997
37.4944 86.8275 -0.437134 0 0 0 6.82286e-05 1
37.5984 86.9401 -0.340698 0 0 0 0.00102482 0.999999
37.7025 86.6809 -0.36792 0 0 0 -0.000399264 1
37.8066 87.6145 -0.365112 0 0 0 -0.00153676 0.999999
37.9106 88.1443 -0.374512 0 0 0 -0.00251046 0.999997
38.0148 86.6171 -0.364014 0 0 0 0.00121253 0.999999
38.1189 86.7656 -0.342407 0 0 0 0.000553518 1
38.223 86.6256 -0.340698 0 0 0 0.000998854 1
38.327 87.2544 -0.332764 0 0 0 0.00151216 0.999999
38.4311 87.8696 -0.327881 0 0 0 0.00255453 0.999997
38.5354 87.7401 -0.323608 0 0 0 0.000915286 1
38.6394 87.3035 -0.333984 0 0 0 0.00288878 0.999996
38.7435 87.4141 -0.324585 0 0 0 0.00595372 0.999982
38.8475 86.9542 -0.320801 0 0 0 0.00211841 0.999998
38.9516 87.5763 -0.302612 0 0 0 0.00311483 0.999995
39.0556 87.0128 -0.279785 0 0 0 0.00316949 0.999995
39.1596 86.4934 -0.3125 0 0 0 0.00178907 0.999998
39.2638 87.9386 -0.280518 0 0 0 0.00387612 0.999992
39.3679 86.7268 -0.277222 0 0 0 0.00419468 0.999991
39.4718 87.2367 -0.266357 0 0 0 0.00423128 0.999991
39.5759 88.2747 -0.224121 0 0 0 0.00201625 0.999998
39.6799 89.5652 -0.231934 0 0 0 0.0017227 0.999999
39.784 89.8784 -0.235229 0 0 0 0.00353234 0.999994
39.8881 88.2723 -0.210815 0 0 0 0.00307253 0.999995
39.9921 87.4076 -0.218018 0 0 0 0.00331152 0.999995
40.0961 87.1057 -0.187256 0 0 0 0.00206122 0.999998
40.2001 87.9501 -0.204956 0 0 0 0.0023195 0.999997
40.3043 86.6899 -0.197632 0 0 0 0.00296362 0.999996
40.4083 88.0968 -0.199707 0 0 0 0.00134556 0.999999
40.5123 87.3149 -0.163086 0 0 0 0.00287567 0.999996
40.6164 86.2625 -0.17749 0 0 0 0.00249373 0.999997
40.7204 85.9823 -0.148193 0 0 0 0.00204834 0.999998
40.8245 87.1716 -0.189331 0 0 0 0.00195035 0.999998
40.9287 87.2069 -0.199951 0 0 0 0.00177972 0.999998
41.0328 87.1426 -0.251343 0 0 0 -0.000336321 1
41.1368 87.556 -0.19873 0 0 0 0.000697608 1
41.2409 88.324 -0.178345 0 0 0 0.00138258 0.999999
41.3449 89.3301 -0.213867 0 0 0 -0.00107041 0.999999
41.4489 87.2615 -0.253784 0 0 0 -0.000826271 1
41.5529 86.0538 -0.234375 0 0 0 -0.0060929 0.999981
41.657 84.5243 -0.308838 0 0 0 0.0017262 0.999999
41.761 85.3795 -0.380371 0 0 0 -0.00215283 0.999998
41.865 84.5812 -0.245361 0 0 0 -0.00644909 0.999979
41.9692 83.9521 -0.263184 0 0 0 -0.00333467 0.999994
42.0732 82.9938 -0.234741 0 0 0 -0.00119248 0.999999
42.1772 84.5519 -0.233643 0 0 0 -0.0036582 0.999993
42.2812 84.8246 -0.296875 0 0 0 -0.00101605 0.999999
42.3853 84.9092 -0.402344 0 0 0 -0.000543745 1
42.4893 84.1682 -0.387451 0 0 0 -0.00438036 0.99999
42.5933 85.0574 -0.372192 0 0 0 -0.00409951 0.999992
42.6974 85.4603 -0.425537 0 0 0 -0.00399055 0.999992
42.8014 84.0421 -0.49646 0 0 0 0.00165925 0.999999
42.9054 84.207 -0.459961 0 0 0 0.00178133 0.999998
43.0094 83.7203 -0.419434 0 0 0 0.000858718 1
43.1135 84.3179 -0.390259 0 0 0 0.0033655 0.999994
43.2174 85.5389 -0.307739 0 0 0 0.00538701 0.999986
43.3214 85.8407 -0.281006 0 0 0 0.00328656 0.999995
43.4254 86.3922 -0.31189 0 0 0 0.00526386 0.999986
43.5295 87.1888 -0.349487 0 0 0 0.0112353 0.999937
43.6335 88.1808 1.02905 0 0 0 0.0530485 0.998592
43.7375 89.9502 1.06775 0 0 0 0.0422105 0.999109
43.8417 90.8043 1.25293 0 0 0 0.0389763 0.99924
43.9456 90.9967 -0.256714 0 0 0 0.0107299 0.999942
44.0496 91.5734 -0.178955 0 0 0 0.00610359 0.999981
44.1537 92.0128 -0.198364 0 0 0 0.00245917 0.999997
44.2578 90.4941 -0.128174 0 0 0 0.00446624 0.99999
44.3618 90.6808 -0.159302 0 0 0 0.00276904 0.999996
44.4658 90.2368 -0.0367432 0 0 0 0.00179832 0.999998
44.5698 90.8972 -0.209473 0 0 0 -0.00533403 0.999986
44.6739 90.4089 0.0179443 0 0 0 0.00511808 0.999987
44.7779 91.4561 -0.0767822 0 0 0 0.00528211 0.999986
44.882 90.3254 -0.0604248 0 0 0 0.00378104 0.999993
44.986 90.9698 -0.0662842 0 0 0 0.000163035 1
45.0902 91.1184 -0.22998 0 0 0 0.000971415 1
45.1941 90.5327 0.0125732 0 0 0 0.00873164 0.999962
45.2983 91.0381 0.083374 0 0 0 0.00742258 0.999972
45.4024 90.7385 0.13623 0 0 0 0.00591427 0.999983
45.5065 90.5199 0.140503 0 0 0 0.00734981 0.999973
45.6105 89.4827 -0.0705566 0 0 0 0.0127455 0.999919
45.7146 88.8944 0.124512 0 0 0 0.00646199 0.999979
45.8186 87.6481 0.189453 0 0 0 0.0077018 0.99997
45.9228 88.5509 0.212036 0 0 0 0.00732812 0.999973
46.027 88.9565 0.180176 0 0 0 0.00505874 0.999987
46.1309 89.3024 0.170166 0 0 0 0.00578614 0.999983
46.2351 89.0193 0.161499 0 0 0 0.00764287 0.999971
46.3391 89.1619 0.171265 0 0 0 0.00500793 0.999987
46.4433 87.6462 0.171875 0 0 0 0.00502931 0.999987
46.5478 85.8647 0.102539 0 0 0 0.00308856 0.999995
46.6514 86.8549 0.220825 0 0 0 0.00720602 0.999974
46.7579 87.1947 0.185913 0 0 0 0.00585727 0.999983
46.8626 86.6007 0.21875 0 0 0 0.00437624 0.99999
46.9637 86.7665 0.250732 0 0 0 0.00451147 0.99999
47.0678 86.2521 0.217896 0 0 0 0.00651729 0.999979
47.1719 87.1854 0.252197 0 0 0 0.00402636 0.999992
47.2761 87.7418 0.250488 0 0 0 0.00493836 0.999988
47.3801 86.5739 0.269897 0 0 0 0.00723934 0.999974
47.4847 86.912 0.256348 0 0 0 0.00550889 0.999985
47.5884 84.282 0.239014 0 0 0 0.00407595 0.999992
47.6925 83.7179 0.257446 0 0 0 0.00582986 0.999983
47.7965 85.0381 0.251099 0 0 0 0.00949518 0.999955
47.9007 85.9536 0.251587 0 0 0 0.00316817 0.999995
48.0052 85.2731 0.271606 0 0 0 0.00356647 0.999994
