0.312504 1.34119 -0.0886536 0 0 0 -0.000137242 1
0.416625 2.67557 -0.143005 0 0 0 -0.00274172 0.999996
0.520755 3.9422 -0.138397 0 0 0 -0.000427874 1
0.625004 5.2944 -0.180023 0 0 0 -0.00173393 0.999999
0.729128 6.6539 -0.129181 0 0 0 -0.00242653 0.999997
0.833252 7.97528 -0.169373 0 0 0 -0.00170675 0.999999
0.937506 9.32248 -0.189941 0 0 0 -0.00166693 0.999999
1.04163 10.6978 -0.217133 0 0 0 -0.0027999 0.999996
1.14587 12.0128 -0.231598 0 0 0 -0.00217381 0.999998
1.25 13.3704 -0.261017 0 0 0 -0.00125471 0.999999
1.35425 14.7076 -0.272705 0 0 0 -0.00213519 0.999998
1.4584 16.0198 -0.297668 0 0 0 -0.00298276 0.999996
1.56253 17.457 -0.309906 0 0 0 -0.00115076 0.999999
1.66675 18.7532 -0.332642 0 0 0 -0.00270405 0.999996
1.77101 20.0352 -0.368774 0 0 0 -0.0028142 0.999996
1.87513 21.4895 -0.356903 0 0 0 -0.00335684 0.999994
1.97938 22.7535 -0.376099 0 0 0 -0.00408067 0.999992
2.0835 24.1873 -0.417755 0 0 0 -0.00512708 0.999987
2.18776 25.5766 -0.449371 0 0 0 -0.00446619 0.99999
2.29188 26.8468 -0.483978 0 0 0 -0.00598108 0.999982
2.39613 28.3367 -0.504211 0 0 0 -0.00557077 0.999985
2.50026 29.7824 -0.569733 0 0 0 -0.00790579 0.999969
2.60438 31.1663 -0.578766 0 0 0 -0.00741943 0.999972
2.70863 32.4595 -0.644592 0 0 0 -0.00768979 0.99997
2.81276 33.8027 -0.647369 0 0 0 -0.00706515 0.999975
2.91688 35.2126 -0.677795 0 0 0 -0.00780756 0.99997
3.02101 36.6925 -0.726318 0 0 0 -0.0104842 0.999945
3.12526 38.0756 -0.77597 0 0 0 -0.00963021 0.999954
3.22938 39.4335 -0.820618 0 0 0 -0.00881699 0.999961
3.3335 40.8577 -0.868195 0 0 0 -0.00850921 0.999964
3.43763 42.26 -0.86438 0 0 0 -0.0108034 0.999942
3.54175 43.6624 -0.891052 0 0 0 -0.0104706 0.999945
3.64588 45.1279 -0.949585 0 0 0 -0.00831443 0.999965
3.75001 46.5369 -0.985565 0 0 0 -0.00717673 0.999974
3.85413 47.9496 -1.02808 0 0 0 -0.00675664 0.999977
3.95828 49.4456 -1.01913 0 0 0 -0.00463332 0.999989
4.06238 50.8739 -1.07629 0 0 0 -0.00451793 0.99999
4.16651 52.2819 -1.09601 0 0 0 -0.00598108 0.999982
4.27063 53.673 -1.11487 0 0 0 -0.00595033 0.999982
4.37476 55.15 -1.13715 0 0 0 -0.00506843 0.999987
4.47888 56.4959 -1.16672 0 0 0 -0.00567424 0.999984
4.58313 57.9191 -1.17886 0 0 0 -0.00611984 0.999981
4.68726 59.3478 -1.23367 0 0 0 -0.00592339 0.999982
4.79138 60.791 -1.26544 0 0 0 -0.00603783 0.999982
4.8955 62.2153 -1.29959 0 0 0 -0.0056895 0.999984
4.99963 63.5795 -1.32059 0 0 0 -0.00624596 0.999981
5.10376 65.033 -1.37747 0 0 0 -0.00648676 0.999979
5.20787 66.4209 -1.41318 0 0 0 -0.0062555 0.99998
5.312 67.8791 -1.43973 0 0 0 -0.00580919 0.999983
5.41624 69.1315 -1.45593 0 0 0 -0.00550163 0.999985
5.52024 70.644 -1.47974 0 0 0 -0.00570762 0.999984
5.62451 72.0571 -1.49847 0 0 0 -0.00488271 0.999988
5.72863 73.4247 -1.51498 0 0 0 -0.00572455 0.999984
5.83264 74.6897 -1.54153 0 0 0 -0.00624429 0.999981
5.93676 76.1627 -1.56552 0 0 0 -0.0069469 0.999976
6.04089 77.551 -1.58249 0 0 0 -0.00675807 0.999977
6.14501 78.8632 -1.59439 0 0 0 -0.00701437 0.999975
6.24901 80.2183 -1.61111 0 0 0 -0.00607764 0.999982
6.35314 81.435 -1.62607 0 0 0 -0.00537384 0.999986
6.45726 81.931 -1.64835 0 0 0 -0.00653134 0.999979
6.56139 83.0645 -1.66119 0 0 0 -0.00556076 0.999985
6.66551 82.343 -1.6282 0 0 0 -0.0046338 0.999989
6.76964 83.2246 -1.64383 0 0 0 -0.00418629 0.999991
6.87364 83.259 -1.61621 0 0 0 -0.00355949 0.999994
6.97776 83.3396 -1.61087 0 0 0 -0.00175372 0.999998
7.08188 83.2596 -1.60669 0 0 0 -0.00275746 0.999996
7.18601 83.4141 -1.57126 0 0 0 -0.002031 0.999998
7.29001 83.4294 -1.52689 0 0 0 -0.00133076 0.999999
7.39413 83.5863 -1.50751 0 0 0 -0.00142327 0.999999
7.49826 83.8566 -1.51587 0 0 0 -0.00274196 0.999996
7.60239 85.3078 -1.56143 0 0 0 -0.00301161 0.999995
7.70638 86.5782 -1.58633 0 0 0 -0.00283685 0.999996
7.81051 87.8734 -1.57193 0 0 0 -0.00274005 0.999996
7.91463 89.2275 -1.62607 0 0 0 -0.00366726 0.999993
8.01876 90.5143 -1.64459 0 0 0 -0.00461711 0.999989
8.12276 91.8855 -1.66235 0 0 0 -0.00521077 0.999986
8.22688 93.2122 -1.68353 0 0 0 -0.00599086 0.999982
8.33101 94.5731 -1.71722 0 0 0 -0.00522888 0.999986
8.43514 95.8177 -1.72516 0 0 0 -0.00568068 0.999984
8.53928 97.2156 -1.74069 0 0 0 -0.00613224 0.999981
8.64339 98.5004 -1.76434 0 0 0 -0.00586808 0.999983
8.74751 99.8169 -1.77646 0 0 0 -0.00789745 0.999969
8.85163 101.108 -1.79181 0 0 0 -0.00910332 0.999959
8.95576 102.482 -1.81195 0 0 0 -0.00931074 0.999957
9.05989 103.728 -1.83823 0 0 0 -0.0104642 0.999945
9.16401 105.064 -1.87585 0 0 0 -0.0112619 0.999937
9.26814 106.391 -1.91348 0 0 0 -0.0123528 0.999924
9.37226 107.737 -1.95444 0 0 0 -0.0128451 0.999918
9.47639 109.075 -1.99649 0 0 0 -0.0148712 0.999889
9.58051 110.38 -2.04498 0 0 0 -0.0156643 0.999877
9.68464 111.739 -2.08408 0 0 0 -0.0161099 0.99987
9.78878 113.028 -2.13577 0 0 0 -0.0174794 0.999847
9.89289 114.365 -2.18433 0 0 0 -0.0169793 0.999856
9.99701 115.743 -2.24911 0 0 0 -0.0176701 0.999844
10.1011 117.043 -2.28888 0 0 0 -0.0172265 0.999852
10.2053 118.441 -2.3616 0 0 0 -0.0172463 0.999851
10.3094 119.696 -2.39233 0 0 0 -0.0156217 0.999878
10.4134 121.055 -2.45807 0 0 0 -0.0158467 0.999874
10.5175 122.395 -2.49927 0 0 0 -0.0151818 0.999885
10.6216 123.802 -2.53317 0 0 0 -0.014418 0.999896
10.7258 125.108 -2.56528 0 0 0 -0.0132434 0.999912
10.8299 126.497 -2.61185 0 0 0 -0.0130208 0.999915
10.934 127.781 -2.65881 0 0 0 -0.0138108 0.999905
11.0381 129.077 -2.69147 0 0 0 -0.0126791 0.99992
11.1423 130.419 -2.73459 0 0 0 -0.0123037 0.999924
11.2464 131.806 -2.75195 0 0 0 -0.012148 0.999926
11.3505 133.135 -2.78098 0 0 0 -0.0107042 0.999943
11.4546 134.413 -2.79819 0 0 0 -0.00991629 0.999951
11.5588 135.781 -2.83578 0 0 0 -0.0113906 0.999935
11.663 136.881 -2.88309 0 0 0 -0.0111746 0.999938
11.7672 137.215 -2.95157 0 0 0 -0.0122679 0.999925
11.8713 137.732 -3.01401 0 0 0 -0.0136969 0.999906
11.9754 138.859 -3.07071 0 0 0 -0.0139469 0.999903
12.0796 139.238 -3.1167 0 0 0 -0.0144995 0.999895
12.1838 139.337 -3.0451 0 0 0 -0.0170029 0.999855
12.2879 139.949 -3.03445 0 0 0 -0.0192832 0.999814
12.392 139.609 -3.09561 0 0 0 -0.0202786 0.999794
12.4963 140.301 -3.10104 0 0 0 -0.0224327 0.999748
12.6004 140.913 -3.19412 0 0 0 -0.020702 0.999786
12.7045 141.155 -3.24307 0 0 0 -0.0189573 0.99982
12.8086 141.989 -3.26468 0 0 0 -0.021203 0.999775
12.9128 143.456 -3.32446 0 0 0 -0.0213341 0.999772
13.0169 144.914 -3.40024 0 0 0 -0.0216018 0.999767
13.1211 146.135 -3.44684 0 0 0 -0.0214331 0.99977
13.2253 147.538 -3.50339 0 0 0 -0.0209556 0.99978
13.3294 148.881 -3.54825 0 0 0 -0.0226175 0.999744
13.4335 151.744 -3.67612 0 0 0 -0.0204558 0.999791
13.5376 154.315 -3.79306 0 0 0 -0.0234722 0.999725
13.6418 157.34 -3.95172 0 0 0 -0.0241751 0.999708
13.7459 159.935 -4.12759 0 0 0 -0.02803 0.999607
13.85 163.299 -4.29117 0 0 0 -0.0252882 0.99968
13.9542 166.345 -4.418 0 0 0 -0.0248992 0.99969
14.0584 168.042 -4.4921 0 0 0 -0.0274234 0.999624
14.1625 169.568 -4.57422 0 0 0 -0.0280769 0.999606
14.2666 170.983 -4.659 0 0 0 -0.0273064 0.999627
14.3708 172.322 -4.74826 0 0 0 -0.027044 0.999634
14.4749 173.622 -4.82803 0 0 0 -0.0274556 0.999623
14.579 175.129 -4.91641 0 0 0 -0.0274537 0.999623
14.6831 176.578 -4.98984 0 0 0 -0.0280664 0.999606
14.7873 176.239 -4.99234 0 0 0 -0.0299239 0.999552
14.8914 176.229 -5.00485 0 0 0 -0.0288529 0.999584
14.9955 175.98 -4.99915 0 0 0 -0.0280726 0.999606
15.0996 176.71 -5.03394 0 0 0 -0.0272654 0.999628
15.2038 178.438 -5.13434 0 0 0 -0.0299096 0.999553
15.308 179.875 -5.19568 0 0 0 -0.0292978 0.999571
15.4121 181.427 -5.30103 0 0 0 -0.0300297 0.999549
15.5163 182.86 -5.37836 0 0 0 -0.031456 0.999505
15.6204 184.293 -5.45612 0 0 0 -0.0309412 0.999521
15.7245 185.71 -5.55121 0 0 0 -0.0305607 0.999533
15.8286 187.166 -5.65295 0 0 0 -0.0300485 0.999548
15.9326 188.665 -5.7583 0 0 0 -0.0293813 0.999568
16.0368 190.114 -5.85895 0 0 0 -0.0288608 0.999583
16.1409 191.61 -5.92859 0 0 0 -0.0295995 0.999562
16.245 193.108 -6.01572 0 0 0 -0.0290374 0.999578
16.3491 194.53 -6.13385 0 0 0 -0.0288946 0.999582
16.4533 196.037 -6.21707 0 0 0 -0.0291501 0.999575
16.5574 197.495 -6.30554 0 0 0 -0.0290104 0.999579
16.6615 198.975 -6.38428 0 0 0 -0.0290212 0.999579
16.7656 200.434 -6.45959 0 0 0 -0.0283879 0.999597
16.8696 201.938 -6.5448 0 0 0 -0.027631 0.999618
16.9738 203.46 -6.64874 0 0 0 -0.0284118 0.999596
17.0779 204.902 -6.74948 0 0 0 -0.0279492 0.999609
17.182 206.469 -6.83853 0 0 0 -0.0286958 0.999588
17.2861 207.877 -6.92715 0 0 0 -0.0289339 0.999581
17.3903 208.847 -7.00912 0 0 0 -0.0290526 0.999578
17.4944 210.031 -7.09003 0 0 0 -0.0283429 0.999598
17.5984 210.39 -7.13171 0 0 0 -0.0292178 0.999573
17.7025 210.781 -7.10831 0 0 0 -0.0281804 0.999603
17.8066 210.976 -7.13644 0 0 0 -0.0297492 0.999557
17.9107 210.035 -7.06009 0 0 0 -0.0298395 0.999555
18.0148 209.835 -7.0282 0 0 0 -0.0294106 0.999567
18.1189 211.075 -7.11823 0 0 0 -0.0299465 0.999551
18.223 211.621 -7.1449 0 0 0 -0.0310835 0.999517
18.327 211.487 -7.15945 0 0 0 -0.0308547 0.999524
18.4312 212.067 -7.22006 0 0 0 -0.0295071 0.999565
18.5354 213.574 -7.31293 0 0 0 -0.0304961 0.999535
18.6394 215.11 -7.39377 0 0 0 -0.0303988 0.999538
18.7435 216.719 -7.50546 0 0 0 -0.0299604 0.999551
18.8475 218.16 -7.56378 0 0 0 -0.0302439 0.999543
18.9517 219.86 -7.67941 0 0 0 -0.0306746 0.999529
19.0557 221.312 -7.77573 0 0 0 -0.0306803 0.999529
19.1597 222.939 -7.90085 0 0 0 -0.0328936 0.999459
19.2638 224.419 -7.98694 0 0 0 -0.0328231 0.999461
19.3679 225.971 -8.12216 0 0 0 -0.0323663 0.999476
19.4718 227.471 -8.21793 0 0 0 -0.0324733 0.999473
19.5759 229.017 -8.32382 0 0 0 -0.0319423 0.99949
19.6799 230.427 -8.42825 0 0 0 -0.032091 0.999485
19.784 232.106 -8.54007 0 0 0 -0.032138 0.999483
19.8881 233.583 -8.65207 0 0 0 -0.0335772 0.999436
19.9921 235.129 -8.75394 0 0 0 -0.0338174 0.999428
20.0961 236.671 -8.84842 0 0 0 -0.0346188 0.999401
20.2001 238.015 -8.94095 0 0 0 -0.0353171 0.999376
20.3043 238.595 -9.02167 0 0 0 -0.0361203 0.999347
20.4083 238.394 -9.01678 0 0 0 -0.0369187 0.999318
20.5123 238.161 -8.94461 0 0 0 -0.0361149 0.999348
20.6164 238.105 -8.94141 0 0 0 -0.0366836 0.999327
20.7204 239.003 -9.03983 0 0 0 -0.0371499 0.99931
20.8245 240.554 -9.18439 0 0 0 -0.0362983 0.999341
20.9287 242.123 -9.30923 0 0 0 -0.0379206 0.999281
21.0328 243.656 -9.44489 0 0 0 -0.0383104 0.999266
21.1368 245.218 -9.56244 0 0 0 -0.0373436 0.999303
21.2409 246.789 -9.69116 0 0 0 -0.0374246 0.999299
21.3449 248.27 -9.84641 0 0 0 -0.0359983 0.999352
21.4489 249.801 -9.94553 0 0 0 -0.0364815 0.999334
21.5529 251.364 -10.1139 0 0 0 -0.0354491 0.999371
21.657 252.88 -10.2221 0 0 0 -0.0356943 0.999363
21.761 254.497 -10.3273 0 0 0 -0.0372559 0.999306
21.865 256.008 -10.4533 0 0 0 -0.0360701 0.999349
21.9692 257.59 -10.5758 0 0 0 -0.0348649 0.999392
22.0732 259.176 -10.7007 0 0 0 -0.0357379 0.999361
22.1772 260.745 -10.8261 0 0 0 -0.0344043 0.999408
22.2812 262.333 -10.9573 0 0 0 -0.034152 0.999417
22.3853 263.865 -11.0462 0 0 0 -0.0345906 0.999402
22.4893 265.46 -11.177 0 0 0 -0.0359516 0.999354
22.5933 267.064 -11.3242 0 0 0 -0.0370148 0.999315
22.6974 268.672 -11.4498 0 0 0 -0.0356436 0.999365
22.8014 270.255 -11.5436 0 0 0 -0.0339139 0.999425
22.9054 271.855 -11.6282 0 0 0 -0.0322829 0.999479
23.0094 273.513 -11.781 0 0 0 -0.0332887 0.999446
23.1135 275.131 -11.9004 0 0 0 -0.0313328 0.999509
23.2174 276.735 -12.0714 0 0 0 -0.0322552 0.99948
23.3214 278.355 -12.1445 0 0 0 -0.0330654 0.999453
23.4254 279.985 -12.2594 0 0 0 -0.0342463 0.999413
23.5296 281.651 -12.3547 0 0 0 -0.0330015 0.999455
23.6336 283.286 -12.4923 0 0 0 -0.0331807 0.999449
23.7375 284.881 -12.6328 0 0 0 -0.0339656 0.999423
23.8417 286.509 -12.7577 0 0 0 -0.0357027 0.999362
23.9457 288.034 -12.8706 0 0 0 -0.0362159 0.999344
24.0497 289.712 -12.9997 0 0 0 -0.0361782 0.999345
24.1537 291.281 -13.1247 0 0 0 -0.0366943 0.999327
24.2578 292.908 -13.2151 0 0 0 -0.0370491 0.999313
24.3618 294.515 -13.3401 0 0 0 -0.0346979 0.999398
24.4658 296.116 -13.4708 0 0 0 -0.0370808 0.999312
24.5698 297.74 -13.5801 0 0 0 -0.0358625 0.999357
24.6739 299.355 -13.689 0 0 0 -0.0353407 0.999375
24.7779 300.91 -13.7855 0 0 0 -0.0333158 0.999445
24.882 302.499 -13.9393 0 0 0 -0.033115 0.999452
24.986 304.108 -14.055 0 0 0 -0.0339087 0.999425
25.0902 305.752 -14.1424 0 0 0 -0.0320181 0.999487
25.1942 307.258 -14.2237 0 0 0 -0.0308519 0.999524
25.2983 308.9 -14.4244 0 0 0 -0.0339499 0.999424
25.4024 310.384 -14.4608 0 0 0 -0.0313175 0.99951
25.5065 312.006 -14.5976 0 0 0 -0.0314793 0.999504
25.6105 313.584 -14.7491 0 0 0 -0.0315932 0.999501
25.7146 315.173 -14.841 0 0 0 -0.0329944 0.999456
25.8186 316.704 -14.9678 0 0 0 -0.0338343 0.999427
25.9228 318.302 -15.0884 0 0 0 -0.0324747 0.999473
26.027 319.88 -15.2173 0 0 0 -0.0328543 0.99946
26.1309 321.47 -15.2927 0 0 0 -0.0331143 0.999452
26.2351 323.014 -15.4422 0 0 0 -0.0324101 0.999475
26.3391 324.601 -15.562 0 0 0 -0.0349199 0.99939
26.4433 326.193 -15.6551 0 0 0 -0.0341315 0.999417
26.5478 327.727 -15.7341 0 0 0 -0.033964 0.999423
26.6514 329.466 -15.8749 0 0 0 -0.0344572 0.999406
26.7579 330.961 -15.9567 0 0 0 -0.0362316 0.999343
26.8626 332.666 -16.111 0 0 0 -0.0357234 0.999362
26.9637 334.231 -16.2291 0 0 0 -0.0343202 0.999411
27.0678 335.844 -16.328 0 0 0 -0.0359107 0.999355
27.1719 337.548 -16.5329 0 0 0 -0.0371034 0.999311
27.2761 339.077 -16.6122 0 0 0 -0.0372823 0.999305
27.3801 340.679 -16.7461 0 0 0 -0.0364282 0.999336
27.4847 342.255 -16.8755 0 0 0 -0.0361387 0.999347
27.5884 343.902 -16.9865 0 0 0 -0.0369014 0.999319
27.6925 345.511 -17.1338 0 0 0 -0.0368053 0.999322
27.7965 347.142 -17.2545 0 0 0 -0.0392076 0.999231
27.9007 348.772 -17.3844 0 0 0 -0.0387919 0.999247
28.0052 350.407 -17.5372 0 0 0 -0.0386734 0.999252
