0.312504 1.29022 -0.0357971 0 0 0 3.2553e-05 1
0.416625 2.59482 -0.0585022 0 0 0 0.000538357 1
0.520755 3.9313 -0.0834961 0 0 0 0.000200825 1
0.625004 5.27744 -0.0923462 0 0 0 0.000574007 1
0.729128 6.5726 -0.0851135 0 0 0 0.00200373 0.999998
0.833252 7.93033 -0.0918579 0 0 0 0.00190353 0.999998
0.937506 9.23373 -0.0895081 0 0 0 0.00192714 0.999998
1.04163 10.6025 -0.0990601 0 0 0 0.00104138 0.999999
1.14587 11.9342 -0.0923462 0 0 0 0.000301956 1
1.25 13.3397 -0.101959 0 0 0 0.000702007 1
1.35425 14.6486 -0.118469 0 0 0 0.000183852 1
1.4584 15.9563 -0.112305 0 0 0 0.000970985 1
1.56253 17.3345 -0.128723 0 0 0 0.000810566 1
1.66675 18.6835 -0.124207 0 0 0 0.000716666 1
1.77101 20.0354 -0.166992 0 0 0 -0.000195654 1
1.87513 21.4048 -0.136475 0 0 0 -0.000428589 1
1.97938 22.7158 -0.15625 0 0 0 -0.000387343 1
2.0835 24.1418 -0.1745 0 0 0 -0.000392111 1
2.18776 25.4782 -0.185974 0 0 0 -0.000595244 1
2.29188 26.7536 -0.24408 0 0 0 -0.00303045 0.999995
2.39613 28.1617 -0.254791 0 0 0 -0.00296822 0.999996
2.50026 29.6006 -0.258301 0 0 0 -0.00297704 0.999996
2.60438 30.9808 -0.263031 0 0 0 -0.00370564 0.999993
2.81276 32.3103 -0.398346 0 0 0 -0.00290003 0.999996
2.91688 32.4931 -0.510834 0 0 0 0.00340525 0.999994
3.02101 32.4126 -0.458984 0 0 0 -0.00113431 0.999999
3.12526 32.4441 -0.499084 0 0 0 -0.00954176 0.999954
3.22938 32.5741 -0.572113 0 0 0 -0.00222221 0.999998
3.3335 32.5811 -0.67804 0 0 0 0.00192391 0.999998
3.43763 33.2953 -0.705872 0 0 0 -0.00299945 0.999996
3.54175 33.7354 -0.753967 0 0 0 -0.00297895 0.999996
3.64588 33.4382 -0.656494 0 0 0 -0.00145427 0.999999
3.75001 33.8764 -0.611725 0 0 0 -0.00105205 0.999999
3.85413 33.2668 -0.554016 0 0 0 0.00332491 0.999994
3.95828 34.0132 -0.588806 0 0 0 0.00293906 0.999996
4.06238 34.6239 -0.705872 0 0 0 0.00763786 0.999971
4.16651 36.0877 -0.684418 0 0 0 0.0054058 0.999985
4.27063 37.516 -0.65741 0 0 0 0.00690189 0.999976
4.37476 38.3435 -0.618073 0 0 0 0.000605628 1
4.47888 39.693 -0.630035 0 0 0 0.00369026 0.999993
4.58313 40.56 -0.654968 0 0 0 0.00224181 0.999997
4.68726 41.9469 -0.653137 0 0 0 0.00150238 0.999999
4.79138 43.4712 -0.673004 0 0 0 0.00157964 0.999999
4.8955 44.8883 -0.664612 0 0 0 0.00299084 0.999996
4.99963 46.318 -0.663757 0 0 0 0.00180464 0.999998
5.10376 47.7644 -0.670898 0 0 0 0.000497389 1
5.20787 49.1456 -0.66925 0 0 0 0.00107744 0.999999
5.312 49.8042 -0.688904 0 0 0 0.000809576 1
5.41624 50.455 -0.653229 0 0 0 -0.00114241 0.999999
5.52024 51.2904 -0.666321 0 0 0 -0.00159183 0.999999
5.62451 51.9925 -0.648193 0 0 0 -0.00144044 0.999999
5.72863 52.3667 -0.687073 0 0 0 -0.00344529 0.999994
5.83264 52.2285 -0.664642 0 0 0 -0.00312391 0.999995
5.93676 52.429 -0.66684 0 0 0 -0.00259462 0.999997
6.04089 52.3617 -0.71524 0 0 0 -8.14517e-05 1
6.14501 52.426 -0.678528 0 0 0 -0.00188914 0.999998
6.24901 52.6403 -0.736969 0 0 0 0.00293591 0.999996
6.35314 52.9406 -0.748352 0 0 0 0.00276674 0.999996
6.45726 53.1453 -0.67099 0 0 0 -0.00147048 0.999999
6.56139 52.9418 -0.675232 0 0 0 0.00107835 0.999999
6.66551 52.8267 -0.679199 0 0 0 0.000490261 1
6.76964 52.5746 -0.683289 0 0 0 0.00249507 0.999997
6.87364 52.9306 -0.631439 0 0 0 0.00152985 0.999999
6.97776 52.921 -0.612152 0 0 0 0.00270407 0.999996
7.08188 52.9295 -0.595886 0 0 0 0.0025573 0.999997
7.18601 52.7564 -0.581207 0 0 0 0.00765453 0.999971
7.29001 52.9881 -0.56192 0 0 0 0.00489361 0.999988
7.39413 53.2765 -0.574554 0 0 0 0.00173236 0.999999
7.49826 53.0126 -0.554932 0 0 0 0.00646932 0.999979
7.60239 52.8554 -0.562195 0 0 0 0.002186 0.999998
7.70638 53.1692 -0.530273 0 0 0 0.00119207 0.999999
7.81051 52.406 -0.512207 0 0 0 0.00250494 0.999997
7.91463 52.3449 -0.478516 0 0 0 0.00193468 0.999998
8.01876 52.8623 -0.48407 0 0 0 0.00203669 0.999998
8.12276 52.3103 -0.437073 0 0 0 0.00128802 0.999999
8.22688 52.2846 -0.42804 0 0 0 0.000616478 1
8.33101 52.3669 -0.413025 0 0 0 0.00168781 0.999999
8.43514 52.2903 -0.399506 0 0 0 0.00163213 0.999999
8.53928 52.7134 -0.438538 0 0 0 -0.00121632 0.999999
8.64339 52.2716 -0.398499 0 0 0 -3.94901e-05 1
8.74751 52.2023 -0.393005 0 0 0 -0.00164285 0.999999
8.85163 52.5854 -0.384094 0 0 0 -0.00229874 0.999997
8.95576 52.2108 -0.36908 0 0 0 -0.00128594 0.999999
9.05989 52.5888 -0.374023 0 0 0 -0.00242057 0.999997
9.16401 52.5454 -0.366364 0 0 0 -0.00266042 0.999996
9.26814 51.9663 -0.389343 0 0 0 -0.00398793 0.999992
9.37226 52.0625 -0.412842 0 0 0 -0.00335136 0.999994
9.47639 51.882 -0.406403 0 0 0 -0.00537527 0.999986
9.58051 51.8472 -0.454498 0 0 0 -0.00784118 0.999969
9.68464 51.459 -0.425629 0 0 0 -0.0059725 0.999982
9.78878 51.5406 -0.467346 0 0 0 -0.00788123 0.999969
9.89289 51.6566 -0.46637 0 0 0 -0.00752958 0.999972
9.99701 51.6872 -0.451965 0 0 0 -0.00653921 0.999979
10.1011 51.9232 -0.487793 0 0 0 -0.00686441 0.999976
10.2053 51.5783 -0.491364 0 0 0 -0.00416483 0.999991
10.3094 51.5038 -0.511871 0 0 0 -0.0053593 0.999986
10.4134 52.1408 -0.495789 0 0 0 -0.00325861 0.999995
10.5175 51.6225 -0.537659 0 0 0 -0.00327792 0.999995
10.6216 52.2263 -0.5 0 0 0 -0.00229898 0.999997
10.7258 52.4055 -0.440338 0 0 0 0.00248343 0.999997
10.8299 52.7592 -0.455231 0 0 0 0.000381475 1
10.934 52.2981 -0.536713 0 0 0 -0.00140515 0.999999
11.0381 52.3216 -0.509918 0 0 0 0.000287141 1
11.1423 52.544 -0.392517 0 0 0 0.00478512 0.999989
11.2464 52.5464 -0.330505 0 0 0 0.00877594 0.999961
11.3505 52.4873 -0.482727 0 0 0 0.00367561 0.999993
11.4546 52.6054 -0.410797 0 0 0 0.00604568 0.999982
11.5588 53.0235 -0.453064 0 0 0 0.00390383 0.999992
11.663 52.9507 -0.422943 0 0 0 0.00400475 0.999992
11.7672 52.7108 0.0118103 0 0 0 0.00045192 1
11.8713 52.748 0.0706482 0 0 0 0.000993187 1
11.9754 52.7047 0.0941772 0 0 0 0.00138791 0.999999
12.0796 52.5629 0.0741577 0 0 0 -0.00361266 0.999994
12.1838 52.0346 0.0548706 0 0 0 -0.00354495 0.999994
12.2879 52.0284 0.0619507 0 0 0 -0.00306549 0.999995
12.392 52.6506 -0.0303345 0 0 0 0.000130661 1
12.4963 54.0649 0.0200806 0 0 0 -0.00331345 0.999995
12.6004 55.5708 -0.0279236 0 0 0 -0.00459804 0.999989
12.7045 56.7832 -0.0430298 0 0 0 -0.00489153 0.999988
12.9128 58.0605 -0.122375 0 0 0 -0.0044011 0.99999
13.0169 58.4907 -0.126312 0 0 0 -0.00172082 0.999999
13.1211 58.5918 -0.146637 0 0 0 -0.00126425 0.999999
13.2253 58.6933 -0.159424 0 0 0 -0.000491532 1
13.3294 58.6048 -0.176453 0 0 0 -0.000363978 1
13.4335 58.5732 -0.187195 0 0 0 -0.000495823 1
13.5376 58.9015 -0.230774 0 0 0 -0.00989317 0.999951
13.6418 59.6847 -0.230865 0 0 0 0.0012952 0.999999
13.7459 60.8588 -0.305359 0 0 0 0.00509737 0.999987
13.85 60.759 -0.800354 0 0 0 -0.00351992 0.999994
13.9542 60.3704 -0.823578 0 0 0 -0.00496281 0.999988
14.0584 59.7108 -0.8349 0 0 0 -0.00323882 0.999995
14.1625 60.3345 -0.812927 0 0 0 -0.00447311 0.99999
14.2666 60.3576 -0.832092 0 0 0 -0.00429477 0.999991
14.3708 59.7048 -0.823395 0 0 0 -0.00442805 0.99999
14.4749 59.7362 -0.847229 0 0 0 -0.00421848 0.999991
14.579 59.752 -0.854553 0 0 0 -0.00346747 0.999994
14.6831 59.772 -0.871918 0 0 0 -0.00353208 0.999994
14.7873 59.7086 -0.884521 0 0 0 -0.00387468 0.999992
14.8914 59.7881 -0.880951 0 0 0 -0.00368824 0.999993
14.9955 59.2893 -0.77832 0 0 0 -0.00176683 0.999998
15.0996 59.3543 -0.774231 0 0 0 -0.00211397 0.999998
15.2038 59.932 -0.803162 0 0 0 -0.00338402 0.999994
15.308 59.5597 -0.781403 0 0 0 -0.00431694 0.999991
15.4121 59.6141 -0.76532 0 0 0 -0.00369539 0.999993
15.5163 59.2859 -0.794373 0 0 0 -0.00458731 0.999989
15.6204 60.0163 -0.79303 0 0 0 -0.00381889 0.999993
15.7245 60.3391 -0.797943 0 0 0 -0.00374546 0.999993
15.8286 60.0622 -0.811432 0 0 0 -0.00365105 0.999993
15.9326 60.2294 -0.81723 0 0 0 -0.00339403 0.999994
16.0368 60.3108 -0.862 0 0 0 -0.00443091 0.99999
16.1409 60.3509 -0.86026 0 0 0 -0.00426545 0.999991
16.245 59.6657 -0.906799 0 0 0 -0.00376954 0.999993
16.3491 60.009 -0.898254 0 0 0 -0.00354376 0.999994
16.4533 59.9726 -0.902771 0 0 0 -0.00431432 0.999991
16.5574 59.6518 -0.889709 0 0 0 -0.00409641 0.999992
16.6615 59.6288 -0.924744 0 0 0 -0.00429477 0.999991
16.7656 59.6111 -0.928864 0 0 0 -0.00452031 0.99999
16.8696 59.5149 -0.901917 0 0 0 -0.00344863 0.999994
16.9738 59.3305 -1.00333 0 0 0 0.000479935 1
17.0779 59.8116 -0.99585 0 0 0 -0.000134381 1
17.182 59.6833 -0.975983 0 0 0 -0.00203791 0.999998
17.2861 59.7417 -0.921631 0 0 0 -0.00331297 0.999995
17.3903 59.5713 -0.92099 0 0 0 -0.00301805 0.999995
17.4944 58.9276 -0.872894 0 0 0 -0.00216332 0.999998
17.5984 58.9873 -0.910309 0 0 0 -0.00159088 0.999999
17.7025 58.9487 -0.867004 0 0 0 -0.00189105 0.999998
17.8066 58.8625 -0.860657 0 0 0 -0.00182691 0.999998
17.9107 58.6729 -0.859131 0 0 0 -0.0034255 0.999994
18.0148 58.8404 -0.870697 0 0 0 -0.00256625 0.999997
18.1189 58.9956 -0.845367 0 0 0 -0.00208131 0.999998
18.223 58.6811 -0.91626 0 0 0 -0.00413098 0.999991
18.327 59.0266 -0.844421 0 0 0 -0.00160542 0.999999
18.4312 58.8914 -0.884766 0 0 0 -0.0024623 0.999997
18.5354 58.5926 -0.885803 0 0 0 -0.00419273 0.999991
18.6394 58.7275 -0.799805 0 0 0 0.00488371 0.999988
18.7435 58.765 -0.861023 0 0 0 0.00717011 0.999974
18.8475 59.0725 -0.769684 0 0 0 0.00306465 0.999995
18.9517 59.1411 -0.777252 0 0 0 0.00669544 0.999978
19.0557 58.6494 -0.750061 0 0 0 0.00186876 0.999998
19.1597 58.7341 -0.745941 0 0 0 0.00446985 0.99999
19.2638 58.4914 -0.744232 0 0 0 0.00226942 0.999997
19.3679 57.8328 -0.69986 0 0 0 0.00533938 0.999986
19.4718 57.7915 -0.696777 0 0 0 0.00467939 0.999989
19.5759 58.225 -0.685791 0 0 0 0.00446201 0.99999
19.6799 58.0345 -0.680359 0 0 0 0.00512999 0.999987
19.784 57.7285 -0.660492 0 0 0 0.00472567 0.999989
19.8881 57.4867 -0.68335 0 0 0 0.00457594 0.99999
19.9921 57.4941 -0.711426 0 0 0 0.00289747 0.999996
20.0961 57.6939 -0.670837 0 0 0 0.00362382 0.999993
20.2001 57.7565 -0.664307 0 0 0 0.00298914 0.999996
20.3043 57.7057 -0.675598 0 0 0 0.00415488 0.999991
20.4083 57.5658 -0.663971 0 0 0 0.00137115 0.999999
20.5123 57.5887 -0.64386 0 0 0 0.00165867 0.999999
20.6164 57.213 -0.658936 0 0 0 0.00186073 0.999998
20.7204 57.3709 -0.654633 0 0 0 -0.000736626 1
20.8245 57.4911 -0.718506 0 0 0 0.00207534 0.999998
20.9287 58.1762 -0.682312 0 0 0 2.09527e-05 1
21.0328 57.8559 -0.712555 0 0 0 -7.4776e-05 1
21.1368 58.8218 -0.687683 0 0 0 -0.000142725 1
21.2409 58.5705 -0.693024 0 0 0 -0.00123564 0.999999
21.3449 58.1936 -0.723145 0 0 0 0.00097329 1
21.4489 58.5205 -0.677307 0 0 0 0.00259714 0.999997
21.5529 59.6705 -0.64444 0 0 0 -8.19286e-05 1
21.657 60.4765 -0.7164 0 0 0 -0.00226179 0.999997
21.761 60.4863 -0.742493 0 0 0 -0.00638162 0.99998
21.865 60.0966 -0.704163 0 0 0 -0.0035738 0.999994
21.9692 59.6856 -0.733978 0 0 0 -0.0054251 0.999985
22.0732 60.093 -0.776703 0 0 0 -0.00490893 0.999988
22.1772 59.7094 -0.794983 0 0 0 -0.00417127 0.999991
22.2812 60.284 -0.806335 0 0 0 -0.002278 0.999997
22.3853 60.294 -0.82486 0 0 0 -0.00273433 0.999996
22.4893 59.7874 -0.885986 0 0 0 -0.00732931 0.999973
22.5933 59.0486 -0.883545 0 0 0 -0.00350967 0.999994
22.6974 59.1788 -0.926697 0 0 0 -0.00646912 0.999979
22.8014 58.2005 -0.901215 0 0 0 0.00161657 0.999999
22.9054 57.9782 -0.8125 0 0 0 0.000225023 1
23.0094 58.0191 -0.715973 0 0 0 0.00408301 0.999992
23.1135 58.6341 -0.67099 0 0 0 0.00820198 0.999966
23.2174 58.8112 -0.717285 0 0 0 0.00564506 0.999984
23.3214 58.6804 -0.665344 0 0 0 0.00452795 0.99999
23.4254 58.703 -0.687317 0 0 0 0.0087992 0.999961
23.5296 58.8601 -0.721741 0 0 0 0.010062 0.999949
23.6336 58.8337 -0.724945 0 0 0 0.00995498 0.99995
23.7375 58.0596 -0.621826 0 0 0 0.0139788 0.999902
23.8417 58.1497 -0.49707 0 0 0 0.00982452 0.999952
23.9457 58.3277 -0.504242 0 0 0 0.00963013 0.999954
24.0497 58.0786 -0.493744 0 0 0 0.0134566 0.999909
24.1537 58.6351 -0.444824 0 0 0 0.00951837 0.999955
24.2578 58.9101 -0.355286 0 0 0 0.00500982 0.999987
24.3618 58.295 -0.470642 0 0 0 0.00616545 0.999981
24.4658 58.2697 -0.757324 0 0 0 -0.00635587 0.99998
24.5698 58.0102 -0.696472 0 0 0 -0.00336495 0.999994
24.6739 58.3139 -0.534119 0 0 0 0.00179244 0.999998
24.7779 58.8286 -0.618164 0 0 0 0.00225904 0.999997
24.882 58.8237 -0.595612 0 0 0 0.00395404 0.999992
24.986 59.354 -0.273865 0 0 0 0.0110552 0.999939
25.0902 60.281 -0.622711 0 0 0 -0.0037786 0.999993
25.1942 60.3249 -0.504944 0 0 0 0.00404258 0.999992
25.2983 59.7004 -0.44635 0 0 0 0.00566887 0.999984
25.4024 59.6744 -0.535583 0 0 0 0.00501131 0.999987
25.5065 60.3597 -0.436462 0 0 0 0.00592288 0.999982
25.6105 61.5469 -0.399658 0 0 0 0.00720368 0.999974
25.7146 62.9248 -0.479065 0 0 0 0.0122968 0.999924
25.8186 64.5611 -0.452209 0 0 0 0.0126733 0.99992
25.9228 66.1306 -0.438385 0 0 0 0.011735 0.999931
26.027 67.6649 -0.385651 0 0 0 0.0140117 0.999902
26.1309 69.1041 -0.518372 0 0 0 0.027321 0.999627
26.2351 70.7839 -0.356842 0 0 0 0.0185097 0.999829
26.3391 71.9389 -0.419281 0 0 0 0.0228596 0.999739
26.4433 73.6765 -0.338959 0 0 0 0.0210197 0.999779
26.5478 75.354 -0.232422 0 0 0 0.0166857 0.999861
26.6514 77.0594 -0.18042 0 0 0 0.0181116 0.999836
26.7579 78.5235 -0.144592 0 0 0 0.0169627 0.999856
26.8626 80.2216 -0.0814514 0 0 0 0.0161146 0.99987
26.9637 81.7697 -0.0668945 0 0 0 0.0185396 0.999828
27.0678 83.3996 -0.0305786 0 0 0 0.0164071 0.999865
27.1719 85.0477 0.0323792 0 0 0 0.0151554 0.999885
27.2761 86.6464 0.048645 0 0 0 0.0150797 0.999886
27.3801 88.2323 0.0847168 0 0 0 0.0165834 0.999862
27.4847 89.8401 0.148865 0 0 0 0.0162082 0.999869
27.5884 90.6673 0.10434 0 0 0 0.0253547 0.999678
27.6925 92.3908 0.160461 0 0 0 0.0226353 0.999744
27.7965 94.0377 0.217438 0 0 0 0.0182483 0.999833
27.9007 95.9898 0.326569 0 0 0 0.0154844 0.99988
