0.312504 3.94173 -0.00203758 0.063028 -0.499463 0.500804 -0.498829 0.500901
0.416625 5.26102 -0.00277789 0.0848376 -0.499454 0.500951 -0.498726 0.500865
0.520755 6.58164 -0.00415793 0.101468 -0.499556 0.501262 -0.498479 0.500698
0.625004 7.90877 -0.00757102 0.116587 -0.499398 0.501945 -0.497845 0.500802
0.729128 9.23896 -0.00832382 0.132803 -0.499744 0.502043 -0.497658 0.500545
0.833252 10.5696 -0.00772834 0.149765 -0.499522 0.50141 -0.498159 0.500903
0.937506 11.9043 -0.00678092 0.163455 -0.499569 0.500039 -0.49948 0.500911
1.04163 13.2421 -0.0034194 0.176748 -0.500109 0.499027 -0.500662 0.5002
1.14587 14.5805 0.00186218 0.19592 0.500726 -0.498481 0.501253 -0.499535
1.25 15.9307 0.00585175 0.21776 0.501173 -0.498386 0.501418 -0.499015
1.35425 17.2822 0.00426771 0.236414 0.501183 -0.4997 0.500312 -0.498802
1.4584 18.6347 -0.000482789 0.253747 -0.50071 0.501287 -0.498838 0.499161
1.56253 19.9867 -0.00500609 0.26991 -0.499556 0.501357 -0.498622 0.50046
1.66675 21.3413 -0.00413469 0.293109 -0.498639 0.501081 -0.498799 0.501475
1.77101 22.7057 0.000765475 0.32223 -0.498664 0.500301 -0.49991 0.501123
1.87513 24.0721 0.00736932 0.346812 0.499532 -0.500084 0.500538 -0.499844
1.97938 25.4487 0.00971926 0.368742 -0.501232 0.501478 -0.499487 0.497795
2.0835 26.8203 0.00506118 0.38714 -0.50051 0.502218 -0.498964 0.4983
2.18776 28.1947 -0.00196227 0.409939 -0.499144 0.502792 -0.498183 0.49987
2.29188 29.5701 -0.00528159 0.432898 -0.498345 0.502306 -0.498684 0.500655
2.39613 30.9498 -0.00793902 0.459118 -0.497608 0.501895 -0.499297 0.501189
2.50026 32.3353 -0.00682708 0.485013 -0.498142 0.501161 -0.500423 0.50027
2.60438 33.7178 -0.00830517 0.512237 -0.49775 0.500495 -0.501285 0.500463
2.70863 35.1108 -0.0101734 0.543116 -0.497876 0.500138 -0.501606 0.500372
2.81276 36.5079 -0.0121194 0.574623 0.498492 -0.500676 0.501027 -0.499802
2.91688 37.9059 -0.0151148 0.599901 -0.49919 0.500778 -0.500714 0.499315
3.02101 39.3016 -0.0169685 0.623853 0.499793 -0.500018 0.501462 -0.498724
3.12526 40.7044 -0.0194295 0.643712 0.500346 -0.499372 0.502175 -0.498098
3.22938 42.111 -0.0191634 0.670725 0.50101 -0.498963 0.502585 -0.497427
3.3335 43.5186 -0.0213443 0.694132 0.501422 -0.498689 0.502723 -0.497147
3.43763 44.9282 -0.0262236 0.717858 0.501164 -0.498741 0.502458 -0.497622
3.54175 46.3413 -0.0308604 0.739025 0.500972 -0.498621 0.502235 -0.49816
3.64588 47.757 -0.0340803 0.761032 0.501242 -0.498722 0.501654 -0.498373
3.75001 49.1796 -0.0335922 0.783986 0.501759 -0.498632 0.501241 -0.498358
3.85413 50.6022 -0.0317553 0.805635 0.502248 -0.49827 0.50107 -0.4984
3.95828 52.0283 -0.0289579 0.826541 0.502443 -0.497883 0.500869 -0.498791
4.06238 53.4572 -0.0253698 0.845384 0.5031 -0.497863 0.500332 -0.498689
4.16651 54.8846 -0.0208294 0.866832 0.503195 -0.498252 0.499543 -0.498995
4.27063 56.3166 -0.0168087 0.88688 0.50296 -0.498445 0.499032 -0.499551
4.37476 57.7455 -0.0132291 0.907244 -0.502438 0.498753 -0.498413 0.500385
4.47888 59.1736 -0.0100754 0.924947 -0.50223 0.499181 -0.497948 0.50063
4.58313 60.6032 -0.00652426 0.944604 -0.501979 0.499753 -0.497593 0.500665
4.68726 62.028 -0.00276421 0.964748 -0.501785 0.500263 -0.497275 0.500666
4.79138 63.452 0.00130824 0.98781 -0.501087 0.500746 -0.497007 0.501148
4.8955 64.8719 0.0028736 1.00818 -0.500379 0.50103 -0.496963 0.501615
4.99963 66.2894 0.00595393 1.0297 -0.500095 0.50103 -0.497288 0.501577
5.10376 67.7031 0.0100203 1.0502 -0.500345 0.500813 -0.49791 0.500927
5.20787 69.1159 0.0193644 1.07607 0.501266 -0.500558 0.498406 -0.499766
5.312 70.53 0.0270227 1.09783 0.502314 -0.500161 0.499187 -0.498329
5.41624 71.9398 0.0351344 1.11823 0.503174 -0.499571 0.500146 -0.49709
5.52024 73.3399 0.0421465 1.13599 0.50403 -0.498508 0.501527 -0.495897
5.62451 74.7424 0.0467759 1.15331 0.504493 -0.497792 0.502588 -0.49507
5.72863 76.1445 0.0532768 1.17723 0.504786 -0.497356 0.503362 -0.494423
5.83264 77.5408 0.0545851 1.19794 0.504802 -0.497404 0.503481 -0.494237
5.93676 78.935 0.0528733 1.21803 0.504497 -0.497796 0.503174 -0.494468
6.04089 80.3254 0.0495425 1.23665 0.503988 -0.497834 0.503105 -0.495018
6.14501 81.711 0.0488321 1.25829 0.503841 -0.497921 0.502881 -0.495308
6.24901 83.0972 0.0483881 1.27868 0.503977 -0.49792 0.502767 -0.495287
6.35314 84.4837 0.0526907 1.30003 0.503868 -0.497771 0.50265 -0.495665
6.45726 85.8656 0.06072 1.32025 0.504227 -0.49759 0.502467 -0.495668
6.56139 87.2502 0.0751804 1.3437 0.504543 -0.497629 0.50196 -0.49582
6.66551 88.6291 0.0843762 1.36298 0.504561 -0.498144 0.500883 -0.496374
6.76964 90.0063 0.0981323 1.38264 0.504507 -0.498559 0.499868 -0.497035
6.87364 91.3752 0.111047 1.39978 0.504207 -0.498945 0.499176 -0.497647
6.97776 92.7413 0.128335 1.41806 0.503834 -0.498982 0.498905 -0.498259
7.08188 94.1034 0.14546 1.43596 0.503467 -0.499092 0.49866 -0.498765
7.18601 95.4608 0.169705 1.45619 0.50357 -0.498797 0.498886 -0.498729
7.29001 96.8138 0.191341 1.47621 0.503318 -0.498705 0.49904 -0.498923
7.39413 98.1655 0.212031 1.49648 0.50327 -0.498415 0.49945 -0.49885
7.49826 99.5151 0.234406 1.51768 0.503609 -0.498137 0.499909 -0.498326
7.60239 100.86 0.248572 1.535 0.504007 -0.498424 0.499741 -0.497804
7.70638 102.205 0.269402 1.55602 0.50468 -0.498525 0.499715 -0.497047
7.81051 103.546 0.28676 1.57525 0.504209 -0.498345 0.499924 -0.497495
7.91463 104.884 0.305326 1.59605 0.503498 -0.497739 0.500577 -0.498166
8.01876 106.221 0.315396 1.6133 0.503081 -0.497569 0.500726 -0.498606
8.12276 107.565 0.334309 1.63843 0.50284 -0.498467 0.499904 -0.498777
8.22688 108.906 0.350813 1.66128 0.502625 -0.49974 0.498938 -0.498687
8.33101 110.245 0.373776 1.68674 0.502167 -0.500531 0.498607 -0.498686
8.43514 111.577 0.394315 1.7101 0.501408 -0.50057 0.498927 -0.499091
8.53928 112.905 0.413713 1.734 0.501118 -0.499659 0.500172 -0.499049
8.64339 114.229 0.421968 1.75399 0.500783 -0.498892 0.50148 -0.498839
8.74751 115.56 0.42959 1.775 0.50113 -0.498428 0.502646 -0.497779
8.85163 116.893 0.433478 1.79423 0.501673 -0.498969 0.502815 -0.496519
8.95576 118.227 0.433415 1.81179 0.502039 -0.49982 0.50249 -0.495621
9.05989 119.561 0.430614 1.82585 0.501769 -0.50044 0.502262 -0.495501
9.16401 120.905 0.433415 1.84632 0.501453 -0.50038 0.502831 -0.495305
9.26814 122.268 0.447293 1.88093 0.501462 -0.500127 0.503697 -0.494669
9.37226 123.624 0.456074 1.91003 0.501588 -0.499808 0.504578 -0.493966
9.47639 124.983 0.462255 1.94033 0.501227 -0.49963 0.505312 -0.493763
9.58051 126.337 0.464133 1.9663 0.501083 -0.499485 0.505995 -0.493354
9.68464 127.692 0.47085 2.00603 0.500579 -0.499854 0.506081 -0.493405
9.78878 129.05 0.471809 2.03834 0.500451 -0.500373 0.505945 -0.493148
9.89289 130.407 0.47428 2.07319 0.500379 -0.501203 0.505535 -0.492799
9.99701 131.756 0.470125 2.09949 0.500067 -0.501549 0.50535 -0.492954
10.1011 133.11 0.465694 2.1277 0.499649 -0.502159 0.504734 -0.493387
10.2053 134.461 0.465103 2.16293 0.499444 -0.502625 0.50411 -0.493757
10.3094 135.815 0.46612 2.19839 0.499111 -0.502777 0.503693 -0.494365
10.4134 137.161 0.464495 2.22631 0.499008 -0.502844 0.503006 -0.4951
10.5175 138.512 0.464572 2.25485 -0.499215 0.503143 -0.502175 0.495431
10.6216 139.863 0.464181 2.28175 -0.499157 0.503357 -0.501454 0.496001
10.7258 141.213 0.467442 2.31487 -0.499274 0.503198 -0.500967 0.496537
10.8299 142.562 0.470457 2.34189 -0.499408 0.502836 -0.500706 0.497032
10.934 143.91 0.474702 2.36746 -0.499449 0.502547 -0.500477 0.497513
11.0381 145.258 0.478901 2.39502 -0.498844 0.502266 -0.500268 0.498614
11.1423 146.601 0.481393 2.42659 -0.497378 0.503002 -0.498964 0.500638
11.2464 147.954 0.484415 2.46297 -0.496654 0.505113 -0.496273 0.501905
11.3505 149.303 0.483284 2.48937 -0.495327 0.506876 -0.493747 0.503927
11.4546 150.648 0.488799 2.51862 -0.494186 0.506791 -0.49321 0.505656
11.5588 151.992 0.497985 2.54563 -0.493115 0.505861 -0.494238 0.506627
11.663 153.337 0.51399 2.58179 -0.493355 0.504755 -0.495789 0.50598
11.7672 154.684 0.520341 2.61189 -0.493233 0.504883 -0.49604 0.505727
11.8713 156.033 0.518837 2.64145 -0.493169 0.506502 -0.494726 0.505456
11.9754 157.383 0.510487 2.66616 -0.492469 0.508786 -0.492665 0.505859
12.0796 158.732 0.499605 2.68915 -0.491589 0.509987 -0.491433 0.506702
12.1838 160.079 0.490889 2.71138 -0.491238 0.510507 -0.49087 0.507064
12.2879 161.429 0.484876 2.73678 -0.491522 0.510422 -0.491377 0.506384
12.392 162.779 0.483652 2.7606 -0.492132 0.509668 -0.492766 0.5052
12.4963 164.13 0.47678 2.78725 -0.492175 0.508452 -0.494461 0.504726
12.6004 165.481 0.468784 2.81067 -0.492496 0.507727 -0.495576 0.504049
12.7045 166.839 0.459926 2.83556 -0.493238 0.507669 -0.495849 0.503113
12.8086 168.2 0.449484 2.86199 -0.493662 0.507159 -0.496253 0.502813
12.9128 169.56 0.442444 2.88656 -0.493672 0.505955 -0.497213 0.503067
13.0169 170.92 0.438972 2.91424 -0.493957 0.504233 -0.498688 0.503057
13.1211 172.284 0.411154 2.93273 -0.494912 0.502644 -0.500195 0.50221
13.2253 173.653 0.388112 2.96077 -0.496201 0.501792 -0.501212 0.500776
13.3294 175.029 0.37793 2.98645 -0.497519 0.501719 -0.501558 0.499192
13.4335 176.409 0.358878 3.00854 -0.49807 0.502156 -0.501186 0.498576
13.5376 177.785 0.340531 3.01391 -0.497886 0.503009 -0.49994 0.499151
13.6418 179.161 0.321404 3.02295 -0.497628 0.503192 -0.498919 0.500244
13.7459 180.542 0.313655 3.04112 -0.497016 0.501753 -0.49932 0.501895
13.85 181.921 0.309 3.0621 -0.496531 0.499984 -0.500333 0.503131
13.9542 183.31 0.314056 3.08816 -0.497643 0.498414 -0.501613 0.502314
14.0584 184.704 0.318656 3.11447 -0.499037 0.497719 -0.502254 0.500978
14.1625 186.099 0.314131 3.13755 0.500162 -0.498131 0.501985 -0.499713
14.2666 187.499 0.308728 3.16448 0.5008 -0.498582 0.501742 -0.498869
14.3708 188.9 0.308933 3.19394 0.500823 -0.498966 0.501398 -0.498807
14.4749 190.305 0.307021 3.22186 0.50066 -0.499521 0.500816 -0.499001
14.579 191.713 0.303004 3.25053 -0.500126 0.500274 -0.500057 0.499542
14.6831 193.121 0.300756 3.28116 -0.499368 0.501036 -0.499483 0.500111
14.7873 194.54 0.297934 3.31414 -0.498773 0.502107 -0.498576 0.500535
14.8914 195.959 0.29453 3.34437 -0.498098 0.503675 -0.497206 0.500995
14.9955 197.381 0.295505 3.38456 -0.497184 0.504595 -0.496392 0.501783
15.0996 198.801 0.299864 3.41936 -0.496545 0.503132 -0.497968 0.502325
15.2038 200.224 0.315003 3.47136 -0.496663 0.500216 -0.501122 0.501983
15.308 201.657 0.332199 3.51508 0.498573 -0.498053 0.503878 -0.499474
15.4121 203.095 0.348581 3.55558 0.50133 -0.497398 0.505236 -0.495984
15.5163 204.533 0.351843 3.58033 0.502104 -0.497818 0.505196 -0.49482
15.6204 205.97 0.348136 3.60408 0.50172 -0.498186 0.504569 -0.495477
15.7245 207.418 0.343831 3.62867 0.501256 -0.498684 0.503497 -0.496534
15.8286 208.868 0.342198 3.65089 0.500902 -0.499007 0.502619 -0.497458
15.9326 210.323 0.342964 3.67436 0.500902 -0.498567 0.5028 -0.497715
16.0368 211.785 0.347951 3.70895 0.501323 -0.498213 0.503098 -0.497344
16.1409 213.245 0.353316 3.74177 0.50191 -0.498114 0.503135 -0.496815
16.245 214.714 0.357581 3.77806 0.501788 -0.498168 0.502964 -0.497056
16.3491 216.186 0.357484 3.80999 0.501433 -0.497824 0.50311 -0.497611
16.4533 217.661 0.355981 3.83709 0.501271 -0.497939 0.502898 -0.497872
16.5574 219.142 0.360488 3.86762 0.501557 -0.497825 0.502788 -0.49781
16.6615 220.619 0.366905 3.89969 0.501515 -0.497594 0.502847 -0.498025
16.7656 222.105 0.371188 3.93317 0.501509 -0.497464 0.502877 -0.498129
16.8696 223.589 0.375507 3.9617 0.501884 -0.497116 0.50305 -0.497925
16.9738 225.079 0.37715 3.9905 0.501779 -0.497019 0.502976 -0.498202
17.0779 226.569 0.378771 4.01707 0.501999 -0.496855 0.503007 -0.498113
17.182 228.06 0.378527 4.04814 0.501825 -0.4971 0.502712 -0.498342
17.2861 229.551 0.378661 4.07508 0.501326 -0.497282 0.502586 -0.498789
17.3903 231.045 0.376609 4.09904 0.501091 -0.497696 0.502258 -0.498944
17.4944 232.542 0.37457 4.12499 0.500832 -0.498331 0.501724 -0.499105
17.5984 234.038 0.373963 4.15362 0.500904 -0.498477 0.501574 -0.499039
17.7025 235.539 0.376469 4.18633 0.500979 -0.498322 0.501686 -0.499005
17.8066 237.045 0.378408 4.22023 0.500787 -0.497895 0.502221 -0.499085
17.9107 238.55 0.381494 4.25331 0.50117 -0.497907 0.502473 -0.498435
18.0148 240.06 0.382906 4.28539 0.501694 -0.498596 0.502106 -0.497589
18.1189 241.571 0.382092 4.3151 0.501595 -0.498888 0.502071 -0.497432
18.223 243.087 0.38188 4.34714 0.50114 -0.498545 0.50265 -0.497649
18.327 244.602 0.379639 4.37765 0.500652 -0.49835 0.50312 -0.49786
18.4312 246.123 0.377078 4.4047 0.500945 -0.498283 0.50334 -0.497411
18.5354 247.648 0.372157 4.43202 0.501042 -0.498656 0.502999 -0.497284
18.6394 249.168 0.368389 4.45822 0.501324 -0.498745 0.502757 -0.497156
18.7435 250.696 0.365894 4.48706 0.501544 -0.498689 0.502699 -0.497048
18.8475 252.224 0.362986 4.5113 0.501923 -0.498355 0.50305 -0.496645
18.9517 253.757 0.35989 4.53575 0.502123 -0.498167 0.503337 -0.49634
19.0557 255.288 0.356528 4.55844 0.502307 -0.497994 0.503452 -0.496211
19.1597 256.823 0.351899 4.58494 0.501991 -0.498473 0.502983 -0.496526
19.2638 258.361 0.347449 4.61158 0.501868 -0.499051 0.50236 -0.496701
19.3679 259.9 0.3408 4.6376 0.501403 -0.500028 0.501418 -0.497139
19.4718 261.435 0.334678 4.66224 0.500904 -0.50014 0.50115 -0.4978
19.5759 262.973 0.329134 4.68655 0.500315 -0.500024 0.501128 -0.49853
19.6799 264.511 0.325374 4.71574 -0.500135 0.501106 -0.500333 0.498422
19.784 266.057 0.324905 4.74817 -0.500389 0.502112 -0.499548 0.497941
19.8881 267.598 0.320818 4.78837 -0.499619 0.50238 -0.499348 0.498646
19.9921 269.138 0.317394 4.82468 -0.49895 0.50228 -0.499594 0.499169
20.0961 270.677 0.316602 4.86605 -0.499012 0.502178 -0.500018 0.498785
20.2001 272.219 0.315594 4.90659 -0.499205 0.502175 -0.500561 0.49805
20.3043 273.765 0.31404 4.95022 -0.499286 0.501885 -0.501328 0.497488
20.4083 275.307 0.311231 4.98763 0.499322 -0.501805 0.501886 -0.49697
20.5123 276.853 0.311421 5.03984 0.499223 -0.501723 0.502362 -0.496672
20.6164 278.395 0.306203 5.08276 0.498951 -0.501692 0.50281 -0.496523
20.7204 279.945 0.301129 5.13414 0.498474 -0.501937 0.503016 -0.496546
20.8245 281.496 0.289754 5.17204 0.498156 -0.502334 0.503037 -0.496442
20.9287 283.05 0.27649 5.21004 -0.498067 0.503075 -0.502667 0.496155
21.0328 284.6 0.259923 5.24169 -0.49773 0.503619 -0.502294 0.496319
21.1368 286.145 0.24473 5.2776 -0.49696 0.503211 -0.502734 0.497059
21.2409 287.7 0.230158 5.31624 0.496174 -0.502712 0.503056 -0.498023
21.3449 289.254 0.217081 5.35515 0.496391 -0.502347 0.503001 -0.49823
21.4489 290.81 0.204525 5.39047 -0.496335 0.502741 -0.502255 0.498642
21.5529 292.369 0.192693 5.42488 -0.496462 0.50231 -0.50218 0.499024
21.657 293.932 0.182827 5.46258 0.496603 -0.502036 0.502175 -0.499165
21.761 295.501 0.175311 5.50214 -0.496918 0.501977 -0.501882 0.499206
21.865 297.072 0.168171 5.54265 -0.497097 0.501953 -0.501482 0.499453
21.9692 298.65 0.157166 5.57321 -0.49739 0.50205 -0.500869 0.499679
22.0732 300.237 0.14983 5.60566 -0.498319 0.501907 -0.500735 0.499031
22.1772 301.821 0.143657 5.63806 -0.498437 0.502076 -0.500881 0.498597
22.2812 303.413 0.136231 5.67405 -0.498205 0.502043 -0.501399 0.498341
22.3853 305.009 0.12458 5.70493 -0.497674 0.502346 -0.501285 0.49868
22.4893 306.609 0.111308 5.74056 -0.49698 0.5026 -0.501117 0.499285
22.5933 308.212 0.10099 5.77594 -0.496006 0.502601 -0.501262 0.500106
22.6974 309.819 0.0964999 5.82111 -0.495693 0.50242 -0.501443 0.500418
22.8014 311.433 0.0932494 5.86305 -0.496133 0.501529 -0.501277 0.501041
22.9054 313.044 0.0965843 5.90777 -0.497008 0.500866 -0.500872 0.501242
23.0094 314.668 0.106523 5.95203 -0.498336 0.50112 -0.500419 0.500121
23.1135 316.295 0.107981 5.99069 -0.498723 0.502373 -0.499417 0.499479
23.2174 317.924 0.10867 6.03243 -0.498618 0.502898 -0.498995 0.499477
23.3214 319.552 0.105842 6.06836 -0.497861 0.502996 -0.499036 0.500093
23.4254 321.182 0.10397 6.10684 -0.497592 0.503281 -0.498919 0.50019
23.5296 322.814 0.100918 6.1434 -0.497678 0.503404 -0.498895 0.500005
23.6336 324.44 0.0988311 6.18528 -0.497471 0.503509 -0.499034 0.499966
23.7375 326.068 0.0964844 6.22409 -0.497562 0.50312 -0.499666 0.499637
23.8417 327.698 0.0941105 6.26882 -0.497403 0.5029 -0.50022 0.499461
23.9457 329.324 0.0849696 6.30543 -0.497358 0.503839 -0.499702 0.499079
24.0497 330.951 0.0744272 6.34211 -0.497377 0.504372 -0.499232 0.498991
24.1537 332.569 0.0642123 6.37224 -0.49678 0.504236 -0.499215 0.49974
24.2578 334.189 0.058449 6.4135 -0.497005 0.504065 -0.499393 0.49951
24.3618 335.802 0.0543496 6.45078 -0.497295 0.503105 -0.500304 0.499279
24.4658 337.41 0.0494975 6.49255 -0.496701 0.501544 -0.5015 0.50024
24.5698 339.021 0.0454804 6.53219 0.497599 -0.501215 0.501396 -0.49978
24.6739 340.629 0.0425701 6.5714 -0.498809 0.501721 -0.500458 0.499007
24.7779 342.246 0.039303 6.60181 -0.500183 0.50197 -0.499676 0.498164
24.882 343.853 0.03681 6.62892 -0.500293 0.501234 -0.49981 0.49866
24.986 345.453 0.0351466 6.65278 -0.500075 0.500433 -0.499703 0.499789
25.0902 347.055 0.0345479 6.67764 -0.500691 0.500599 -0.498587 0.50012
25.1942 348.655 0.0370717 6.70815 -0.500749 0.500973 -0.497714 0.500558
25.2983 350.253 0.0415633 6.73724 -0.500549 0.500695 -0.497775 0.500974
25.4024 351.848 0.0526102 6.77306 -0.500212 0.500582 -0.497779 0.501419
25.5065 353.446 0.0627707 6.80586 -0.500215 0.500607 -0.497744 0.501426
25.6105 355.038 0.0750661 6.84356 -0.50004 0.500695 -0.497671 0.501585
25.7146 356.631 0.0857036 6.88255 -0.499735 0.500698 -0.497651 0.501906
25.8186 358.222 0.0972999 6.92176 -0.499555 0.500547 -0.497739 0.502148
25.9228 359.812 0.109101 6.95871 -0.499502 0.500779 -0.497543 0.502165
26.027 361.404 0.122301 6.99593 -0.499341 0.500439 -0.49792 0.50229
26.1309 362.989 0.132221 7.03402 -0.498637 0.500529 -0.497861 0.502958
26.2351 364.587 0.141995 7.07272 -0.498638 0.501267 -0.49718 0.502895
26.3391 366.184 0.1553 7.1124 -0.49854 0.501939 -0.496442 0.503052
26.4433 367.781 0.166862 7.14688 -0.498215 0.501913 -0.496491 0.503351
26.5478 369.387 0.185891 7.18829 -0.498183 0.50151 -0.497083 0.5032
26.6514 370.975 0.202918 7.22508 -0.498879 0.501445 -0.497395 0.502266
26.7579 372.615 0.222998 7.26884 -0.499163 0.501312 -0.497782 0.501733
26.8626 374.225 0.237813 7.30681 -0.499109 0.501241 -0.498038 0.501604
26.9637 375.781 0.251989 7.34494 -0.498806 0.501145 -0.49825 0.50179
27.0678 377.387 0.262588 7.37934 -0.498715 0.501114 -0.498422 0.501741
27.1719 378.993 0.270401 7.41442 -0.498741 0.501062 -0.498588 0.501603
27.2761 380.607 0.278358 7.44841 -0.498981 0.500882 -0.498925 0.501208
27.3801 382.22 0.287793 7.48506 -0.499404 0.500821 -0.49915 0.500623
27.4847 383.841 0.296087 7.52208 -0.499472 0.500447 -0.499659 0.500422
27.5884 385.451 0.303965 7.55871 -0.499474 0.500152 -0.500088 0.500285
27.6925 387.068 0.311017 7.59675 0.499603 -0.500071 0.500333 -0.499993
27.7965 388.686 0.316454 7.6316 0.50008 -0.500053 0.500478 -0.499389
27.9007 390.306 0.320658 7.66443 0.500443 -0.500048 0.500677 -0.49883
28.0052 391.936 0.3238 7.6962 0.500345 -0.499812 0.501106 -0.498734
