6 -0.0774536 -0.107056 0 0 0 -0.000204476 1
6.5 -0.0755005 -0.105103 0 0 0 -0.000260504 1
7 -0.0755005 -0.105103 0 0 0 -0.000260504 1
7.5 -0.0755005 -0.105103 0 0 0 -0.000260504 1
8 -0.0755005 -0.105103 0 0 0 -0.000260504 1
8.5 -0.0755005 -0.105103 0 0 0 -0.000260504 1
9 -0.0755005 -0.105103 0 0 0 -0.000260504 1
9.5 -0.0755005 -0.105103 0 0 0 -0.000260504 1
10 -0.0755005 -0.105103 0 0 0 -0.000260504 1
10.5 -0.0755005 -0.105103 0 0 0 -0.000260504 1
11 -0.0755005 -0.105103 0 0 0 -0.000260504 1
11.5 -0.0755005 -0.105103 0 0 0 -0.000260504 1
12 -0.0755005 -0.105103 0 0 0 -0.000260504 1
12.5 -0.0755005 -0.105103 0 0 0 -0.000260504 1
13 -0.0755005 -0.105103 0 0 0 -0.000260504 1
13.5 -0.0755005 -0.105103 0 0 0 -0.000260504 1
14 -0.0755005 -0.105103 0 0 0 -0.000260504 1
14.5 -0.0755005 -0.105103 0 0 0 -0.000260504 1
15 -0.0755005 -0.105103 0 0 0 -0.000260504 1
15.5 -0.0755005 -0.105103 0 0 0 -0.000260504 1
16 -0.0755005 -0.105103 0 0 0 -0.000260504 1
16.5 -0.0755005 -0.105103 0 0 0 -0.000260504 1
17 -0.0755005 -0.105103 0 0 0 -0.000260504 1
17.5 -0.0755005 -0.105103 0 0 0 -0.000260504 1
18 -0.0755005 -0.105103 0 0 0 -0.000260504 1
18.5 -0.0755005 -0.105103 0 0 0 -0.000260504 1
19 -0.0755005 -0.105103 0 0 0 -0.000260504 1
19.5 -0.0755005 -0.105103 0 0 0 -0.000260504 1
20 -0.0755005 -0.105103 0 0 0 -0.000260504 1
20.1041 1.20905 -0.0770874 0 0 0 -0.000155361 1
20.2083 1.94684 -0.0657349 0 0 0 0.00719387 0.999974
20.3125 1.31012 0.0419922 0 0 0 0.00378513 0.999993
20.4166 1.62091 -0.0197144 0 0 0 0.0360107 0.999351
20.5208 1.4541 -0.24408 0 0 0 0.0349276 0.99939
20.625 1.51062 -0.555115 0 0 0 0.0559635 0.998433
20.7291 2.01544 -1.85889 0 0 0 0.0699368 0.997551
20.8333 2.42853 -1.25293 0 0 0 0.0793306 0.996848
20.9375 3.00067 -0.792969 0 0 0 0.0960646 0.995375
21.0416 4.15643 -0.579529 0 0 0 0.0959551 0.995386
21.1459 5.94757 -0.69574 0 0 0 0.102866 0.994695
21.25 6.34869 0.0263672 0 0 0 0.100725 0.994914
21.3543 5.46063 0.202942 0 0 0 0.111919 0.993717
21.4584 4.09894 0.518921 0 0 0 0.101662 0.994819
21.5625 3.8501 -1.71582 0 0 0 0.0881437 0.996108
21.6668 3.15887 -0.462097 0 0 0 0.121648 0.992573
21.771 0.887085 -0.632019 0 0 0 0.169561 0.98552
21.8751 -0.725281 -2.23651 0 0 0 0.16597 0.986131
21.9794 -2.10168 -3.14093 0 0 0 0.184227 0.982884
22.0835 -0.00549316 -2.18182 0 0 0 0.137481 0.990504
22.1878 -5.64581 -2.37463 0 0 0 0.197771 0.980248
22.2919 -6.22815 -2.64569 0 0 0 0.153872 0.988091
22.3961 -6.54559 -4.50067 0 0 0 0.0764002 0.997077
22.5003 -6.91693 -4.77454 0 0 0 0.0667436 0.99777
22.6044 -9.28418 -5.30664 0 0 0 0.0996486 0.995023
22.7086 -10.3203 -5.41693 0 0 0 0.112616 0.993639
22.8128 -6.89172 -4.89435 0 0 0 0.0450461 0.998985
22.9169 -7.34003 -4.78583 0 0 0 0.016255 0.999868
23.021 -7.94696 -4.65741 0 0 0 0.00775135 0.99997
23.1253 -9.86328 -5.14093 0 0 0 0.0517396 0.998661
23.2294 -9.41278 -4.61877 0 0 0 0.0573547 0.998354
23.3335 -9.42737 -4.44476 0 0 0 0.0526597 0.998613
23.4376 -10.5998 -4.17773 0 0 0 0.0588803 0.998265
23.5418 -12.2584 -4.85663 0 0 0 0.111305 0.993786
23.6459 -12.7922 -5.7326 0 0 0 0.106414 0.994322
23.75 -14.7926 -6.62238 0 0 0 0.115243 0.993337
23.8541 -16.822 -11.0255 0 0 0 0.310384 0.950611
23.9583 -15.2415 -12.9661 0 0 0 0.5018 0.864984
24.0624 -17.6219 -13.5131 0 0 0 0.516131 0.856509
24.1665 -16.84 -13.4376 0 0 0 0.558267 0.829662
24.2706 -17.0834 -16.518 0 0 0 0.686962 0.726694
24.3748 -17.9508 -14.0835 0 0 0 0.698936 0.715184
24.4789 -17.944 -12.8206 0 0 0 0.688723 0.725025
24.5831 -18.006 -12.3647 0 0 0 0.691504 0.722373
24.6873 -18.6559 -12.8232 0 0 0 0.673235 0.739428
24.7914 -17.9482 -14.2799 0 0 0 0.69997 0.714172
24.8955 -17.9041 -13.822 0 0 0 0.702862 0.711326
24.9996 -18.4492 -14.4277 0 0 0 0.718166 0.695871
25.1038 -17.9918 -14.8171 0 0 0 0.689121 0.724646
25.2079 -18.9402 -13.9627 0 0 0 0.659595 0.751621
25.312 -17.0859 -15.1993 0 0 0 0.72681 0.686839
25.4162 -18.0182 -14.5742 0 0 0 0.688901 0.724855
25.5202 -18.2234 -14.9321 0 0 0 0.663261 0.748388
25.6245 -131.549 79.0537 0 0 0 0.590283 0.807196
25.7286 -131.549 79.0537 0 0 0 0.590283 0.807196
25.8326 -131.549 79.0537 0 0 0 0.590283 0.807196
25.9368 -131.549 79.0537 0 0 0 0.590283 0.807196
26.0409 -131.549 79.0537 0 0 0 0.590283 0.807196
26.145 -131.549 79.0537 0 0 0 0.590283 0.807196
26.249 -131.549 79.0537 0 0 0 0.590283 0.807196
26.3531 -131.549 79.0537 0 0 0 0.590283 0.807196
26.4573 -131.549 79.0537 0 0 0 0.590283 0.807196
26.5614 -131.549 79.0537 0 0 0 0.590283 0.807196
26.6655 -131.549 79.0537 0 0 0 0.590283 0.807196
26.7696 -131.549 79.0537 0 0 0 0.590283 0.807196
26.8736 -131.549 79.0537 0 0 0 0.590283 0.807196
26.9778 -131.549 79.0537 0 0 0 0.590283 0.807196
27.0819 -131.549 79.0537 0 0 0 0.590283 0.807196
27.186 -131.549 79.0537 0 0 0 0.590283 0.807196
27.29 -131.549 79.0537 0 0 0 0.590283 0.807196
27.3941 -131.549 79.0537 0 0 0 0.590283 0.807196
27.4983 -131.549 79.0537 0 0 0 0.590283 0.807196
27.6024 -131.549 79.0537 0 0 0 0.590283 0.807196
27.7064 -131.549 79.0537 0 0 0 0.590283 0.807196
27.8105 -131.549 79.0537 0 0 0 0.590283 0.807196
27.9146 -131.549 79.0537 0 0 0 0.590283 0.807196
28.0188 -131.549 79.0537 0 0 0 0.590283 0.807196
28.1228 -131.549 79.0537 0 0 0 0.590283 0.807196
28.2269 -131.549 79.0537 0 0 0 0.590283 0.807196
28.331 -131.549 79.0537 0 0 0 0.590283 0.807196
28.4351 -131.549 79.0537 0 0 0 0.590283 0.807196
28.5393 -131.549 79.0537 0 0 0 0.590283 0.807196
28.6434 -131.549 79.0537 0 0 0 0.590283 0.807196
28.7475 -131.549 79.0537 0 0 0 0.590283 0.807196
28.8516 -131.549 79.0537 0 0 0 0.590283 0.807196
28.9558 -131.549 79.0537 0 0 0 0.590283 0.807196
29.0599 -131.549 79.0537 0 0 0 0.590283 0.807196
29.164 -131.549 79.0537 0 0 0 0.590283 0.807196
29.2681 -131.549 79.0537 0 0 0 0.590283 0.807196
29.3723 -131.549 79.0537 0 0 0 0.590283 0.807196
29.4764 -131.549 79.0537 0 0 0 0.590283 0.807196
29.5805 -131.549 79.0537 0 0 0 0.590283 0.807196
29.6846 -131.549 79.0537 0 0 0 0.590283 0.807196
29.7888 -131.549 79.0537 0 0 0 0.590283 0.807196
29.8929 -131.549 79.0537 0 0 0 0.590283 0.807196
29.997 -131.549 79.0537 0 0 0 0.590283 0.807196
30.1011 -131.549 79.0537 0 0 0 0.590283 0.807196
30.2053 -131.549 79.0537 0 0 0 0.590283 0.807196
30.3094 -131.549 79.0537 0 0 0 0.590283 0.807196
30.4134 -131.549 79.0537 0 0 0 0.590283 0.807196
30.5175 -131.549 79.0537 0 0 0 0.590283 0.807196
30.6216 -131.549 79.0537 0 0 0 0.590283 0.807196
30.7258 -131.549 79.0537 0 0 0 0.590283 0.807196
30.8299 -131.549 79.0537 0 0 0 0.590283 0.807196
30.934 -131.549 79.0537 0 0 0 0.590283 0.807196
31.0381 -131.549 79.0537 0 0 0 0.590283 0.807196
31.1423 -131.549 79.0537 0 0 0 0.590283 0.807196
31.2464 -131.549 79.0537 0 0 0 0.590283 0.807196
31.3505 -131.549 79.0537 0 0 0 0.590283 0.807196
31.4546 -131.549 79.0537 0 0 0 0.590283 0.807196
31.5588 -131.549 79.0537 0 0 0 0.590283 0.807196
31.663 -131.549 79.0537 0 0 0 0.590283 0.807196
31.7672 -131.549 79.0537 0 0 0 0.590283 0.807196
31.8713 -131.549 79.0537 0 0 0 0.590283 0.807196
31.9754 -131.549 79.0537 0 0 0 0.590283 0.807196
32.0796 -131.549 79.0537 0 0 0 0.590283 0.807196
32.1838 -131.549 79.0537 0 0 0 0.590283 0.807196
32.2879 -131.549 79.0537 0 0 0 0.590283 0.807196
32.392 -131.549 79.0537 0 0 0 0.590283 0.807196
32.4963 -131.549 79.0537 0 0 0 0.590283 0.807196
32.6004 -131.549 79.0537 0 0 0 0.590283 0.807196
32.7045 -131.549 79.0537 0 0 0 0.590283 0.807196
32.8086 -131.549 79.0537 0 0 0 0.590283 0.807196
32.9128 -131.549 79.0537 0 0 0 0.590283 0.807196
33.0169 -131.549 79.0537 0 0 0 0.590283 0.807196
33.1211 -131.549 79.0537 0 0 0 0.590283 0.807196
33.2253 -131.549 79.0537 0 0 0 0.590283 0.807196
33.3294 -131.549 79.0537 0 0 0 0.590283 0.807196
33.4335 -131.549 79.0537 0 0 0 0.590283 0.807196
33.5376 -131.549 79.0537 0 0 0 0.590283 0.807196
33.6418 -131.549 79.0537 0 0 0 0.590283 0.807196
33.7459 -131.549 79.0537 0 0 0 0.590283 0.807196
33.85 -131.549 79.0537 0 0 0 0.590283 0.807196
33.9542 -131.549 79.0537 0 0 0 0.590283 0.807196
34.0584 -131.549 79.0537 0 0 0 0.590283 0.807196
34.1625 -131.549 79.0537 0 0 0 0.590283 0.807196
34.2666 -131.549 79.0537 0 0 0 0.590283 0.807196
34.3708 -131.549 79.0537 0 0 0 0.590283 0.807196
34.4749 -131.549 79.0537 0 0 0 0.590283 0.807196
34.579 -131.549 79.0537 0 0 0 0.590283 0.807196
34.6831 -131.549 79.0537 0 0 0 0.590283 0.807196
34.7873 -131.549 79.0537 0 0 0 0.590283 0.807196
34.8914 -131.549 79.0537 0 0 0 0.590283 0.807196
34.9955 -131.549 79.0537 0 0 0 0.590283 0.807196
35.0996 -131.549 79.0537 0 0 0 0.590283 0.807196
35.2038 -131.549 79.0537 0 0 0 0.590283 0.807196
35.308 -131.549 79.0537 0 0 0 0.590283 0.807196
35.4121 -131.549 79.0537 0 0 0 0.590283 0.807196
35.5163 -131.549 79.0537 0 0 0 0.590283 0.807196
35.6204 -131.549 79.0537 0 0 0 0.590283 0.807196
35.7245 -131.549 79.0537 0 0 0 0.590283 0.807196
35.8286 -131.549 79.0537 0 0 0 0.590283 0.807196
35.9327 -131.549 79.0537 0 0 0 0.590283 0.807196
36.0368 -131.549 79.0537 0 0 0 0.590283 0.807196
36.1409 -131.549 79.0537 0 0 0 0.590283 0.807196
36.245 -131.549 79.0537 0 0 0 0.590283 0.807196
36.3491 -131.549 79.0537 0 0 0 0.590283 0.807196
36.4533 -131.549 79.0537 0 0 0 0.590283 0.807196
36.5574 -131.549 79.0537 0 0 0 0.590283 0.807196
36.6615 -131.549 79.0537 0 0 0 0.590283 0.807196
36.7657 -131.549 79.0537 0 0 0 0.590283 0.807196
36.8697 -131.549 79.0537 0 0 0 0.590283 0.807196
36.9738 -131.549 79.0537 0 0 0 0.590283 0.807196
37.0779 -131.549 79.0537 0 0 0 0.590283 0.807196
37.182 -131.549 79.0537 0 0 0 0.590283 0.807196
37.2861 -131.549 79.0537 0 0 0 0.590283 0.807196
37.3903 -131.549 79.0537 0 0 0 0.590283 0.807196
37.4944 -131.549 79.0537 0 0 0 0.590283 0.807196
37.5984 -131.549 79.0537 0 0 0 0.590283 0.807196
37.7025 -131.549 79.0537 0 0 0 0.590283 0.807196
37.8066 -131.549 79.0537 0 0 0 0.590283 0.807196
37.9106 -131.549 79.0537 0 0 0 0.590283 0.807196
38.0148 -131.549 79.0537 0 0 0 0.590283 0.807196
38.1189 -131.549 79.0537 0 0 0 0.590283 0.807196
38.223 -131.549 79.0537 0 0 0 0.590283 0.807196
38.327 -131.549 79.0537 0 0 0 0.590283 0.807196
38.4311 -131.549 79.0537 0 0 0 0.590283 0.807196
38.5354 -131.549 79.0537 0 0 0 0.590283 0.807196
38.6394 -131.549 79.0537 0 0 0 0.590283 0.807196
38.7435 -131.549 79.0537 0 0 0 0.590283 0.807196
38.8475 -131.549 79.0537 0 0 0 0.590283 0.807196
38.9516 -131.549 79.0537 0 0 0 0.590283 0.807196
39.0556 -131.549 79.0537 0 0 0 0.590283 0.807196
39.1596 -131.549 79.0537 0 0 0 0.590283 0.807196
39.2638 -131.549 79.0537 0 0 0 0.590283 0.807196
39.3679 -131.549 79.0537 0 0 0 0.590283 0.807196
39.4718 -131.549 79.0537 0 0 0 0.590283 0.807196
39.5759 -131.549 79.0537 0 0 0 0.590283 0.807196
39.6799 -131.549 79.0537 0 0 0 0.590283 0.807196
39.784 -131.549 79.0537 0 0 0 0.590283 0.807196
39.8881 -131.549 79.0537 0 0 0 0.590283 0.807196
39.9921 -131.549 79.0537 0 0 0 0.590283 0.807196
40.0961 -131.549 79.0537 0 0 0 0.590283 0.807196
40.2001 -131.549 79.0537 0 0 0 0.590283 0.807196
40.3043 -131.549 79.0537 0 0 0 0.590283 0.807196
40.4083 -131.549 79.0537 0 0 0 0.590283 0.807196
40.5123 -131.549 79.0537 0 0 0 0.590283 0.807196
40.6164 -131.549 79.0537 0 0 0 0.590283 0.807196
40.7204 -131.549 79.0537 0 0 0 0.590283 0.807196
40.8245 -131.549 79.0537 0 0 0 0.590283 0.807196
40.9287 -131.549 79.0537 0 0 0 0.590283 0.807196
41.0328 -131.549 79.0537 0 0 0 0.590283 0.807196
41.1368 -131.549 79.0537 0 0 0 0.590283 0.807196
41.2409 -131.549 79.0537 0 0 0 0.590283 0.807196
41.3449 -131.549 79.0537 0 0 0 0.590283 0.807196
41.4489 -131.549 79.0537 0 0 0 0.590283 0.807196
41.5529 -131.549 79.0537 0 0 0 0.590283 0.807196
41.657 -131.549 79.0537 0 0 0 0.590283 0.807196
41.761 -131.549 79.0537 0 0 0 0.590283 0.807196
41.865 -131.549 79.0537 0 0 0 0.590283 0.807196
41.9692 -131.549 79.0537 0 0 0 0.590283 0.807196
42.0732 -131.549 79.0537 0 0 0 0.590283 0.807196
42.1772 -131.549 79.0537 0 0 0 0.590283 0.807196
42.2812 -131.549 79.0537 0 0 0 0.590283 0.807196
42.3853 -131.549 79.0537 0 0 0 0.590283 0.807196
42.4893 -131.549 79.0537 0 0 0 0.590283 0.807196
42.5933 -131.549 79.0537 0 0 0 0.590283 0.807196
42.6974 -131.549 79.0537 0 0 0 0.590283 0.807196
42.8014 -131.549 79.0537 0 0 0 0.590283 0.807196
42.9054 -131.549 79.0537 0 0 0 0.590283 0.807196
43.0094 -131.549 79.0537 0 0 0 0.590283 0.807196
43.1135 -131.549 79.0537 0 0 0 0.590283 0.807196
43.2174 -131.549 79.0537 0 0 0 0.590283 0.807196
43.3214 -131.549 79.0537 0 0 0 0.590283 0.807196
43.4254 -131.549 79.0537 0 0 0 0.590283 0.807196
43.5295 -131.549 79.0537 0 0 0 0.590283 0.807196
43.6335 -131.549 79.0537 0 0 0 0.590283 0.807196
43.7375 -131.549 79.0537 0 0 0 0.590283 0.807196
43.8417 -131.549 79.0537 0 0 0 0.590283 0.807196
43.9456 -131.549 79.0537 0 0 0 0.590283 0.807196
44.0496 -131.549 79.0537 0 0 0 0.590283 0.807196
44.1537 -131.549 79.0537 0 0 0 0.590283 0.807196
44.2578 -131.549 79.0537 0 0 0 0.590283 0.807196
44.3618 -131.549 79.0537 0 0 0 0.590283 0.807196
44.4658 -131.549 79.0537 0 0 0 0.590283 0.807196
44.5698 -131.549 79.0537 0 0 0 0.590283 0.807196
44.6739 -131.549 79.0537 0 0 0 0.590283 0.807196
44.7779 -131.549 79.0537 0 0 0 0.590283 0.807196
44.882 -131.549 79.0537 0 0 0 0.590283 0.807196
44.986 -131.549 79.0537 0 0 0 0.590283 0.807196
45.0902 -131.549 79.0537 0 0 0 0.590283 0.807196
45.1941 -131.549 79.0537 0 0 0 0.590283 0.807196
45.2983 -131.549 79.0537 0 0 0 0.590283 0.807196
45.4024 -131.549 79.0537 0 0 0 0.590283 0.807196
45.5065 -131.549 79.0537 0 0 0 0.590283 0.807196
45.6105 -131.549 79.0537 0 0 0 0.590283 0.807196
45.7146 -131.549 79.0537 0 0 0 0.590283 0.807196
45.8186 -131.549 79.0537 0 0 0 0.590283 0.807196
45.9228 -131.549 79.0537 0 0 0 0.590283 0.807196
46.027 -131.549 79.0537 0 0 0 0.590283 0.807196
46.1309 -131.549 79.0537 0 0 0 0.590283 0.807196
46.2351 -131.549 79.0537 0 0 0 0.590283 0.807196
46.3391 -131.549 79.0537 0 0 0 0.590283 0.807196
46.4433 -131.549 79.0537 0 0 0 0.590283 0.807196
46.5478 -131.549 79.0537 0 0 0 0.590283 0.807196
46.6514 -131.549 79.0537 0 0 0 0.590283 0.807196
46.7579 -131.549 79.0537 0 0 0 0.590283 0.807196
46.8626 -131.549 79.0537 0 0 0 0.590283 0.807196
46.9637 -131.549 79.0537 0 0 0 0.590283 0.807196
47.0678 -131.549 79.0537 0 0 0 0.590283 0.807196
47.1719 -131.549 79.0537 0 0 0 0.590283 0.807196
47.2761 -131.549 79.0537 0 0 0 0.590283 0.807196
47.3801 -131.549 79.0537 0 0 0 0.590283 0.807196
47.4847 -131.549 79.0537 0 0 0 0.590283 0.807196
47.5884 -131.549 79.0537 0 0 0 0.590283 0.807196
47.6925 -131.549 79.0537 0 0 0 0.590283 0.807196
47.7965 -131.549 79.0537 0 0 0 0.590283 0.807196
47.9007 -131.549 79.0537 0 0 0 0.590283 0.807196
48.0052 -131.549 79.0537 0 0 0 0.590283 0.807196
