2 -0.591522 -0.416412 0 0 0 0.00223324 0.999997
2.5 -0.601898 -0.429626 0 0 0 0.0019755 0.999998
3 -0.601898 -0.429626 0 0 0 0.0019754 0.999998
3.5 -0.601898 -0.429626 0 0 0 0.0019754 0.999998
4 -0.601898 -0.429626 0 0 0 0.0019754 0.999998
4.5 -0.601898 -0.429626 0 0 0 0.0019754 0.999998
5 -0.601898 -0.429626 0 0 0 0.0019754 0.999998
5.5 -0.601898 -0.429626 0 0 0 0.0019754 0.999998
6 -0.601898 -0.429626 0 0 0 0.0019754 0.999998
6.5 -0.601898 -0.429626 0 0 0 0.0019754 0.999998
7 -0.601898 -0.429626 0 0 0 0.0019754 0.999998
7.5 -0.601898 -0.429626 0 0 0 0.0019754 0.999998
8 -0.601898 -0.429626 0 0 0 0.0019754 0.999998
8.5 -0.601898 -0.429626 0 0 0 0.0019754 0.999998
9 -0.601898 -0.429626 0 0 0 0.0019754 0.999998
9.5 -0.601898 -0.429626 0 0 0 0.0019754 0.999998
10 -0.601898 -0.429626 0 0 0 0.0019754 0.999998
10.5 -0.601898 -0.429626 0 0 0 0.0019754 0.999998
11 -0.601898 -0.429626 0 0 0 0.0019754 0.999998
11.5 -0.601898 -0.429626 0 0 0 0.0019754 0.999998
12 -0.601898 -0.429626 0 0 0 0.0019754 0.999998
12.5 -0.601898 -0.429626 0 0 0 0.0019754 0.999998
13 -0.601898 -0.429626 0 0 0 0.0019754 0.999998
13.5 -0.601898 -0.429626 0 0 0 0.0019754 0.999998
14 -0.601898 -0.429626 0 0 0 0.0019754 0.999998
14.5 -0.601898 -0.429626 0 0 0 0.0019754 0.999998
15 -0.601898 -0.429626 0 0 0 0.0019754 0.999998
15.5 -0.601898 -0.429626 0 0 0 0.0019754 0.999998
16 -0.601898 -0.429626 0 0 0 0.0019754 0.999998
16.5 -0.601898 -0.429626 0 0 0 0.0019754 0.999998
17 -0.601898 -0.429626 0 0 0 0.0019754 0.999998
17.5 -0.601898 -0.429626 0 0 0 0.0019754 0.999998
18 -0.601898 -0.429626 0 0 0 0.0019754 0.999998
18.5 -0.601898 -0.429626 0 0 0 0.0019754 0.999998
19 -0.601898 -0.429626 0 0 0 0.0019754 0.999998
19.5 -0.601898 -0.429626 0 0 0 0.0019754 0.999998
20 -0.601898 -0.429626 0 0 0 0.0019754 0.999998
20.1042 -0.128784 -0.422424 0 0 0 0.00174224 0.999999
20.2085 0.500397 -0.439362 0 0 0 0.00151344 0.999999
20.3127 1.05542 -0.375977 0 0 0 0.00264807 0.999996
20.417 1.67786 -0.342041 0 0 0 0.00464043 0.999989
20.5212 2.26181 -0.336884 0 0 0 0.00553999 0.999985
20.6255 2.76392 -0.341156 0 0 0 0.00630287 0.99998
20.7297 3.42691 -0.305176 0 0 0 0.00690152 0.999976
20.834 3.94922 -0.311646 0 0 0 0.00841047 0.999965
20.9384 4.63422 -0.288757 0 0 0 0.00935453 0.999956
21.0426 5.198 -0.27179 0 0 0 0.008877 0.999961
21.1469 5.74149 -0.274933 0 0 0 0.00913291 0.999958
21.2511 6.45529 -0.255585 0 0 0 0.0104582 0.999945
21.3554 7.08472 -0.257355 0 0 0 0.0109285 0.99994
21.4596 7.81354 -0.263367 0 0 0 0.0113205 0.999936
21.5639 8.51196 -0.237152 0 0 0 0.0131356 0.999914
21.6681 9.17526 -0.199036 0 0 0 0.0114457 0.999934
21.7724 9.80817 -0.283264 0 0 0 0.0143992 0.999896
21.8766 10.4861 -0.262848 0 0 0 0.014758 0.999891
21.9809 11.225 -0.157776 0 0 0 0.0138348 0.999904
22.0851 12.0442 -0.132202 0 0 0 0.014801 0.99989
22.1894 12.8727 -0.108032 0 0 0 0.0123007 0.999924
22.2936 13.6236 -0.0603638 0 0 0 0.0131481 0.999914
22.3979 14.4545 -0.0783081 0 0 0 0.0131524 0.999914
22.5021 15.2725 -0.0645142 0 0 0 0.0123227 0.999924
22.6064 16.1187 -0.0302429 0 0 0 0.0136728 0.999907
22.7106 16.9421 -0.0296631 0 0 0 0.0134803 0.999909
22.8149 17.8493 -0.00375366 0 0 0 0.0134261 0.99991
22.9191 18.7784 0.0394287 0 0 0 0.0116297 0.999932
23.0234 19.6248 -0.000366211 0 0 0 0.0142404 0.999899
23.1275 20.5832 0.0323792 0 0 0 0.0135452 0.999908
23.2317 21.4823 0.0435791 0 0 0 0.0136379 0.999907
23.336 22.4386 0.0186462 0 0 0 0.0160081 0.999872
23.4402 23.4073 0.0595398 0 0 0 0.01706 0.999854
23.5444 24.4238 0.110596 0 0 0 0.0168181 0.999859
23.6486 25.4394 0.137878 0 0 0 0.0154729 0.99988
23.7527 26.4684 0.136353 0 0 0 0.0178659 0.99984
23.857 27.4361 0.178894 0 0 0 0.0177029 0.999843
23.9612 28.4863 0.212646 0 0 0 0.016199 0.999869
24.0654 29.4863 0.272949 0 0 0 0.0175623 0.999846
24.1696 30.5089 0.296295 0 0 0 0.0161446 0.99987
24.2739 31.5008 0.304535 0 0 0 0.0165495 0.999863
24.378 32.5298 0.340027 0 0 0 0.0175215 0.999846
24.4822 33.6533 0.366516 0 0 0 0.0173498 0.999849
24.5864 34.6779 0.408112 0 0 0 0.0177888 0.999842
24.6906 35.778 0.422058 0 0 0 0.0158121 0.999875
24.7948 36.8645 0.457245 0 0 0 0.0182675 0.999833
24.8989 37.8849 0.46875 0 0 0 0.0171831 0.999852
25.0031 38.9453 0.520233 0 0 0 0.0193535 0.999813
25.1072 40.0197 0.536743 0 0 0 0.0189302 0.999821
25.2115 41.1189 0.595978 0 0 0 0.0199162 0.999802
25.3156 42.1549 0.63797 0 0 0 0.0189388 0.999821
25.4199 43.2509 0.699738 0 0 0 0.0195093 0.99981
25.524 44.2939 0.720734 0 0 0 0.0190269 0.999819
25.6282 45.3886 0.746399 0 0 0 0.0184402 0.99983
25.7325 46.4363 0.797882 0 0 0 0.0184032 0.999831
25.8367 47.5081 0.833313 0 0 0 0.0180309 0.999837
25.9409 48.617 0.897491 0 0 0 0.0187846 0.999824
26.0451 49.6734 0.950256 0 0 0 0.01724 0.999851
26.1494 50.7358 0.956085 0 0 0 0.0165953 0.999862
26.2535 51.8174 0.973663 0 0 0 0.017377 0.999849
26.3577 52.8575 1.01715 0 0 0 0.0177939 0.999842
26.462 53.9142 1.06656 0 0 0 0.0166775 0.999861
26.5661 53.7519 0.954071 0 0 0 0.0193132 0.999813
26.6704 54.6237 0.966217 0 0 0 0.0186484 0.999826
26.7745 55.4577 1.05527 0 0 0 0.0170646 0.999854
26.8787 56.0378 1.11713 0 0 0 0.0154403 0.999881
26.9829 56.1617 1.05237 0 0 0 0.0190811 0.999818
27.087 54.4337 1.02225 0 0 0 0.0183336 0.999832
27.1912 54.6079 1.03162 0 0 0 0.0120676 0.999927
27.2954 54.6169 1.01688 0 0 0 0.0175015 0.999847
27.3995 54.4719 0.996521 0 0 0 0.0153145 0.999883
27.5037 55.5257 1.04974 0 0 0 0.0129015 0.999917
27.6079 55.706 1.01682 0 0 0 0.0168684 0.999858
27.7121 56.6188 1.03943 0 0 0 0.0178603 0.99984
27.8162 57.9663 0.996185 0 0 0 0.0209936 0.99978
27.9204 59.2383 1.13171 0 0 0 0.0167831 0.999859
28.0246 60.2057 1.1478 0 0 0 0.0194058 0.999812
28.1287 58.8646 1.08401 0 0 0 0.0206495 0.999787
28.2329 58.9879 1.14893 0 0 0 0.0189245 0.999821
28.337 57.4626 0.974518 0 0 0 0.0188266 0.999823
28.4411 58.1043 1.04041 0 0 0 0.0187104 0.999825
28.5454 58.652 1.06827 0 0 0 0.0189334 0.999821
28.6495 56.3755 1.02499 0 0 0 0.0208618 0.999782
28.7536 56.7165 1.05951 0 0 0 0.0188691 0.999822
28.8577 55.2177 1.0285 0 0 0 0.0187279 0.999825
28.9619 55.4754 1.04785 0 0 0 0.0182832 0.999833
29.066 56.5685 1.09103 0 0 0 0.0187589 0.999824
29.1702 57.4809 1.09033 0 0 0 0.0178202 0.999841
29.2744 55.2125 1.07867 0 0 0 0.0220494 0.999757
29.3785 54.203 1.05347 0 0 0 0.0214994 0.999769
29.4826 54.6697 1.12128 0 0 0 0.0214722 0.999769
29.5867 55.5104 1.10114 0 0 0 0.0233538 0.999727
29.6909 56.468 1.10968 0 0 0 0.0253656 0.999678
29.795 57.3172 1.11035 0 0 0 0.0254665 0.999676
29.8991 58.4906 1.14243 0 0 0 0.029153 0.999575
30.0034 59.1905 1.24234 0 0 0 0.0276328 0.999618
30.1075 59.9451 1.29373 0 0 0 0.0286764 0.999589
30.2116 60.4507 1.31445 0 0 0 0.0312466 0.999512
30.3157 58.7502 1.31009 0 0 0 0.0315116 0.999503
30.4199 58.7011 1.32394 0 0 0 0.0320241 0.999487
30.5241 59.0872 1.37122 0 0 0 0.0330733 0.999453
30.6282 59.7694 1.42456 0 0 0 0.0342846 0.999412
30.7325 59.1471 1.45575 0 0 0 0.0360378 0.99935
30.8366 57.7973 1.40549 0 0 0 0.0326005 0.999468
30.9409 58.3106 1.45795 0 0 0 0.034086 0.999419
31.045 58.6951 1.52887 0 0 0 0.0346866 0.999398
31.1492 58.7845 1.561 0 0 0 0.047036 0.998893
31.2535 59.2956 1.65256 0 0 0 0.0402252 0.999191
31.3578 59.8437 1.67068 0 0 0 0.0362776 0.999342
31.4621 60.254 1.63708 0 0 0 0.0317072 0.999497
31.5664 60.7685 1.59622 0 0 0 0.0220495 0.999757
31.6707 62.0704 1.52124 0 0 0 -0.00101295 0.999999
31.7751 61.8882 1.73434 0 0 0 0.0188425 0.999822
31.8794 62.2979 1.5162 0 0 0 -0.00372567 0.999993
31.9839 62.6427 1.74435 0 0 0 0.00577912 0.999983
32.0882 63.9799 1.71777 0 0 0 -0.00928308 0.999957
32.1927 64.7315 1.7536 0 0 0 -0.0118688 0.99993
32.2971 65.3061 1.72113 0 0 0 -0.0224044 0.999749
32.4016 65.389 1.70145 0 0 0 -0.0331045 0.999452
32.5061 65.5999 1.60718 0 0 0 -0.0469318 0.998898
32.6107 66.3402 1.59937 0 0 0 -0.0610298 0.998136
32.7152 66.7715 1.47894 0 0 0 -0.0794133 0.996842
32.8199 66.7865 1.4061 0 0 0 -0.0960936 0.995372
32.9244 66.7763 1.71661 0 0 0 -0.0766708 0.997056
33.0289 68.4027 1.62512 0 0 0 -0.101353 0.994851
33.1334 67.3345 1.4935 0 0 0 -0.115747 0.993279
33.2379 67.6404 1.39679 0 0 0 -0.143355 0.989671
33.3424 69.5166 1.25534 0 0 0 -0.166938 0.985967
33.4467 69.7625 1.10959 0 0 0 -0.18125 0.983437
33.5512 70.3672 0.951508 0 0 0 -0.201929 0.9794
33.6556 70.4875 0.766235 0 0 0 -0.226066 0.974112
33.76 70.7768 0.594666 0 0 0 -0.251783 0.967784
33.8644 71.4417 0.429352 0 0 0 -0.274642 0.961547
33.9687 71.6193 0.29718 0 0 0 -0.290134 0.956986
34.0731 71.9334 0.0237122 0 0 0 -0.328033 0.944666
34.1775 72.1416 -0.219025 0 0 0 -0.357552 0.933893
34.2818 72.4408 -0.530487 0 0 0 -0.380031 0.924974
34.3861 72.7664 -0.827118 0 0 0 -0.406509 0.913647
34.4905 73.0559 -1.1011 0 0 0 -0.429409 0.90311
34.5947 73.5866 -2.01483 0 0 0 -0.413218 0.910632
34.6991 73.8257 -3.16357 0 0 0 -0.406317 0.913732
34.8034 74.2613 -4.1701 0 0 0 -0.351497 0.936189
34.9076 74.3606 -4.23776 0 0 0 -0.413283 0.910603
35.012 74.562 -4.694 0 0 0 -0.4218 0.906689
35.1161 74.8158 -5.09402 0 0 0 -0.440448 0.897778
35.2202 74.7104 -5.2796 0 0 0 -0.450973 0.892538
35.3242 74.8982 -5.5611 0 0 0 -0.464418 0.885616
35.4281 74.9783 -5.95529 0 0 0 -0.476889 0.878964
35.5321 75.1125 -6.37585 0 0 0 -0.519472 0.854487
35.636 75.343 -6.46683 0 0 0 -0.542763 0.839886
35.7399 75.8302 -6.6048 0 0 0 -0.572217 0.820102
35.8439 75.6444 -6.58719 0 0 0 -0.63949 0.7688
35.9478 75.8439 -6.81866 0 0 0 -0.647689 0.761905
36.0517 76.0099 -7.23325 0 0 0 -0.682325 0.731049
36.1557 76.1162 -7.67804 0 0 0 -0.676083 0.736826
36.2595 75.9284 -8.44226 0 0 0 -0.658187 0.752854
36.3634 76.067 -8.94208 0 0 0 -0.686225 0.72739
36.4671 76.829 -9.90375 0 0 0 -0.680971 0.73231
36.571 76.378 -11.0681 0 0 0 -0.654423 0.756128
36.6749 76.9773 -11.2042 0 0 0 -0.642816 0.766021
36.7786 77.169 -11.7968 0 0 0 -0.64668 0.762762
36.8826 77.6746 -12.8165 0 0 0 -0.636822 0.771011
36.9865 77.8052 -13.4823 0 0 0 -0.609208 0.793011
37.0905 78.0482 -14.2724 0 0 0 -0.614465 0.788944
37.1946 79.1187 -15.3429 0 0 0 -0.615412 0.788206
37.2986 78.4456 -15.7385 0 0 0 -0.638409 0.769697
37.4027 80.2266 -16.3246 0 0 0 -0.531242 0.84722
37.5067 80.1255 -16.5123 0 0 0 -0.516822 0.856093
37.6109 80.3352 -16.4309 0 0 0 -0.530799 0.847498
37.715 80.6747 -17.2947 0 0 0 -0.543741 0.839253
37.8191 81.3581 -18.5045 0 0 0 -0.535678 0.844422
37.9234 81.6265 -19.3867 0 0 0 -0.546771 0.837282
38.0275 81.9012 -20.0982 0 0 0 -0.542993 0.839737
38.1316 81.9475 -20.0601 0 0 0 -0.546713 0.83732
38.2358 83.0805 -21.0223 0 0 0 -0.617087 0.786895
38.3399 80.7527 -21.0777 0 0 0 -0.741265 0.671212
38.444 76.394 -24.4702 0 0 0 0.904199 -0.427112
38.5482 79.7431 -25.9855 0 0 0 0.885645 -0.464362
38.6524 85.7103 -27.0583 0 0 0 0.867575 -0.497306
38.7565 81.7167 -24.2343 0 0 0 -0.805215 0.592982
38.8607 84.3748 -25.8916 0 0 0 -0.804307 0.594214
38.9649 169.038 -86.723 0 0 0 -0.83831 0.545194
39.0691 171.731 -86.5465 0 0 0 0.915971 -0.401246
39.1733 174.14 -87.4349 0 0 0 0.954022 -0.299736
39.2775 176.698 -87.2535 0 0 0 0.956972 -0.290179
39.3818 177.65 -86.8593 0 0 0 0.96452 -0.264008
39.4859 177.659 -87.8193 0 0 0 0.988841 -0.148974
39.5903 177.038 -86.6521 0 0 0 0.996 -0.0893572
39.6944 176.375 -86.819 0 0 0 0.996301 -0.0859354
39.7986 176.228 -87.1774 0 0 0 0.998797 -0.0490346
39.9029 176.407 -87.2927 0 0 0 0.999338 -0.0363801
40.0071 175.829 -87.5077 0 0 0 0.999814 -0.0192953
40.1114 175.106 -87.4195 0 0 0 0.999703 -0.0243546
40.2157 174.265 -87.5631 0 0 0 0.999813 -0.0193309
40.32 174.635 -87.7415 0 0 0 0.999928 0.0119651
40.4246 175.711 -88.4438 0 0 0 0.999036 0.0439006
40.5286 175.6 -88.033 0 0 0 0.999923 -0.0123769
40.6331 174.896 -87.9229 0 0 0 0.999525 -0.0308109
40.7375 174.187 -87.9805 0 0 0 0.999726 -0.0234222
40.8413 173.837 -88.2016 0 0 0 0.999997 0.00234146
40.9455 175.217 -88.3993 0 0 0 0.998776 0.0494583
41.0498 176.027 -89.4666 0 0 0 0.998744 0.0501037
41.154 175.765 -90.3156 0 0 0 0.988443 0.151595
41.2583 175.582 -88.7017 0 0 0 0.980048 0.198761
41.3625 175.091 -88.5276 0 0 0 0.979632 0.200799
41.4669 174.83 -88.2802 0 0 0 0.967694 0.252126
41.571 174.682 -89.1002 0 0 0 0.976526 0.215401
41.6755 177.143 -89.9005 0 0 0 0.973873 0.227092
41.7796 177.343 -92.0987 0 0 0 0.989724 0.142994
41.8839 177.19 -91.8697 0 0 0 0.99368 0.11225
41.9886 176.388 -91.7022 0 0 0 0.994327 0.106369
42.0925 176.394 -91.9502 0 0 0 0.988121 0.153677
42.1968 176.071 -95.5035 0 0 0 0.988625 0.150402
42.3012 175.446 -95.5044 0 0 0 0.986864 0.161554
42.4054 174.906 -95.3292 0 0 0 0.988342 0.152251
42.5098 176.61 -93.4662 0 0 0 0.9988 0.0489738
42.6141 176.305 -93.945 0 0 0 0.993854 0.110696
42.7189 176.529 -94.5108 0 0 0 0.983444 0.181212
42.8227 176.404 -94.4388 0 0 0 0.985251 0.171115
42.9269 175.906 -94.2526 0 0 0 0.984099 0.177619
43.0313 175.553 -94.1242 0 0 0 0.984097 0.177633
43.1357 175.063 -93.8181 0 0 0 0.989098 0.147258
43.2397 174.806 -93.7803 0 0 0 0.985425 0.170108
43.3439 174.441 -93.7571 0 0 0 0.971664 0.236368
43.4482 174.063 -93.4873 0 0 0 0.974122 0.226025
43.5524 176.329 -93.2127 0 0 0 0.992706 0.120558
43.6565 176.256 -93.7318 0 0 0 0.994783 0.102018
43.7608 175.666 -93.6053 0 0 0 0.994914 0.100731
43.865 175.884 -94.8199 0 0 0 0.998396 0.0566133
43.9693 174.849 -92.8747 0 0 0 0.999941 0.010889
44.0734 174.528 -93.3576 0 0 0 0.995883 0.090649
44.1777 174.104 -93.396 0 0 0 0.991507 0.130057
44.2819 173.645 -93.1871 0 0 0 0.985658 0.168755
44.3862 172.952 -92.9136 0 0 0 0.986468 0.163952
44.4904 172.919 -93.1693 0 0 0 0.991093 0.133175
44.5946 172.563 -94.6893 0 0 0 0.98535 0.170545
44.6989 172.49 -95.6493 0 0 0 0.961366 0.275274
44.8031 171.915 -95.2312 0 0 0 0.958209 0.286068
44.9074 170.864 -93.9379 0 0 0 0.972149 0.234364
45.012 170.198 -93.6271 0 0 0 0.970709 0.24026
45.116 170.03 -94.0427 0 0 0 0.953418 0.301651
45.2201 169.225 -93.5494 0 0 0 0.959211 0.282691
45.3244 168.981 -93.5781 0 0 0 0.951514 0.307607
45.4287 169.138 -93.5864 0 0 0 0.954594 0.297911
45.5329 169.779 -94.0484 0 0 0 0.95823 0.286
45.6371 170.527 -94.4497 0 0 0 0.941957 0.335735
45.7414 171.042 -95.0208 0 0 0 0.915889 0.401431
45.8458 170.917 -94.9904 0 0 0 0.916629 0.399739
45.95 171.074 -94.8897 0 0 0 0.898273 0.439438
46.0542 170.476 -94.4891 0 0 0 0.878163 0.478361
46.1585 170.325 -94.2257 0 0 0 0.879027 0.476773
46.2628 170.245 -94.3184 0 0 0 0.87746 0.47965
46.367 170.27 -94.1481 0 0 0 0.89447 0.447127
46.4713 170.191 -93.966 0 0 0 0.893591 0.448882
46.5756 170.41 -94.1855 0 0 0 0.879067 0.476699
46.6798 170.105 -94.2132 0 0 0 0.776879 0.62965
46.784 169.993 -93.5211 0 0 0 0.743926 0.668262
46.8883 169.957 -93.0113 0 0 0 0.745193 0.666849
46.9924 169.969 -92.9042 0 0 0 0.741849 0.670567
47.0967 169.715 -93.5129 0 0 0 0.776234 0.630444
47.2009 170.316 -94.0382 0 0 0 0.756433 0.654071
47.3052 170.162 -95.7847 0 0 0 0.767982 0.640471
47.4094 170.093 -96.139 0 0 0 0.767275 0.641318
47.5136 170.023 -95.8591 0 0 0 0.767837 0.640645
47.6179 170.062 -96.1674 0 0 0 0.756 0.654572
47.7224 170.234 -96.1603 0 0 0 0.767367 0.641209
47.8264 170.032 -95.4396 0 0 0 0.752647 0.658424
47.9306 170.168 -94.9304 0 0 0 0.766607 0.642117
48.035 169.925 -94.8003 0 0 0 0.780742 0.624853
48.1391 170.19 -95.2814 0 0 0 0.772124 0.635471
48.2434 169.944 -95.9263 0 0 0 0.788811 0.614635
48.3476 170.215 -95.721 0 0 0 0.762614 0.646854
48.4519 170.256 -95.9192 0 0 0 0.760744 0.649052
48.5561 170.088 -95.2398 0 0 0 0.757452 0.652891
48.6604 170.071 -95.2619 0 0 0 0.762833 0.646595
48.7648 169.929 -94.7867 0 0 0 0.757214 0.653167
48.869 169.751 -94.3061 0 0 0 0.740193 0.672395
48.9733 169.819 -94.5096 0 0 0 0.756903 0.653527
49.0775 169.728 -95.0426 0 0 0 0.765454 0.643491
49.1818 170.072 -95.0919 0 0 0 0.752778 0.658275
49.2861 170.121 -94.9082 0 0 0 0.755043 0.655675
49.3903 170.236 -95.9605 0 0 0 0.755391 0.655274
49.4946 170.145 -95.15 0 0 0 0.754767 0.655993
49.5988 170.036 -94.6921 0 0 0 0.758069 0.652174
49.7031 170.143 -94.2429 0 0 0 0.773676 0.633581
49.8073 170.067 -93.556 0 0 0 0.77418 0.632966
49.9117 170.095 -93.024 0 0 0 0.793892 0.608059
50.0159 169.972 -92.7814 0 0 0 0.795948 0.605365
50.1201 168.927 -92.7541 0 0 0 0.7764 0.630241
50.2244 168.905 -93.2558 0 0 0 0.74232 0.670046
50.3287 168.765 -91.9583 0 0 0 0.741781 0.670642
50.4329 168.689 -91.5633 0 0 0 0.741268 0.671209
50.5371 169.408 -91.7989 0 0 0 0.754859 0.655887
50.6414 169.945 -92.4297 0 0 0 0.762609 0.64686
50.7458 170.406 -93.0848 0 0 0 0.811293 0.58464
50.85 170.101 -92.3419 0 0 0 0.813495 0.581572
50.9543 169.81 -91.4424 0 0 0 0.816493 0.577356
51.0584 169.498 -90.8389 0 0 0 0.816053 0.577978
51.1626 169.022 -89.8828 0 0 0 0.820396 0.571796
51.2669 168.727 -88.9584 0 0 0 0.821608 0.570053
51.3711 168.405 -87.2148 0 0 0 0.806331 0.591465
51.4754 168.072 -86.6808 0 0 0 0.803378 0.59547
51.5796 167.65 -86.1739 0 0 0 0.791014 0.611798
51.6839 167.408 -85.3912 0 0 0 0.789682 0.613517
51.7886 167.068 -84.7477 0 0 0 0.803358 0.595497
51.8926 167.855 -84.6819 0 0 0 0.799645 0.600474
51.9971 167.663 -85.2363 0 0 0 0.795524 0.605922
52.1012 168.061 -86.1886 0 0 0 0.750971 0.660336
52.2056 168.183 -86.4017 0 0 0 0.729966 0.683484
52.3099 167.636 -85.252 0 0 0 0.727717 0.685877
52.4143 167.745 -84.4586 0 0 0 0.710258 0.703942
52.5186 167.711 -84.8244 0 0 0 0.709406 0.7048
52.6229 167.758 -84.397 0 0 0 0.700659 0.713496
52.7271 167.732 -85.5472 0 0 0 0.730447 0.682969
52.8315 169.872 -85.643 0 0 0 0.769369 0.638804
52.9358 168.027 -85.8385 0 0 0 0.808199 0.588909
53.04 168.452 -87.187 0 0 0 0.817971 0.575259
53.1442 168.984 -86.4571 0 0 0 0.878074 0.478524
53.2484 168.596 -85.7533 0 0 0 0.913962 0.405799
53.3525 168.62 -85.6755 0 0 0 0.899883 0.436132
53.4566 168.007 -84.799 0 0 0 0.886938 0.461888
53.5608 167.322 -83.8954 0 0 0 0.896296 0.443457
53.6651 167.142 -83.7476 0 0 0 0.889166 0.457584
53.7692 166.985 -83.6861 0 0 0 0.88684 0.462076
53.8735 166.605 -83.1902 0 0 0 0.891287 0.453439
53.9778 165.539 -83.5199 0 0 0 0.928082 0.372376
54.0818 164.872 -82.807 0 0 0 0.93179 0.362999
54.1859 164.182 -83.2148 0 0 0 0.946198 0.323588
54.2899 163.756 -82.913 0 0 0 0.952648 0.304074
54.394 163.747 -82.7823 0 0 0 0.96756 0.252643
54.4982 162.772 -82.3105 0 0 0 0.967719 0.25203
54.6023 162.587 -83.1531 0 0 0 0.962614 0.270878
54.7064 162.04 -82.9925 0 0 0 0.967448 0.253069
54.8107 161.493 -82.6022 0 0 0 0.967578 0.252571
54.9148 160.839 -81.26 0 0 0 0.979056 0.203589
55.0195 158.331 -80.6167 0 0 0 0.994598 0.103806
55.1235 156.747 -80.5198 0 0 0 0.997429 0.0716663
55.2275 156.089 -80.4425 0 0 0 0.99735 0.0727477
55.3317 155.522 -79.845 0 0 0 0.997552 0.0699311
55.4362 154.744 -79.3653 0 0 0 0.996521 0.0833449
55.5399 152.348 -80.1426 0 0 0 0.996926 0.0783494
55.6441 152.013 -80.2712 0 0 0 0.998158 0.060663
55.7483 150.276 -80.092 0 0 0 0.998878 0.0473629
55.8524 148.233 -80.5949 0 0 0 0.999912 -0.0132493
55.9565 146.444 -79.3574 0 0 0 0.995915 -0.0902959
56.0606 145.338 -78.8247 0 0 0 0.994433 -0.105375
56.1646 144.365 -77.2647 0 0 0 0.990067 -0.1406
56.2688 144.217 -77.2718 0 0 0 0.986691 -0.162607
56.3728 143.397 -79.9163 0 0 0 0.987685 -0.156457
56.4769 143.215 -80.5647 0 0 0 0.987255 -0.159144
56.581 142.213 -80.926 0 0 0 0.991439 -0.130574
56.6852 142.229 -79.1632 0 0 0 0.984787 -0.173767
56.7894 138.6 -80.2554 0 0 0 0.98413 -0.177451
56.8936 137.511 -80.5567 0 0 0 0.981907 -0.189363
56.998 135.184 -80.3802 0 0 0 0.971241 -0.2381
57.1029 134.634 -79.9514 0 0 0 0.963329 -0.268324
57.2072 134.116 -80.518 0 0 0 0.971259 -0.238024
57.3117 134.408 -80.3816 0 0 0 0.968924 -0.24736
57.4162 133.375 -81.1686 0 0 0 0.980307 -0.197478
57.5207 132.423 -81.2597 0 0 0 0.980616 -0.195938
57.6252 132.109 -81.59 0 0 0 0.98106 -0.193705
57.7296 131.531 -81.3604 0 0 0 0.984766 -0.173885
57.8341 131.109 -81.5254 0 0 0 0.986202 -0.165549
57.9385 131.995 -81.9395 0 0 0 0.988251 -0.15284
58.0434 131.799 -81.3369 0 0 0 0.988113 -0.153729
58.1479 132.574 -83.1811 0 0 0 0.997004 -0.0773445
58.2515 135.599 -82.6881 0 0 0 0.998605 -0.0528106
58.3559 137.933 -81.8182 0 0 0 0.991648 -0.128976
58.4601 136.565 -80.808 0 0 0 0.991244 -0.132046
58.5644 138.907 -81.6071 0 0 0 0.998817 -0.0486194
58.6685 139.25 -79.3517 0 0 0 0.989108 -0.147193
58.7727 142.236 -79.431 0 0 0 0.993895 -0.110326
58.8769 143.881 -80.1344 0 0 0 0.995583 -0.0938827
58.9811 144.245 -80.1782 0 0 0 0.989561 -0.144115
59.0853 143.174 -79.3454 0 0 0 0.994043 -0.108993
59.1894 143.906 -79.3157 0 0 0 0.989843 -0.142166
59.2937 143.493 -79.1309 0 0 0 0.989458 -0.144817
59.3979 144.888 -80.467 0 0 0 0.989196 -0.146602
59.5021 144.294 -80.5083 0 0 0 0.99155 -0.129727
59.6064 143.901 -77.4001 0 0 0 0.977806 -0.20951
59.7108 141.951 -78.2077 0 0 0 0.982767 -0.184848
59.815 152.013 -82.6072 0 0 0 0.933297 -0.359105
59.9195 154.033 -78.5277 0 0 0 0.911085 -0.412218
60.0237 154.353 -76.1667 0 0 0 0.95553 -0.294895
60.1281 156.422 -75.5507 0 0 0 0.93314 -0.359513
60.2323 156.333 -76.3388 0 0 0 0.911239 -0.411879
60.3366 156.008 -77.0854 0 0 0 0.907689 -0.419644
60.4408 155.116 -77.3326 0 0 0 0.918027 -0.396519
60.5451 155.02 -78.0658 0 0 0 0.909008 -0.416779
60.6493 154.631 -77.7734 0 0 0 0.922164 -0.386799
60.7536 153.843 -77.4855 0 0 0 0.931814 -0.362937
60.8578 153.179 -77.9495 0 0 0 0.943028 -0.332713
60.9621 152.171 -78.028 0 0 0 0.964525 -0.263991
61.0663 151.473 -76.9103 0 0 0 0.968197 -0.25019
61.1704 150.969 -77.3737 0 0 0 0.970217 -0.242238
61.2747 150.744 -79.1291 0 0 0 0.963001 -0.269499
61.3788 150.145 -77.9629 0 0 0 0.971792 -0.235839
61.4829 148.474 -79.7581 0 0 0 0.962716 -0.270516
61.5872 147.68 -79.6891 0 0 0 0.958911 -0.283706
61.6913 147.051 -80.1299 0 0 0 0.957457 -0.288575
61.7954 146.43 -80.1176 0 0 0 0.948751 -0.316025
61.8996 146.432 -80.6152 0 0 0 0.952983 -0.303024
62.0038 145.515 -80.7869 0 0 0 0.949593 -0.313485
62.1079 145.194 -81.0198 0 0 0 0.950373 -0.311111
62.2121 145.22 -81.4124 0 0 0 0.955468 -0.295093
62.3162 146.179 -81.4316 0 0 0 0.961118 -0.276136
62.4204 143.247 -78.9689 0 0 0 0.971973 -0.235093
62.5246 143.769 -79.3389 0 0 0 0.989761 -0.142732
62.6287 143.558 -79.7972 0 0 0 0.993117 -0.117129
62.7328 143.312 -79.6758 0 0 0 0.997585 -0.0694627
62.8368 142.7 -78.9652 0 0 0 0.997996 -0.063271
62.9409 142.838 -79.135 0 0 0 0.996887 -0.0788378
63.0449 143.041 -77.1811 0 0 0 0.994199 -0.107552
63.1489 143.74 -76.7133 0 0 0 0.990151 -0.140002
63.2529 144.798 -76.68 0 0 0 0.981234 -0.192821
63.3577 144.423 -76.8263 0 0 0 0.979063 -0.203556
63.4609 144.077 -77.0292 0 0 0 0.975634 -0.219404
63.5651 143.715 -77.1426 0 0 0 0.970787 -0.239943
63.6689 143.322 -77.3209 0 0 0 0.966984 -0.254836
63.7731 143.081 -77.6216 0 0 0 0.964991 -0.262283
63.8771 143.143 -79.0079 0 0 0 0.967093 -0.254424
63.981 142.82 -79.258 0 0 0 0.966107 -0.25814
64.0852 142.571 -79.4331 0 0 0 0.959847 -0.280524
64.1891 142.271 -79.6372 0 0 0 0.957169 -0.289529
64.2932 141.933 -79.8382 0 0 0 0.946894 -0.321546
64.3971 141.709 -80.109 0 0 0 0.942115 -0.33529
64.5011 141.448 -80.2853 0 0 0 0.934508 -0.355943
64.6051 141.43 -80.0978 0 0 0 0.933688 -0.358088
64.7094 140.74 -80.0837 0 0 0 0.902888 -0.429876
64.8136 140.471 -80.3958 0 0 0 0.887165 -0.461452
64.9175 140.3 -80.7415 0 0 0 0.891873 -0.452286
65.0212 140.171 -81.5534 0 0 0 0.879691 -0.475546
65.1253 140.012 -82.1589 0 0 0 0.874425 -0.485161
65.2293 139.768 -82.0514 0 0 0 -0.84785 0.530236
65.3333 139.525 -82.6437 0 0 0 -0.845723 0.533622
65.4374 139.329 -83.1928 0 0 0 -0.833312 0.552802
65.5417 139.148 -83.5509 0 0 0 -0.840755 0.541415
65.6457 139.046 -84.0718 0 0 0 -0.832344 0.554259
65.7498 138.959 -84.0044 0 0 0 -0.798625 0.601829
65.8539 138.726 -84.7007 0 0 0 -0.793088 0.609107
65.9582 138.797 -85.3712 0 0 0 -0.790617 0.612311
66.0625 138.055 -85.622 0 0 0 -0.789946 0.613177
66.1677 138.258 -86.4861 0 0 0 -0.782878 0.622175
66.2711 137.817 -86.864 0 0 0 -0.764275 0.64489
66.3754 138.739 -85.2257 0 0 0 -0.819915 0.572485
66.4799 139.153 -84.7149 0 0 0 -0.854462 0.519513
66.5845 140.062 -82.2454 0 0 0 -0.856933 0.515428
66.6889 139.904 -82.341 0 0 0 -0.861468 0.507812
66.7933 141.466 -80.8178 0 0 0 0.895928 -0.444199
66.8978 140.61 -80.1825 0 0 0 0.868315 -0.496012
67.0022 140.677 -79.6358 0 0 0 -0.832398 0.554178
67.1065 141.056 -80.2478 0 0 0 -0.818761 0.574134
67.2109 139.853 -79.747 0 0 0 -0.783537 0.621345
67.3153 140.128 -78.4976 0 0 0 -0.784868 0.619663
67.4198 140.715 -79.5166 0 0 0 -0.766863 0.641811
67.5243 140.593 -80.3455 0 0 0 -0.762747 0.646697
67.6288 140.464 -81.1992 0 0 0 -0.762319 0.647202
67.7333 140.013 -82.8034 0 0 0 -0.728502 0.685044
67.8376 140.023 -84.2206 0 0 0 -0.699892 0.714249
67.9422 140.258 -84.6002 0 0 0 -0.709569 0.704636
68.0464 140.454 -86.3371 0 0 0 -0.686875 0.726776
68.1508 140.391 -87.4724 0 0 0 -0.688134 0.725583
68.2552 140.1 -88.0182 0 0 0 -0.694786 0.719217
68.3594 141.022 -88.2723 0 0 0 -0.741719 0.670711
68.4637 141.034 -89.6977 0 0 0 -0.721986 0.691908
68.5679 140.606 -90.1964 0 0 0 -0.734978 0.67809
68.6722 140.486 -91.0677 0 0 0 -0.739899 0.672718
68.7765 141.087 -91.0782 0 0 0 -0.772816 0.63463
68.8807 141.408 -91.7671 0 0 0 -0.802788 0.596265
68.985 140.733 -92.8099 0 0 0 -0.77374 0.633504
69.0892 140.679 -93.4354 0 0 0 -0.803336 0.595527
69.1933 140.172 -94.0346 0 0 0 -0.822588 0.568638
69.2975 139.436 -95.1105 0 0 0 -0.831397 0.555678
69.4078 139.315 -95.4356 0 0 0 -0.826513 0.562917
69.506 139.02 -96.3075 0 0 0 -0.824405 0.566
69.6102 137.991 -97.2918 0 0 0 -0.85922 0.511607
69.7143 137.579 -95.897 0 0 0 0.886088 -0.463516
69.8186 138.222 -95.6963 0 0 0 0.87143 -0.49052
69.9228 137.841 -96.4602 0 0 0 -0.863144 0.504958
70.0269 137.26 -97.2886 0 0 0 0.873403 -0.486999
70.1311 136.691 -97.8131 0 0 0 0.882898 -0.469564
70.2353 136.263 -97.2905 0 0 0 0.922572 -0.385824
70.3394 135.639 -97.9044 0 0 0 0.927551 -0.373697
70.4437 134.884 -98.2504 0 0 0 0.931443 -0.363886
70.5478 134.082 -99.3535 0 0 0 0.930136 -0.367216
70.652 133.432 -99.5775 0 0 0 0.930969 -0.365098
70.7562 133.393 -99.5762 0 0 0 0.93119 -0.364533
70.8603 133.086 -101.345 0 0 0 0.913961 -0.405801
70.9645 133.279 -101.007 0 0 0 0.912172 -0.409808
71.0687 131.918 -101.116 0 0 0 0.933261 -0.359199
71.1729 131.46 -101.954 0 0 0 0.928829 -0.37051
71.277 130.238 -102.801 0 0 0 0.926314 -0.376754
71.3829 130.326 -103.201 0 0 0 0.926786 -0.37559
71.4855 127.265 -104.234 0 0 0 0.930981 -0.365069
71.5897 127.62 -104.887 0 0 0 0.928372 -0.371653
71.6939 127.028 -105.549 0 0 0 0.928011 -0.372552
71.798 125.573 -107.192 0 0 0 0.930492 -0.366312
71.9023 124.625 -107.487 0 0 0 0.934464 -0.356057
72.0065 124.249 -109.182 0 0 0 0.91991 -0.39213
72.1109 124.168 -109.624 0 0 0 0.940723 -0.339175
72.2152 123.989 -109.969 0 0 0 0.941058 -0.338245
72.3193 123.67 -110.574 0 0 0 0.9432 -0.332226
72.4236 123.243 -110.494 0 0 0 0.940311 -0.340317
72.5278 122.57 -109.858 0 0 0 0.93103 -0.364943
72.6321 122.166 -109.597 0 0 0 0.921804 -0.387655
72.7365 121.743 -109.624 0 0 0 0.922554 -0.385867
72.8407 122.777 -110.245 0 0 0 0.922478 -0.38605
72.9449 121.903 -109.799 0 0 0 0.910041 -0.414518
73.0492 122.096 -110.068 0 0 0 0.909505 -0.415692
73.1545 122.212 -110.659 0 0 0 0.911887 -0.410442
73.2576 122.166 -110.989 0 0 0 0.915521 -0.40227
73.3618 121.588 -111.134 0 0 0 0.91071 -0.413047
73.466 121.173 -111.313 0 0 0 0.903973 -0.42759
73.5701 120.609 -111.31 0 0 0 0.890751 -0.454491
73.6741 122.08 -111.208 0 0 0 0.91047 -0.413574
73.7779 121.71 -111.819 0 0 0 0.908035 -0.418893
73.882 121.3 -111.987 0 0 0 0.901216 -0.433371
73.986 121.614 -111.876 0 0 0 0.897481 -0.441054
74.0898 120.661 -111.438 0 0 0 0.905788 -0.423731
74.1938 120.353 -111.846 0 0 0 0.899219 -0.437499
74.2977 120.034 -112.144 0 0 0 0.88743 -0.460943
74.4016 119.859 -112.401 0 0 0 0.877806 -0.479017
74.5055 119.906 -112.867 0 0 0 -0.860529 0.509401
74.6094 120.142 -113.388 0 0 0 0.90481 -0.425815
74.7134 120.462 -113.713 0 0 0 0.904067 -0.42739
74.8173 120.122 -114.012 0 0 0 0.88933 -0.457266
74.9213 119.945 -114.318 0 0 0 0.871519 -0.490362
75.0253 119.779 -114.79 0 0 0 0.866057 -0.499946
75.1294 119.708 -115.049 0 0 0 -0.841899 0.539636
75.2333 119.578 -115.795 0 0 0 -0.835149 0.550024
75.3373 119.557 -115.925 0 0 0 -0.809035 0.587761
75.4413 120.269 -116.631 0 0 0 -0.791468 0.611211
75.5455 119.558 -116.958 0 0 0 -0.825587 0.564274
75.6494 119.711 -117.039 0 0 0 -0.801284 0.598284
75.7536 119.432 -117.372 0 0 0 -0.760987 0.648767
75.8578 119.292 -116.727 0 0 0 -0.7209 0.693039
75.9619 119.599 -118.116 0 0 0 -0.738017 0.674782
76.066 119.625 -117.48 0 0 0 -0.678061 0.735006
76.1702 119.808 -118.798 0 0 0 -0.651552 0.758604
76.2743 120.454 -119.242 0 0 0 -0.60986 0.792509
76.3785 119.548 -119.459 0 0 0 -0.609764 0.792583
76.4828 119.644 -119.89 0 0 0 -0.593665 0.804713
76.5871 119.868 -120.297 0 0 0 -0.55333 0.832962
76.6913 119.958 -120.418 0 0 0 -0.551535 0.834152
76.7957 121.04 -120.111 0 0 0 -0.553639 0.832757
76.9002 120.188 -120.755 0 0 0 -0.529909 0.848054
77.0046 121.079 -120.541 0 0 0 -0.495283 0.868732
77.1092 120.979 -120.648 0 0 0 -0.467065 0.884223
77.2137 123.868 -123.251 0 0 0 -0.485411 0.874286
77.3183 123.554 -123.673 0 0 0 -0.500985 0.865456
77.4228 122.236 -123.199 0 0 0 -0.499527 0.866298
77.5273 122.153 -126.344 0 0 0 -0.550031 0.835144
77.6318 124.692 -124.543 0 0 0 -0.490477 0.871454
77.7366 125.244 -125.399 0 0 0 -0.45898 0.888446
77.8407 125.698 -125.961 0 0 0 -0.460482 0.887669
77.9451 129.33 -125.851 0 0 0 -0.411811 0.911269
78.0495 128.891 -125.969 0 0 0 -0.485445 0.874267
78.1538 130.058 -126.746 0 0 0 -0.504144 0.863619
78.2582 128.466 -127.674 0 0 0 -0.532827 0.846224
78.3626 128.594 -128.143 0 0 0 -0.530546 0.847656
78.4671 129.503 -128.967 0 0 0 -0.508489 0.861068
78.5716 128.781 -129.33 0 0 0 -0.53711 0.843512
78.6761 129.252 -130.192 0 0 0 -0.536215 0.844081
78.7804 129.721 -131.206 0 0 0 -0.538041 0.842918
78.8849 129.459 -131.868 0 0 0 -0.583747 0.811936
78.9894 130.824 -132.099 0 0 0 -0.608911 0.793238
79.0939 127.195 -134.353 0 0 0 -0.718738 0.695281
