3 -0.636719 -0.300812 0 0 0 8.46883e-05 1
3.5 -0.642853 -0.303955 0 0 0 4.74379e-05 1
4 -0.64212 -0.304871 0 0 0 5.94568e-05 1
4.5 -0.641998 -0.304596 0 0 0 5.35516e-05 1
5 -0.641998 -0.304596 0 0 0 5.35516e-05 1
5.5 -0.641998 -0.304596 0 0 0 5.35516e-05 1
6 -0.641998 -0.304596 0 0 0 5.35516e-05 1
6.5 -0.641998 -0.304596 0 0 0 5.35516e-05 1
7 -0.641998 -0.304596 0 0 0 5.35516e-05 1
7.5 -0.641998 -0.304596 0 0 0 5.35516e-05 1
8 -0.641998 -0.304596 0 0 0 5.35516e-05 1
8.5 -0.641998 -0.304596 0 0 0 5.35516e-05 1
9 -0.641998 -0.304596 0 0 0 5.35516e-05 1
9.5 -0.641998 -0.304596 0 0 0 5.35516e-05 1
10 -0.641998 -0.304596 0 0 0 5.35516e-05 1
10.5 -0.641998 -0.304596 0 0 0 5.35516e-05 1
11 -0.641998 -0.304596 0 0 0 5.35516e-05 1
11.5 -0.641998 -0.304596 0 0 0 5.35516e-05 1
12 -0.641998 -0.304596 0 0 0 5.35516e-05 1
12.5 -0.641998 -0.304596 0 0 0 5.35516e-05 1
13 -0.641998 -0.304596 0 0 0 5.35516e-05 1
13.5 -0.641998 -0.304596 0 0 0 5.35516e-05 1
14 -0.641998 -0.304596 0 0 0 5.35516e-05 1
14.5 -0.641998 -0.304596 0 0 0 5.35516e-05 1
15 -0.641998 -0.304596 0 0 0 5.35516e-05 1
15.5 -0.641998 -0.304596 0 0 0 5.35516e-05 1
16 -0.641998 -0.304596 0 0 0 5.35516e-05 1
16.5 -0.641998 -0.304596 0 0 0 5.35516e-05 1
17 -0.641998 -0.304596 0 0 0 5.35516e-05 1
17.5 -0.641998 -0.304596 0 0 0 5.35516e-05 1
18 -0.641998 -0.304596 0 0 0 5.35516e-05 1
18.5 -0.641998 -0.304596 0 0 0 5.35516e-05 1
19 -0.641998 -0.304596 0 0 0 5.35516e-05 1
19.5 -0.641998 -0.304596 0 0 0 5.35516e-05 1
20 -0.641998 -0.304596 0 0 0 5.35516e-05 1
20.1042 -0.0950623 -0.341797 0 0 0 0.00145027 0.999999
20.2085 0.471039 -0.320465 0 0 0 0.00107186 0.999999
20.3127 1.05972 -0.298523 0 0 0 0.0022473 0.999997
20.417 1.58383 -0.306305 0 0 0 0.00347184 0.999994
20.5212 2.16745 -0.300629 0 0 0 0.00511153 0.999987
20.6255 2.7291 -0.322296 0 0 0 0.00379829 0.999993
20.7297 3.25812 -0.308105 0 0 0 0.00562025 0.999984
20.834 3.89987 -0.306488 0 0 0 0.00842571 0.999964
20.9384 4.4559 -0.259766 0 0 0 0.00525663 0.999986
21.0426 5.12314 -0.273529 0 0 0 0.00723916 0.999974
21.1469 5.69601 -0.301514 0 0 0 0.0085605 0.999963
21.2511 6.34088 -0.270844 0 0 0 0.00784492 0.999969
21.3554 6.96671 -0.239197 0 0 0 0.00922917 0.999957
21.4596 7.65485 -0.262054 0 0 0 0.0106391 0.999943
21.5639 8.33066 -0.209808 0 0 0 0.0113074 0.999936
21.6681 9.00351 -0.225739 0 0 0 0.0111499 0.999938
21.7724 9.65964 -0.235748 0 0 0 0.0105173 0.999945
21.8766 10.3873 -0.217133 0 0 0 0.0116845 0.999932
21.9809 11.1177 -0.116241 0 0 0 0.0137323 0.999906
22.0851 11.8665 -0.139679 0 0 0 0.0143353 0.999897
22.1894 12.6125 -0.155457 0 0 0 0.0137336 0.999906
22.2936 13.4925 -0.0356445 0 0 0 0.0157604 0.999876
22.3979 14.1808 -0.102722 0 0 0 0.012608 0.99992
22.5021 15.0956 -0.00808716 0 0 0 0.0153776 0.999882
22.6064 16.2894 0.127106 0 0 0 0.0147964 0.999891
22.7106 16.7367 0.0511169 0 0 0 0.0137657 0.999905
22.8149 18.0878 0.182129 0 0 0 0.0144299 0.999896
22.9191 19.0291 0.241211 0 0 0 0.012716 0.999919
23.0234 19.8705 0.253571 0 0 0 0.0120647 0.999927
23.1275 20.8462 0.254547 0 0 0 0.013799 0.999905
23.2317 21.7657 0.227386 0 0 0 0.0156756 0.999877
23.336 22.7392 0.308014 0 0 0 0.0129869 0.999916
23.4402 23.6935 0.304352 0 0 0 0.0142211 0.999899
23.5444 24.598 0.360168 0 0 0 0.0128527 0.999917
23.6486 25.6115 0.350098 0 0 0 0.0140872 0.999901
23.7527 26.6173 0.372284 0 0 0 0.0142953 0.999898
23.857 27.5914 0.409393 0 0 0 0.0147457 0.999891
23.9612 28.7052 0.433319 0 0 0 0.0137242 0.999906
24.0654 29.6774 0.4487 0 0 0 0.0170308 0.999855
24.1696 30.7112 0.445374 0 0 0 0.0179696 0.999839
24.2739 31.7306 0.509735 0 0 0 0.0148821 0.999889
24.378 32.7987 0.520844 0 0 0 0.0158023 0.999875
24.4822 33.8265 0.57486 0 0 0 0.0165896 0.999862
24.5864 34.8614 0.59317 0 0 0 0.0159038 0.999874
24.6906 35.9305 0.61319 0 0 0 0.0153939 0.999882
24.7948 36.954 0.6604 0 0 0 0.0171403 0.999853
24.8989 38.0527 0.67627 0 0 0 0.0163719 0.999866
25.0031 39.1019 0.716705 0 0 0 0.0172614 0.999851
25.1072 39.5701 0.700836 0 0 0 0.0174865 0.999847
25.2115 39.694 0.764252 0 0 0 0.0196376 0.999807
25.3156 40.726 0.813232 0 0 0 0.0200111 0.9998
25.4199 41.6119 0.852448 0 0 0 0.0200348 0.999799
25.524 41.1578 0.834808 0 0 0 0.0243377 0.999704
25.6282 40.8149 0.834229 0 0 0 0.0199702 0.999801
25.7325 40.5114 0.760742 0 0 0 0.0166641 0.999861
25.8367 40.6183 0.8461 0 0 0 0.0148019 0.99989
25.9409 41.3466 0.835114 0 0 0 0.0136648 0.999907
26.0451 41.3248 0.906738 0 0 0 0.0168068 0.999859
26.1494 41.4271 0.900391 0 0 0 0.00626267 0.99998
26.2535 41.2266 0.768616 0 0 0 0.0213814 0.999771
26.3577 40.5637 0.725739 0 0 0 0.0073338 0.999973
26.462 40.3947 0.787079 0 0 0 0.0162689 0.999868
26.5661 39.5872 0.732758 0 0 0 0.0174003 0.999849
26.6704 39.8479 0.778961 0 0 0 0.00916482 0.999958
26.7745 39.816 0.753632 0 0 0 0.00672823 0.999977
26.8787 39.4814 0.720215 0 0 0 0.0175097 0.999847
26.9829 39.1608 0.661926 0 0 0 0.0211184 0.999777
27.087 40.0272 0.742401 0 0 0 0.0156572 0.999877
27.1912 40.4232 0.732025 0 0 0 0.00904233 0.999959
27.2954 41.2735 0.724213 0 0 0 0.0102645 0.999947
27.3995 41.6703 0.707123 0 0 0 0.0136386 0.999907
27.5037 41.5695 0.737305 0 0 0 0.0128963 0.999917
27.6079 41.6024 0.719391 0 0 0 0.00804722 0.999968
27.7121 41.7325 0.70163 0 0 0 0.0119317 0.999929
27.8162 41.9173 0.808685 0 0 0 0.0145894 0.999894
27.9204 42.0292 0.688049 0 0 0 0.0163178 0.999867
28.0246 41.4382 0.683197 0 0 0 0.0191446 0.999817
28.1287 41.1553 0.685211 0 0 0 0.0103603 0.999946
28.2329 41.9988 0.800049 0 0 0 0.0184931 0.999829
28.337 43.1041 0.731445 0 0 0 0.0146112 0.999893
28.4411 42.8035 0.70459 0 0 0 0.0185982 0.999827
28.5454 43.0544 0.720947 0 0 0 0.0207192 0.999785
28.6495 42.8507 0.718231 0 0 0 0.0167244 0.99986
28.7536 43.5303 0.903473 0 0 0 0.0178535 0.999841
28.8577 44.4799 0.956543 0 0 0 0.0180657 0.999837
28.9619 44.2111 0.896149 0 0 0 0.0169055 0.999857
29.066 44.2946 0.908539 0 0 0 0.015213 0.999884
29.1702 43.8727 0.866852 0 0 0 0.0230978 0.999733
29.2744 44.8521 0.840668 0 0 0 0.0124542 0.999922
29.3785 45.3682 0.824799 0 0 0 0.0239807 0.999712
29.4826 46.0545 0.919281 0 0 0 0.0273342 0.999626
29.5867 46.7089 0.817383 0 0 0 0.0204908 0.99979
29.6909 46.7294 1.05011 0 0 0 0.0270687 0.999634
29.795 47.2858 0.859467 0 0 0 0.0258612 0.999666
29.8991 47.3712 0.941315 0 0 0 0.027753 0.999615
30.0034 47.4796 0.94342 0 0 0 0.0357672 0.99936
30.1075 48.0127 0.940277 0 0 0 0.0372443 0.999306
30.2116 48.527 0.919891 0 0 0 0.0283831 0.999597
30.3157 48.7211 0.927887 0 0 0 0.0255044 0.999675
30.4199 48.7825 1.07404 0 0 0 0.0378504 0.999283
30.5241 48.9819 1.04147 0 0 0 0.0361271 0.999347
30.6282 48.782 1.14395 0 0 0 0.0464315 0.998921
30.7325 48.5651 1.15616 0 0 0 0.0453708 0.99897
30.8366 49.0042 1.22491 0 0 0 0.0423967 0.999101
30.9409 48.6451 1.23096 0 0 0 0.0492551 0.998786
31.045 49.168 1.21353 0 0 0 0.046071 0.998938
31.1492 49.6374 1.26871 0 0 0 0.0428173 0.999083
31.2535 50.4766 1.24884 0 0 0 0.0379424 0.99928
31.3578 50.9657 1.242 0 0 0 0.0347954 0.999394
31.4621 51.4711 1.36191 0 0 0 0.040819 0.999167
31.5664 52.1201 1.34546 0 0 0 0.0356562 0.999364
31.6707 52.3712 1.40112 0 0 0 0.03477 0.999395
31.7751 53.1229 1.35748 0 0 0 0.0240085 0.999712
31.8794 53.6667 1.4454 0 0 0 0.0257441 0.999669
31.9839 54.1613 1.40656 0 0 0 0.0150207 0.999887
32.0882 54.5984 1.37912 0 0 0 0.00771384 0.99997
32.1927 55.3445 1.39078 0 0 0 0.00196849 0.999998
32.2971 55.4396 1.40512 0 0 0 -0.0101254 0.999949
32.4016 55.634 1.39355 0 0 0 -0.0224234 0.999749
32.5061 55.8029 1.23639 0 0 0 -0.0383368 0.999265
32.6107 56.1718 1.20767 0 0 0 -0.0507286 0.998712
32.7152 56.6134 1.1235 0 0 0 -0.0695101 0.997581
32.8199 56.8768 1.12973 0 0 0 -0.0848511 0.996394
32.9244 57.0509 0.91806 0 0 0 -0.107973 0.994154
33.0289 57.1898 0.875397 0 0 0 -0.126416 0.991977
33.1334 57.1366 0.715576 0 0 0 -0.148438 0.988922
33.2379 56.3143 0.531555 0 0 0 -0.171976 0.985101
33.3424 56.7303 0.334076 0 0 0 -0.195921 0.98062
33.4467 57.0823 0.456146 0 0 0 -0.220839 0.97531
33.5512 57.2164 -0.00408936 0 0 0 -0.244478 0.969655
33.6556 57.3966 -0.151764 0 0 0 -0.267772 0.963482
33.76 57.6085 -0.224457 0 0 0 -0.292177 0.956364
33.8644 57.8569 -0.572845 0 0 0 -0.315651 0.948875
33.9687 58.1268 -0.744232 0 0 0 -0.338348 0.941021
34.0731 58.2645 -0.899445 0 0 0 -0.366489 0.930423
34.1775 58.3586 -0.948486 0 0 0 -0.39881 0.917034
34.2818 58.5776 -1.25458 0 0 0 -0.420187 0.907437
34.3861 57.9035 -1.05902 0 0 0 -0.408605 0.912711
34.4905 57.5413 -1.05063 0 0 0 -0.40338 0.915033
34.5947 57.8033 -1.11826 0 0 0 -0.422286 0.906462
34.6991 57.606 -1.04272 0 0 0 -0.411684 0.911327
34.8034 57.715 -1.15823 0 0 0 -0.423493 0.905899
34.9076 57.1661 -1.01718 0 0 0 -0.420099 0.907478
35.012 57.1909 -1.27676 0 0 0 -0.429161 0.903228
35.1161 57.139 -1.52948 0 0 0 -0.432023 0.901863
35.2202 56.9404 -1.71121 0 0 0 -0.431503 0.902111
35.3242 57.4119 -2.04916 0 0 0 -0.449327 0.893367
35.4281 57.6268 -2.51498 0 0 0 -0.469486 0.88294
35.5321 57.6406 -2.87616 0 0 0 -0.479019 0.877805
35.636 57.8917 -3.31631 0 0 0 -0.496888 0.867815
35.7399 58.2905 -3.56528 0 0 0 -0.51379 0.857916
35.8439 58.4157 -3.86411 0 0 0 -0.52536 0.85088
35.9478 58.6701 -4.34247 0 0 0 -0.535106 0.844785
36.0517 58.8845 -4.7934 0 0 0 -0.540565 0.841302
36.1557 59.1259 -5.44043 0 0 0 -0.544294 0.838894
36.2595 59.3646 -5.84879 0 0 0 -0.536047 0.844188
36.3634 59.6095 -6.32831 0 0 0 -0.538654 0.842527
36.4671 59.9131 -7.07339 0 0 0 -0.542369 0.84014
36.571 60.0941 -7.36404 0 0 0 -0.538678 0.842511
36.6749 60.3578 -8.14682 0 0 0 -0.544806 0.838562
36.7786 60.6519 -8.86981 0 0 0 -0.552401 0.833578
36.8826 60.7701 -8.87784 0 0 0 -0.545448 0.838145
36.9865 60.8249 -9.11581 0 0 0 -0.546892 0.837203
37.0905 61.0576 -9.89188 0 0 0 -0.553879 0.832597
37.1946 61.4907 -10.5671 0 0 0 -0.54326 0.839565
37.2986 61.433 -11.6482 0 0 0 -0.575549 0.817767
37.4027 61.0783 -12.7822 0 0 0 -0.610781 0.7918
37.5067 62.6462 -13.1876 0 0 0 -0.542549 0.840024
37.6109 62.403 -13.8528 0 0 0 -0.571266 0.820765
37.715 63.0758 -13.9046 0 0 0 -0.537519 0.843251
37.8191 63.0883 -15.0393 0 0 0 -0.558798 0.829304
37.9234 63.4288 -15.7671 0 0 0 -0.555398 0.831584
38.0275 63.4169 -16.226 0 0 0 -0.566319 0.824186
38.1316 60.3723 -18.1528 0 0 0 -0.685202 0.728353
38.2358 57.1791 -18.6382 0 0 0 -0.760922 0.648843
38.3399 57.3597 -17.823 0 0 0 -0.756782 0.653667
38.444 52.4154 -16.351 0 0 0 -0.854553 0.519364
38.5482 50.9301 -16.5657 0 0 0 0.87095 -0.491372
38.6524 50.405 -16.1689 0 0 0 0.886703 -0.462339
38.7565 50.4858 -16.3285 0 0 0 0.893428 -0.449206
38.8607 49.9543 -16.5268 0 0 0 0.899999 -0.435893
38.9649 50.3227 -16.7282 0 0 0 0.894012 -0.448043
39.0691 49.6854 -16.6215 0 0 0 0.891937 -0.452159
39.1733 49.7012 -16.2434 0 0 0 0.88963 -0.456683
39.2775 49.7361 -16.7692 0 0 0 0.89022 -0.455532
39.3818 50.3937 -16.6696 0 0 0 0.891149 -0.453711
39.4859 50.6728 -16.9708 0 0 0 0.899357 -0.437216
39.5903 50.0499 -17.4514 0 0 0 0.902149 -0.431425
39.6944 50.2212 -17.5201 0 0 0 0.900866 -0.434098
39.7986 50.0134 -17.5673 0 0 0 0.905083 -0.425234
39.9029 49.8052 -17.3238 0 0 0 0.900239 -0.435396
40.0071 49.6891 -17.7884 0 0 0 0.899436 -0.437052
40.1114 49.3555 -18.1714 0 0 0 0.897983 -0.440029
40.2157 49.1493 -18.6234 0 0 0 0.896775 -0.442487
40.32 50.7384 -19.2773 0 0 0 0.879985 -0.475002
40.4246 50.1249 -20.191 0 0 0 0.882539 -0.470238
40.5286 51.6036 -20.5223 0 0 0 -0.853914 0.520414
40.6331 51.9906 -21.4373 0 0 0 -0.846825 0.531872
40.7375 49.6092 -22.7581 0 0 0 -0.86092 0.50874
40.8413 48.9796 -23.5462 0 0 0 -0.862337 0.506334
40.9455 49.2553 -24.3045 0 0 0 -0.851708 0.524016
41.0498 49.0334 -24.7946 0 0 0 -0.83433 0.551266
41.154 48.7709 -25.5682 0 0 0 -0.827765 0.561074
41.2583 47.7534 -26.3864 0 0 0 -0.838185 0.545386
