3 -0.119568 -0.0554504 0 0 0 0.00607331 0.999982
3.5 -0.120209 -0.0537109 0 0 0 0.00595177 0.999982
4 -0.120209 -0.0537109 0 0 0 0.00595176 0.999982
4.5 -0.120209 -0.0537109 0 0 0 0.00595178 0.999982
5 -0.120209 -0.0537109 0 0 0 0.00595178 0.999982
5.5 -0.120209 -0.0537109 0 0 0 0.00595178 0.999982
6 -0.120209 -0.0537109 0 0 0 0.00595178 0.999982
6.5 -0.120209 -0.0537109 0 0 0 0.00595178 0.999982
7 -0.120209 -0.0537109 0 0 0 0.00595178 0.999982
7.5 -0.120209 -0.0537109 0 0 0 0.00595178 0.999982
8 -0.120209 -0.0537109 0 0 0 0.00595178 0.999982
8.5 -0.120209 -0.0537109 0 0 0 0.00595178 0.999982
9 -0.120209 -0.0537109 0 0 0 0.00595178 0.999982
9.5 -0.120209 -0.0537109 0 0 0 0.00595178 0.999982
10 -0.120209 -0.0537109 0 0 0 0.00595178 0.999982
10.5 -0.120209 -0.0537109 0 0 0 0.00595178 0.999982
11 -0.120209 -0.0537109 0 0 0 0.00595178 0.999982
11.5 -0.120209 -0.0537109 0 0 0 0.00595178 0.999982
12 -0.120209 -0.0537109 0 0 0 0.00595178 0.999982
12.5 -0.120209 -0.0537109 0 0 0 0.00595178 0.999982
13 -0.120209 -0.0537109 0 0 0 0.00595178 0.999982
13.5 -0.120209 -0.0537109 0 0 0 0.00595178 0.999982
14 -0.120209 -0.0537109 0 0 0 0.00595178 0.999982
14.5 -0.120209 -0.0537109 0 0 0 0.00595178 0.999982
15 -0.120209 -0.0537109 0 0 0 0.00595178 0.999982
15.5 -0.120209 -0.0537109 0 0 0 0.00595178 0.999982
16 -0.120209 -0.0537109 0 0 0 0.00595178 0.999982
16.5 -0.120209 -0.0537109 0 0 0 0.00595178 0.999982
17 -0.120209 -0.0537109 0 0 0 0.00595178 0.999982
17.5 -0.120209 -0.0537109 0 0 0 0.00595178 0.999982
18 -0.120209 -0.0537109 0 0 0 0.00595178 0.999982
18.5 -0.120209 -0.0537109 0 0 0 0.00595178 0.999982
19 -0.120209 -0.0537109 0 0 0 0.00595178 0.999982
19.5 -0.120209 -0.0537109 0 0 0 0.00595178 0.999982
20 -0.120209 -0.0537109 0 0 0 0.00595178 0.999982
20.1045 1.07135 -0.0535583 0 0 0 0.0059001 0.999983
20.2078 2.24258 -0.0279236 0 0 0 0.00330409 0.999995
20.3116 3.44107 -0.0364075 0 0 0 0.003888 0.999992
20.4155 4.67245 -0.0376282 0 0 0 0.00239899 0.999997
20.5196 5.87491 -0.0213318 0 0 0 0.00199986 0.999998
20.6234 7.03165 -0.013092 0 0 0 0.00303289 0.999995
20.7273 8.22592 -0.00424194 0 0 0 0.0024224 0.999997
20.8312 9.42389 -0.00497437 0 0 0 0.00274647 0.999996
20.935 10.6068 0.00991821 0 0 0 0.00370228 0.999993
21.0389 11.8211 -0.00473022 0 0 0 0.00402756 0.999992
21.1428 13.0009 0.0290527 0 0 0 0.00579724 0.999983
21.2466 14.1861 0.0611267 0 0 0 0.00599322 0.999982
21.3506 15.3915 0.0899353 0 0 0 0.00614434 0.999981
21.4544 16.5761 0.0773926 0 0 0 0.00582654 0.999983
21.5583 17.759 0.0848694 0 0 0 0.00651424 0.999979
21.6622 18.9573 0.106445 0 0 0 0.00569599 0.999984
21.7661 20.1429 0.126221 0 0 0 0.00634373 0.99998
21.8701 21.3845 0.132904 0 0 0 0.0082682 0.999966
21.9739 22.5707 0.162079 0 0 0 0.00779403 0.99997
22.0779 23.7797 0.159515 0 0 0 0.00740128 0.999973
22.1818 24.9518 0.184418 0 0 0 0.00903526 0.999959
22.2857 26.151 0.204681 0 0 0 0.00905927 0.999959
22.3896 27.3483 0.230042 0 0 0 0.00943903 0.999955
22.4935 28.5212 0.25058 0 0 0 0.0108624 0.999941
22.5974 29.7127 0.279602 0 0 0 0.0095801 0.999954
22.7014 30.9077 0.298981 0 0 0 0.0108849 0.999941
22.8061 32.0948 0.322357 0 0 0 0.0112844 0.999936
22.9093 33.284 0.339844 0 0 0 0.0125149 0.999922
23.0131 34.4959 0.361633 0 0 0 0.0121551 0.999926
23.1171 35.6791 0.390442 0 0 0 0.0122899 0.999924
23.221 36.8594 0.426575 0 0 0 0.0127674 0.999919
23.325 38.0621 0.467499 0 0 0 0.0145316 0.999894
23.429 39.0496 0.50058 0 0 0 0.0162503 0.999868
23.5331 40.0956 0.557861 0 0 0 0.0192994 0.999814
23.6369 41.111 0.644775 0 0 0 0.0132142 0.999913
23.7409 42.8774 0.617523 0 0 0 0.0130134 0.999915
23.8449 44.0863 0.593231 0 0 0 0.011996 0.999928
23.9489 45.3054 0.621429 0 0 0 0.0108434 0.999941
24.0527 46.4889 0.668854 0 0 0 0.0106917 0.999943
24.1567 47.6879 0.69162 0 0 0 0.00884022 0.999961
24.2607 48.8973 0.703674 0 0 0 0.00856134 0.999963
24.3646 50.1037 0.738373 0 0 0 0.0103354 0.999947
24.4686 51.2817 0.730621 0 0 0 0.00708928 0.999975
24.5726 52.5076 0.746429 0 0 0 0.00795539 0.999968
24.6765 53.688 0.781982 0 0 0 0.00788066 0.999969
24.7804 54.9046 0.799774 0 0 0 0.00728551 0.999973
24.8842 56.1113 0.804291 0 0 0 0.00789484 0.999969
24.9881 57.3422 0.82486 0 0 0 0.010065 0.999949
25.092 58.5426 0.883606 0 0 0 0.0101989 0.999948
25.196 59.7229 0.885803 0 0 0 0.0101191 0.999949
25.2999 60.9481 0.913177 0 0 0 0.010421 0.999946
25.4037 62.1315 0.931946 0 0 0 0.0112569 0.999937
25.5078 63.3408 0.950012 0 0 0 0.0104484 0.999945
25.6116 64.5314 0.972565 0 0 0 0.0101191 0.999949
25.7155 65.7477 1.00177 0 0 0 0.0116573 0.999932
25.8195 66.9407 1.05557 0 0 0 0.0120599 0.999927
25.9234 68.1374 1.06354 0 0 0 0.0104373 0.999946
26.0274 69.3303 1.09601 0 0 0 0.00947158 0.999955
26.1313 70.5192 1.11807 0 0 0 0.0111834 0.999937
26.2352 71.6974 1.14746 0 0 0 0.00931369 0.999957
26.3391 72.9155 1.15341 0 0 0 0.00943949 0.999955
26.4431 74.0948 1.17502 0 0 0 0.00859214 0.999963
26.5471 75.2598 1.20078 0 0 0 0.00737886 0.999973
26.6511 76.4285 1.20004 0 0 0 0.00605294 0.999982
26.7551 77.6063 1.21982 0 0 0 0.00523806 0.999986
26.8591 78.8112 1.24161 0 0 0 0.00350843 0.999994
26.9631 79.9708 1.23395 0 0 0 0.0011918 0.999999
27.0671 81.14 1.21713 0 0 0 -0.000733765 1
27.1711 82.3033 1.23251 0 0 0 -0.00131527 0.999999
27.2751 83.4427 1.22214 0 0 0 -0.00450792 0.99999
27.3791 84.5795 1.20752 0 0 0 -0.00454368 0.99999
27.4831 85.7482 1.17429 0 0 0 -0.0068892 0.999976
27.5871 86.939 1.12106 0 0 0 -0.00853996 0.999964
27.6911 88.0185 1.10904 0 0 0 -0.00842481 0.999965
27.7951 89.182 1.05246 0 0 0 -0.00892332 0.99996
27.8991 89.6696 1.06665 0 0 0 -0.0115262 0.999934
28.0031 90.6765 0.995941 0 0 0 -0.0276072 0.999619
28.1071 91.6248 0.923676 0 0 0 -0.0372266 0.999307
28.2111 93.0175 0.932281 0 0 0 -0.0216187 0.999766
28.3151 94.1786 0.879608 0 0 0 -0.0236112 0.999721
28.4191 94.8981 0.766113 0 0 0 -0.0246568 0.999696
28.5231 95.0836 0.730774 0 0 0 -0.028141 0.999604
28.6271 95.6119 -0.16098 0 0 0 -0.0452539 0.998976
28.7311 96.3474 0.218018 0 0 0 -0.0544818 0.998515
28.8351 95.4631 0.245026 0 0 0 -0.061076 0.998133
28.9391 95.2914 0.1633 0 0 0 -0.0560068 0.99843
29.0431 95.4374 0.00436401 0 0 0 -0.061836 0.998086
29.1471 95.1017 -0.157745 0 0 0 -0.0739242 0.997264
29.2511 95.6251 0.210663 0 0 0 -0.065651 0.997843
29.355 94.6595 -0.479187 0 0 0 -0.0593739 0.998236
29.459 93.8802 -0.788483 0 0 0 -0.0695048 0.997582
29.563 94.3412 -0.911072 0 0 0 -0.0690922 0.99761
29.6669 93.6729 0.0837402 0 0 0 -0.00776441 0.99997
29.7709 93.6366 -2.50888 0 0 0 -0.0618608 0.998085
29.8748 93.9471 -2.71274 0 0 0 -0.0582436 0.998302
29.9788 93.9041 -3.75073 0 0 0 -0.0656843 0.99784
30.0828 94.156 -5.13519 0 0 0 -0.0889221 0.996039
30.1866 93.3512 -4.52103 0 0 0 -0.0956097 0.995419
30.2906 93.4943 -4.5098 0 0 0 -0.0939336 0.995578
30.3946 93.3784 -4.2395 0 0 0 -0.0936888 0.995602
30.4986 93.0032 -4.05902 0 0 0 -0.0874805 0.996166
30.6026 93.4728 -4.02383 0 0 0 -0.0925371 0.995709
30.7068 93.7349 -4.38641 0 0 0 -0.109512 0.993986
30.8107 94.8848 -4.10489 0 0 0 -0.131684 0.991292
30.9147 94.0001 -4.13104 0 0 0 -0.10844 0.994103
31.0187 95.1304 -4.28958 0 0 0 -0.166858 0.985981
31.1227 95.2596 -4.18271 0 0 0 -0.170892 0.98529
31.2267 95.6595 -5.34073 0 0 0 -0.148134 0.988967
31.3308 97.1312 -6.41937 0 0 0 -0.139966 0.990156
31.4346 97.0697 -8.21548 0 0 0 -0.154643 0.98797
31.5386 98.0648 -10.0947 0 0 0 -0.133011 0.991115
31.6426 99.4902 -9.74979 0 0 0 -0.141707 0.989909
31.7466 100.207 -10.2848 0 0 0 -0.123361 0.992362
31.8506 101.645 -10.5078 0 0 0 -0.135614 0.990762
31.9546 102.039 -11.9433 0 0 0 -0.118972 0.992898
32.0585 104.353 -12.8196 0 0 0 -0.162097 0.986775
32.1625 104.734 -13.5376 0 0 0 -0.146995 0.989137
32.2665 105.831 -13.8062 0 0 0 -0.150407 0.988624
32.3704 106.605 -15.3029 0 0 0 -0.130142 0.991495
32.4744 107.636 -15.715 0 0 0 -0.0948507 0.995492
32.5784 108.633 -15.9775 0 0 0 -0.100365 0.994951
32.6823 109.045 -16.8105 0 0 0 -0.0913476 0.995819
32.7863 108.97 -17.0587 0 0 0 -0.114709 0.993399
32.8903 110.201 -17.3802 0 0 0 -0.111243 0.993793
32.9941 111.589 -17.7115 0 0 0 -0.0946525 0.99551
33.0981 112.819 -18.1238 0 0 0 -0.099609 0.995027
33.2021 111.681 -19.6602 0 0 0 -0.0659453 0.997823
33.306 111.791 -20.2464 0 0 0 -0.0572051 0.998362
33.41 113.048 -20.4232 0 0 0 -0.0561449 0.998423
33.514 113.031 -19.7007 0 0 0 -0.0404135 0.999183
33.6179 112.648 -20.2894 0 0 0 -0.0578989 0.998322
33.7219 113.242 -20.3188 0 0 0 -0.0244971 0.9997
33.8257 114.133 -20.5003 0 0 0 0.012605 0.999921
33.9297 114.494 -21.731 0 0 0 0.0357189 0.999362
34.0337 114.272 -21.9294 0 0 0 0.052317 0.998631
34.1377 114.803 -21.981 0 0 0 0.0741101 0.99725
34.2416 114.468 -22.2648 0 0 0 0.0906005 0.995887
34.3456 115.183 -22.2649 0 0 0 0.0879826 0.996122
34.4496 115.645 -22.6766 0 0 0 0.121322 0.992613
34.5536 116.38 -22.3273 0 0 0 0.130729 0.991418
34.6575 118.261 -23.1125 0 0 0 0.274909 0.96147
34.7615 117.006 -23.932 0 0 0 0.265198 0.964194
34.8654 117.854 -23.1738 0 0 0 0.276482 0.961019
34.9694 118.553 -22.4589 0 0 0 0.281301 0.95962
35.0732 119.092 -22.2927 0 0 0 0.298712 0.954343
35.1772 118.097 -22.341 0 0 0 0.289844 0.957074
35.2813 117.225 -21.5994 0 0 0 0.249679 0.968329
35.3851 117.169 -23.3886 0 0 0 0.260008 0.965606
35.4891 117.334 -23.9499 0 0 0 0.287211 0.957867
35.5931 117.586 -24.8366 0 0 0 0.27907 0.960271
35.697 117.553 -25.4958 0 0 0 0.241711 0.970348
35.801 117.35 -25.9479 0 0 0 0.225696 0.974198
35.905 117.603 -25.4996 0 0 0 0.237263 0.971445
36.009 116.135 -27.3624 0 0 0 0.195765 0.980651
36.1129 118.125 -29.0103 0 0 0 0.255105 0.966913
36.2169 117.776 -28.5476 0 0 0 0.269409 0.963026
36.3209 117.689 -28.1755 0 0 0 0.284185 0.958769
