3 -0.295898 -0.185181 0 0 0 0.00645665 0.999979
3.5 -0.294434 -0.186279 0 0 0 0.00646366 0.999979
4 -0.294434 -0.186279 0 0 0 0.00646364 0.999979
4.5 -0.294434 -0.186279 0 0 0 0.0064637 0.999979
5 -0.294434 -0.186279 0 0 0 0.00646369 0.999979
5.5 -0.294434 -0.186279 0 0 0 0.00646369 0.999979
6 -0.294434 -0.186279 0 0 0 0.00646369 0.999979
6.5 -0.294434 -0.186279 0 0 0 0.00646369 0.999979
7 -0.294434 -0.186279 0 0 0 0.00646369 0.999979
7.5 -0.294434 -0.186279 0 0 0 0.00646369 0.999979
8 -0.294434 -0.186279 0 0 0 0.00646369 0.999979
8.5 -0.294434 -0.186279 0 0 0 0.00646369 0.999979
9 -0.294434 -0.186279 0 0 0 0.00646369 0.999979
9.5 -0.294434 -0.186279 0 0 0 0.00646369 0.999979
10 -0.294434 -0.186279 0 0 0 0.00646369 0.999979
10.5 -0.294434 -0.186279 0 0 0 0.00646369 0.999979
11 -0.294434 -0.186279 0 0 0 0.00646369 0.999979
11.5 -0.294434 -0.186279 0 0 0 0.00646369 0.999979
12 -0.294434 -0.186279 0 0 0 0.00646369 0.999979
12.5 -0.294434 -0.186279 0 0 0 0.00646369 0.999979
13 -0.294434 -0.186279 0 0 0 0.00646369 0.999979
13.5 -0.294434 -0.186279 0 0 0 0.00646369 0.999979
14 -0.294434 -0.186279 0 0 0 0.00646369 0.999979
14.5 -0.294434 -0.186279 0 0 0 0.00646369 0.999979
15 -0.294434 -0.186279 0 0 0 0.00646369 0.999979
15.5 -0.294434 -0.186279 0 0 0 0.00646369 0.999979
16 -0.294434 -0.186279 0 0 0 0.00646369 0.999979
16.5 -0.294434 -0.186279 0 0 0 0.00646369 0.999979
17 -0.294434 -0.186279 0 0 0 0.00646369 0.999979
17.5 -0.294434 -0.186279 0 0 0 0.00646369 0.999979
18 -0.294434 -0.186279 0 0 0 0.00646369 0.999979
18.5 -0.294434 -0.186279 0 0 0 0.00646369 0.999979
19 -0.294434 -0.186279 0 0 0 0.00646369 0.999979
19.5 -0.294434 -0.186279 0 0 0 0.00646369 0.999979
20 -0.294434 -0.186279 0 0 0 0.00646369 0.999979
20.1045 0.876343 -0.209961 0 0 0 0.00714925 0.999974
20.2078 2.07947 -0.204224 0 0 0 0.00636091 0.99998
20.3116 3.28113 -0.197998 0 0 0 0.00552403 0.999985
20.4155 4.4718 -0.192993 0 0 0 0.00621089 0.999981
20.5196 5.69348 -0.195679 0 0 0 0.00450778 0.99999
20.6234 6.86963 -0.188721 0 0 0 0.00269968 0.999996
20.7273 8.06433 -0.161011 0 0 0 0.00362725 0.999993
20.8312 9.27759 -0.115356 0 0 0 0.00305663 0.999995
20.935 10.4369 -0.124268 0 0 0 0.00352713 0.999994
21.0389 11.5992 -0.131348 0 0 0 0.00537992 0.999986
21.1428 12.8379 -0.0999756 0 0 0 0.00644002 0.999979
21.2466 14.0656 -0.0941162 0 0 0 0.0065885 0.999978
21.3506 15.2725 -0.0970459 0 0 0 0.00762858 0.999971
21.4544 16.4155 -0.0936279 0 0 0 0.00866259 0.999963
21.5583 17.6698 -0.0865479 0 0 0 0.00692284 0.999976
21.6622 18.8186 -0.0657959 0 0 0 0.00715871 0.999974
21.7661 19.9913 -0.0600586 0 0 0 0.00706507 0.999975
21.8701 21.1665 -0.0551758 0 0 0 0.00887848 0.999961
21.9739 22.3842 -0.0352783 0 0 0 0.00813797 0.999967
22.0779 23.6078 -0.0394287 0 0 0 0.00710336 0.999975
22.1818 24.7565 0.0123291 0 0 0 0.0102682 0.999947
22.2857 25.9843 0.0350342 0 0 0 0.00986206 0.999951
22.3896 27.1622 0.0683594 0 0 0 0.0112491 0.999937
22.4935 28.369 0.120605 0 0 0 0.0119471 0.999929
22.5974 29.5076 0.151978 0 0 0 0.0112026 0.999937
22.7014 30.7346 0.17395 0 0 0 0.0119146 0.999929
22.8061 31.9121 0.189819 0 0 0 0.0116797 0.999932
22.9093 33.1187 0.213745 0 0 0 0.0123849 0.999923
23.0131 34.3262 0.242676 0 0 0 0.0120178 0.999928
23.1171 35.4507 0.264893 0 0 0 0.0138759 0.999904
23.221 36.7059 0.338013 0 0 0 0.0139568 0.999903
23.325 37.9069 0.339844 0 0 0 0.0141972 0.999899
23.429 39.0968 0.352173 0 0 0 0.0136494 0.999907
23.5331 40.3385 0.414185 0 0 0 0.0130811 0.999914
23.6369 41.5089 0.43042 0 0 0 0.0115448 0.999933
23.7409 42.7213 0.476074 0 0 0 0.0127169 0.999919
23.8449 43.8389 0.497803 0 0 0 0.0123193 0.999924
23.9489 45.1219 0.519409 0 0 0 0.0115009 0.999934
24.0527 46.3035 0.557251 0 0 0 0.0116706 0.999932
24.1567 47.4967 0.561157 0 0 0 0.0100156 0.99995
24.2607 48.725 0.577759 0 0 0 0.00832826 0.999965
24.3646 49.9185 0.591797 0 0 0 0.00833663 0.999965
24.4686 51.1196 0.604858 0 0 0 0.00722411 0.999974
24.5726 52.3174 0.605835 0 0 0 0.00842528 0.999965
24.6765 53.511 0.639893 0 0 0 0.00762629 0.999971
24.7804 54.7008 0.648682 0 0 0 0.00876518 0.999962
24.8842 55.8939 0.637695 0 0 0 0.00896262 0.99996
24.9881 57.1176 0.707397 0 0 0 0.00985514 0.999951
25.092 58.2996 0.740967 0 0 0 0.0113195 0.999936
25.196 59.4546 0.73938 0 0 0 0.0108551 0.999941
25.2999 60.7717 0.751221 0 0 0 0.00989504 0.999951
25.4037 61.8984 0.811157 0 0 0 0.0116092 0.999933
25.5078 63.1407 0.809937 0 0 0 0.0113853 0.999935
25.6116 64.365 0.85791 0 0 0 0.0117965 0.99993
25.7155 65.5793 0.841187 0 0 0 0.0103241 0.999947
25.8195 66.7141 0.897095 0 0 0 0.0116659 0.999932
25.9234 67.9456 0.901123 0 0 0 0.0121317 0.999926
26.0274 69.1482 0.932373 0 0 0 0.0104221 0.999946
26.1313 70.2582 0.953369 0 0 0 0.0121899 0.999926
26.2352 71.4561 0.980469 0 0 0 0.0109265 0.99994
26.3391 72.6821 1.01184 0 0 0 0.0110763 0.999939
26.4431 73.8777 1.0448 0 0 0 0.0103805 0.999946
26.5471 75.0254 1.09143 0 0 0 0.00965432 0.999953
26.6511 76.2329 1.09985 0 0 0 0.00917747 0.999958
26.7551 77.4086 1.05994 0 0 0 0.00507741 0.999987
26.8591 78.4971 1.10999 0 0 0 0.00864275 0.999963
26.9631 79.7686 1.11316 0 0 0 0.00500754 0.999987
27.0671 80.8917 1.10388 0 0 0 0.0035581 0.999994
27.1711 82.1179 1.09778 0 0 0 0.00073131 1
27.2751 83.2217 1.07593 0 0 0 -0.00424709 0.999991
27.3791 84.2678 1.1311 0 0 0 -0.00220409 0.999998
27.4831 85.536 1.08777 0 0 0 -0.00385251 0.999993
27.5871 86.7723 1.01941 0 0 0 -0.00721654 0.999974
27.6911 87.6873 0.986816 0 0 0 -0.0110945 0.999938
27.7951 89.0259 0.894653 0 0 0 -0.011907 0.999929
27.8991 90.0862 0.933228 0 0 0 -0.0103814 0.999946
28.0031 91.2007 0.853882 0 0 0 -0.0130544 0.999915
28.1071 92.4382 0.812988 0 0 0 -0.0158086 0.999875
28.2111 93.5908 0.822266 0 0 0 -0.0187833 0.999824
28.3151 94.7266 0.776733 0 0 0 -0.0204026 0.999792
28.4191 95.9177 0.749756 0 0 0 -0.0186217 0.999827
28.5231 97.1051 0.657104 0 0 0 -0.0208665 0.999782
28.6271 98.1411 0.654663 0 0 0 -0.0235497 0.999723
28.7311 99.3732 0.591309 0 0 0 -0.0237153 0.999719
28.8351 100.575 0.510498 0 0 0 -0.0241608 0.999708
28.9391 102.574 -2.33936 0 0 0 -0.0497673 0.998761
29.0431 103.083 -1.09241 0 0 0 -0.0694368 0.997586
29.1471 103.989 -1.3479 0 0 0 -0.0786164 0.996905
29.2511 105.154 -1.54663 0 0 0 -0.0827829 0.996568
29.355 106.332 -1.75745 0 0 0 -0.0795179 0.996833
29.459 107.247 -1.99841 0 0 0 -0.0762272 0.99709
29.563 108.869 -2.34058 0 0 0 -0.085229 0.996361
29.6669 110.009 -2.51868 0 0 0 -0.0811712 0.9967
29.7709 111.129 -2.39905 0 0 0 -0.077073 0.997025
29.8748 112.186 -2.48694 0 0 0 -0.0627847 0.998027
29.9788 113.548 -2.65918 0 0 0 -0.0692216 0.997601
30.0828 115.023 -2.70569 0 0 0 -0.069341 0.997593
30.1866 116.287 -0.00390625 0 0 0 -0.00314727 0.999995
30.2906 117.545 -0.043335 0 0 0 0.00254413 0.999997
30.3946 118.676 0.00463867 0 0 0 0.00464217 0.999989
30.4986 119.967 0.0133057 0 0 0 0.00535854 0.999986
30.6026 121.107 0.0715332 0 0 0 0.00617536 0.999981
30.7068 122.404 0.0732422 0 0 0 0.00624772 0.999981
30.8107 123.598 0.03479 0 0 0 0.00589301 0.999983
30.9147 124.867 0.0421143 0 0 0 0.00599695 0.999982
31.0187 126.2 0.0748291 0 0 0 0.00685046 0.999977
31.1227 127.363 0.146484 0 0 0 0.00869615 0.999962
31.2267 128.603 0.105225 0 0 0 0.00951036 0.999955
31.3308 129.836 0.167358 0 0 0 0.0102194 0.999948
31.4346 131.135 0.150513 0 0 0 0.0113661 0.999935
31.5386 132.291 0.185913 0 0 0 0.0114214 0.999935
31.6426 133.687 0.216797 0 0 0 0.010763 0.999942
31.7466 134.899 0.240112 0 0 0 0.0111004 0.999938
31.8506 136.278 0.240845 0 0 0 0.00943257 0.999956
31.9546 137.439 0.22937 0 0 0 0.0109477 0.99994
32.0585 138.784 0.279663 0 0 0 0.00970274 0.999953
32.1625 140.067 0.315552 0 0 0 0.00833406 0.999965
32.2665 141.328 0.285767 0 0 0 0.00753735 0.999972
32.3704 142.6 0.350952 0 0 0 0.00917228 0.999958
32.4744 143.899 0.346924 0 0 0 0.00903012 0.999959
32.5784 145.193 0.404419 0 0 0 0.00736267 0.999973
32.6823 146.438 0.388794 0 0 0 0.0079479 0.999968
32.7863 147.71 0.381592 0 0 0 0.00585974 0.999983
32.8903 148.967 0.442017 0 0 0 0.00822179 0.999966
32.9941 150.205 0.428345 0 0 0 0.00770609 0.99997
33.0981 151.427 0.449219 0 0 0 0.00523509 0.999986
33.2021 152.74 0.466797 0 0 0 0.00726876 0.999974
33.306 154.005 0.495728 0 0 0 0.00572198 0.999984
33.41 155.236 0.520264 0 0 0 0.00697797 0.999976
33.514 156.5 0.520508 0 0 0 0.00614488 0.999981
33.6179 157.746 0.520752 0 0 0 0.0061871 0.999981
33.7219 159.03 0.532227 0 0 0 0.00626039 0.99998
33.8257 160.319 0.550415 0 0 0 0.00655499 0.999979
33.9297 161.578 0.557007 0 0 0 0.00705498 0.999975
34.0337 162.857 0.579712 0 0 0 0.00799008 0.999968
34.1377 164.099 0.596069 0 0 0 0.00928196 0.999957
34.2416 165.377 0.607178 0 0 0 0.00940514 0.999956
34.3456 166.611 0.666992 0 0 0 0.00877385 0.999961
34.4496 167.89 0.663574 0 0 0 0.009458 0.999955
34.5536 169.127 0.689575 0 0 0 0.0114467 0.999934
34.6575 170.407 0.715088 0 0 0 0.010049 0.99995
34.7615 171.708 0.705688 0 0 0 0.0101628 0.999948
34.8654 172.957 0.724609 0 0 0 0.0109492 0.99994
34.9694 174.28 0.772461 0 0 0 0.0121831 0.999926
35.0732 175.509 0.744507 0 0 0 0.00953811 0.999955
35.1772 176.749 0.805298 0 0 0 0.0125177 0.999922
35.2813 178.029 0.824097 0 0 0 0.0134931 0.999909
35.3851 179.261 0.828613 0 0 0 0.0124556 0.999922
35.4891 180.592 0.864258 0 0 0 0.0127848 0.999918
35.5931 181.868 0.876099 0 0 0 0.0130787 0.999914
35.697 183.064 0.9021 0 0 0 0.0111923 0.999937
35.801 184.291 0.939697 0 0 0 0.01388 0.999904
35.905 185.472 1.00281 0 0 0 0.0156699 0.999877
36.009 186.721 1.04187 0 0 0 0.0152477 0.999884
36.1129 188.025 1.0791 0 0 0 0.0140901 0.999901
36.2169 189.211 1.11951 0 0 0 0.0139645 0.999902
36.3209 190.523 1.15698 0 0 0 0.014763 0.999891
36.4249 191.788 1.21265 0 0 0 0.0138759 0.999904
36.5289 193.048 1.21777 0 0 0 0.0129591 0.999916
36.6329 194.291 1.23621 0 0 0 0.0103385 0.999947
36.7368 195.496 1.26257 0 0 0 0.0132472 0.999912
36.8408 196.731 1.24585 0 0 0 0.00948111 0.999955
36.9448 197.938 1.2821 0 0 0 0.00939114 0.999956
37.0488 199.146 1.28772 0 0 0 0.00930002 0.999957
37.1528 200.363 1.31396 0 0 0 0.00910285 0.999959
37.2568 201.523 1.32861 0 0 0 0.00649576 0.999979
37.3607 202.711 1.34253 0 0 0 0.0068313 0.999977
37.4648 203.889 1.3324 0 0 0 0.00729084 0.999973
37.5687 205.046 1.34485 0 0 0 0.00666463 0.999978
37.6728 206.206 1.39978 0 0 0 0.00571844 0.999984
37.7768 207.303 1.38354 0 0 0 0.00757643 0.999971
37.8806 208.437 1.44629 0 0 0 0.00617368 0.999981
37.9846 209.705 1.42639 0 0 0 0.00426112 0.999991
38.0886 210.809 1.41272 0 0 0 0.00456625 0.99999
38.1926 211.889 1.43506 0 0 0 0.00573419 0.999984
38.2966 212.897 1.4718 0 0 0 0.00790918 0.999969
38.4006 214.025 1.44836 0 0 0 0.00646322 0.999979
38.5046 215.113 1.48413 0 0 0 0.00655865 0.999978
38.6085 216.139 1.48804 0 0 0 0.00814321 0.999967
38.7125 217.156 1.50708 0 0 0 0.0098544 0.999951
38.8165 218.233 1.48926 0 0 0 0.00995575 0.99995
38.9205 219.256 1.51233 0 0 0 0.0105034 0.999945
39.0246 220.18 1.52173 0 0 0 0.0110056 0.999939
39.1286 221.147 1.56335 0 0 0 0.0146053 0.999893
39.2326 222.007 1.62915 0 0 0 0.015867 0.999874
39.3365 222.99 1.65051 0 0 0 0.0160002 0.999872
39.4405 223.865 1.66968 0 0 0 0.0187433 0.999824
39.5446 224.79 1.70923 0 0 0 0.0195214 0.999809
39.6487 225.624 1.73169 0 0 0 0.0214799 0.999769
39.7526 226.455 1.75085 0 0 0 0.0234849 0.999724
39.8566 227.272 1.79749 0 0 0 0.0234919 0.999724
39.9608 228.076 1.83936 0 0 0 0.0248127 0.999692
40.0649 228.79 1.89368 0 0 0 0.0237195 0.999719
40.1689 229.588 1.92432 0 0 0 0.0236494 0.99972
40.273 230.364 1.95764 0 0 0 0.0226886 0.999743
40.377 231.08 1.98657 0 0 0 0.0235517 0.999723
40.4812 231.764 2.01099 0 0 0 0.0243837 0.999703
40.5853 232.469 2.02502 0 0 0 0.0220509 0.999757
40.6893 233.227 2.04932 0 0 0 0.0222862 0.999752
40.7934 233.923 2.06726 0 0 0 0.0222351 0.999753
40.8975 234.658 2.07861 0 0 0 0.0194749 0.99981
41.0015 235.317 2.1189 0 0 0 0.0187643 0.999824
41.1056 236.043 2.15271 0 0 0 0.0177018 0.999843
41.2096 236.787 2.15186 0 0 0 0.0177208 0.999843
41.3138 237.397 2.17993 0 0 0 0.0168644 0.999858
41.4178 238.097 2.20093 0 0 0 0.0147695 0.999891
41.5219 238.815 2.20923 0 0 0 0.0116013 0.999933
41.626 239.472 2.21301 0 0 0 0.00882582 0.999961
41.73 240.227 2.2356 0 0 0 0.00908562 0.999959
41.8341 240.91 2.24805 0 0 0 0.00827863 0.999966
41.9383 241.582 2.25476 0 0 0 0.00664519 0.999978
42.0423 242.289 2.26013 0 0 0 0.00634669 0.99998
42.1464 243.105 2.26477 0 0 0 0.00602897 0.999982
42.2505 243.639 2.29639 0 0 0 0.00305598 0.999995
42.3545 244.314 2.30493 0 0 0 0.00266098 0.999996
42.4587 245.105 2.29016 0 0 0 0.0013636 0.999999
42.5628 245.838 2.28125 0 0 0 0.00142226 0.999999
42.6668 246.559 2.28442 0 0 0 0.00164901 0.999999
42.7708 247.261 2.28174 0 0 0 0.000258307 1
42.8748 247.931 2.29749 0 0 0 0.000715614 1
42.9789 248.73 2.30054 0 0 0 0.00111632 0.999999
43.0829 249.529 2.29712 0 0 0 0.000454494 1
43.1869 250.245 2.33875 0 0 0 -0.00141183 0.999999
43.2909 251.013 2.3335 0 0 0 -0.000472697 1
43.395 251.797 2.30945 0 0 0 8.17607e-05 1
43.499 252.652 2.3103 0 0 0 0.000424389 1
43.603 253.398 2.28564 0 0 0 -0.00159136 0.999999
43.7072 254.24 2.3053 0 0 0 -0.000662001 1
43.8111 255.061 2.25146 0 0 0 -0.00289073 0.999996
43.9153 255.831 2.28125 0 0 0 -0.0068296 0.999977
44.0193 256.653 2.28601 0 0 0 -0.00770457 0.99997
44.1233 257.432 2.25 0 0 0 -0.00807935 0.999967
44.2274 258.236 2.21973 0 0 0 -0.00961376 0.999954
44.3314 259.1 2.1936 0 0 0 -0.011845 0.99993
44.4355 259.925 2.16553 0 0 0 -0.0133469 0.999911
44.5395 260.791 2.11938 0 0 0 -0.0147377 0.999891
44.6436 261.586 2.11243 0 0 0 -0.0151785 0.999885
44.7476 262.461 2.11719 0 0 0 -0.0160915 0.999871
44.8518 263.338 2.08435 0 0 0 -0.0187721 0.999824
44.9558 264.114 2.03308 0 0 0 -0.0195283 0.999809
45.0598 264.953 1.995 0 0 0 -0.0214636 0.99977
45.1638 265.846 1.9801 0 0 0 -0.0236915 0.999719
45.2678 266.681 1.90637 0 0 0 -0.0245569 0.999698
45.3718 267.529 1.85315 0 0 0 -0.0257217 0.999669
45.4758 268.349 1.84436 0 0 0 -0.0262144 0.999656
45.5798 269.216 1.78967 0 0 0 -0.0265085 0.999649
45.6838 270.058 1.72961 0 0 0 -0.0271212 0.999632
45.7877 270.928 1.67444 0 0 0 -0.0270173 0.999635
45.8916 271.774 1.63403 0 0 0 -0.0272256 0.999629
45.9955 272.659 1.56946 0 0 0 -0.0260294 0.999661
46.0995 273.533 1.49902 0 0 0 -0.0249888 0.999688
46.2035 274.364 1.44043 0 0 0 -0.0231564 0.999732
46.3074 275.241 1.40967 0 0 0 -0.0231473 0.999732
46.4114 276.076 1.38916 0 0 0 -0.022822 0.99974
46.5153 276.872 1.34839 0 0 0 -0.0206855 0.999786
46.6193 277.769 1.31763 0 0 0 -0.0206198 0.999787
46.7231 278.637 1.26514 0 0 0 -0.0170167 0.999855
46.8271 279.48 1.24548 0 0 0 -0.0170589 0.999855
46.9311 280.323 1.22485 0 0 0 -0.0128706 0.999917
47.0351 281.129 1.1958 0 0 0 -0.00848251 0.999964
47.1391 281.989 1.18152 0 0 0 -0.00683937 0.999977
47.2433 282.779 1.16162 0 0 0 -0.00512374 0.999987
47.3473 283.574 1.15906 0 0 0 -0.00134364 0.999999
47.4514 284.329 1.15259 0 0 0 0.00107572 0.999999
47.5554 285.111 1.18701 0 0 0 0.00373106 0.999993
47.6594 285.807 1.16956 0 0 0 0.00364212 0.999993
47.7634 286.508 1.16577 0 0 0 0.00527661 0.999986
47.8674 287.206 1.17126 0 0 0 0.00721131 0.999974
47.9714 287.868 1.18726 0 0 0 0.00955197 0.999954
48.0754 288.534 1.19336 0 0 0 0.0144068 0.999896
48.1793 289.175 1.22327 0 0 0 0.0191007 0.999818
48.2833 289.779 1.24866 0 0 0 0.0264363 0.99965
48.387 290.391 1.28101 0 0 0 0.0341962 0.999415
48.4909 290.95 1.39905 0 0 0 0.045648 0.998958
48.5948 291.514 1.44128 0 0 0 0.055161 0.998477
48.6985 292.098 1.56787 0 0 0 0.0683519 0.997661
48.8023 292.658 1.63367 0 0 0 0.0825435 0.996587
48.906 293.137 1.79016 0 0 0 0.0973675 0.995248
49.0098 293.734 1.91528 0 0 0 0.114565 0.993416
49.1135 294.17 2.06055 0 0 0 0.132818 0.99114
49.2173 294.637 2.21277 0 0 0 0.15161 0.98844
49.321 295.148 2.35583 0 0 0 0.172272 0.985049
49.4246 295.554 2.64465 0 0 0 0.192533 0.98129
49.5284 296.035 2.8208 0 0 0 0.213004 0.977051
49.6322 296.421 3.04077 0 0 0 0.23596 0.971763
49.7358 296.812 3.3335 0 0 0 0.258771 0.965939
49.8395 297.221 3.55664 0 0 0 0.283124 0.959083
49.9433 297.589 3.89917 0 0 0 0.307293 0.951615
50.0471 297.933 4.22217 0 0 0 0.333058 0.942906
50.1509 298.257 4.53967 0 0 0 0.358362 0.933583
50.2546 298.605 4.83203 0 0 0 0.382642 0.923897
50.3584 298.948 5.22021 0 0 0 0.411386 0.911461
50.462 299.176 5.54089 0 0 0 0.438724 0.898622
50.5658 299.386 5.9458 0 0 0 0.466663 0.884435
50.6695 299.535 6.39624 0 0 0 0.494932 0.868932
50.7734 299.732 6.80603 0 0 0 0.521309 0.853368
50.8771 299.842 7.16284 0 0 0 0.548459 0.836178
50.9809 299.949 7.58765 0 0 0 0.574111 0.818778
51.0848 300.028 7.97778 0 0 0 0.599608 0.800294
51.1886 300.147 8.42688 0 0 0 0.62356 0.781775
51.2924 300.131 8.82251 0 0 0 0.648494 0.76122
51.3963 300.161 9.21948 0 0 0 0.672457 0.740137
51.5002 300.121 9.63379 0 0 0 0.697098 0.716976
51.6039 300.005 10.1011 0 0 0 0.720228 0.693737
51.7078 299.875 10.6254 0 0 0 0.74399 0.668191
51.8116 299.713 11.1334 0 0 0 0.766515 0.642226
51.9155 299.618 11.6042 0 0 0 0.787567 0.61623
52.0194 299.427 12.1239 0 0 0 0.80782 0.58943
52.1233 299.226 12.5695 0 0 0 0.826423 0.56305
52.2273 298.987 13.0186 0 0 0 0.844058 0.536252
52.3313 298.692 13.4869 0 0 0 0.860122 0.510089
52.4354 298.433 13.929 0 0 0 0.875146 0.483859
52.5395 298.064 14.379 0 0 0 0.889151 0.457614
52.6438 297.67 14.8518 0 0 0 0.900648 0.43455
52.748 297.282 15.3109 0 0 0 0.910687 0.413098
52.8521 296.812 15.7715 0 0 0 0.920394 0.390992
52.9564 296.35 16.2052 0 0 0 0.930359 0.366649
53.0605 295.848 16.6487 0 0 0 0.939291 0.343122
53.1648 295.299 17.0824 0 0 0 0.94629 0.323318
53.269 294.621 17.5168 0 0 0 0.95388 0.300189
53.3731 293.965 17.9319 0 0 0 0.959885 0.280393
53.4774 293.316 18.3129 0 0 0 0.966847 0.255357
53.5816 292.555 18.6687 0 0 0 0.971541 0.236872
53.6858 291.86 18.9751 0 0 0 0.975845 0.218464
53.79 290.974 19.329 0 0 0 0.979896 0.199508
53.8941 290.229 19.6165 0 0 0 0.984139 0.1774
53.9983 289.289 19.9172 0 0 0 0.987554 0.157281
54.1025 288.35 20.1868 0 0 0 0.990626 0.136601
54.2066 287.424 20.4061 0 0 0 0.992899 0.118958
54.3108 286.406 20.5931 0 0 0 0.995131 0.0985653
54.4149 285.482 20.744 0 0 0 0.996838 0.0794589
54.519 284.445 20.882 0 0 0 0.997973 0.0636458
54.6233 283.424 20.9883 0 0 0 0.998883 0.0472487
54.7274 282.363 21.0919 0 0 0 0.999402 0.034575
54.8317 281.28 21.1136 0 0 0 0.999843 0.0177158
54.9358 280.164 21.0995 0 0 0 0.999988 0.00497764
55.04 279.056 21.0964 0 0 0 0.999964 -0.00846503
55.1441 277.903 21.0402 0 0 0 0.999839 -0.0179159
55.2484 276.719 21.0083 0 0 0 0.999565 -0.0294964
55.3526 275.533 20.9408 0 0 0 0.999311 -0.0371076
55.4569 274.375 20.855 0 0 0 0.999052 -0.0435301
55.5613 273.09 20.7355 0 0 0 0.998841 -0.0481328
55.6655 271.872 20.5939 0 0 0 0.998864 -0.0476501
55.7698 270.619 20.4856 0 0 0 0.998827 -0.0484205
55.8742 269.398 20.3829 0 0 0 0.99888 -0.0473167
55.9783 268.072 20.2631 0 0 0 0.998937 -0.0460891
56.0825 266.718 20.1437 0 0 0 0.998931 -0.0462282
56.1866 265.503 20.0326 0 0 0 0.999073 -0.0430534
56.2909 263.979 19.981 0 0 0 0.999205 -0.0398598
56.395 262.738 19.861 0 0 0 0.999245 -0.0388509
56.4991 261.408 19.7583 0 0 0 0.999306 -0.0372428
56.6031 260.024 19.6968 0 0 0 0.999468 -0.0326241
56.7073 258.76 19.6202 0 0 0 0.999517 -0.0310914
56.8113 257.358 19.5292 0 0 0 0.999581 -0.0289297
56.9153 256.031 19.4581 0 0 0 0.999709 -0.0241051
57.0193 254.713 19.4012 0 0 0 0.999751 -0.0223088
57.1233 253.395 19.3513 0 0 0 0.999836 -0.0180983
57.2273 251.966 19.3293 0 0 0 0.999845 -0.0175931
57.3312 250.647 19.3402 0 0 0 0.999831 -0.0183684
57.4352 249.149 19.2655 0 0 0 0.999908 -0.0135443
57.539 247.818 19.2451 0 0 0 0.999933 -0.0115778
57.6429 246.508 19.2222 0 0 0 0.999946 -0.0103481
57.7468 245.171 19.2224 0 0 0 0.999971 -0.00766575
57.8505 243.858 19.2284 0 0 0 0.999975 -0.00710012
57.9544 242.545 19.1873 0 0 0 0.99998 -0.00638393
58.0582 241.114 19.1818 0 0 0 0.999967 -0.0081806
58.162 239.753 19.1915 0 0 0 0.99997 -0.007689
58.2658 238.343 19.2084 0 0 0 0.999985 -0.00551288
58.3695 236.938 19.1981 0 0 0 0.999973 -0.00738347
58.4733 235.488 19.1869 0 0 0 0.999972 -0.00746644
58.577 234.096 19.1465 0 0 0 0.999978 -0.00655892
58.6808 232.724 19.1455 0 0 0 0.999959 -0.00908191
58.7846 231.382 19.1117 0 0 0 0.999953 -0.00966494
58.8884 229.935 19.082 0 0 0 0.999961 -0.00887581
58.9921 228.49 19.0543 0 0 0 0.999957 -0.00929171
59.0959 227.132 19.0321 0 0 0 0.999951 -0.00990358
59.1996 225.742 19.0013 0 0 0 0.999934 -0.011524
59.3034 224.311 18.9554 0 0 0 0.999942 -0.0107235
59.4073 222.887 18.9465 0 0 0 0.999931 -0.0117059
59.511 221.467 18.9204 0 0 0 0.999939 -0.0110258
59.6148 219.985 18.9648 0 0 0 0.999938 -0.0110938
59.7185 218.641 18.9041 0 0 0 0.999947 -0.0102526
59.8222 217.165 18.8911 0 0 0 0.999931 -0.0117165
59.9259 215.763 18.8567 0 0 0 0.999928 -0.012022
60.0297 214.349 18.8158 0 0 0 0.999912 -0.0132407
60.1334 212.871 18.7679 0 0 0 0.999915 -0.0130022
60.237 211.435 18.7476 0 0 0 0.999932 -0.0117006
60.3408 209.973 18.729 0 0 0 0.999938 -0.0111677
60.4445 208.576 18.7135 0 0 0 0.999933 -0.0115345
60.5483 207.104 18.693 0 0 0 0.99994 -0.0109887
60.652 205.872 18.6377 0 0 0 0.999934 -0.0114742
60.7558 204.376 18.6082 0 0 0 0.999936 -0.0113155
60.8595 202.702 18.6088 0 0 0 0.999919 -0.0127536
60.9633 201.284 18.5962 0 0 0 0.99991 -0.0134031
61.067 199.771 18.563 0 0 0 0.999935 -0.0113881
61.1708 198.279 18.5342 0 0 0 0.999936 -0.0112907
61.2745 197.254 18.5005 0 0 0 0.999937 -0.0112372
61.3783 195.971 18.4979 0 0 0 0.999973 -0.00738109
61.4822 194.57 18.4469 0 0 0 0.999966 -0.00828479
61.5859 193.095 18.4384 0 0 0 0.99997 -0.00776732
61.6897 190.947 18.4791 0 0 0 0.99994 -0.0109164
61.7935 189.534 18.4519 0 0 0 0.99995 -0.010044
61.8973 188.607 18.3947 0 0 0 0.999978 -0.00664857
62.001 186.901 18.254 0 0 0 0.999955 -0.00947302
62.1048 185.849 18.2689 0 0 0 0.999987 -0.00512558
62.2085 184.429 18.2322 0 0 0 0.999981 -0.0061982
62.3123 183 18.187 0 0 0 0.999973 -0.00741578
62.416 181.566 18.1849 0 0 0 0.999991 -0.00425512
62.5199 180.121 18.1768 0 0 0 0.999982 -0.00601081
62.6237 178.673 18.1434 0 0 0 0.999994 -0.00334687
62.7274 177.267 18.183 0 0 0 1 0.000981645
62.8312 175.744 18.2068 0 0 0 0.999996 -0.00278063
62.9349 174.302 18.2401 0 0 0 0.999999 0.0011266
63.0387 172.92 18.2806 0 0 0 1 0.000188426
63.1424 171.416 18.2217 0 0 0 0.999997 0.00230284
63.2462 170.234 18.3458 0 0 0 0.999994 0.00344069
63.3499 169.056 18.3079 0 0 0 0.999975 0.00700893
63.4537 167.778 18.3121 0 0 0 0.999967 0.00814532
63.5574 166.431 18.3409 0 0 0 0.999947 0.0102799
63.661 165.111 18.3357 0 0 0 0.999947 0.0102588
63.7648 163.859 18.4019 0 0 0 0.999935 0.0114254
63.8685 162.562 18.4154 0 0 0 0.999958 0.00918383
63.9723 161.296 18.4407 0 0 0 0.999978 0.0065923
64.0759 160.155 18.4666 0 0 0 0.999963 0.00856695
64.1797 158.92 18.5 0 0 0 0.999972 0.00751317
64.2833 157.493 18.4919 0 0 0 0.999994 0.00351555
64.387 156.28 18.4934 0 0 0 0.999975 0.00700964
64.4908 155.253 18.5055 0 0 0 0.999987 0.00512569
64.5945 154.34 18.515 0 0 0 0.999985 0.00541918
64.6983 153.078 18.525 0 0 0 0.999992 0.00402409
64.8022 152.1 18.5537 0 0 0 0.999992 0.00405676
64.9059 151.092 18.564 0 0 0 0.999995 0.00329382
65.0098 150.153 18.5962 0 0 0 0.999988 0.00497943
65.1135 149.307 18.6019 0 0 0 0.999985 0.00554984
65.2174 148.403 18.6028 0 0 0 0.999994 0.00351758
65.3212 147.626 18.625 0 0 0 0.999991 0.00432045
65.425 146.628 18.63 0 0 0 0.999992 0.0040682
65.5289 146.016 18.6002 0 0 0 0.999998 0.00213714
65.6328 145.042 18.6212 0 0 0 0.999998 0.00214858
65.7367 144.288 18.635 0 0 0 0.999994 0.00341744
65.8405 143.484 18.6373 0 0 0 1 0.000251846
65.9444 142.663 18.6396 0 0 0 0.999996 0.00285704
66.0484 141.558 18.6771 0 0 0 0.999999 0.00160272
66.1524 140.808 18.6576 0 0 0 1 -0.00092049
66.2563 140.11 18.7181 0 0 0 0.999997 0.00241788
66.3603 139.318 18.6428 0 0 0 0.999991 -0.0041278
66.4643 138.597 18.7422 0 0 0 0.999995 0.00301273
66.5683 137.87 18.7592 0 0 0 0.999984 0.00565974
66.6723 137.004 18.7411 0 0 0 0.999999 0.00155385
66.7763 136.403 18.8123 0 0 0 0.999987 0.00509709
66.8803 135.734 18.86 0 0 0 0.999985 0.00540476
66.9843 134.99 18.8186 0 0 0 0.999985 0.00546365
67.0883 134.397 18.796 0 0 0 0.99999 0.00447518
67.1923 133.619 18.8359 0 0 0 0.99999 0.00445742
67.2963 133.046 18.8059 0 0 0 0.999991 0.00422329
67.4003 132.316 18.8486 0 0 0 0.99999 0.00451356
67.5044 131.594 18.8533 0 0 0 0.999988 0.00494188
67.6084 130.87 18.8612 0 0 0 0.999986 0.00522631
67.7124 130.172 18.8669 0 0 0 0.999988 0.00495094
67.8164 129.503 18.8674 0 0 0 0.999988 0.00495868
67.9204 128.763 18.8328 0 0 0 0.999989 0.0047583
68.0244 128.175 18.8147 0 0 0 0.999993 0.00377733
68.1284 127.423 18.8162 0 0 0 0.999996 0.0029598
68.2324 126.688 18.8175 0 0 0 0.999996 0.00271041
68.3364 125.937 18.83 0 0 0 0.999998 0.00196631
68.4404 125.168 18.8409 0 0 0 0.999999 0.00101896
68.5444 124.435 18.8323 0 0 0 1 -0.000849918
68.6484 123.648 18.8459 0 0 0 0.999996 -0.00268133
68.7524 122.904 18.8236 0 0 0 0.999985 -0.0053932
68.8564 121.992 18.7971 0 0 0 0.999987 -0.00501424
68.9604 121.191 18.7993 0 0 0 0.999961 -0.00883397
69.0645 120.331 18.8131 0 0 0 0.99995 -0.00999537
69.1685 119.45 18.7793 0 0 0 0.999936 -0.0113475
69.2725 118.563 18.7683 0 0 0 0.9999 -0.0141664
69.3765 117.694 18.7563 0 0 0 0.999864 -0.0164788
69.4805 116.74 18.7123 0 0 0 0.999848 -0.0174268
69.5845 115.841 18.6473 0 0 0 0.999817 -0.0191544
69.6885 114.913 18.694 0 0 0 0.999752 -0.0222827
69.7925 113.873 18.625 0 0 0 0.999743 -0.0226829
69.8965 112.922 18.5664 0 0 0 0.999665 -0.0258835
70.0005 111.908 18.4771 0 0 0 0.999634 -0.0270511
70.1046 110.898 18.3955 0 0 0 0.999584 -0.0288522
70.2085 109.817 18.3813 0 0 0 0.999555 -0.029815
70.3125 108.861 18.3231 0 0 0 0.999458 -0.032927
70.4165 107.724 18.2419 0 0 0 0.999465 -0.0327135
70.5205 106.607 18.1298 0 0 0 0.999484 -0.0321242
70.6247 105.488 18.0977 0 0 0 0.999513 -0.0312119
70.7287 104.379 18.019 0 0 0 0.999434 -0.0336338
70.8327 103.208 17.9648 0 0 0 0.999472 -0.0324844
70.9368 102.074 17.9399 0 0 0 0.999473 -0.0324565
71.0408 100.86 17.8533 0 0 0 0.999506 -0.0314282
71.1448 99.6974 17.7771 0 0 0 0.999465 -0.0327168
71.2488 98.4845 17.7188 0 0 0 0.99947 -0.0325388
71.3528 97.2617 17.6278 0 0 0 0.99944 -0.0334703
71.4568 96.0459 17.5347 0 0 0 0.999499 -0.0316385
71.5608 94.755 17.4722 0 0 0 0.999531 -0.0306153
71.6648 93.4985 17.3875 0 0 0 0.999592 -0.028577
71.7688 92.2397 17.3248 0 0 0 0.99957 -0.029329
71.8728 90.8926 17.2693 0 0 0 0.999625 -0.0273844
71.9768 89.6002 17.2056 0 0 0 0.99964 -0.0268284
72.0808 88.249 17.1183 0 0 0 0.999712 -0.0239778
72.1847 86.9329 17.0812 0 0 0 0.999731 -0.023172
72.2887 85.5276 16.9843 0 0 0 0.999768 -0.0215603
72.3927 84.175 16.9445 0 0 0 0.999772 -0.0213339
72.4967 82.8 16.9198 0 0 0 0.999832 -0.0183454
72.6007 81.4255 16.8416 0 0 0 0.99984 -0.0178717
72.7045 79.9913 16.7803 0 0 0 0.999859 -0.0167867
72.8085 78.5522 16.7637 0 0 0 0.999875 -0.0158345
72.9124 77.1609 16.715 0 0 0 0.999859 -0.0168101
73.0164 75.7236 16.6398 0 0 0 0.999897 -0.0143327
73.1203 74.1653 16.6343 0 0 0 0.99989 -0.0148574
73.2242 72.7264 16.5414 0 0 0 0.999901 -0.0140878
73.328 71.1932 16.5323 0 0 0 0.99991 -0.013436
73.4319 69.6237 16.5195 0 0 0 0.99996 -0.00894828
73.5358 68.2057 16.4817 0 0 0 0.999957 -0.0092538
73.6397 66.7432 16.4862 0 0 0 0.999954 -0.00964312
73.7434 65.2684 16.4874 0 0 0 0.999971 -0.00757659
73.8473 63.8568 16.483 0 0 0 0.999974 -0.00727464
73.9512 62.4122 16.4651 0 0 0 0.999979 -0.00641206
74.0549 60.9354 16.4395 0 0 0 0.999979 -0.00651815
74.1588 59.4901 16.4276 0 0 0 0.99997 -0.00776362
74.2625 57.9996 16.3817 0 0 0 0.999969 -0.00786316
74.3663 56.5732 16.3655 0 0 0 0.999977 -0.00674477
74.4702 55.1592 16.3524 0 0 0 0.999965 -0.00834058
74.5739 53.6937 16.314 0 0 0 0.999972 -0.00745547
74.6777 52.3041 16.3009 0 0 0 0.999955 -0.00948768
74.7815 50.811 16.3071 0 0 0 0.999962 -0.00876125
74.8853 49.3832 16.27 0 0 0 0.999935 -0.0113831
74.9892 47.8668 16.2844 0 0 0 0.999948 -0.0101605
75.0929 46.326 16.2306 0 0 0 0.999958 -0.00922209
75.1968 44.8066 16.2365 0 0 0 0.999967 -0.0080912
75.3005 43.3885 16.2091 0 0 0 0.999962 -0.00873467
75.4044 42.0312 16.1718 0 0 0 0.999963 -0.00857601
75.5082 40.601 16.14 0 0 0 0.999949 -0.0100885
75.6119 39.1666 16.08 0 0 0 0.999939 -0.011065
75.7158 37.7593 16.0756 0 0 0 0.999946 -0.0104282
75.8195 36.2859 16.0391 0 0 0 0.999954 -0.00960605
75.9233 34.863 16.0399 0 0 0 0.999913 -0.0131757
76.0272 33.5281 15.9954 0 0 0 0.999921 -0.0125551
76.1309 32.1133 15.9735 0 0 0 0.999931 -0.0117915
76.2347 30.7334 15.9855 0 0 0 0.99994 -0.0109813
76.3384 29.3341 15.9851 0 0 0 0.999939 -0.0110582
76.4423 27.9121 15.933 0 0 0 0.999938 -0.0111622
76.546 26.5874 15.9362 0 0 0 0.999949 -0.0101063
76.6498 25.3137 15.9133 0 0 0 0.999949 -0.0101234
76.7535 23.7799 15.8856 0 0 0 0.999965 -0.00840507
76.8573 22.3148 15.8047 0 0 0 0.999955 -0.00943356
76.9611 20.6191 15.8761 0 0 0 0.999966 -0.00830315
77.0648 19.3402 15.8553 0 0 0 0.99995 -0.0099912
77.1685 17.9794 15.7826 0 0 0 0.999969 -0.00786876
77.2723 16.5297 15.7837 0 0 0 0.999976 -0.0069746
77.3762 15.1647 15.7794 0 0 0 0.999979 -0.006439
77.4799 13.7921 15.7795 0 0 0 0.999957 -0.009278
77.5837 12.4185 15.7827 0 0 0 0.999966 -0.00823949
77.6874 11.0476 15.7627 0 0 0 0.999975 -0.00700702
77.7912 9.71973 15.7123 0 0 0 0.999963 -0.00857005
77.8949 8.31873 15.7058 0 0 0 0.999977 -0.00676289
77.9987 6.98291 15.6912 0 0 0 0.999952 -0.00983814
78.1024 5.62585 15.679 0 0 0 0.999959 -0.00904579
78.2062 4.2312 15.6873 0 0 0 0.999966 -0.00827728
78.31 2.90918 15.6655 0 0 0 0.999962 -0.00874134
78.4138 1.53186 15.6624 0 0 0 0.999974 -0.00724496
78.5175 0.133423 15.6414 0 0 0 0.999972 -0.00745559
78.6214 -1.2439 15.6047 0 0 0 0.999977 -0.00673022
78.7252 -2.63538 15.6066 0 0 0 0.999967 -0.00818442
78.8291 -4.07886 15.5801 0 0 0 0.999981 -0.00612203
78.9328 -5.3573 15.5647 0 0 0 0.999971 -0.00762522
79.0366 -6.76892 15.5897 0 0 0 0.999973 -0.00730861
79.1404 -8.17163 15.5404 0 0 0 0.999986 -0.0053597
79.2442 -9.55908 15.5232 0 0 0 0.999971 -0.00765622
79.348 -11.0491 15.5089 0 0 0 0.999979 -0.00646523
79.4518 -12.3977 15.5009 0 0 0 0.999977 -0.00681677
79.5556 -13.7471 15.4918 0 0 0 0.999969 -0.00785231
79.6594 -15.2151 15.4875 0 0 0 0.999963 -0.00855097
79.7632 -16.5458 15.473 0 0 0 0.999975 -0.00700738
79.8669 -18.0906 15.4406 0 0 0 0.999968 -0.00797307
79.9708 -19.5332 15.491 0 0 0 0.999955 -0.00948768
80.0745 -20.8541 15.3865 0 0 0 0.999975 -0.00702586
80.1783 -22.2563 15.3656 0 0 0 0.999966 -0.0082594
80.2822 -23.6492 15.3984 0 0 0 0.999955 -0.00947981
80.3859 -25.0823 15.2953 0 0 0 0.999974 -0.00715424
80.4897 -26.4633 15.3162 0 0 0 0.99997 -0.00768912
80.5934 -27.9156 15.3308 0 0 0 0.999978 -0.00661018
80.6972 -29.2706 15.297 0 0 0 0.999966 -0.00825189
80.801 -30.7394 15.2583 0 0 0 0.999957 -0.00928694
80.9048 -32.1556 15.2709 0 0 0 0.999973 -0.00739134
81.0086 -33.5653 15.2371 0 0 0 0.999949 -0.0101468
81.1123 -35.0151 15.2209 0 0 0 0.99996 -0.00897153
81.2162 -36.4628 15.2223 0 0 0 0.999972 -0.00748814
81.3199 -37.8739 15.2258 0 0 0 0.999967 -0.00810169
81.4237 -39.163 15.1901 0 0 0 0.999957 -0.00928027
81.5275 -40.6565 15.1371 0 0 0 0.999965 -0.00831936
81.6313 -42.0284 15.1704 0 0 0 0.999946 -0.0103892
81.735 -43.4338 15.1261 0 0 0 0.999952 -0.00979356
81.8388 -44.855 15.0901 0 0 0 0.999954 -0.00954597
81.9426 -46.2573 15.1036 0 0 0 0.999953 -0.00972049
82.0464 -47.6941 15.0623 0 0 0 0.99997 -0.0077002
82.1502 -49.1339 15.0543 0 0 0 0.999974 -0.00720121
82.2539 -50.5455 15.0051 0 0 0 0.999977 -0.00683286
82.3577 -51.9448 14.9886 0 0 0 0.999968 -0.00797831
82.4615 -53.3114 14.9949 0 0 0 0.999929 -0.0118828
82.5653 -54.7627 14.9695 0 0 0 0.999978 -0.00665083
82.6691 -56.1475 14.9547 0 0 0 0.99998 -0.00638345
82.7729 -57.5453 14.9584 0 0 0 0.999988 -0.0049805
82.8767 -58.9185 14.9486 0 0 0 0.999981 -0.00616959
82.9806 -60.3716 14.9596 0 0 0 0.999989 -0.00465244
83.0843 -61.7205 14.9425 0 0 0 0.999983 -0.00579481
83.1882 -63.0992 14.8937 0 0 0 0.999969 -0.00784206
83.2919 -64.4955 14.8931 0 0 0 0.999988 -0.00492769
83.3958 -65.845 14.8905 0 0 0 0.999977 -0.00678112
83.4995 -67.2426 14.8215 0 0 0 0.999978 -0.00659767
83.6034 -68.7158 14.8042 0 0 0 0.999993 -0.00384766
83.7072 -70.1389 14.8489 0 0 0 0.999996 -0.00277455
83.8111 -71.4697 14.8049 0 0 0 0.999988 -0.004996
83.9148 -72.8425 14.7897 0 0 0 0.999986 -0.00530248
84.0187 -74.2936 14.8176 0 0 0 0.999986 -0.00526374
84.1224 -75.6776 14.8103 0 0 0 0.999991 -0.00435502
84.2262 -77.058 14.8173 0 0 0 0.999985 -0.00541668
84.33 -78.4033 14.7764 0 0 0 0.999972 -0.00753463
84.4338 -79.7408 14.7743 0 0 0 0.999973 -0.00734128
84.5376 -81.1276 14.7449 0 0 0 0.999959 -0.00909204
84.6414 -82.499 14.7867 0 0 0 0.999968 -0.00801443
84.7453 -83.8712 14.759 0 0 0 0.999978 -0.00670173
84.8491 -85.2505 14.7294 0 0 0 0.999971 -0.00765002
84.9529 -86.5378 14.6893 0 0 0 0.999963 -0.00862011
85.0567 -87.9213 14.6271 0 0 0 0.999949 -0.0100565
85.1606 -89.2993 14.5918 0 0 0 0.999976 -0.00687196
85.2643 -90.6024 14.5642 0 0 0 0.999978 -0.00658849
85.368 -91.8955 14.5479 0 0 0 0.99998 -0.00628522
85.4719 -93.1998 14.5315 0 0 0 0.999973 -0.0073191
85.5757 -94.608 14.535 0 0 0 0.999991 -0.00412459
85.6794 -95.9274 14.5216 0 0 0 0.999993 -0.00368042
85.7832 -97.1884 14.5228 0 0 0 0.999981 -0.00609008
85.8869 -98.4452 14.4867 0 0 0 0.999985 -0.00542824
85.9908 -99.8334 14.5165 0 0 0 0.999992 -0.00394518
86.0946 -101.047 14.4453 0 0 0 0.999993 -0.00369436
86.1983 -102.314 14.4314 0 0 0 0.999992 -0.00398702
86.3021 -103.74 14.4427 0 0 0 0.999997 -0.00235374
86.406 -104.9 14.4115 0 0 0 0.999975 -0.00704374
86.5097 -106.215 14.3655 0 0 0 0.999985 -0.00540381
86.6134 -107.59 14.4095 0 0 0 0.999995 -0.00329466
86.7173 -108.849 14.4108 0 0 0 0.999997 -0.00250001
86.8211 -110.183 14.3953 0 0 0 1 -0.000868753
86.9248 -111.412 14.4512 0 0 0 0.999998 -0.00202902
87.0287 -112.77 14.4241 0 0 0 1 -0.000683264
87.1324 -114.059 14.4724 0 0 0 0.999999 -0.00126536
87.2363 -115.196 14.3872 0 0 0 0.999991 -0.00415618
87.34 -116.538 14.4353 0 0 0 0.999998 -0.00210448
87.4438 -117.79 14.3972 0 0 0 0.999995 -0.00313921
87.5477 -119.082 14.412 0 0 0 0.999998 -0.00197323
87.6516 -120.309 14.3885 0 0 0 0.999992 -0.00407821
87.7553 -121.613 14.4061 0 0 0 0.999999 -0.00146706
87.8591 -122.806 14.4006 0 0 0 0.999995 -0.00324137
87.9629 -124.084 14.411 0 0 0 0.999999 -0.00111921
88.0668 -125.358 14.4432 0 0 0 0.999998 0.00178857
88.1705 -126.482 14.4918 0 0 0 0.999999 0.00139912
88.2744 -127.686 14.521 0 0 0 1 0.000561313
88.3782 -128.758 14.4933 0 0 0 0.999994 -0.00335116
88.482 -129.949 14.4701 0 0 0 0.999997 -0.00235493
88.5859 -131.142 14.4626 0 0 0 1 0.000971154
88.6897 -132.354 14.427 0 0 0 0.999995 0.00324614
88.7936 -133.475 14.4469 0 0 0 0.999993 0.00384623
88.8974 -134.572 14.4869 0 0 0 0.999999 0.00139912
89.0012 -135.734 14.5043 0 0 0 0.999999 0.00159748
89.105 -136.782 14.5333 0 0 0 1 0.000681118
89.2089 -137.918 14.5273 0 0 0 1 0.000924663
89.3128 -138.997 14.5148 0 0 0 1 0.000448779
89.4168 -140.014 14.5225 0 0 0 0.999997 0.00236113
89.5207 -140.997 14.5366 0 0 0 0.999986 0.00534003
89.6246 -141.918 14.6069 0 0 0 0.999984 0.00565009
89.7284 -142.74 14.5951 0 0 0 0.999998 0.00218566
89.8323 -143.735 14.5448 0 0 0 0.999995 0.00310249
89.9363 -144.622 14.5176 0 0 0 0.999999 0.00170429
90.0401 -145.366 14.4524 0 0 0 1 0.000772075
90.1439 -146.207 14.5031 0 0 0 0.999994 -0.00343413
90.2476 -147.002 14.4784 0 0 0 0.999927 -0.0120819
90.3512 -147.739 14.4626 0 0 0 0.999728 -0.0233059
90.4548 -148.478 14.4149 0 0 0 0.999426 -0.0338871
90.5586 -149.157 14.361 0 0 0 0.999003 -0.0446381
90.6622 -149.878 14.3325 0 0 0 0.998959 -0.0456217
90.7658 -150.447 14.186 0 0 0 0.996455 -0.0841293
90.8694 -151.091 14.0546 0 0 0 0.994649 -0.103315
90.9731 -151.603 13.7811 0 0 0 0.992421 -0.122883
91.0767 -152.113 13.5778 0 0 0 0.98881 -0.149177
91.1803 -152.639 13.425 0 0 0 0.984437 -0.175737
91.2839 -153.116 13.2181 0 0 0 0.979395 -0.201953
91.3877 -153.582 12.7987 0 0 0 0.972379 -0.233407
91.4913 -154.051 12.5184 0 0 0 0.964954 -0.262419
91.5951 -154.498 12.2019 0 0 0 0.956186 -0.292759
91.6988 -154.865 11.8826 0 0 0 0.945621 -0.325271
91.8024 -155.252 11.5306 0 0 0 0.934246 -0.35663
91.9062 -155.541 11.1549 0 0 0 0.920671 -0.39034
92.0098 -155.85 10.718 0 0 0 0.906085 -0.423096
92.1137 -156.085 10.2738 0 0 0 0.890217 -0.455538
92.2175 -156.296 9.85608 0 0 0 0.874054 -0.485829
92.3213 -156.462 9.34021 0 0 0 -0.855801 0.517305
92.4252 -156.688 8.94153 0 0 0 -0.83753 0.546391
92.5291 -156.803 8.49414 0 0 0 -0.818019 0.575191
92.6329 -156.904 8.02869 0 0 0 -0.797633 0.603143
92.737 -156.968 7.56873 0 0 0 -0.77604 0.630683
92.8408 -157.032 7.10266 0 0 0 -0.752198 0.658937
92.9448 -156.927 6.59265 0 0 0 -0.729735 0.68373
93.0488 -156.869 6.09351 0 0 0 -0.702484 0.7117
93.1528 -156.836 5.69861 0 0 0 -0.677333 0.735676
93.2567 -156.657 5.1908 0 0 0 -0.652992 0.757365
93.3607 -156.565 4.65088 0 0 0 -0.625946 0.779866
93.4646 -156.29 4.53076 0 0 0 -0.607173 0.79457
93.5686 -156.097 3.82104 0 0 0 -0.566329 0.824179
93.6726 -155.806 3.27136 0 0 0 -0.532236 0.846596
93.7764 -155.476 2.68848 0 0 0 -0.501624 0.865086
93.8804 -155.124 2.23499 0 0 0 -0.470675 0.882307
93.9844 -154.682 1.86401 0 0 0 -0.441676 0.897174
94.0884 -154.255 1.51562 0 0 0 -0.409151 0.912467
94.1926 -153.884 1.07129 0 0 0 -0.378666 0.925534
94.2966 -153.498 0.653198 0 0 0 -0.344987 0.938608
94.4007 -152.899 0.275146 0 0 0 -0.317976 0.948099
94.5048 -152.4 -0.0323486 0 0 0 -0.286946 0.957947
94.6088 -151.733 -0.359741 0 0 0 -0.257402 0.966304
94.7128 -151.16 -0.592529 0 0 0 -0.22421 0.974541
94.8169 -150.477 -0.847534 0 0 0 -0.195795 0.980645
94.9211 -149.799 -1.09106 0 0 0 -0.16486 0.986317
95.0252 -149.103 -1.20142 0 0 0 -0.139493 0.990223
95.1296 -148.425 -1.31702 0 0 0 -0.113225 0.993569
95.2338 -147.662 -1.46741 0 0 0 -0.0951047 0.995467
95.3382 -146.866 -1.57507 0 0 0 -0.0747026 0.997206
95.4426 -146.042 -1.67053 0 0 0 -0.0577728 0.99833
95.5469 -145.179 -1.73914 0 0 0 -0.0426586 0.99909
95.6513 -144.395 -1.81738 0 0 0 -0.0286949 0.999588
95.7557 -143.557 -1.80322 0 0 0 -0.0156274 0.999878
95.8602 -142.655 -1.75317 0 0 0 -0.00663791 0.999978
95.9647 -141.74 -1.78235 0 0 0 -0.00266424 0.999996
96.0692 -140.808 -1.77271 0 0 0 7.83056e-06 1
96.1737 -139.963 -1.75598 0 0 0 0.00198941 0.999998
96.2781 -138.898 -1.80029 0 0 0 0.000997308 1
96.3825 -137.864 -1.8064 0 0 0 0.000779047 1
96.4868 -136.906 -1.80005 0 0 0 0.00371545 0.999993
96.5911 -135.802 -1.76025 0 0 0 0.00331872 0.999995
96.6953 -134.765 -1.76208 0 0 0 0.0027932 0.999996
96.7994 -133.72 -1.73035 0 0 0 0.00582756 0.999983
96.9036 -132.627 -1.7052 0 0 0 0.00448945 0.99999
97.0077 -131.502 -1.71912 0 0 0 0.00705069 0.999975
97.1118 -130.374 -1.79163 0 0 0 0.00925972 0.999957
97.2159 -129.209 -1.71997 0 0 0 0.00871407 0.999962
97.3201 -128.077 -1.76855 0 0 0 0.0118926 0.999929
97.4241 -126.904 -1.70325 0 0 0 0.00972113 0.999953
97.5282 -125.657 -1.698 0 0 0 0.00837429 0.999965
97.6322 -124.478 -1.63586 0 0 0 0.00703162 0.999975
97.7362 -123.314 -1.60791 0 0 0 0.00706931 0.999975
97.8402 -121.986 -1.59961 0 0 0 0.00526665 0.999986
97.9442 -120.784 -1.57312 0 0 0 0.00316422 0.999995
98.0481 -119.565 -1.59106 0 0 0 0.00412848 0.999991
98.1521 -118.269 -1.59827 0 0 0 0.00249939 0.999997
98.2559 -116.964 -1.60632 0 0 0 0.00135563 0.999999
98.3598 -115.675 -1.6095 0 0 0 0.00240651 0.999997
98.4637 -114.363 -1.60217 0 0 0 0.00398092 0.999992
98.5676 -113.075 -1.57068 0 0 0 0.0052893 0.999986
98.6713 -111.665 -1.5481 0 0 0 0.00694532 0.999976
98.7752 -110.34 -1.54089 0 0 0 0.00760532 0.999971
98.8791 -108.885 -1.54663 0 0 0 0.00712464 0.999975
98.9829 -107.478 -1.54871 0 0 0 0.00840937 0.999965
99.0868 -106.118 -1.5155 0 0 0 0.00893364 0.99996
99.1907 -104.647 -1.49182 0 0 0 0.00870416 0.999962
99.2944 -103.218 -1.49561 0 0 0 0.00880634 0.999961
99.3983 -101.753 -1.42627 0 0 0 0.0115171 0.999934
99.5022 -100.339 -1.4281 0 0 0 0.00924535 0.999957
99.6061 -98.8457 -1.38318 0 0 0 0.00959565 0.999954
99.7099 -97.2887 -1.39111 0 0 0 0.00910546 0.999959
99.8138 -95.8602 -1.33496 0 0 0 0.00852778 0.999964
99.9176 -94.3007 -1.2915 0 0 0 0.00932896 0.999956
100.021 -92.8427 -1.29529 0 0 0 0.00887841 0.999961
100.125 -91.2832 -1.23486 0 0 0 0.00835184 0.999965
100.229 -89.8217 -1.26538 0 0 0 0.00865971 0.999963
100.333 -88.3398 -1.26697 0 0 0 0.00977544 0.999952
100.437 -86.8468 -1.16028 0 0 0 0.00846922 0.999964
100.54 -85.3326 -1.25354 0 0 0 0.00934845 0.999956
100.644 -83.8683 -1.13159 0 0 0 0.00816993 0.999967
100.748 -82.2117 -1.17627 0 0 0 0.00859446 0.999963
100.852 -80.7203 -1.1814 0 0 0 0.00904458 0.999959
100.956 -79.2339 -1.1189 0 0 0 0.00642201 0.999979
101.059 -77.7451 -1.10742 0 0 0 0.00739588 0.999973
101.163 -76.2318 -1.10168 0 0 0 0.00712458 0.999975
101.267 -74.7478 -1.07068 0 0 0 0.00617417 0.999981
101.371 -73.2767 -1.04163 0 0 0 0.0068753 0.999976
101.475 -71.7625 -1.05005 0 0 0 0.00770532 0.99997
101.578 -70.1898 -1.05872 0 0 0 0.00945868 0.999955
101.682 -68.7571 -1.00562 0 0 0 0.00844963 0.999964
101.786 -67.3271 -0.961792 0 0 0 0.00866818 0.999962
101.89 -65.783 -0.922607 0 0 0 0.00805259 0.999968
101.993 -64.2709 -0.923462 0 0 0 0.00927107 0.999957
102.097 -62.8271 -0.940674 0 0 0 0.0103288 0.999947
102.201 -61.3235 -0.906128 0 0 0 0.00983242 0.999952
102.305 -59.9514 -0.838379 0 0 0 0.00984318 0.999952
102.409 -58.4473 -0.867554 0 0 0 0.0104693 0.999945
102.512 -56.9351 -0.813232 0 0 0 0.0110021 0.99994
102.616 -55.5071 -0.772461 0 0 0 0.0126202 0.99992
102.72 -53.9917 -0.762695 0 0 0 0.0136749 0.999906
102.824 -52.5685 -0.734741 0 0 0 0.0120596 0.999927
102.928 -51.1232 -0.683716 0 0 0 0.0123071 0.999924
103.031 -49.6772 -0.676636 0 0 0 0.0115049 0.999934
103.135 -48.2484 -0.653687 0 0 0 0.0127117 0.999919
103.239 -46.771 -0.615723 0 0 0 0.0124539 0.999922
103.343 -45.3367 -0.590698 0 0 0 0.0122656 0.999925
103.447 -43.929 -0.542969 0 0 0 0.0126294 0.99992
103.55 -42.4613 -0.501587 0 0 0 0.0113709 0.999935
103.654 -41.0483 -0.485474 0 0 0 0.0102096 0.999948
103.758 -39.5667 -0.422852 0 0 0 0.00938113 0.999956
103.862 -38.1104 -0.464966 0 0 0 0.00851795 0.999964
103.966 -36.6421 -0.417236 0 0 0 0.00889455 0.99996
104.07 -35.2494 -0.383911 0 0 0 0.010261 0.999947
104.174 -35.0214 -0.863892 0 0 0 -0.0460559 0.998939
104.278 -32.4888 -0.342896 0 0 0 0.00759943 0.999971
104.382 -31.0594 -0.317993 0 0 0 0.00746358 0.999972
104.485 -29.5525 -0.394287 0 0 0 0.00769195 0.99997
104.589 -28.1583 -0.342407 0 0 0 0.00658261 0.999978
104.693 -27.4314 -0.231201 0 0 0 0.000472491 1
104.797 -25.5758 -0.256592 0 0 0 0.00548038 0.999985
104.901 -27.3348 -0.629028 0 0 0 0.0111724 0.999938
105.005 -28.838 -0.30835 0 0 0 0.00109181 0.999999
105.109 -27.4333 -0.596069 0 0 0 0.00547273 0.999985
105.212 -25.7903 -0.695435 0 0 0 0.00369233 0.999993
105.316 -26.0842 -0.759521 0 0 0 0.00284817 0.999996
105.42 -23.0387 -0.607544 0 0 0 0.00457105 0.99999
105.524 -19.7695 -0.30957 0 0 0 -0.00528825 0.999986
105.628 -15.1068 -0.431519 0 0 0 -0.0121454 0.999926
105.732 -13.7079 -0.481323 0 0 0 -0.0194255 0.999811
105.835 -11.2922 -0.309448 0 0 0 0.00243656 0.999997
105.939 -9.99207 -0.277954 0 0 0 0.00312493 0.999995
106.043 -8.55005 -0.276367 0 0 0 0.0047588 0.999989
106.147 -7.19604 -0.26355 0 0 0 0.00591567 0.999982
106.25 -5.85266 -0.262939 0 0 0 0.00639671 0.99998
106.354 -4.51099 -0.26416 0 0 0 0.00682976 0.999977
106.458 -3.06348 -0.238159 0 0 0 0.00733778 0.999973
106.562 -1.74512 -0.228638 0 0 0 0.00588774 0.999983
106.666 -0.348877 -0.197998 0 0 0 0.00563374 0.999984
106.769 1.01074 -0.157959 0 0 0 0.0067306 0.999977
106.873 2.33264 -0.140869 0 0 0 0.00770073 0.99997
106.977 3.70996 -0.125 0 0 0 0.00895655 0.99996
107.081 5.1084 -0.132812 0 0 0 0.00722084 0.999974
107.185 6.43542 -0.137695 0 0 0 0.00690512 0.999976
107.288 7.77161 -0.115479 0 0 0 0.0086748 0.999962
107.392 9.20154 -0.0869141 0 0 0 0.00565787 0.999984
107.496 10.5276 -0.0665283 0 0 0 0.0069781 0.999976
107.6 11.8458 -0.0357666 0 0 0 0.00672229 0.999977
107.703 13.2126 -0.0174561 0 0 0 0.00728251 0.999973
107.807 14.5922 -0.00378418 0 0 0 0.00808142 0.999967
107.911 15.9648 0.00231934 0 0 0 0.00683674 0.999977
108.015 17.0134 0.0268555 0 0 0 -0.00101295 0.999999
108.119 18.7378 -0.0117188 0 0 0 -0.00434079 0.999991
108.223 20.0804 -0.0384521 0 0 0 0.00184582 0.999998
108.326 21.2946 0.0300293 0 0 0 0.00755806 0.999971
108.43 22.6989 0.0351562 0 0 0 0.00645621 0.999979
108.534 24.0297 0.0423584 0 0 0 0.00720271 0.999974
108.638 25.4219 0.0595703 0 0 0 0.00798505 0.999968
108.742 26.6914 0.113525 0 0 0 0.00854918 0.999963
108.845 28.03 0.130615 0 0 0 0.00726023 0.999974
108.949 29.369 0.169067 0 0 0 0.00899515 0.99996
109.053 30.6525 0.171509 0 0 0 0.00853464 0.999964
109.157 32.0066 0.189819 0 0 0 0.00610699 0.999981
109.261 33.3495 0.222412 0 0 0 0.00761529 0.999971
109.364 34.5774 0.270264 0 0 0 0.00740414 0.999973
109.468 35.9458 0.283325 0 0 0 0.00618961 0.999981
109.572 37.262 0.281982 0 0 0 0.00734787 0.999973
109.676 38.5966 0.282593 0 0 0 0.00728558 0.999973
109.779 39.892 0.315308 0 0 0 0.0065872 0.999978
109.883 41.1987 0.331299 0 0 0 0.0054359 0.999985
109.987 42.5306 0.34314 0 0 0 0.0065241 0.999979
110.091 43.8335 0.343872 0 0 0 0.00746023 0.999972
110.194 45.0602 0.372925 0 0 0 0.00851039 0.999964
110.298 46.3959 0.401001 0 0 0 0.00883138 0.999961
110.402 47.6956 0.412598 0 0 0 0.00919955 0.999958
110.506 48.9601 0.42749 0 0 0 0.00972649 0.999953
110.61 50.2878 0.436157 0 0 0 0.00934724 0.999956
110.714 51.4657 0.444092 0 0 0 0.0118516 0.99993
110.817 52.8097 0.465942 0 0 0 0.0104674 0.999945
110.921 54.0436 0.516602 0 0 0 0.0118448 0.99993
111.025 55.3533 0.521851 0 0 0 0.0119325 0.999929
111.129 56.6141 0.553589 0 0 0 0.0125572 0.999921
111.232 57.8458 0.61792 0 0 0 0.013802 0.999905
111.336 59.0934 0.611328 0 0 0 0.0135994 0.999908
111.44 60.3589 0.666016 0 0 0 0.0140538 0.999901
111.544 61.6334 0.685913 0 0 0 0.0147988 0.999891
111.648 62.8762 0.731567 0 0 0 0.0149159 0.999889
111.751 64.1749 0.750366 0 0 0 0.0152593 0.999884
111.855 65.3823 0.807739 0 0 0 0.0152893 0.999883
111.959 66.6587 0.861938 0 0 0 0.0165686 0.999863
112.063 67.8973 0.885376 0 0 0 0.0150874 0.999886
112.166 69.158 0.904663 0 0 0 0.0170759 0.999854
112.27 70.3242 0.945679 0 0 0 0.0144878 0.999895
112.374 71.6068 0.965698 0 0 0 0.0141881 0.999899
112.478 72.8451 0.997437 0 0 0 0.0129548 0.999916
112.581 74.0137 1.03247 0 0 0 0.0139096 0.999903
112.685 75.1659 1.08398 0 0 0 0.0130496 0.999915
112.789 76.412 1.12744 0 0 0 0.0116786 0.999932
112.893 77.5549 1.11841 0 0 0 0.0118305 0.99993
112.996 78.7006 1.14038 0 0 0 0.0111224 0.999938
113.1 79.8568 1.16321 0 0 0 0.00792273 0.999969
113.204 80.9109 1.16577 0 0 0 0.0075585 0.999971
113.308 82.0322 1.15381 0 0 0 0.004786 0.999989
113.412 83.0596 1.1814 0 0 0 0.00271335 0.999996
113.515 84.2338 1.20605 0 0 0 0.000884385 1
113.619 85.3607 1.18652 0 0 0 0.00137108 0.999999
113.723 86.4567 1.18958 0 0 0 0.000298683 1
113.827 87.521 1.15247 0 0 0 -0.000938328 1
113.931 88.5376 1.16528 0 0 0 0.000858395 1
114.035 89.5955 1.15454 0 0 0 -8.86043e-05 1
114.138 90.636 1.15454 0 0 0 0.000235419 1
114.242 91.7086 1.13025 0 0 0 -0.000235232 1
114.346 92.7842 1.11047 0 0 0 -0.000994118 1
114.45 93.8832 1.12952 0 0 0 0.000546862 1
114.554 94.9342 1.15051 0 0 0 0.00258998 0.999997
114.658 96.7288 -1.42725 0 0 0 0.00816409 0.999967
114.762 99.1074 -1.552 0 0 0 -0.00747641 0.999972
114.865 100.173 -1.63599 0 0 0 -0.010528 0.999945
114.969 101.015 -1.22839 0 0 0 0.02016 0.999797
115.073 101.909 -1.09473 0 0 0 0.037883 0.999282
115.177 102.86 -0.87207 0 0 0 0.0383229 0.999265
115.281 102.629 -0.0576172 0 0 0 0.0485905 0.998819
115.385 103.577 1.11633 0 0 0 0.020282 0.999794
115.489 104.649 1.23071 0 0 0 0.0243024 0.999705
115.592 105.738 1.28259 0 0 0 0.0256471 0.999671
115.696 106.874 1.39294 0 0 0 0.0246291 0.999697
115.8 107.935 1.47742 0 0 0 0.0251148 0.999685
115.904 109.025 1.54858 0 0 0 0.0239389 0.999713
116.008 110.177 1.59277 0 0 0 0.0212077 0.999775
116.112 111.319 1.65063 0 0 0 0.0194125 0.999812
116.217 112.41 1.63025 0 0 0 0.0136624 0.999907
116.321 113.574 1.68018 0 0 0 0.0100061 0.99995
116.425 114.767 1.7019 0 0 0 0.00286462 0.999996
116.529 115.859 1.6582 0 0 0 -0.00247946 0.999997
116.633 117.098 1.66211 0 0 0 -0.00606334 0.999982
116.737 118.229 1.5885 0 0 0 -0.00893024 0.99996
116.841 119.338 1.58789 0 0 0 -0.0128436 0.999918
116.945 120.323 1.56274 0 0 0 -0.0131209 0.999914
117.049 121.714 1.47253 0 0 0 -0.0179488 0.999839
117.153 122.957 1.40466 0 0 0 -0.0237694 0.999717
117.257 124.13 1.35925 0 0 0 -0.0232222 0.99973
117.361 125.381 1.29456 0 0 0 -0.0244506 0.999701
117.464 126.624 1.20056 0 0 0 -0.0275819 0.99962
117.568 127.77 1.14343 0 0 0 -0.0238135 0.999716
117.672 129.121 1.12427 0 0 0 -0.0268912 0.999638
117.776 130.265 1.00977 0 0 0 -0.0258154 0.999667
117.88 131.621 0.929565 0 0 0 -0.0244697 0.999701
117.984 132.776 0.885864 0 0 0 -0.0221038 0.999756
118.087 134.242 0.828247 0 0 0 -0.0220628 0.999757
118.191 135.496 0.756592 0 0 0 -0.0190775 0.999818
118.295 136.805 0.687134 0 0 0 -0.0153261 0.999883
118.399 138.157 0.631958 0 0 0 -0.0129381 0.999916
118.502 139.503 0.589478 0 0 0 -0.0104329 0.999946
118.606 140.766 0.574463 0 0 0 -0.00631319 0.99998
118.71 142.181 0.535889 0 0 0 -0.00546062 0.999985
118.814 143.526 0.54541 0 0 0 -0.00113812 0.999999
118.918 144.901 0.565063 0 0 0 0.00126448 0.999999
119.021 146.286 0.556396 0 0 0 0.00341193 0.999994
119.125 147.698 0.553467 0 0 0 0.00521307 0.999986
119.229 149.077 0.588501 0 0 0 0.00480836 0.999988
119.333 150.472 0.613037 0 0 0 0.0059966 0.999982
119.437 151.88 0.602295 0 0 0 0.00749792 0.999972
119.54 153.337 0.642578 0 0 0 0.0082577 0.999966
119.644 154.781 0.665039 0 0 0 0.008357 0.999965
119.748 156.233 0.689941 0 0 0 0.00841168 0.999965
119.852 157.665 0.685303 0 0 0 0.00906004 0.999959
119.955 159.101 0.713379 0 0 0 0.00888842 0.99996
120.059 160.541 0.732178 0 0 0 0.0110067 0.999939
120.163 161.98 0.781616 0 0 0 0.0113984 0.999935
120.267 163.436 0.768188 0 0 0 0.014068 0.999901
120.371 164.858 0.849976 0 0 0 0.0149402 0.999888
120.474 166.254 0.883057 0 0 0 0.0129948 0.999916
120.578 167.745 0.889404 0 0 0 0.0127879 0.999918
120.682 169.157 0.947021 0 0 0 0.0142554 0.999898
120.786 170.59 0.970459 0 0 0 0.0128268 0.999918
120.89 172.066 0.964966 0 0 0 0.013568 0.999908
120.993 173.515 1.02686 0 0 0 0.0117103 0.999931
121.097 174.927 1.06458 0 0 0 0.012632 0.99992
121.201 176.379 1.08838 0 0 0 0.0109457 0.99994
121.305 177.803 1.09265 0 0 0 0.0114422 0.999935
121.409 179.186 1.12842 0 0 0 0.0112714 0.999936
121.512 180.604 1.13721 0 0 0 0.010375 0.999946
121.616 182.012 1.14001 0 0 0 0.00915047 0.999958
121.72 183.42 1.17334 0 0 0 0.0098508 0.999951
121.824 184.748 1.23022 0 0 0 0.00927179 0.999957
121.927 186.164 1.23682 0 0 0 0.00683921 0.999977
122.031 187.511 1.27502 0 0 0 0.00845604 0.999964
122.135 188.89 1.30872 0 0 0 0.00511458 0.999987
122.239 190.325 1.34277 0 0 0 0.00675402 0.999977
122.342 191.751 1.35425 0 0 0 0.00753157 0.999972
122.446 193.126 1.4082 0 0 0 0.0062871 0.99998
122.55 194.535 1.34961 0 0 0 0.00659057 0.999978
122.654 195.913 1.32153 0 0 0 0.00714993 0.999974
122.758 197.274 1.35449 0 0 0 0.00676095 0.999977
122.861 198.645 1.34973 0 0 0 0.00577859 0.999983
122.965 200.001 1.38379 0 0 0 0.00528302 0.999986
123.069 201.324 1.36914 0 0 0 0.0059992 0.999982
123.173 202.676 1.3844 0 0 0 0.00667284 0.999978
123.276 204.011 1.39746 0 0 0 0.00567193 0.999984
123.38 205.353 1.44275 0 0 0 0.00548734 0.999985
123.484 206.656 1.4342 0 0 0 0.00711619 0.999975
123.588 207.987 1.45996 0 0 0 0.00666607 0.999978
123.692 209.432 1.48376 0 0 0 0.00623541 0.999981
123.795 210.748 1.47644 0 0 0 0.00467988 0.999989
123.899 212.055 1.46729 0 0 0 0.00694919 0.999976
124.003 213.267 1.52002 0 0 0 0.00796679 0.999968
124.106 214.681 1.54395 0 0 0 0.00670024 0.999978
124.21 215.984 1.56091 0 0 0 0.00683225 0.999977
124.314 217.255 1.5376 0 0 0 0.00715721 0.999974
124.418 218.507 1.53796 0 0 0 0.00996307 0.99995
124.522 219.714 1.547 0 0 0 0.0100807 0.999949
124.625 220.835 1.59705 0 0 0 0.010559 0.999944
124.729 221.971 1.64844 0 0 0 0.0122917 0.999924
124.833 223.113 1.67603 0 0 0 0.0127345 0.999919
124.937 224.212 1.70898 0 0 0 0.015105 0.999886
125.04 225.286 1.71851 0 0 0 0.0170209 0.999855
125.144 226.295 1.76025 0 0 0 0.017945 0.999839
125.248 227.295 1.79419 0 0 0 0.0188458 0.999822
125.352 228.286 1.83557 0 0 0 0.0195966 0.999808
125.456 229.168 1.87402 0 0 0 0.0202505 0.999795
125.56 230.08 1.91064 0 0 0 0.0214172 0.999771
125.663 231.001 1.94189 0 0 0 0.0216457 0.999766
125.767 231.818 1.97693 0 0 0 0.0243021 0.999705
125.871 232.649 2.01428 0 0 0 0.0237226 0.999719
125.975 233.406 2.04163 0 0 0 0.0241851 0.999708
126.079 234.122 2.05615 0 0 0 0.0236133 0.999721
126.183 234.935 2.07983 0 0 0 0.0216146 0.999766
126.287 235.701 2.12598 0 0 0 0.0188711 0.999822
126.391 236.419 2.14233 0 0 0 0.018999 0.99982
126.495 237.215 2.15344 0 0 0 0.0159029 0.999874
126.599 237.948 2.18311 0 0 0 0.0137608 0.999905
126.703 238.718 2.20447 0 0 0 0.011237 0.999937
126.807 239.513 2.19897 0 0 0 0.00777562 0.99997
126.911 240.239 2.22131 0 0 0 0.00725899 0.999974
127.015 240.981 2.23718 0 0 0 0.00578503 0.999983
127.119 241.733 2.23499 0 0 0 0.00475971 0.999989
127.223 242.532 2.23047 0 0 0 0.00315828 0.999995
127.327 243.214 2.27576 0 0 0 0.00276719 0.999996
127.431 244.01 2.27698 0 0 0 0.00241888 0.999997
127.535 244.705 2.26575 0 0 0 0.00102886 0.999999
127.639 245.489 2.25586 0 0 0 0.000445407 1
127.743 246.265 2.2345 0 0 0 0.00110747 0.999999
127.847 246.967 2.24402 0 0 0 0.0011416 0.999999
127.951 247.699 2.25879 0 0 0 0.00116614 0.999999
128.055 248.479 2.2511 0 0 0 0.00169441 0.999999
128.159 249.295 2.27844 0 0 0 0.00191499 0.999998
128.263 250.028 2.27209 0 0 0 0.00180446 0.999998
128.367 250.817 2.33472 0 0 0 0.0012038 0.999999
128.471 251.624 2.27856 0 0 0 0.000239716 1
128.575 252.424 2.28516 0 0 0 -0.00041643 1
128.679 253.215 2.27563 0 0 0 -1.11183e-05 1
128.783 254.057 2.25146 0 0 0 0.000565959 1
128.887 254.755 2.29077 0 0 0 -0.00179473 0.999998
128.991 255.629 2.26416 0 0 0 -0.00379195 0.999993
129.095 256.433 2.2356 0 0 0 -0.0052122 0.999986
129.199 257.228 2.21533 0 0 0 -0.00534475 0.999986
129.303 258.013 2.21326 0 0 0 -0.00710091 0.999975
129.407 258.879 2.19727 0 0 0 -0.00811082 0.999967
129.511 259.63 2.20752 0 0 0 -0.0076371 0.999971
129.615 260.541 2.16602 0 0 0 -0.0101773 0.999948
129.719 261.395 2.15283 0 0 0 -0.0108084 0.999942
129.823 262.252 2.11194 0 0 0 -0.0117925 0.99993
129.927 263.156 2.11108 0 0 0 -0.0123413 0.999924
130.031 263.998 2.08984 0 0 0 -0.0124381 0.999923
130.135 264.839 2.07361 0 0 0 -0.01448 0.999895
130.239 265.762 2.05554 0 0 0 -0.0160653 0.999871
130.343 266.708 1.99988 0 0 0 -0.0157962 0.999875
130.447 267.562 1.98938 0 0 0 -0.0151918 0.999885
130.551 268.479 1.95117 0 0 0 -0.0145191 0.999895
130.655 269.415 1.90991 0 0 0 -0.0161523 0.99987
130.759 270.359 1.87598 0 0 0 -0.0163111 0.999867
130.863 271.306 1.82007 0 0 0 -0.0163247 0.999867
130.967 272.232 1.77905 0 0 0 -0.0156162 0.999878
131.071 273.178 1.78333 0 0 0 -0.0144917 0.999895
131.175 274.116 1.73401 0 0 0 -0.0128079 0.999918
131.279 275.059 1.70581 0 0 0 -0.0101611 0.999948
131.383 276.009 1.66968 0 0 0 -0.00983786 0.999952
131.487 276.925 1.68188 0 0 0 -0.0104618 0.999945
131.591 277.832 1.65857 0 0 0 -0.00835472 0.999965
131.695 278.809 1.63062 0 0 0 -0.00606548 0.999982
131.799 279.716 1.62793 0 0 0 -0.00497926 0.999988
131.903 280.683 1.62231 0 0 0 -0.00389089 0.999992
132.007 281.601 1.64685 0 0 0 -0.000906141 1
132.111 282.537 1.6123 0 0 0 0.000277559 1
132.215 283.447 1.59216 0 0 0 -0.00108233 0.999999
132.319 284.368 1.5979 0 0 0 0.000965634 1
132.423 285.277 1.5957 0 0 0 7.2769e-05 1
132.527 286.168 1.57031 0 0 0 -0.000259074 1
132.631 287.028 1.58533 0 0 0 0.0010623 0.999999
132.735 287.853 1.60034 0 0 0 0.00281652 0.999996
132.839 288.656 1.62793 0 0 0 0.00196148 0.999998
132.943 286.404 1.56531 0 0 0 -0.00270262 0.999996
133.047 287.32 1.51917 0 0 0 -0.00307885 0.999995
133.151 288.215 1.49561 0 0 0 -0.00489558 0.999988
133.255 289.277 1.55396 0 0 0 -0.00343647 0.999994
133.359 290.336 1.51367 0 0 0 -0.00411262 0.999992
133.463 291.075 1.50085 0 0 0 -0.0058943 0.999983
133.567 291.823 1.57581 0 0 0 -0.00513495 0.999987
133.671 292.97 1.56299 0 0 0 -0.00497402 0.999988
133.775 295.908 1.64514 0 0 0 -0.000782879 1
133.878 296.693 1.6499 0 0 0 -0.000754269 1
133.982 297.468 1.69287 0 0 0 -0.000727804 1
134.086 298.265 1.672 0 0 0 -0.000181111 1
134.19 299.075 1.6853 0 0 0 0.000681247 1
