0.311634 1.1925 -0.0165405 0 0 0 0.00222362 0.999998
0.415494 2.38589 -0.0222168 0 0 0 0.00303275 0.999995
0.519644 3.61337 -0.0462646 0 0 0 0.000835624 1
0.623401 4.76721 -0.0320129 0 0 0 4.64138e-05 1
0.727346 5.96039 -0.0184937 0 0 0 0.000736197 1
0.83118 7.14261 -0.0279541 0 0 0 0.000662045 1
0.935031 8.33838 -0.0328369 0 0 0 0.00147851 0.999999
1.03888 9.51752 -0.0412598 0 0 0 0.00272634 0.999996
1.14277 10.731 -0.0215759 0 0 0 0.00303703 0.999995
1.24664 11.9765 0.00823975 0 0 0 0.00372592 0.999993
1.35055 13.114 0.0485229 0 0 0 0.00443407 0.99999
1.45441 14.3109 0.0393066 0 0 0 0.00524678 0.999986
1.55829 15.528 0.0539856 0 0 0 0.00237621 0.999997
1.66216 16.6967 0.055481 0 0 0 0.00525055 0.999986
1.76606 17.9095 0.034668 0 0 0 0.0038111 0.999993
1.87009 19.1511 0.037323 0 0 0 0.00451739 0.99999
1.97392 20.3359 0.0280762 0 0 0 0.00391595 0.999992
2.07787 21.5285 0.0407715 0 0 0 0.00449547 0.99999
2.18176 22.703 0.0514526 0 0 0 0.00518769 0.999987
2.28565 23.9078 0.0922546 0 0 0 0.00571563 0.999984
2.38963 25.1008 0.0690918 0 0 0 0.00711957 0.999975
2.49349 26.3026 0.102722 0 0 0 0.00798686 0.999968
2.59736 27.5124 0.123962 0 0 0 0.00691281 0.999976
2.70144 28.6734 0.12149 0 0 0 0.00849738 0.999964
2.8061 29.8564 0.122101 0 0 0 0.00759941 0.999971
2.90934 31.0778 0.12558 0 0 0 0.00768685 0.99997
3.01314 32.2564 0.131653 0 0 0 0.00787211 0.999969
3.11713 33.4353 0.171265 0 0 0 0.00846627 0.999964
3.221 34.6739 0.212982 0 0 0 0.0103558 0.999946
3.32499 35.839 0.238464 0 0 0 0.00893372 0.99996
3.42899 37.041 0.250549 0 0 0 0.00936634 0.999956
3.53306 38.2434 0.297028 0 0 0 0.00991441 0.999951
3.63688 39.4455 0.321198 0 0 0 0.00969739 0.999953
3.74087 40.6369 0.300659 0 0 0 0.00982972 0.999952
3.84487 41.8705 0.338898 0 0 0 0.00960826 0.999954
3.94887 43.0573 0.357544 0 0 0 0.00969459 0.999953
4.05274 44.262 0.402893 0 0 0 0.00891496 0.99996
4.15675 45.4582 0.382111 0 0 0 0.00725799 0.999974
4.26074 46.7199 0.364502 0 0 0 0.00570053 0.999984
4.36462 47.9243 0.403351 0 0 0 0.00700051 0.999976
4.46862 49.0543 0.384125 0 0 0 0.00484534 0.999988
4.57262 50.2719 0.396362 0 0 0 0.00444814 0.99999
4.67649 51.4758 0.40506 0 0 0 0.00401508 0.999992
4.78037 52.6981 0.406891 0 0 0 0.00360158 0.999994
4.88424 53.8918 0.39093 0 0 0 0.00466774 0.999989
4.98812 55.1187 0.426636 0 0 0 0.00440675 0.99999
5.09199 56.3239 0.424286 0 0 0 0.00530198 0.999986
5.19599 57.5109 0.461334 0 0 0 0.0059152 0.999982
5.2999 58.6898 0.478607 0 0 0 0.00722932 0.999974
5.40375 59.9117 0.509308 0 0 0 0.00700022 0.999976
5.50776 61.1119 0.517761 0 0 0 0.00631154 0.99998
5.61162 62.2826 0.525421 0 0 0 0.00710583 0.999975
5.71549 63.4775 0.538818 0 0 0 0.00694183 0.999976
5.81951 64.6705 0.572449 0 0 0 0.00855733 0.999963
5.92337 65.8799 0.573029 0 0 0 0.00637663 0.99998
6.02739 67.0797 0.584045 0 0 0 0.00484135 0.999988
6.13126 68.286 0.610687 0 0 0 0.00698226 0.999976
6.23524 69.475 0.599579 0 0 0 0.00514582 0.999987
6.33912 70.6852 0.601013 0 0 0 0.00479828 0.999988
6.44312 71.881 0.607513 0 0 0 0.00387969 0.999992
6.54712 72.9814 0.550751 0 0 0 -1.10467e-06 1
6.65112 74.1428 0.553528 0 0 0 -0.000308426 1
6.75512 75.313 0.562408 0 0 0 -0.00184384 0.999998
6.85912 76.5437 0.549408 0 0 0 -0.00413694 0.999991
6.96312 77.659 0.557953 0 0 0 -0.00383081 0.999993
7.06712 78.8991 0.524902 0 0 0 -0.00599658 0.999982
7.17112 80.0898 0.502625 0 0 0 -0.00677143 0.999977
7.27512 81.2102 0.496277 0 0 0 -0.0111031 0.999938
7.37912 82.4035 0.454071 0 0 0 -0.0118281 0.99993
7.48312 83.5441 0.400299 0 0 0 -0.0107343 0.999942
7.58712 84.677 0.381805 0 0 0 -0.0125502 0.999921
7.69112 85.8101 0.361084 0 0 0 -0.0156076 0.999878
7.79514 86.935 0.306488 0 0 0 -0.0168393 0.999858
7.89912 88.0564 0.293335 0 0 0 -0.0179223 0.999839
8.00312 89.1976 0.284912 0 0 0 -0.0185938 0.999827
8.10712 90.2896 0.28186 0 0 0 -0.0215267 0.999768
8.21113 91.4531 0.228882 0 0 0 -0.0240538 0.999711
8.31512 92.5817 0.150635 0 0 0 -0.026692 0.999644
8.41912 93.7491 0.0801086 0 0 0 -0.0255849 0.999673
8.52312 94.8603 -0.00588989 0 0 0 -0.027203 0.99963
8.62714 95.998 -0.0754089 0 0 0 -0.0303736 0.999539
8.73112 97.1728 -0.133636 0 0 0 -0.0296999 0.999559
8.83512 98.3429 -0.205292 0 0 0 -0.0305139 0.999534
8.93912 99.5638 -0.293884 0 0 0 -0.0300833 0.999547
9.04312 100.762 -0.356079 0 0 0 -0.0291532 0.999575
9.14713 101.942 -0.475281 0 0 0 -0.0290896 0.999577
9.25113 103.087 -0.550537 0 0 0 -0.0271558 0.999631
9.355 104.285 -0.601166 0 0 0 -0.0244797 0.9997
9.459 105.549 -0.670532 0 0 0 -0.0239963 0.999712
9.563 106.727 -0.755005 0 0 0 -0.0209933 0.99978
9.66689 107.916 -0.813354 0 0 0 -0.0204991 0.99979
9.77088 109.187 -0.81604 0 0 0 -0.017856 0.999841
9.87475 110.37 -0.879272 0 0 0 -0.0162124 0.999869
9.97877 111.644 -0.954803 0 0 0 -0.0156462 0.999878
10.0828 112.821 -1.00476 0 0 0 -0.010787 0.999942
10.1866 114.071 -1.03207 0 0 0 -0.0102176 0.999948
10.2906 115.257 -1.04559 0 0 0 -0.00752743 0.999972
10.3946 116.443 -1.09592 0 0 0 -0.00497616 0.999988
10.4986 117.681 -1.12933 0 0 0 -0.00511468 0.999987
10.6026 118.94 -1.13846 0 0 0 -0.00396909 0.999992
10.7067 120.097 -1.14807 0 0 0 -0.00482882 0.999988
10.8108 121.416 -1.2233 0 0 0 -0.00316777 0.999995
10.9148 122.657 -1.21576 0 0 0 -0.00293222 0.999996
11.0188 123.935 -1.20703 0 0 0 -0.00357809 0.999994
11.1228 125.194 -1.18237 0 0 0 -0.00246683 0.999997
11.2268 126.422 -1.22003 0 0 0 -0.00293937 0.999996
11.3308 127.66 -1.23099 0 0 0 -0.00222293 0.999998
11.4346 128.943 -1.24045 0 0 0 -0.00232831 0.999997
11.5386 130.204 -1.24597 0 0 0 -0.00256959 0.999997
11.6426 131.487 -1.28915 0 0 0 -0.00124923 0.999999
11.7466 132.754 -1.27258 0 0 0 -0.00203291 0.999998
11.8506 134.043 -1.29016 0 0 0 -0.00292793 0.999996
11.9546 135.312 -1.31235 0 0 0 -0.00334015 0.999994
12.0585 136.602 -1.3092 0 0 0 -0.00231043 0.999997
12.1625 137.875 -1.31549 0 0 0 -0.00201407 0.999998
12.2665 139.117 -1.31741 0 0 0 -0.000637682 1
12.3704 140.374 -1.32983 0 0 0 -0.000909002 1
12.4744 141.656 -1.32669 0 0 0 -0.00193468 0.999998
12.5784 142.951 -1.34128 0 0 0 -0.00195614 0.999998
12.6823 144.156 -1.3761 0 0 0 -0.00372043 0.999993
12.7863 145.383 -1.37579 0 0 0 -0.0029439 0.999996
12.8903 146.674 -1.3772 0 0 0 -0.00175086 0.999998
12.9941 147.924 -1.38785 0 0 0 -0.00277582 0.999996
13.0981 149.171 -1.40283 0 0 0 -0.00341048 0.999994
13.2021 150.443 -1.39676 0 0 0 -0.00245753 0.999997
13.306 151.704 -1.4191 0 0 0 -0.00352802 0.999994
13.41 152.974 -1.44199 0 0 0 -0.00228468 0.999997
13.514 154.211 -1.46918 0 0 0 -0.00187197 0.999998
13.6179 155.479 -1.47034 0 0 0 -0.00288334 0.999996
13.7219 156.745 -1.47311 0 0 0 -0.00287023 0.999996
13.8258 158.009 -1.49234 0 0 0 -0.00314942 0.999995
13.9298 159.265 -1.55026 0 0 0 -0.00190893 0.999998
14.0337 160.556 -1.54376 0 0 0 -0.0019466 0.999998
14.1377 161.774 -1.53281 0 0 0 -0.00215855 0.999998
14.2416 163.038 -1.51501 0 0 0 -0.00189963 0.999998
14.3456 164.315 -1.52374 0 0 0 -0.00279203 0.999996
14.4496 165.565 -1.55728 0 0 0 -0.00227228 0.999997
14.5536 166.821 -1.59116 0 0 0 -0.000654372 1
14.6575 168.081 -1.60565 0 0 0 -0.000726136 1
14.7615 169.353 -1.621 0 0 0 -0.000145348 1
14.8654 170.641 -1.63571 0 0 0 -0.000480088 1
14.9694 171.877 -1.6402 0 0 0 0.0010555 0.999999
15.0732 173.104 -1.62979 0 0 0 0.000636056 1
15.1772 174.352 -1.63763 0 0 0 0.000521996 1
15.2813 175.645 -1.61353 0 0 0 0.00236346 0.999997
15.3851 176.913 -1.60013 0 0 0 0.00314564 0.999995
15.4891 178.186 -1.64044 0 0 0 0.00305542 0.999995
15.5931 179.471 -1.67245 0 0 0 0.00595334 0.999982
15.697 180.719 -1.64041 0 0 0 0.00399812 0.999992
15.801 182.007 -1.62936 0 0 0 0.00419682 0.999991
15.905 183.263 -1.58932 0 0 0 0.00469171 0.999989
16.009 184.534 -1.59222 0 0 0 0.00378662 0.999993
16.1129 185.764 -1.57822 0 0 0 0.00501795 0.999987
16.2169 187.05 -1.59253 0 0 0 0.00499128 0.999988
16.3209 188.254 -1.58447 0 0 0 0.00412054 0.999992
16.4249 189.482 -1.56995 0 0 0 0.00425954 0.999991
16.5289 190.703 -1.56082 0 0 0 0.00339808 0.999994
16.6329 191.883 -1.52219 0 0 0 0.00201503 0.999998
16.7368 193.086 -1.54395 0 0 0 0.00115248 0.999999
16.8408 194.342 -1.54523 0 0 0 0.00026242 1
16.9448 195.567 -1.57236 0 0 0 0.00134709 0.999999
17.0488 196.799 -1.56631 0 0 0 0.000806301 1
17.1528 197.976 -1.54053 0 0 0 -0.00152984 0.999999
17.2568 199.151 -1.55734 0 0 0 -0.00337043 0.999994
17.3608 200.359 -1.58157 0 0 0 -0.00337687 0.999994
17.4648 201.544 -1.58087 0 0 0 -0.00534142 0.999986
17.5688 202.713 -1.62115 0 0 0 -0.00417509 0.999991
17.6728 203.851 -1.61508 0 0 0 -0.00425925 0.999991
17.7768 205.012 -1.64136 0 0 0 -0.00582969 0.999983
17.8806 206.164 -1.62933 0 0 0 -0.00513137 0.999987
17.9846 207.297 -1.69418 0 0 0 -0.0062915 0.99998
18.0886 208.367 -1.69958 0 0 0 -0.00418129 0.999991
18.1926 209.466 -1.69565 0 0 0 -0.00463952 0.999989
18.2966 210.588 -1.71494 0 0 0 -0.00630962 0.99998
18.4006 211.659 -1.73758 0 0 0 -0.00493897 0.999988
18.5046 212.728 -1.78107 0 0 0 -0.00546206 0.999985
18.6085 213.764 -1.78467 0 0 0 -0.00295892 0.999996
18.7125 214.828 -1.7782 0 0 0 -0.00296512 0.999996
18.8165 215.874 -1.79172 0 0 0 -0.00210896 0.999998
18.9205 216.872 -1.79358 0 0 0 -0.000490816 1
19.0246 217.841 -1.79846 0 0 0 0.00108355 0.999999
19.1286 218.818 -1.79041 0 0 0 0.00385328 0.999993
19.2326 219.757 -1.76129 0 0 0 0.00372572 0.999993
19.3365 220.676 -1.78778 0 0 0 0.00623321 0.999981
19.4405 221.547 -1.77347 0 0 0 0.00759086 0.999971
19.5446 222.445 -1.76981 0 0 0 0.0090192 0.999959
19.6486 223.387 -1.79196 0 0 0 0.00867091 0.999962
19.7526 224.22 -1.80188 0 0 0 0.0107476 0.999942
19.8566 225.054 -1.76294 0 0 0 0.0107955 0.999942
19.9608 225.869 -1.75558 0 0 0 0.0124595 0.999922
20.0649 226.625 -1.73587 0 0 0 0.0107994 0.999942
20.1689 227.42 -1.72406 0 0 0 0.0110169 0.999939
20.273 228.139 -1.70963 0 0 0 0.0111104 0.999938
20.377 228.873 -1.69891 0 0 0 0.00975887 0.999952
20.4811 229.592 -1.6973 0 0 0 0.010806 0.999942
20.5853 230.294 -1.69571 0 0 0 0.00953435 0.999955
20.6893 231.064 -1.69812 0 0 0 0.00836961 0.999965
20.7934 231.829 -1.6936 0 0 0 0.00901168 0.999959
20.8975 232.483 -1.67899 0 0 0 0.00680297 0.999977
21.0015 233.198 -1.66827 0 0 0 0.00655921 0.999978
21.1056 233.916 -1.65231 0 0 0 0.00605735 0.999982
21.2096 234.609 -1.64767 0 0 0 0.00533103 0.999986
21.3138 235.24 -1.64545 0 0 0 0.00327375 0.999995
21.4178 235.889 -1.62473 0 0 0 0.00296376 0.999996
21.5219 236.64 -1.6174 0 0 0 0.00106393 0.999999
21.626 237.253 -1.6279 0 0 0 -0.00150624 0.999999
21.73 237.953 -1.63651 0 0 0 -0.00314966 0.999995
21.8341 238.676 -1.65207 0 0 0 -0.00366058 0.999993
21.9383 239.359 -1.67715 0 0 0 -0.00592887 0.999982
22.0423 240.112 -1.70798 0 0 0 -0.00701556 0.999975
22.1464 240.836 -1.75342 0 0 0 -0.00847583 0.999964
22.2505 241.39 -1.78082 0 0 0 -0.00933959 0.999956
22.3545 242.163 -1.79395 0 0 0 -0.0123456 0.999924
22.4587 242.93 -1.77826 0 0 0 -0.010391 0.999946
22.5628 243.646 -1.82526 0 0 0 -0.0114728 0.999934
22.6668 244.366 -1.85519 0 0 0 -0.0124844 0.999922
22.7708 245.061 -1.90558 0 0 0 -0.014022 0.999902
22.8748 245.77 -1.90833 0 0 0 -0.0141641 0.9999
22.9789 246.538 -1.95712 0 0 0 -0.0155728 0.999879
23.0829 247.261 -1.97827 0 0 0 -0.014978 0.999888
23.1869 247.99 -1.94009 0 0 0 -0.0150579 0.999887
23.2909 248.767 -1.9621 0 0 0 -0.012899 0.999917
23.395 249.602 -2.01538 0 0 0 -0.0135586 0.999908
23.499 250.325 -2.02322 0 0 0 -0.0159316 0.999873
23.603 251.13 -2.05951 0 0 0 -0.0152073 0.999884
23.7072 251.85 -2.04434 0 0 0 -0.0165249 0.999863
23.8111 252.716 -2.09787 0 0 0 -0.0176305 0.999845
23.9153 253.499 -2.11465 0 0 0 -0.0207907 0.999784
24.0193 254.299 -2.18552 0 0 0 -0.0204596 0.999791
24.1233 255.168 -2.23199 0 0 0 -0.0211094 0.999777
24.2274 255.968 -2.26355 0 0 0 -0.0245948 0.999698
24.3314 256.85 -2.31454 0 0 0 -0.0264255 0.999651
24.4355 257.703 -2.34512 0 0 0 -0.0281468 0.999604
24.5395 258.56 -2.39261 0 0 0 -0.0286532 0.999589
24.6436 259.309 -2.45868 0 0 0 -0.0325683 0.99947
24.7476 260.15 -2.5069 0 0 0 -0.0329501 0.999457
24.8518 261.077 -2.57129 0 0 0 -0.033506 0.999439
24.9558 261.868 -2.63251 0 0 0 -0.0352521 0.999378
25.0598 262.628 -2.6922 0 0 0 -0.0374646 0.999298
25.1638 263.47 -2.7662 0 0 0 -0.0389565 0.999241
25.2678 264.324 -2.83188 0 0 0 -0.040833 0.999166
25.3718 265.196 -2.92026 0 0 0 -0.0419188 0.999121
25.4758 266.018 -2.99344 0 0 0 -0.042692 0.999088
25.5798 266.955 -3.09317 0 0 0 -0.0422804 0.999106
25.6838 267.75 -3.17569 0 0 0 -0.0441614 0.999024
25.7876 268.643 -3.26517 0 0 0 -0.043278 0.999063
25.8916 269.499 -3.3468 0 0 0 -0.0428223 0.999083
25.9955 270.412 -3.44037 0 0 0 -0.0419102 0.999121
26.0995 271.222 -3.49841 0 0 0 -0.0415662 0.999136
26.2035 272.099 -3.58359 0 0 0 -0.0387228 0.99925
26.3074 272.986 -3.64456 0 0 0 -0.038739 0.999249
26.4114 273.818 -3.71487 0 0 0 -0.038354 0.999264
26.5153 274.626 -3.78113 0 0 0 -0.0365382 0.999332
26.6193 275.477 -3.85281 0 0 0 -0.0364556 0.999335
26.7231 276.32 -3.91519 0 0 0 -0.0320012 0.999488
26.8271 277.166 -3.97052 0 0 0 -0.0316683 0.999498
26.9311 278.02 -4.02777 0 0 0 -0.0278031 0.999613
27.0351 278.83 -4.0694 0 0 0 -0.0241868 0.999707
27.1391 279.65 -4.10321 0 0 0 -0.0217088 0.999764
27.2433 280.455 -4.13425 0 0 0 -0.0197928 0.999804
27.3473 281.238 -4.1629 0 0 0 -0.0165504 0.999863
27.4514 282.002 -4.17789 0 0 0 -0.0145644 0.999894
27.5554 282.748 -4.17404 0 0 0 -0.0115358 0.999933
27.6594 283.51 -4.19492 0 0 0 -0.00961185 0.999954
27.7634 284.212 -4.22772 0 0 0 -0.00874309 0.999962
27.8674 284.873 -4.2413 0 0 0 -0.00591099 0.999983
27.9714 285.531 -4.22455 0 0 0 -0.00087467 1
28.0754 286.143 -4.22083 0 0 0 0.00158421 0.999999
28.1793 286.795 -4.21362 0 0 0 0.00569547 0.999984
28.2833 287.375 -4.17514 0 0 0 0.0144389 0.999896
28.387 288.024 -4.14777 0 0 0 0.0215576 0.999768
28.4909 288.626 -4.12228 0 0 0 0.031721 0.999497
28.5948 289.201 -4.06189 0 0 0 0.0431044 0.999071
28.6985 289.765 -3.99747 0 0 0 0.0552835 0.998471
28.8023 290.259 -3.91968 0 0 0 0.0697996 0.997561
28.906 290.829 -3.84076 0 0 0 0.0830217 0.996548
29.0098 291.36 -3.73325 0 0 0 0.100871 0.9949
29.1135 291.85 -3.59744 0 0 0 0.118273 0.992981
29.2173 292.33 -3.45535 0 0 0 0.136982 0.990573
29.321 292.809 -3.31622 0 0 0 0.157503 0.987519
29.4246 293.243 -3.09241 0 0 0 0.177225 0.98417
29.5284 293.674 -2.8783 0 0 0 0.19893 0.980014
29.6322 294.118 -2.69083 0 0 0 0.220944 0.975287
29.7358 294.548 -2.47229 0 0 0 0.243102 0.970001
29.8395 294.978 -2.24789 0 0 0 0.267671 0.96351
29.9433 295.346 -1.94318 0 0 0 0.293084 0.956087
30.0471 295.672 -1.66272 0 0 0 0.316951 0.948442
30.1509 296.042 -1.34897 0 0 0 0.343647 0.939099
30.2546 296.39 -1.04056 0 0 0 0.369097 0.929391
30.3584 296.739 -0.652344 0 0 0 0.397813 0.917467
30.462 296.963 -0.312256 0 0 0 0.425142 0.905127
30.5658 297.197 0.0562744 0 0 0 0.453468 0.891272
30.6695 297.398 0.484741 0 0 0 0.48142 0.87649
30.7734 297.563 0.874054 0 0 0 0.508896 0.860828
30.8771 297.662 1.24399 0 0 0 0.536853 0.843676
30.9809 297.781 1.66782 0 0 0 0.563016 0.826446
31.0848 297.945 2.0415 0 0 0 0.587969 0.808883
31.1886 298.043 2.47562 0 0 0 0.612612 0.790383
31.2924 298.079 2.84796 0 0 0 0.637006 0.770859
31.3963 298.129 3.24496 0 0 0 0.661915 0.749579
31.5002 298.094 3.68546 0 0 0 0.686343 0.727278
31.6039 298.035 4.14395 0 0 0 0.710393 0.703805
31.7078 297.97 4.61951 0 0 0 0.73436 0.678761
31.8116 297.768 5.15976 0 0 0 0.757349 0.653011
31.9155 297.693 5.63803 0 0 0 0.778966 0.627066
32.0194 297.52 6.14966 0 0 0 0.799088 0.601214
32.1233 297.33 6.60229 0 0 0 0.818387 0.574667
32.2273 297.155 7.0419 0 0 0 0.83589 0.548897
32.3313 296.867 7.4805 0 0 0 0.851581 0.524223
32.4354 296.596 7.93304 0 0 0 0.867157 0.498035
32.5395 296.271 8.4086 0 0 0 0.880831 0.473431
32.6438 295.901 8.91101 0 0 0 0.892504 0.45104
32.748 295.512 9.38306 0 0 0 0.903438 0.428719
32.8521 295.09 9.88925 0 0 0 0.913561 0.406701
32.9564 294.641 10.3253 0 0 0 0.924016 0.382353
33.0605 294.111 10.7959 0 0 0 0.932872 0.360209
33.1648 293.56 11.2478 0 0 0 0.940998 0.338413
33.269 292.962 11.7051 0 0 0 0.948299 0.317379
33.3731 292.332 12.146 0 0 0 0.955019 0.296543
33.4774 291.688 12.5288 0 0 0 0.961252 0.275671
33.5816 290.99 12.936 0 0 0 0.967086 0.254448
33.6858 290.218 13.2861 0 0 0 0.971704 0.236201
33.79 289.449 13.649 0 0 0 0.976522 0.215417
33.8941 288.69 13.9905 0 0 0 0.980703 0.195503
33.9983 287.842 14.3194 0 0 0 0.984833 0.173504
34.1025 286.91 14.5921 0 0 0 0.988005 0.15442
34.2066 285.978 14.8573 0 0 0 0.990848 0.134983
34.3108 285.044 15.0946 0 0 0 0.993175 0.116635
34.4149 284.095 15.2825 0 0 0 0.995239 0.0974676
34.519 283.096 15.4625 0 0 0 0.996615 0.0822079
34.6233 282.021 15.6077 0 0 0 0.997864 0.065323
34.7274 280.988 15.7217 0 0 0 0.998716 0.0506556
34.8317 279.825 15.8153 0 0 0 0.999405 0.0344903
34.9358 278.788 15.8893 0 0 0 0.999748 0.0224477
35.04 277.688 15.8914 0 0 0 0.999955 0.00952678
35.1441 276.523 15.9411 0 0 0 1 0.000358299
35.2484 275.353 15.935 0 0 0 0.999927 -0.0120666
35.3526 274.19 15.9093 0 0 0 0.999791 -0.0204527
35.4569 272.992 15.8279 0 0 0 0.999696 -0.0246476
35.5613 271.752 15.7424 0 0 0 0.999573 -0.0292231
35.6655 270.586 15.6564 0 0 0 0.999563 -0.029545
35.7698 269.299 15.5922 0 0 0 0.99956 -0.0296666
35.8742 267.998 15.5326 0 0 0 0.999596 -0.0284389
35.9783 266.7 15.4585 0 0 0 0.999623 -0.0274493
36.0825 265.367 15.3907 0 0 0 0.999624 -0.027423
36.1866 264.057 15.3109 0 0 0 0.999676 -0.0254493
36.2909 262.755 15.2668 0 0 0 0.999745 -0.022575
36.395 261.405 15.2247 0 0 0 0.999822 -0.0188624
36.4991 260.075 15.1642 0 0 0 0.99985 -0.0172941
36.6031 258.711 15.1159 0 0 0 0.999887 -0.0150357
36.7073 257.384 15.0815 0 0 0 0.999918 -0.0128332
36.8113 256.013 15.0702 0 0 0 0.999957 -0.00927931
36.9153 254.707 15.0504 0 0 0 0.999973 -0.00730992
37.0193 253.33 15.0394 0 0 0 0.999983 -0.00580422
37.1233 251.982 15.072 0 0 0 0.999993 -0.00376589
37.2273 250.699 15.0198 0 0 0 0.999997 -0.00233193
37.3312 249.322 15.0464 0 0 0 0.999999 0.00120361
37.4352 247.986 15.0256 0 0 0 0.999998 0.00179537
37.539 246.643 15.0558 0 0 0 0.999989 0.00458723
37.6429 245.267 15.0669 0 0 0 0.999986 0.00536053
37.7468 243.953 15.0753 0 0 0 0.999977 0.00685742
37.8505 242.548 15.1245 0 0 0 0.999973 0.00738872
37.9544 241.2 15.1508 0 0 0 0.999971 0.00761879
38.0582 239.8 15.2033 0 0 0 0.999977 0.00676193
38.162 238.415 15.1822 0 0 0 0.999979 0.00646761
38.2658 237.048 15.1953 0 0 0 0.999981 0.00619582
38.3695 235.637 15.2548 0 0 0 0.999978 0.00668111
38.4733 234.274 15.2769 0 0 0 0.999977 0.00679901
38.577 232.887 15.2557 0 0 0 0.999976 0.00687053
38.6808 231.486 15.3012 0 0 0 0.999982 0.00596074
38.7846 230.085 15.2926 0 0 0 0.999975 0.00707998
38.8884 228.681 15.3075 0 0 0 0.999985 0.00557225
38.9921 227.263 15.3149 0 0 0 0.999991 0.00426775
39.0959 225.871 15.3581 0 0 0 0.999985 0.00543659
39.1996 224.424 15.4193 0 0 0 0.999993 0.00363547
39.3034 222.978 15.4099 0 0 0 0.99999 0.00441975
39.4073 221.544 15.4232 0 0 0 0.999993 0.00365002
39.511 220.081 15.4239 0 0 0 0.99999 0.00440353
39.6148 218.664 15.4864 0 0 0 0.999995 0.00320263
39.7185 217.27 15.4797 0 0 0 0.99999 0.00441212
39.8222 215.786 15.5091 0 0 0 0.99999 0.0045467
39.9259 214.356 15.5142 0 0 0 0.999996 0.00273199
40.0297 212.928 15.5475 0 0 0 0.999997 0.00242193
40.1334 211.452 15.5618 0 0 0 0.999997 0.00242193
40.237 210.016 15.5835 0 0 0 0.999997 0.00261386
40.3408 208.642 15.6225 0 0 0 0.999998 0.0018198
40.4445 207.137 15.6581 0 0 0 0.999993 0.00386674
40.5483 205.703 15.6617 0 0 0 0.999995 0.00319416
40.652 204.202 15.6589 0 0 0 0.999999 0.00143798
40.7558 202.744 15.6334 0 0 0 1 0.000385837
40.8595 201.233 15.6415 0 0 0 1 0.000925497
40.9633 199.776 15.6703 0 0 0 0.999999 -0.00117512
41.067 198.318 15.69 0 0 0 1 0.000526265
41.1708 196.783 15.6819 0 0 0 1 0.000112847
41.2745 195.32 15.685 0 0 0 0.999999 -0.00153621
41.3783 193.896 15.6759 0 0 0 1 -0.000899629
41.4822 192.404 15.6596 0 0 0 1 -0.000585512
41.5859 190.945 15.6806 0 0 0 1 4.0094e-06
41.6897 189.377 15.7522 0 0 0 1 -0.000613646
41.7935 188.064 15.7735 0 0 0 1 0.000859455
41.8973 186.62 15.7671 0 0 0 0.999997 0.00250442
42.001 185.226 15.6766 0 0 0 0.999993 0.00377841
42.1048 183.693 15.7063 0 0 0 0.999997 0.00253279
42.2085 182.31 15.7567 0 0 0 0.999994 0.0033899
42.3123 180.821 15.7457 0 0 0 0.999993 0.00366635
42.416 179.423 15.7739 0 0 0 0.999995 0.00326533
42.5199 178.012 15.7889 0 0 0 0.999996 0.00287707
42.6237 176.568 15.7707 0 0 0 0.999992 0.00400514
42.7274 175.14 15.8065 0 0 0 0.999972 0.00745524
42.8312 173.718 15.8807 0 0 0 0.999982 0.00604347
42.9349 172.304 15.9562 0 0 0 0.999944 0.0105512
43.0387 170.888 15.9573 0 0 0 0.999966 0.00826858
43.1424 169.564 15.9013 0 0 0 0.999931 0.0117631
43.2462 168.213 16.0177 0 0 0 0.999924 0.0123137
43.3499 167.006 15.9817 0 0 0 0.999884 0.0152005
43.4537 165.747 16.025 0 0 0 0.999864 0.016475
43.5574 164.409 16.0709 0 0 0 0.99983 0.0184561
43.661 163.027 16.1232 0 0 0 0.999845 0.0176223
43.7648 161.771 16.1809 0 0 0 0.999834 0.0182138
43.8685 160.53 16.25 0 0 0 0.999842 0.0177868
43.9723 159.334 16.2799 0 0 0 0.999829 0.0185086
44.0759 158.139 16.3138 0 0 0 0.999827 0.0185821
44.1797 156.968 16.3712 0 0 0 0.999844 0.017661
44.2833 155.851 16.386 0 0 0 0.999864 0.0165164
44.387 154.751 16.4421 0 0 0 0.999866 0.0163754
44.4908 153.665 16.4771 0 0 0 0.999863 0.0165552
44.5945 152.595 16.5373 0 0 0 0.999853 0.0171471
44.6983 151.576 16.5862 0 0 0 0.999881 0.0153965
44.8022 150.561 16.5945 0 0 0 0.999878 0.0156397
44.9059 149.606 16.6375 0 0 0 0.999887 0.0150484
45.0098 148.653 16.6656 0 0 0 0.9999 0.0141134
45.1135 147.743 16.6768 0 0 0 0.999894 0.0145266
45.2174 146.861 16.7294 0 0 0 0.999911 0.0133521
45.3212 145.903 16.7579 0 0 0 0.999916 0.012938
45.425 145.054 16.7807 0 0 0 0.999903 0.0139203
45.5289 144.204 16.8102 0 0 0 0.999922 0.0125172
45.6328 143.348 16.8401 0 0 0 0.999933 0.0115328
45.7367 142.565 16.871 0 0 0 0.999919 0.0127326
45.8405 141.783 16.8819 0 0 0 0.999923 0.0124049
45.9444 140.965 16.9123 0 0 0 0.999933 0.0115785
46.0484 140.171 16.9428 0 0 0 0.999929 0.011927
46.1524 139.458 16.9432 0 0 0 0.999945 0.0104662
46.2563 138.69 16.9775 0 0 0 0.999946 0.0103716
46.3603 137.967 16.9926 0 0 0 0.999926 0.0121468
46.4643 137.279 17.0459 0 0 0 0.999901 0.0140387
46.5683 136.475 17.0848 0 0 0 0.999892 0.0146835
46.6723 135.762 17.1116 0 0 0 0.999896 0.0143982
46.7763 135.068 17.1277 0 0 0 0.999903 0.0138992
46.8803 134.458 17.1557 0 0 0 0.999905 0.0137786
46.9843 133.767 17.1866 0 0 0 0.999881 0.0154344
47.0883 133.066 17.1803 0 0 0 0.999911 0.0133274
47.1923 132.361 17.2365 0 0 0 0.999909 0.0134678
47.2963 131.63 17.241 0 0 0 0.999899 0.0141964
47.4003 130.989 17.3048 0 0 0 0.999907 0.0136243
47.5044 130.305 17.3461 0 0 0 0.99988 0.0154967
47.6084 129.605 17.3735 0 0 0 0.99988 0.0155086
47.7124 128.908 17.3811 0 0 0 0.99987 0.0161316
47.8164 128.25 17.4074 0 0 0 0.999897 0.0143453
47.9204 127.546 17.3557 0 0 0 0.999902 0.0140335
48.0244 126.892 17.4257 0 0 0 0.999895 0.0145122
48.1284 126.156 17.4242 0 0 0 0.9999 0.0141385
48.2324 125.406 17.4487 0 0 0 0.999907 0.0136546
48.3364 124.66 17.4391 0 0 0 0.999937 0.0112063
48.4404 123.9 17.4678 0 0 0 0.999948 0.0102017
48.5444 123.13 17.463 0 0 0 0.999958 0.00919659
48.6484 122.38 17.4851 0 0 0 0.999975 0.00712718
48.7524 121.54 17.5222 0 0 0 0.999985 0.00543146
48.8564 120.727 17.5192 0 0 0 0.999993 0.00374515
48.9604 119.905 17.5434 0 0 0 0.999998 0.00197299
49.0645 119.028 17.5756 0 0 0 1 4.21564e-05
49.1685 118.158 17.601 0 0 0 0.999999 -0.00158079
49.2725 117.297 17.5944 0 0 0 0.999994 -0.00348658
49.3765 116.412 17.572 0 0 0 0.99999 -0.0043785
49.4805 115.47 17.5648 0 0 0 0.999977 -0.00682559
49.5845 114.547 17.575 0 0 0 0.999965 -0.00830911
49.6885 113.57 17.5836 0 0 0 0.999932 -0.0116617
49.7925 112.605 17.5535 0 0 0 0.999913 -0.0132274
49.8965 111.637 17.5732 0 0 0 0.999887 -0.0150037
50.0005 110.627 17.5009 0 0 0 0.999838 -0.0180238
50.1045 109.593 17.4412 0 0 0 0.999848 -0.0174274
50.2085 108.563 17.4072 0 0 0 0.999779 -0.0210214
50.3125 107.509 17.3749 0 0 0 0.999722 -0.0235763
50.4165 106.452 17.3459 0 0 0 0.999753 -0.0222178
50.5205 105.293 17.2665 0 0 0 0.999673 -0.0255534
50.6247 104.254 17.1925 0 0 0 0.999712 -0.0240124
50.7287 103.08 17.168 0 0 0 0.999714 -0.0238946
50.8327 101.912 17.1236 0 0 0 0.99973 -0.0232364
50.9368 100.751 17.0855 0 0 0 0.999722 -0.0235907
51.0408 99.5405 17.0348 0 0 0 0.999704 -0.0243328
51.1448 98.3566 16.9802 0 0 0 0.999735 -0.0230083
51.2488 97.0929 16.9099 0 0 0 0.999722 -0.0235747
51.3528 95.9085 16.8232 0 0 0 0.99971 -0.0240719
51.4568 94.6921 16.7827 0 0 0 0.999748 -0.0224672
51.5608 93.4355 16.7357 0 0 0 0.999735 -0.0230025
51.6648 92.1692 16.6639 0 0 0 0.999774 -0.0212367
51.7688 90.8769 16.6089 0 0 0 0.999782 -0.0208936
51.8728 89.5869 16.5439 0 0 0 0.999798 -0.0200823
51.9768 88.2549 16.4994 0 0 0 0.999828 -0.0185406
52.0808 86.9531 16.4449 0 0 0 0.999867 -0.0163154
52.1847 85.6228 16.4212 0 0 0 0.999871 -0.0160652
52.2887 84.2225 16.3598 0 0 0 0.99991 -0.0134255
52.3927 82.8373 16.3477 0 0 0 0.999913 -0.0131829
52.4967 81.4749 16.2892 0 0 0 0.999945 -0.010491
52.6007 80.0555 16.2563 0 0 0 0.999941 -0.0109001
52.7045 78.6335 16.2543 0 0 0 0.999951 -0.00992575
52.8085 77.2001 16.2168 0 0 0 0.999963 -0.00858054
52.9124 75.7509 16.2042 0 0 0 0.99996 -0.00895925
53.0164 74.308 16.1662 0 0 0 0.99998 -0.00630215
53.1203 72.8215 16.2376 0 0 0 0.999978 -0.00667908
53.2242 71.4186 16.1665 0 0 0 0.99999 -0.00441605
53.328 69.9213 16.1877 0 0 0 0.999995 -0.00328226
53.4319 68.4317 16.1636 0 0 0 0.999992 -0.00388939
53.5358 67.0128 16.1378 0 0 0 0.999997 -0.00233252
53.6397 65.4376 16.153 0 0 0 0.999997 -0.00226827
53.7434 64.0176 16.1565 0 0 0 0.999998 -0.00179835
53.8473 62.5723 16.1438 0 0 0 0.999999 -0.00121744
53.9512 61.0309 16.1263 0 0 0 0.999999 -0.00148983
54.0549 59.5531 16.1074 0 0 0 0.999999 -0.00119062
54.1588 58.129 16.1018 0 0 0 0.999999 -0.00169452
54.2625 56.6798 16.1062 0 0 0 0.999996 -0.00284798
54.3663 55.1965 16.1256 0 0 0 0.999999 -0.00132068
54.4702 53.729 16.1126 0 0 0 0.999997 -0.00243683
54.5739 52.2722 16.0927 0 0 0 0.999997 -0.00261982
54.6777 50.8495 16.068 0 0 0 0.999994 -0.00349946
54.7815 49.3236 16.0729 0 0 0 0.999992 -0.00387139
54.8853 47.8241 16.0369 0 0 0 0.999987 -0.00514036
54.9892 46.3614 16.0446 0 0 0 0.99998 -0.00637773
55.0929 44.9838 16.0033 0 0 0 0.999983 -0.00589089
55.1968 43.5018 15.9843 0 0 0 0.999982 -0.00596146
55.3005 42.0491 15.9978 0 0 0 0.999979 -0.00649026
55.4044 40.5962 15.9513 0 0 0 0.999982 -0.00595824
55.5082 39.1369 15.9475 0 0 0 0.999982 -0.00594942
55.6119 37.6638 15.9083 0 0 0 0.999977 -0.00681677
55.7158 36.2957 15.9025 0 0 0 0.999991 -0.0042786
55.8195 34.8438 15.9148 0 0 0 0.999983 -0.00580422
55.9233 33.3662 15.8797 0 0 0 0.999985 -0.0055254
56.0272 31.9854 15.8867 0 0 0 0.999989 -0.00475091
56.1309 30.5813 15.8823 0 0 0 0.999995 -0.00327868
56.2347 29.1815 15.8997 0 0 0 0.999993 -0.00378675
56.3384 27.685 15.8718 0 0 0 0.999984 -0.00560944
56.4423 26.2994 15.8543 0 0 0 0.999986 -0.0053603
56.546 24.9053 15.8505 0 0 0 0.999991 -0.00414437
56.6498 23.4893 15.8621 0 0 0 0.999982 -0.00593571
56.7536 22.0664 15.882 0 0 0 0.999986 -0.00534134
56.8573 20.6371 15.8452 0 0 0 0.999988 -0.00483983
56.9611 19.1856 15.8341 0 0 0 0.999983 -0.0058314
57.0648 17.842 15.8231 0 0 0 0.999995 -0.00323064
57.1685 16.4955 15.7855 0 0 0 0.999991 -0.00415212
57.2723 15.1165 15.7959 0 0 0 0.999994 -0.00353975
57.3762 13.7271 15.8202 0 0 0 0.999996 -0.00291307
57.4799 12.3333 15.7896 0 0 0 0.999996 -0.00282295
57.5837 10.9451 15.8088 0 0 0 0.999996 -0.00264783
57.6874 9.61581 15.7916 0 0 0 0.999997 -0.00240512
57.7912 8.23907 15.7493 0 0 0 0.999997 -0.00224049
57.8949 6.85916 15.7348 0 0 0 0.999999 -0.00173278
57.9987 5.51352 15.7502 0 0 0 0.999994 -0.00339527
58.1024 4.17453 15.7834 0 0 0 0.999994 -0.00343032
58.2062 2.80927 15.7983 0 0 0 0.999997 -0.00259419
58.31 1.42554 15.795 0 0 0 0.999997 -0.00231464
58.4138 0.0661621 15.7925 0 0 0 0.999999 -0.00130077
58.5176 -1.3118 15.807 0 0 0 0.999999 -0.00112589
58.6214 -2.69928 15.8042 0 0 0 1 -0.00057085
58.7252 -4.06876 15.8232 0 0 0 1 -0.000189022
58.8291 -5.44495 15.8057 0 0 0 1 -0.000399665
58.9328 -6.82639 15.8304 0 0 0 0.999996 -0.00292928
59.0365 -8.22232 15.8225 0 0 0 0.999999 -0.00131257
59.1404 -9.61319 15.8096 0 0 0 1 0.000478105
59.2442 -10.9263 15.8155 0 0 0 1 -0.000410394
59.348 -12.3445 15.8088 0 0 0 0.999999 -0.00140329
59.4518 -13.831 15.7953 0 0 0 1 -0.0006959
59.5556 -15.2495 15.8163 0 0 0 1 0.000561074
59.6594 -16.6783 15.8001 0 0 0 0.999999 -0.00173588
59.7632 -18.0698 15.7844 0 0 0 0.999998 -0.00175615
59.8669 -19.4734 15.8014 0 0 0 1 -1.73608e-05
59.9708 -20.9084 15.8096 0 0 0 0.999999 -0.00134952
60.0746 -22.3138 15.811 0 0 0 1 -0.00070043
60.1783 -23.7117 15.7796 0 0 0 0.999998 -0.00194283
60.2822 -25.0732 15.764 0 0 0 0.999997 -0.00251503
60.3859 -26.5306 15.7806 0 0 0 0.999997 -0.00242396
60.4897 -27.9261 15.7736 0 0 0 0.999999 -0.00127085
60.5934 -29.3241 15.7902 0 0 0 0.999999 -0.00158818
60.6972 -30.6982 15.8016 0 0 0 0.999998 -0.00203545
60.801 -32.1667 15.8145 0 0 0 0.999996 -0.00277491
60.9048 -33.5398 15.7936 0 0 0 0.999998 -0.00187524
61.0085 -34.9882 15.7849 0 0 0 0.999998 -0.00192423
61.1123 -36.3889 15.7739 0 0 0 0.999997 -0.00243552
61.2162 -37.8101 15.7733 0 0 0 1 -0.000727371
61.3199 -39.2336 15.7901 0 0 0 0.999997 -0.00241919
61.4237 -40.6065 15.7826 0 0 0 0.999994 -0.00346191
61.5275 -42.0667 15.761 0 0 0 0.999997 -0.00249536
61.6313 -43.4207 15.7466 0 0 0 0.999996 -0.00273736
61.7351 -44.8242 15.748 0 0 0 0.999994 -0.00353522
61.8388 -46.2595 15.7296 0 0 0 0.99999 -0.00441843
61.9426 -47.7026 15.7448 0 0 0 0.999988 -0.00494355
62.0464 -49.1203 15.7371 0 0 0 0.999995 -0.00327332
62.1502 -50.5129 15.7276 0 0 0 0.999992 -0.00397891
62.2539 -51.9012 15.7191 0 0 0 0.999993 -0.00379724
62.3577 -53.3409 15.7145 0 0 0 0.999992 -0.00388021
62.4616 -54.7181 15.7003 0 0 0 0.999994 -0.00353403
62.5653 -56.1252 15.6884 0 0 0 0.999997 -0.00236781
62.669 -57.5431 15.6727 0 0 0 1 -0.000791148
62.7729 -58.9146 15.7026 0 0 0 0.999999 -0.0014021
62.8767 -60.2949 15.7055 0 0 0 1 -0.000842408
62.9805 -61.6931 15.7202 0 0 0 1 -0.000161127
63.0843 -63.0831 15.7408 0 0 0 0.999998 0.00196333
63.1882 -64.4867 15.7297 0 0 0 1 0.000842051
63.2919 -65.8831 15.7464 0 0 0 0.999996 0.00265868
63.3958 -67.2787 15.7424 0 0 0 0.999999 0.00103195
63.4995 -68.6877 15.7137 0 0 0 0.999998 0.00219507
63.6034 -70.0751 15.7192 0 0 0 0.999999 0.00156637
63.7072 -71.4643 15.7492 0 0 0 0.999999 0.00132175
63.8111 -72.8615 15.7459 0 0 0 1 0.000469522
63.9148 -74.2346 15.7576 0 0 0 1 0.00077887
64.0187 -75.6443 15.7431 0 0 0 1 -0.000418858
64.1224 -77.0092 15.7625 0 0 0 1 -0.000114993
64.2262 -78.3986 15.7775 0 0 0 1 -0.000368194
64.33 -79.7783 15.7836 0 0 0 1 -0.000204043
64.4338 -81.1513 15.7983 0 0 0 1 0.000470833
64.5376 -82.5166 15.7932 0 0 0 1 0.000196294
64.6414 -83.8731 15.8182 0 0 0 1 -0.000366763
64.7453 -85.2017 15.8137 0 0 0 1 -0.000826792
64.8491 -86.5382 15.8167 0 0 0 0.999999 -0.00128181
64.9529 -87.8378 15.7728 0 0 0 1 -0.00079687
65.0567 -89.2021 15.7617 0 0 0 0.999998 -0.00180717
65.1606 -90.6006 15.7428 0 0 0 1 -0.000576691
65.2643 -91.9076 15.7491 0 0 0 0.999995 -0.00300856
65.368 -93.2304 15.749 0 0 0 1 -0.000301556
65.4719 -94.5628 15.7763 0 0 0 1 0.00077136
65.5757 -95.9359 15.7592 0 0 0 1 -0.000932292
65.6794 -97.2087 15.7386 0 0 0 0.999996 -0.00268514
65.7832 -98.5429 15.7245 0 0 0 1 1.25925e-05
65.8869 -99.7836 15.7216 0 0 0 1 -0.000561194
65.9908 -101.124 15.7307 0 0 0 1 0.000873522
66.0946 -102.403 15.7309 0 0 0 0.999997 0.00257893
66.1983 -103.699 15.7222 0 0 0 0.999999 0.00163586
66.3021 -105.022 15.7147 0 0 0 0.999996 0.00290878
66.406 -106.291 15.7175 0 0 0 0.999992 0.0038721
66.5097 -107.602 15.7461 0 0 0 0.999991 0.00418812
66.6134 -108.92 15.7522 0 0 0 0.999993 0.00361402
66.7173 -110.224 15.7823 0 0 0 0.999989 0.00472277
66.8211 -111.466 15.7816 0 0 0 0.999991 0.00432807
66.9248 -112.745 15.7945 0 0 0 0.999984 0.00562565
67.0287 -114.02 15.8028 0 0 0 0.999985 0.00539403
67.1324 -115.3 15.8203 0 0 0 0.999991 0.00428504
67.2363 -116.57 15.8471 0 0 0 0.999986 0.00520306
67.34 -117.807 15.8798 0 0 0 0.999993 0.00377578
67.4438 -119.103 15.8922 0 0 0 0.99999 0.00436157
67.5477 -120.398 15.9569 0 0 0 0.99999 0.00456375
67.6516 -121.62 15.9622 0 0 0 0.999994 0.00355537
67.7553 -122.899 15.9728 0 0 0 0.999991 0.00422544
67.8591 -124.144 15.9898 0 0 0 0.999994 0.00340087
67.9629 -125.384 16.032 0 0 0 0.999993 0.00364632
68.0668 -126.529 16.0374 0 0 0 0.999985 0.0054745
68.1705 -127.735 16.0822 0 0 0 0.999982 0.00591711
68.2744 -128.902 16.124 0 0 0 0.999977 0.00681128
68.3782 -130.12 16.1389 0 0 0 0.999977 0.00673845
68.482 -131.267 16.1437 0 0 0 0.999963 0.00863752
68.5859 -132.425 16.1557 0 0 0 0.999953 0.00970559
68.6897 -133.596 16.1981 0 0 0 0.999936 0.0113227
68.7936 -134.678 16.2245 0 0 0 0.999944 0.0105528
68.8974 -135.854 16.261 0 0 0 0.999949 0.0100572
69.0012 -136.947 16.286 0 0 0 0.999957 0.00924784
69.105 -137.991 16.3337 0 0 0 0.999934 0.0114777
69.2089 -139.056 16.3661 0 0 0 0.999928 0.0119773
69.3128 -140.11 16.4165 0 0 0 0.999904 0.013883
69.4168 -141.115 16.4488 0 0 0 0.999905 0.0137795
69.5207 -142.057 16.4612 0 0 0 0.999895 0.014484
69.6246 -142.993 16.6472 0 0 0 0.999843 0.0177127
69.7284 -143.879 16.7066 0 0 0 0.999775 0.0212072
69.8323 -144.751 16.6796 0 0 0 0.999839 0.0179438
69.9363 -145.615 16.6595 0 0 0 0.999849 0.0174001
70.0401 -146.455 16.6713 0 0 0 0.999918 0.0127923
70.1439 -147.216 16.7092 0 0 0 0.999963 0.00856361
70.2476 -147.988 16.7072 0 0 0 0.999999 -0.00171478
70.3512 -148.732 16.6825 0 0 0 0.99991 -0.0134483
70.4548 -149.427 16.6511 0 0 0 0.999674 -0.0255473
70.5586 -150.126 16.6061 0 0 0 0.999211 -0.0397237
70.6622 -150.794 16.5331 0 0 0 0.998463 -0.0554306
70.7658 -151.38 16.4366 0 0 0 0.997251 -0.0740976
70.8694 -152.009 16.3228 0 0 0 0.995654 -0.0931268
70.9731 -152.552 16.1605 0 0 0 0.993344 -0.115186
71.0767 -153.093 16.0162 0 0 0 0.990235 -0.139408
71.1803 -153.69 15.8203 0 0 0 0.986102 -0.166143
71.2839 -154.187 15.6338 0 0 0 0.981145 -0.193275
71.3877 -154.683 15.3733 0 0 0 0.974491 -0.224428
71.4913 -155.111 15.0875 0 0 0 0.967505 -0.25285
71.5951 -155.535 14.8061 0 0 0 0.958829 -0.283985
71.6988 -155.907 14.4567 0 0 0 0.949142 -0.314848
71.8024 -156.259 14.1203 0 0 0 0.938037 -0.346535
71.9062 -156.684 13.7196 0 0 0 0.925665 -0.378345
72.0098 -156.958 13.332 0 0 0 0.910608 -0.413271
72.1137 -157.155 12.9006 0 0 0 0.894766 -0.446536
72.2175 -157.407 12.4753 0 0 0 0.879188 -0.476475
72.3213 -157.648 12.0833 0 0 0 -0.862308 0.506385
72.4252 -157.817 11.6454 0 0 0 -0.843383 0.537312
72.5291 -157.957 11.1693 0 0 0 -0.823948 0.566665
72.6329 -158.114 10.7531 0 0 0 -0.804576 0.593849
72.737 -158.165 10.2773 0 0 0 -0.783737 0.621093
72.8408 -158.266 9.79163 0 0 0 -0.761386 0.648299
72.9448 -158.217 9.30621 0 0 0 -0.738308 0.674464
73.0488 -158.245 8.82169 0 0 0 -0.713608 0.700545
73.1528 -158.145 8.35706 0 0 0 -0.68855 0.725189
73.2567 -158.059 7.90076 0 0 0 -0.662591 0.748982
73.3607 -157.973 7.35104 0 0 0 -0.633036 0.774122
73.4646 -157.768 6.8605 0 0 0 -0.605512 0.795836
73.5686 -157.621 6.38953 0 0 0 -0.576539 0.81707
73.6726 -157.539 5.87891 0 0 0 -0.545364 0.838199
73.7764 -157.211 5.46103 0 0 0 -0.514919 0.857239
73.8804 -156.857 4.98737 0 0 0 -0.48479 0.874631
73.9844 -156.424 4.63754 0 0 0 -0.455985 0.889987
74.0884 -156.058 4.16409 0 0 0 -0.421005 0.907058
74.1926 -155.724 3.70486 0 0 0 -0.390224 0.92072
74.2966 -155.247 3.29559 0 0 0 -0.361292 0.932453
74.4007 -154.768 2.89978 0 0 0 -0.33124 0.943547
74.5048 -154.204 2.57959 0 0 0 -0.301018 0.953618
74.6088 -153.583 2.27051 0 0 0 -0.270689 0.962667
74.7128 -153.01 1.9509 0 0 0 -0.237912 0.971287
74.8169 -152.329 1.67807 0 0 0 -0.208437 0.978036
74.9211 -151.679 1.44077 0 0 0 -0.17742 0.984135
75.0252 -151.027 1.27933 0 0 0 -0.151631 0.988437
75.1296 -150.301 1.10617 0 0 0 -0.126877 0.991918
75.2338 -149.567 0.896179 0 0 0 -0.10822 0.994127
75.3382 -148.789 0.771362 0 0 0 -0.088065 0.996115
75.4426 -147.959 0.639191 0 0 0 -0.0714731 0.997443
75.5469 -147.168 0.566284 0 0 0 -0.0565 0.998403
75.6513 -146.328 0.434296 0 0 0 -0.0426315 0.999091
75.7557 -145.471 0.400848 0 0 0 -0.031109 0.999516
75.8602 -144.592 0.34903 0 0 0 -0.024035 0.999711
75.9647 -143.689 0.342529 0 0 0 -0.0191178 0.999817
76.0692 -142.728 0.304047 0 0 0 -0.0162758 0.999868
76.1737 -141.851 0.306091 0 0 0 -0.014188 0.999899
76.2781 -140.822 0.262329 0 0 0 -0.0135984 0.999908
76.3825 -139.843 0.219543 0 0 0 -0.0122198 0.999925
76.4868 -138.826 0.175476 0 0 0 -0.0115665 0.999933
76.5911 -137.742 0.179901 0 0 0 -0.0111157 0.999938
76.6953 -136.719 0.149475 0 0 0 -0.00882987 0.999961
76.7994 -135.654 0.150665 0 0 0 -0.00777156 0.99997
76.9036 -134.589 0.0987244 0 0 0 -0.00827771 0.999966
77.0077 -133.498 0.0975037 0 0 0 -0.00603044 0.999982
77.1118 -132.348 0.0897522 0 0 0 -0.00419368 0.999991
77.2159 -131.216 0.10141 0 0 0 -0.00325694 0.999995
77.3201 -130.082 0.0915527 0 0 0 -0.00227061 0.999997
77.4241 -128.867 0.0740051 0 0 0 -0.00351682 0.999994
77.5282 -127.667 0.0444946 0 0 0 -0.00264087 0.999996
77.6322 -126.513 0.0923767 0 0 0 -0.0031487 0.999995
77.7362 -125.315 0.102875 0 0 0 -0.00426211 0.999991
77.8402 -124.029 0.0954285 0 0 0 -0.00489248 0.999988
77.9442 -122.798 0.0693665 0 0 0 -0.00619017 0.999981
78.0481 -121.552 0.0872498 0 0 0 -0.00652491 0.999979
78.1521 -120.288 0.0523376 0 0 0 -0.00469746 0.999989
78.2559 -118.977 0.0189514 0 0 0 -0.00654064 0.999979
78.3598 -117.685 0.0230713 0 0 0 -0.00484575 0.999988
78.4637 -116.371 -0.00427246 0 0 0 -0.00458993 0.999989
78.5676 -115.024 -0.0162048 0 0 0 -0.00208107 0.999998
78.6713 -113.64 -0.0567932 0 0 0 -0.00215593 0.999998
78.7752 -112.331 -0.0592346 0 0 0 -0.000346573 1
78.8791 -110.91 -0.0534363 0 0 0 -0.000117215 1
78.9829 -109.518 -0.0771179 0 0 0 0.00151551 0.999999
79.0868 -108.093 -0.0992126 0 0 0 0.00221495 0.999998
79.1907 -106.648 -0.108704 0 0 0 0.00213142 0.999998
79.2944 -105.219 -0.111206 0 0 0 0.00147682 0.999999
79.3983 -103.768 -0.0726318 0 0 0 0.00418333 0.999991
79.5022 -102.276 -0.0894775 0 0 0 0.00294403 0.999996
79.6061 -100.811 -0.0548706 0 0 0 0.00310136 0.999995
79.7099 -99.3319 -0.0488281 0 0 0 0.00346705 0.999994
79.8138 -97.8371 -0.0270691 0 0 0 0.00295723 0.999996
79.9176 -96.2879 -0.0522766 0 0 0 0.00187149 0.999998
80.0215 -94.7625 -0.0498657 0 0 0 0.00311948 0.999995
80.1252 -93.2839 -0.0225525 0 0 0 0.00204399 0.999998
80.2289 -91.8193 -0.0691223 0 0 0 0.0037384 0.999993
80.3328 -90.266 -0.040741 0 0 0 0.00350874 0.999994
80.4367 -88.7823 -0.0380554 0 0 0 0.00313293 0.999995
80.5404 -87.2785 -0.0134583 0 0 0 0.00168496 0.999999
80.6443 -85.7895 0.00259399 0 0 0 6.12971e-05 1
80.7481 -84.2714 0.00244141 0 0 0 0.00071623 1
80.852 -82.7707 -0.00796509 0 0 0 0.00212622 0.999998
80.9557 -81.2777 0.0847778 0 0 0 -0.000343235 1
81.0594 -79.8192 0.0445862 0 0 0 -0.00173321 0.999999
81.1632 -78.2388 0.0303955 0 0 0 6.56717e-05 1
81.2669 -76.7931 0.0401306 0 0 0 -0.00318327 0.999995
81.3707 -75.3773 -0.0175781 0 0 0 -0.00134102 0.999999
81.4746 -73.8661 0.00881958 0 0 0 0.000585796 1
81.5783 -72.4259 0.00772095 0 0 0 -0.00134841 0.999999
81.6821 -70.9354 0.0493774 0 0 0 -0.000173004 1
81.7859 -69.4174 0.0666809 0 0 0 -0.000385912 1
81.8897 -67.9068 0.0318298 0 0 0 0.000310674 1
81.9934 -66.4155 0.0169983 0 0 0 0.000679528 1
82.0973 -64.9845 0.026001 0 0 0 0.00288915 0.999996
82.2011 -63.4434 -0.01651 0 0 0 0.000966298 1
82.3048 -62.0334 0.0319214 0 0 0 0.00286785 0.999996
82.4086 -60.5273 0.0213928 0 0 0 0.00354171 0.999994
82.5124 -59.0294 0.00958252 0 0 0 0.00396969 0.999992
82.6162 -57.5693 0.0366516 0 0 0 0.00455364 0.99999
82.72 -56.1119 0.0286865 0 0 0 0.00655348 0.999979
82.8238 -54.6632 0.0287476 0 0 0 0.00614927 0.999981
82.9276 -53.2064 0.0812073 0 0 0 0.00641596 0.999979
83.0314 -51.7569 0.0736694 0 0 0 0.00647647 0.999979
83.1352 -50.3141 0.0988464 0 0 0 0.00613961 0.999981
83.2389 -48.8081 0.115112 0 0 0 0.0056118 0.999984
83.3428 -47.3927 0.131104 0 0 0 0.00666351 0.999978
83.4466 -45.9496 0.138336 0 0 0 0.00632109 0.99998
83.5504 -44.4744 0.169281 0 0 0 0.00599306 0.999982
83.6543 -43.0291 0.178925 0 0 0 0.00584912 0.999983
83.7582 -41.6191 0.251587 0 0 0 0.00450592 0.99999
83.8621 -40.215 0.181305 0 0 0 0.00480655 0.999988
83.966 -38.7462 0.251617 0 0 0 0.00411003 0.999992
84.0698 -37.2041 0.28009 0 0 0 0.00612142 0.999981
84.1737 -35.936 0.248688 0 0 0 0.00298818 0.999996
84.2777 -34.4805 0.23175 0 0 0 0.00188501 0.999998
84.3816 -32.9946 0.264404 0 0 0 0.00122606 0.999999
84.4854 -31.5821 0.253967 0 0 0 0.000570614 1
84.5893 -30.2356 0.248718 0 0 0 -0.00127569 0.999999
84.6932 -28.814 0.25827 0 0 0 0.000133169 1
84.7971 -27.329 0.279694 0 0 0 -8.2167e-05 1
84.9009 -25.9164 0.235291 0 0 0 -0.00051895 1
85.0048 -24.5196 0.230896 0 0 0 -0.0026423 0.999996
85.1087 -23.1118 0.203613 0 0 0 -0.00151983 0.999999
85.2124 -21.7378 0.174835 0 0 0 -0.00174156 0.999999
85.3163 -20.2815 0.152466 0 0 0 -0.00268689 0.999996
85.4202 -18.8699 0.148712 0 0 0 -0.000564488 1
85.524 -17.4719 0.116669 0 0 0 -0.000913771 1
85.6278 -16.0957 0.1008 0 0 0 -0.00217477 0.999998
85.7316 -14.7313 0.108398 0 0 0 -0.00131527 0.999999
85.8353 -13.3797 0.0842285 0 0 0 -0.000486525 1
85.9391 -11.9734 0.071106 0 0 0 -0.000704201 1
86.0428 -10.6451 0.0930786 0 0 0 0.000210007 1
86.1467 -9.25006 0.11554 0 0 0 0.00131492 0.999999
86.2505 -7.86981 0.0923462 0 0 0 0.00191705 0.999998
86.3542 -6.5235 0.0715637 0 0 0 0.00148981 0.999999
86.4581 -5.1275 0.0804749 0 0 0 0.00291644 0.999996
86.5618 -3.76654 0.0767822 0 0 0 0.00161799 0.999999
86.6657 -2.42032 0.0426331 0 0 0 0.00236006 0.999997
86.7694 -1.00238 0.0674133 0 0 0 0.00291556 0.999996
86.8732 0.296631 0.0641174 0 0 0 0.00284622 0.999996
86.977 1.66672 0.0329285 0 0 0 0.00359086 0.999994
87.0807 3.05252 0.0334167 0 0 0 0.00237184 0.999997
87.1846 4.35101 0.0549316 0 0 0 0.00353636 0.999994
87.2883 5.74908 0.0506897 0 0 0 0.00308151 0.999995
87.3921 7.10242 0.0525513 0 0 0 0.00256055 0.999997
87.4958 8.46643 0.0389404 0 0 0 0.00250392 0.999997
87.5997 9.75803 0.0771179 0 0 0 0.00361308 0.999993
87.7035 11.1544 0.116333 0 0 0 0.00283271 0.999996
87.8073 12.5083 0.094696 0 0 0 0.00209478 0.999998
87.9111 13.8545 0.0968628 0 0 0 0.00331509 0.999995
88.015 15.1864 0.0805969 0 0 0 0.00352409 0.999994
88.1187 16.5445 0.0796509 0 0 0 0.00322761 0.999995
88.2226 17.8904 0.091156 0 0 0 0.00221516 0.999998
88.3263 19.2718 0.0853882 0 0 0 0.00249247 0.999997
88.4302 20.6349 0.112823 0 0 0 0.00304387 0.999995
88.5341 21.9586 0.102722 0 0 0 0.00398473 0.999992
88.6378 23.3038 0.143219 0 0 0 0.00438277 0.99999
88.7416 24.6408 0.131317 0 0 0 0.00573228 0.999984
88.8455 25.9708 0.153687 0 0 0 0.00390022 0.999992
88.9492 27.3262 0.152832 0 0 0 0.00513049 0.999987
89.0529 28.6313 0.150879 0 0 0 0.00508213 0.999987
89.1568 29.952 0.164917 0 0 0 0.00266141 0.999996
89.2606 31.3168 0.158478 0 0 0 0.0031198 0.999995
89.3643 32.5839 0.157806 0 0 0 0.00306171 0.999995
89.4681 33.9583 0.177002 0 0 0 0.0027856 0.999996
89.5718 35.2134 0.173431 0 0 0 0.00330255 0.999995
89.6756 36.5195 0.179962 0 0 0 0.00298161 0.999996
89.7793 37.8566 0.207977 0 0 0 0.00274381 0.999996
89.8832 39.1273 0.203491 0 0 0 0.00400288 0.999992
89.987 40.4672 0.207092 0 0 0 0.00475232 0.999989
90.0907 41.8016 0.208649 0 0 0 0.00532551 0.999986
90.1945 43.0415 0.227509 0 0 0 0.00590195 0.999983
90.2983 44.3617 0.241425 0 0 0 0.00629545 0.99998
90.4021 45.6735 0.241272 0 0 0 0.00596031 0.999982
90.506 46.9461 0.266327 0 0 0 0.00619895 0.999981
90.6097 48.2481 0.270355 0 0 0 0.00692069 0.999976
90.7136 49.4585 0.272705 0 0 0 0.00728474 0.999973
90.8173 50.7863 0.268768 0 0 0 0.00791123 0.999969
90.9211 52.0581 0.300598 0 0 0 0.00812453 0.999967
91.0248 53.3128 0.29953 0 0 0 0.00830226 0.999966
91.1287 54.5864 0.32605 0 0 0 0.00912047 0.999958
91.2325 55.8636 0.362762 0 0 0 0.00974917 0.999952
91.3362 57.1249 0.338776 0 0 0 0.00836295 0.999965
91.4399 58.4173 0.392944 0 0 0 0.00988931 0.999951
91.5437 59.6251 0.420471 0 0 0 0.0095225 0.999955
91.6476 60.8823 0.45874 0 0 0 0.0107056 0.999943
91.7512 62.1708 0.461334 0 0 0 0.0102752 0.999947
91.8551 63.3937 0.494629 0 0 0 0.01098 0.99994
91.9588 64.6143 0.533813 0 0 0 0.0114219 0.999935
92.0626 65.9047 0.552002 0 0 0 0.00937337 0.999956
92.1663 67.165 0.565186 0 0 0 0.00907738 0.999959
92.2701 68.3829 0.599518 0 0 0 0.0100653 0.999949
92.3738 69.6394 0.603302 0 0 0 0.00885646 0.999961
92.4776 70.8447 0.62027 0 0 0 0.00813881 0.999967
92.5813 72.0543 0.629242 0 0 0 0.00732619 0.999973
92.6851 73.2259 0.612823 0 0 0 0.00484347 0.999988
92.7888 74.4034 0.625153 0 0 0 0.00352372 0.999994
92.8926 75.5104 0.63504 0 0 0 0.00303566 0.999995
92.9963 76.719 0.624969 0 0 0 0.00205062 0.999998
93.1002 77.8246 0.641113 0 0 0 0.000931557 1
93.2039 78.984 0.592285 0 0 0 -0.000934275 1
93.3078 80.0266 0.565491 0 0 0 -0.00301304 0.999995
93.4116 81.131 0.57254 0 0 0 -0.00366273 0.999993
93.5154 82.1945 0.556702 0 0 0 -0.00647102 0.999979
93.6192 83.3036 0.538055 0 0 0 -0.00554836 0.999985
93.7231 84.4492 0.551941 0 0 0 -0.00462593 0.999989
93.8268 85.5001 0.537445 0 0 0 -0.00532044 0.999986
93.9307 86.5733 0.551697 0 0 0 -0.00545776 0.999985
94.0346 87.632 0.574707 0 0 0 -0.00620257 0.999981
94.1385 88.5587 0.55722 0 0 0 -0.0082379 0.999966
94.2423 89.6533 0.565155 0 0 0 -0.00738868 0.999973
94.3462 90.6629 0.549622 0 0 0 -0.00810129 0.999967
94.4501 91.7429 0.529114 0 0 0 -0.00789053 0.999969
94.5539 92.818 0.472321 0 0 0 -0.00732526 0.999973
94.6577 93.8896 0.467255 0 0 0 -0.00538338 0.999986
94.7616 94.9576 0.403656 0 0 0 -0.00520004 0.999986
94.8655 95.9714 0.402954 0 0 0 -0.00441207 0.99999
94.9693 97.0284 0.373718 0 0 0 -0.00123993 0.999999
95.0732 98.1324 0.38678 0 0 0 0.000446199 1
95.1769 99.232 0.355591 0 0 0 0.00576855 0.999983
95.2808 100.297 0.387512 0 0 0 0.00892771 0.99996
95.3847 101.36 0.400665 0 0 0 0.0114372 0.999935
95.4886 102.493 0.370819 0 0 0 0.0152486 0.999884
95.5925 103.53 0.460938 0 0 0 0.0175656 0.999846
95.6963 104.642 0.509338 0 0 0 0.017412 0.999848
95.8003 105.746 0.534363 0 0 0 0.0168786 0.999858
95.9043 106.841 0.581055 0 0 0 0.0141169 0.9999
96.0085 107.987 0.62085 0 0 0 0.011373 0.999935
96.1124 109.083 0.661713 0 0 0 0.00827102 0.999966
96.2166 110.258 0.644836 0 0 0 0.00279926 0.999996
96.3206 111.397 0.594788 0 0 0 -0.00080982 1
96.4247 112.545 0.630188 0 0 0 -0.00732144 0.999973
96.5287 113.652 0.551208 0 0 0 -0.0106947 0.999943
96.6328 114.884 0.532745 0 0 0 -0.0148736 0.999889
96.7368 116.038 0.471863 0 0 0 -0.0196734 0.999806
96.8408 117.219 0.414581 0 0 0 -0.0234667 0.999725
96.9448 118.419 0.357727 0 0 0 -0.026769 0.999642
97.0487 119.555 0.264465 0 0 0 -0.0287573 0.999586
97.1527 120.782 0.199432 0 0 0 -0.033359 0.999443
97.2566 122.013 0.135773 0 0 0 -0.0365602 0.999331
97.3606 123.211 0.0191956 0 0 0 -0.0366881 0.999327
97.4645 124.394 -0.0915222 0 0 0 -0.0401317 0.999194
97.5683 125.625 -0.185242 0 0 0 -0.0376478 0.999291
97.6722 126.925 -0.276947 0 0 0 -0.0373014 0.999304
97.7761 128.13 -0.348816 0 0 0 -0.0392762 0.999228
97.8798 129.4 -0.461639 0 0 0 -0.0373891 0.999301
97.9836 130.677 -0.549988 0 0 0 -0.0359204 0.999355
98.0875 131.968 -0.68573 0 0 0 -0.0335091 0.999438
98.1911 133.329 -0.780792 0 0 0 -0.028927 0.999582
98.2948 134.655 -0.870636 0 0 0 -0.0268591 0.999639
98.3987 135.979 -0.980225 0 0 0 -0.0251678 0.999683
98.5025 137.28 -1.02673 0 0 0 -0.0200026 0.9998
98.6062 138.593 -1.0802 0 0 0 -0.0160438 0.999871
98.71 139.921 -1.16443 0 0 0 -0.0131605 0.999913
98.8138 141.266 -1.11932 0 0 0 -0.0105984 0.999944
98.9176 142.633 -1.15652 0 0 0 -0.00986384 0.999951
99.0213 144.015 -1.20407 0 0 0 -0.00678525 0.999977
99.1251 145.382 -1.23691 0 0 0 -0.00653897 0.999979
99.229 146.785 -1.2338 0 0 0 -0.00418915 0.999991
99.3327 148.183 -1.22632 0 0 0 -0.00314513 0.999995
99.4366 149.621 -1.23636 0 0 0 -0.0026845 0.999996
99.5403 151.042 -1.24966 0 0 0 -0.00213447 0.999998
99.6441 152.457 -1.27499 0 0 0 -0.00153271 0.999999
99.748 153.922 -1.28595 0 0 0 -0.000541838 1
99.8517 155.348 -1.29776 0 0 0 -0.00121799 0.999999
99.9555 156.768 -1.2887 0 0 0 -0.000527771 1
100.059 158.232 -1.31711 0 0 0 0.000765181 1
100.163 159.687 -1.34766 0 0 0 0.00153757 0.999999
100.267 161.102 -1.30353 0 0 0 0.0028443 0.999996
100.371 162.554 -1.28479 0 0 0 0.00397391 0.999992
100.474 163.995 -1.26663 0 0 0 0.00272438 0.999996
100.578 165.416 -1.31812 0 0 0 0.00321998 0.999995
100.682 166.87 -1.23853 0 0 0 0.00295696 0.999996
100.786 168.299 -1.27582 0 0 0 0.00300461 0.999995
100.89 169.718 -1.24832 0 0 0 0.00330458 0.999995
100.993 171.178 -1.26489 0 0 0 0.00105284 0.999999
101.097 172.587 -1.26245 0 0 0 0.00246384 0.999997
101.201 174.015 -1.25894 0 0 0 0.00178424 0.999998
101.305 175.422 -1.24332 0 0 0 0.00150173 0.999999
101.409 176.838 -1.24573 0 0 0 0.00218429 0.999998
101.512 178.25 -1.28879 0 0 0 0.0019362 0.999998
101.616 179.674 -1.32822 0 0 0 0.000982344 1
101.72 181.067 -1.28308 0 0 0 0.000852621 1
101.824 182.462 -1.26169 0 0 0 -0.00124994 0.999999
101.927 183.865 -1.25293 0 0 0 -0.00168935 0.999999
102.031 185.254 -1.28165 0 0 0 -0.00118104 0.999999
102.135 186.667 -1.29614 0 0 0 -0.0025095 0.999997
102.239 188.04 -1.32379 0 0 0 -0.00373068 0.999993
102.342 189.448 -1.30856 0 0 0 -0.00342884 0.999994
102.446 190.784 -1.32703 0 0 0 -0.00563324 0.999984
102.55 192.122 -1.38358 0 0 0 -0.00540197 0.999985
102.654 193.513 -1.37939 0 0 0 -0.00516714 0.999987
102.758 194.887 -1.42551 0 0 0 -0.0045258 0.99999
102.861 196.25 -1.44705 0 0 0 -0.0055219 0.999985
102.965 197.637 -1.45932 0 0 0 -0.00573957 0.999984
103.069 198.947 -1.5145 0 0 0 -0.00542462 0.999985
103.173 200.344 -1.53177 0 0 0 -0.00518072 0.999987
103.276 201.621 -1.54724 0 0 0 -0.00674496 0.999977
103.38 202.989 -1.53879 0 0 0 -0.0053283 0.999986
103.484 204.336 -1.54706 0 0 0 -0.00682054 0.999977
103.588 205.669 -1.5629 0 0 0 -0.00630056 0.99998
103.692 207.074 -1.62634 0 0 0 -0.00708232 0.999975
103.795 208.339 -1.64716 0 0 0 -0.00668965 0.999978
103.899 209.652 -1.68414 0 0 0 -0.00661836 0.999978
104.003 210.968 -1.70233 0 0 0 -0.00758703 0.999971
104.106 212.38 -1.71005 0 0 0 -0.0052749 0.999986
104.21 213.671 -1.75604 0 0 0 -0.00544036 0.999985
104.314 214.933 -1.7951 0 0 0 -0.00573814 0.999984
104.418 216.169 -1.7879 0 0 0 -0.00303045 0.999995
104.522 217.396 -1.7706 0 0 0 -0.00264612 0.999996
104.625 218.567 -1.74524 0 0 0 -0.00309983 0.999995
104.729 219.715 -1.73184 0 0 0 -0.000718268 1
104.833 220.81 -1.74722 0 0 0 -0.000221165 1
104.937 221.935 -1.74509 0 0 0 0.00159815 0.999999
105.04 223.019 -1.78253 0 0 0 0.00298247 0.999996
105.144 224.037 -1.78415 0 0 0 0.00401159 0.999992
105.248 225.052 -1.79413 0 0 0 0.00519251 0.999987
105.352 226.093 -1.78961 0 0 0 0.00617281 0.999981
105.456 227.006 -1.77417 0 0 0 0.00725384 0.999974
105.56 227.863 -1.74866 0 0 0 0.00764841 0.999971
105.663 228.822 -1.74362 0 0 0 0.0089885 0.99996
105.767 229.614 -1.73209 0 0 0 0.00993901 0.999951
105.871 230.426 -1.72714 0 0 0 0.0107052 0.999943
105.975 231.264 -1.70276 0 0 0 0.0107836 0.999942
106.079 231.969 -1.69656 0 0 0 0.0116159 0.999933
106.183 232.766 -1.68924 0 0 0 0.0100517 0.999949
106.287 233.521 -1.66992 0 0 0 0.00834107 0.999965
106.391 234.304 -1.65714 0 0 0 0.00730124 0.999973
106.495 235.077 -1.64993 0 0 0 0.00349787 0.999994
106.599 235.823 -1.64301 0 0 0 0.00143586 0.999999
106.703 236.56 -1.63174 0 0 0 -0.000962647 1
106.807 237.3 -1.64111 0 0 0 -0.00397911 0.999992
106.911 238.06 -1.64178 0 0 0 -0.00567591 0.999984
107.015 238.87 -1.66702 0 0 0 -0.00729617 0.999973
107.119 239.589 -1.70239 0 0 0 -0.00801784 0.999968
107.223 240.301 -1.75925 0 0 0 -0.0111772 0.999938
107.327 241.12 -1.80615 0 0 0 -0.0129864 0.999916
107.431 241.875 -1.84183 0 0 0 -0.013206 0.999913
107.535 242.546 -1.84293 0 0 0 -0.0146686 0.999892
107.639 243.311 -1.88736 0 0 0 -0.0151625 0.999885
107.743 244.05 -1.88678 0 0 0 -0.0131836 0.999913
107.847 244.791 -1.92859 0 0 0 -0.0140628 0.999901
107.951 245.517 -1.94916 0 0 0 -0.0141968 0.999899
108.055 246.293 -1.9711 0 0 0 -0.0139138 0.999903
108.159 247.021 -1.9729 0 0 0 -0.0133564 0.999911
108.263 247.795 -2.0025 0 0 0 -0.0138862 0.999904
108.367 248.572 -2.0022 0 0 0 -0.0131598 0.999913
108.471 249.415 -2.04025 0 0 0 -0.014532 0.999894
108.575 250.181 -2.02225 0 0 0 -0.0154657 0.99988
108.679 250.941 -2.05432 0 0 0 -0.0172031 0.999852
108.783 251.754 -2.0903 0 0 0 -0.0159611 0.999873
108.887 252.563 -2.12381 0 0 0 -0.0192646 0.999814
108.991 253.373 -2.16565 0 0 0 -0.0204219 0.999791
109.095 254.095 -2.21295 0 0 0 -0.0214328 0.99977
109.199 254.935 -2.24637 0 0 0 -0.0219718 0.999759
109.303 255.712 -2.25729 0 0 0 -0.0234188 0.999726
109.407 256.612 -2.29971 0 0 0 -0.025666 0.999671
109.511 257.393 -2.33881 0 0 0 -0.0261245 0.999659
109.615 258.256 -2.3873 0 0 0 -0.0269599 0.999637
109.719 259.098 -2.43515 0 0 0 -0.0277869 0.999614
109.823 259.994 -2.50363 0 0 0 -0.0272549 0.999629
109.927 260.892 -2.57571 0 0 0 -0.0285974 0.999591
110.031 261.752 -2.61688 0 0 0 -0.0291961 0.999574
110.135 262.586 -2.65811 0 0 0 -0.0310532 0.999518
110.239 263.481 -2.73465 0 0 0 -0.0309822 0.99952
110.343 264.422 -2.81729 0 0 0 -0.0300116 0.99955
110.447 265.324 -2.86362 0 0 0 -0.0307921 0.999526
110.551 266.232 -2.93909 0 0 0 -0.0304739 0.999536
110.655 267.183 -3.00735 0 0 0 -0.0319416 0.99949
110.759 268.104 -3.05756 0 0 0 -0.032218 0.999481
110.863 269.088 -3.15634 0 0 0 -0.0311567 0.999515
110.967 269.905 -3.20795 0 0 0 -0.030375 0.999539
111.071 270.937 -3.27527 0 0 0 -0.028682 0.999589
111.175 271.884 -3.32632 0 0 0 -0.0266729 0.999644
111.279 272.796 -3.37762 0 0 0 -0.0249767 0.999688
111.383 273.746 -3.4324 0 0 0 -0.0243694 0.999703
111.487 274.663 -3.46445 0 0 0 -0.0231435 0.999732
111.591 275.616 -3.54315 0 0 0 -0.0221422 0.999755
111.695 276.565 -3.56357 0 0 0 -0.0209644 0.99978
111.799 277.469 -3.60696 0 0 0 -0.0186136 0.999827
111.903 278.419 -3.65405 0 0 0 -0.0173204 0.99985
112.007 279.318 -3.66266 0 0 0 -0.01547 0.99988
112.111 280.229 -3.69547 0 0 0 -0.0156312 0.999878
112.215 281.137 -3.71875 0 0 0 -0.0143894 0.999896
112.319 282.069 -3.72385 0 0 0 -0.0111968 0.999937
112.423 282.997 -3.74402 0 0 0 -0.0096848 0.999953
112.527 283.841 -3.77579 0 0 0 -0.0109288 0.99994
112.631 284.727 -3.78366 0 0 0 -0.0104625 0.999945
112.735 285.518 -3.84161 0 0 0 -0.0111427 0.999938
112.839 286.318 -3.83838 0 0 0 -0.0116819 0.999932
112.943 287.134 -3.85217 0 0 0 -0.0104441 0.999945
113.047 287.956 -3.87497 0 0 0 -0.00870113 0.999962
113.151 288.772 -3.89218 0 0 0 -0.0105078 0.999945
113.255 289.514 -3.91611 0 0 0 -0.0128012 0.999918
113.359 290.361 -3.93549 0 0 0 -0.013077 0.999914
113.463 291.142 -4.01141 0 0 0 -0.0149027 0.999889
113.567 291.939 -4.02597 0 0 0 -0.0149379 0.999888
113.671 292.743 -4.06171 0 0 0 -0.0166114 0.999862
113.775 293.524 -4.10132 0 0 0 -0.017123 0.999853
113.879 294.295 -4.14774 0 0 0 -0.0167094 0.99986
113.982 295.13 -4.14697 0 0 0 -0.0149418 0.999888
114.086 295.923 -4.19315 0 0 0 -0.0148378 0.99989
114.19 296.74 -4.20267 0 0 0 -0.013663 0.999907
