0.311634 3.57563 0.0418032 0.0841063 -0.500951 0.498854 -0.500121 0.500072
0.415494 4.76729 0.0557354 0.112136 -0.501267 0.498471 -0.500161 0.500096
0.519644 5.96228 0.0697067 0.140244 -0.501584 0.498087 -0.500202 0.50012
0.623401 7.15277 0.0836255 0.168246 -0.5019 0.497705 -0.500242 0.500144
0.727346 8.3454 0.0975696 0.196298 -0.502215 0.497322 -0.500282 0.500169
0.83118 9.53676 0.111499 0.224319 -0.502531 0.496939 -0.500322 0.500193
0.935031 10.7283 0.125431 0.252345 -0.502845 0.496555 -0.500363 0.500217
1.03888 11.9198 0.139362 0.28037 -0.50316 0.496172 -0.500403 0.500241
1.14277 13.1119 0.1533 0.308407 -0.503474 0.495788 -0.500443 0.500265
1.24664 14.3035 0.167141 0.336295 -0.503752 0.495453 -0.500451 0.500309
1.35055 15.4966 0.181814 0.365424 -0.504348 0.494685 -0.50074 0.500179
1.45441 16.6876 0.195073 0.392444 -0.504406 0.494655 -0.500546 0.500345
1.55829 17.881 0.208176 0.419151 -0.504494 0.494731 -0.500172 0.500554
1.66216 19.0766 0.222069 0.445081 -0.504632 0.494794 -0.499865 0.50066
1.76606 20.2702 0.237295 0.471514 -0.504632 0.494329 -0.499982 0.501003
1.87009 21.4647 0.253156 0.497782 -0.504429 0.494009 -0.500055 0.501449
1.97392 22.6588 0.270764 0.524744 -0.50493 0.493802 -0.499852 0.501351
2.07787 23.853 0.288791 0.55273 -0.505201 0.493593 -0.499697 0.501439
2.18176 25.0468 0.307115 0.581233 -0.505236 0.493169 -0.499662 0.501855
2.28565 26.2431 0.327351 0.606984 -0.505591 0.492977 -0.499435 0.501913
2.38963 27.4417 0.347249 0.632943 -0.506094 0.493561 -0.498494 0.501767
2.49349 28.6371 0.367799 0.656564 -0.506208 0.493548 -0.498055 0.5021
2.59736 29.8283 0.389214 0.682426 -0.505912 0.493155 -0.498042 0.502798
2.70144 31.0279 0.411276 0.70872 -0.505828 0.492835 -0.497864 0.503372
2.8061 32.2319 0.435716 0.735647 -0.506114 0.49254 -0.49778 0.503456
2.90934 33.4202 0.459653 0.763253 -0.506299 0.492632 -0.497356 0.503599
3.01314 34.6148 0.484698 0.791595 -0.506463 0.492596 -0.497066 0.503756
3.11713 35.8126 0.509819 0.818272 -0.506417 0.492682 -0.496732 0.504047
3.221 37.0093 0.536706 0.845783 -0.50658 0.492513 -0.4966 0.504178
3.32499 38.2069 0.562741 0.873468 -0.506538 0.492809 -0.496203 0.504322
3.42899 39.4055 0.590462 0.900111 -0.506847 0.493103 -0.495955 0.503969
3.53306 40.6024 0.61817 0.926858 -0.50716 0.493259 -0.495872 0.503582
3.63688 41.7987 0.646632 0.953129 -0.50724 0.492966 -0.496191 0.503475
3.74087 42.9959 0.675668 0.977631 -0.507394 0.492759 -0.49645 0.503267
3.84487 44.1956 0.708016 1.00041 -0.508384 0.492501 -0.496935 0.50204
3.94887 45.3956 0.735861 1.02036 -0.508831 0.493621 -0.496616 0.500801
4.05274 46.5961 0.761728 1.03744 0.509216 -0.494606 0.496505 -0.499547
4.15675 47.8015 0.784447 1.05121 0.509665 -0.495805 0.496187 -0.498214
4.26074 49.0045 0.80502 1.06409 0.509789 -0.496738 0.495902 -0.497441
4.36462 50.2035 0.822002 1.07385 0.508584 -0.497103 0.49629 -0.497923
4.46862 51.4046 0.84029 1.08531 0.507867 -0.496672 0.497263 -0.498114
4.57262 52.6058 0.859463 1.09829 0.507906 -0.49654 0.4978 -0.497669
4.67649 53.8112 0.875378 1.11264 0.507538 -0.496681 0.497686 -0.498017
4.78037 55.0152 0.892873 1.12788 0.507377 -0.496487 0.497514 -0.498547
4.88424 56.2203 0.91186 1.14315 0.507785 -0.496046 0.497182 -0.498901
4.98812 57.4278 0.933231 1.16069 0.508546 -0.496036 0.496417 -0.498899
5.09199 58.6326 0.956215 1.17566 0.508877 -0.495889 0.496076 -0.499046
5.19599 59.8386 0.981436 1.19028 0.509257 -0.495371 0.496169 -0.499081
5.2999 61.0421 1.00672 1.2056 0.5095 -0.495062 0.496117 -0.499191
5.40375 62.2456 1.03113 1.22132 0.509246 -0.495044 0.496053 -0.499531
5.50776 63.4475 1.05386 1.23748 -0.508737 0.495072 -0.495925 0.500149
5.61162 64.6476 1.07847 1.2517 -0.50895 0.495324 -0.495494 0.50011
5.71549 65.8504 1.10319 1.2671 0.509546 -0.495815 0.494878 -0.499626
5.81951 67.0476 1.12954 1.28111 0.509372 -0.495266 0.49528 -0.499949
5.92337 68.2411 1.15768 1.29392 -0.509346 0.494442 -0.496068 0.50001
6.02739 69.4353 1.18693 1.30942 0.50994 -0.493913 0.496547 -0.499452
6.13126 70.6262 1.21532 1.32468 0.510435 -0.493533 0.496949 -0.498922
6.23524 71.816 1.24323 1.33946 0.510909 -0.493284 0.497294 -0.498339
6.33912 73.0022 1.26857 1.35574 0.511001 -0.493657 0.497404 -0.497765
6.44312 74.1875 1.29284 1.37147 0.511049 -0.493899 0.498191 -0.496688
6.54712 75.3655 1.31025 1.39013 0.510063 -0.494521 0.498907 -0.496364
6.65112 76.5408 1.32014 1.40752 0.507248 -0.494611 0.500019 -0.498037
6.75512 77.7163 1.33092 1.42709 0.506355 -0.494661 0.5012 -0.497709
6.85912 78.8946 1.33795 1.4488 0.506429 -0.496535 0.50078 -0.496188
6.96312 80.0684 1.34094 1.46853 0.506114 -0.497825 0.501144 -0.494847
7.06712 81.2345 1.34229 1.48583 0.504671 -0.49816 0.502811 -0.494292
7.17112 82.3991 1.33565 1.5061 0.502945 -0.498614 0.504097 -0.494285
7.27512 83.558 1.32387 1.53031 0.500779 -0.49885 0.505554 -0.494757
7.37912 84.7175 1.30927 1.55547 0.499468 -0.499615 0.506427 -0.494417
7.48312 85.877 1.29299 1.58059 0.498989 -0.501041 0.506801 -0.493072
7.58712 87.0311 1.27312 1.60507 0.498529 -0.501945 0.507793 -0.491595
7.69112 88.1838 1.24713 1.63067 0.496938 -0.502369 0.509191 -0.491328
7.79514 89.3334 1.21667 1.65616 0.495375 -0.502629 0.510555 -0.491224
7.89912 90.4834 1.18274 1.68316 0.494471 -0.503319 0.511473 -0.490473
8.00312 91.6366 1.14413 1.71042 0.493718 -0.504666 0.511541 -0.489775
8.10712 92.7913 1.10175 1.73609 0.493157 -0.505868 0.511713 -0.48892
8.21113 93.9471 1.05602 1.76065 0.492726 -0.507204 0.511728 -0.487955
8.31512 95.1026 1.00612 1.78507 0.492115 -0.508369 0.511763 -0.487321
8.41912 96.2554 0.953966 1.80954 0.490657 -0.50872 0.51253 -0.487619
8.52312 97.4132 0.89754 1.83487 0.488809 -0.508747 0.51358 -0.488341
8.62714 98.5722 0.841003 1.86192 0.487561 -0.508396 0.514935 -0.488527
8.73112 99.7397 0.782045 1.89164 0.486917 -0.508508 0.515616 -0.488337
8.83512 100.914 0.723357 1.92246 0.486935 -0.508792 0.515627 -0.488009
8.93912 102.095 0.665532 1.95303 0.487695 -0.509052 0.515004 -0.487638
9.04312 103.279 0.607718 1.98309 0.488291 -0.509283 0.514107 -0.487747
9.14713 104.47 0.550572 2.01288 0.48904 -0.508881 0.513531 -0.488022
9.25113 105.668 0.497748 2.04112 0.489858 -0.508387 0.512822 -0.488461
9.355 106.867 0.448327 2.06974 0.490769 -0.507503 0.512186 -0.489134
9.459 108.072 0.405377 2.09828 0.492017 -0.506142 0.5117 -0.489799
9.563 109.279 0.365108 2.127 0.493098 -0.505193 0.510727 -0.490706
9.66689 110.492 0.329075 2.15685 0.494572 -0.50431 0.509617 -0.491285
9.77088 111.707 0.298528 2.18566 0.495924 -0.503399 0.508394 -0.492123
9.87475 112.924 0.272672 2.2134 0.497278 -0.502445 0.507146 -0.493019
9.97877 114.143 0.253779 2.24014 0.498631 -0.50121 0.506005 -0.49408
10.0828 115.363 0.241552 2.2678 0.500085 -0.499779 0.504979 -0.495108
10.1866 116.586 0.234072 2.29683 0.501388 -0.498345 0.503942 -0.496292
10.2906 117.812 0.232571 2.32757 0.502626 -0.496815 0.503147 -0.497378
10.3946 119.04 0.237293 2.358 0.50393 -0.495355 0.502755 -0.497912
10.4986 120.271 0.246444 2.38815 0.50509 -0.494283 0.502757 -0.497799
10.6026 121.501 0.256232 2.41742 0.505496 -0.49373 0.502821 -0.497871
10.7067 122.742 0.269679 2.44463 0.506397 -0.493024 0.502975 -0.4975
10.8108 123.983 0.283572 2.4715 0.507287 -0.492709 0.50278 -0.497102
10.9148 125.224 0.297015 2.49892 0.507477 -0.492501 0.502608 -0.497288
11.0188 126.47 0.316815 2.52162 0.50892 -0.491882 0.502777 -0.496254
11.1228 127.72 0.336076 2.54329 0.5102 -0.492048 0.502291 -0.495265
11.2268 128.97 0.353204 2.5613 0.510267 -0.492241 0.501713 -0.495591
11.3308 130.22 0.370442 2.57812 0.50985 -0.491706 0.501989 -0.496271
11.4346 131.476 0.384545 2.59617 0.509537 -0.492388 0.500953 -0.496963
11.5386 132.734 0.397623 2.61481 0.509695 -0.493209 0.499619 -0.497329
11.6426 133.996 0.413373 2.63136 0.509546 -0.494302 0.498377 -0.497644
11.7466 135.259 0.429912 2.64614 0.509647 -0.495126 0.497392 -0.497707
11.8506 136.523 0.443887 2.66006 0.508053 -0.49576 0.49682 -0.499274
11.9546 137.79 0.457056 2.67599 -0.506978 0.495997 -0.496577 0.500372
12.0585 139.057 0.472057 2.69321 -0.506531 0.496434 -0.496234 0.500731
12.1625 140.331 0.490815 2.71132 -0.506556 0.496618 -0.496186 0.500571
12.2665 141.606 0.509951 2.72813 0.506916 -0.497144 0.496006 -0.499862
12.3704 142.88 0.531657 2.74413 0.507828 -0.497096 0.496394 -0.498598
12.4744 144.153 0.550146 2.75953 0.507504 -0.497022 0.49676 -0.498637
12.5784 145.424 0.568107 2.77535 0.506827 -0.496399 0.497597 -0.49911
12.6823 146.694 0.586224 2.79483 0.506246 -0.495949 0.498265 -0.499482
12.7863 147.961 0.601569 2.81886 -0.504838 0.495303 -0.499044 0.500768
12.8903 149.227 0.618401 2.84455 -0.503861 0.494534 -0.500069 0.501488
12.9941 150.492 0.634443 2.87506 -0.503477 0.494357 -0.500332 0.501786
13.0981 151.756 0.649286 2.90876 -0.503554 0.494474 -0.500169 0.501757
13.2021 153.025 0.666905 2.93972 -0.503792 0.494408 -0.500252 0.5015
13.306 154.288 0.684174 2.96991 -0.504359 0.494447 -0.500088 0.501055
13.41 155.553 0.703475 2.99762 -0.504681 0.494407 -0.499999 0.500859
13.514 156.817 0.721231 3.02488 -0.504819 0.494141 -0.499993 0.500988
13.6179 158.078 0.740134 3.05171 -0.505102 0.493943 -0.499868 0.501023
13.7219 159.342 0.75814 3.07934 -0.505409 0.494187 -0.49928 0.501059
13.8258 160.604 0.778517 3.10733 -0.505866 0.49388 -0.499252 0.500928
13.9298 161.864 0.798967 3.13526 -0.505855 0.493419 -0.499406 0.50124
14.0337 163.126 0.821014 3.16234 -0.505896 0.492824 -0.499587 0.501604
14.1377 164.39 0.844849 3.19122 -0.50626 0.492461 -0.499639 0.501542
14.2416 165.652 0.867607 3.22184 -0.506175 0.492204 -0.499565 0.501953
14.3456 166.914 0.891591 3.25233 -0.50614 0.491633 -0.499728 0.502386
14.4496 168.176 0.915926 3.28271 -0.506376 0.491473 -0.499576 0.502455
14.5536 169.441 0.941804 3.31395 -0.506996 0.491561 -0.499122 0.502195
14.6575 170.705 0.968255 3.3446 -0.507315 0.491473 -0.498835 0.502245
14.7615 171.971 0.99577 3.37385 -0.507639 0.491295 -0.498688 0.502238
14.8654 173.234 1.02432 3.40245 -0.508015 0.491093 -0.498524 0.502218
14.9694 174.498 1.05365 3.43193 -0.508022 0.490691 -0.498622 0.502506
15.0732 175.759 1.08317 3.46124 -0.508218 0.490149 -0.498939 0.502522
15.1772 177.026 1.11196 3.49193 -0.508496 0.490125 -0.498756 0.502446
15.2813 178.289 1.14094 3.52353 -0.508337 0.489832 -0.49888 0.50277
15.3851 179.549 1.1675 3.55545 -0.507563 0.48967 -0.499008 0.503582
15.4891 180.811 1.19338 3.58708 -0.506991 0.490432 -0.49811 0.504305
15.5931 182.072 1.22091 3.61722 -0.507854 0.491189 -0.4972 0.503596
15.697 183.337 1.24982 3.64469 -0.509104 0.492518 -0.49581 0.502406
15.801 184.593 1.28027 3.66913 -0.509045 0.492191 -0.496039 0.50256
15.905 185.843 1.31192 3.69421 -0.508627 0.491057 -0.497301 0.502845
16.009 187.092 1.34277 3.72236 -0.508221 0.490351 -0.497859 0.503392
16.1129 188.339 1.37147 3.75266 -0.508181 0.490436 -0.497688 0.503519
16.2169 189.586 1.40087 3.78186 -0.508582 0.490859 -0.497301 0.503084
16.3209 190.831 1.42991 3.81104 -0.509062 0.491377 -0.496861 0.502528
16.4249 192.07 1.45692 3.83975 -0.509 0.491922 -0.496625 0.50229
16.5289 193.303 1.48235 3.86886 -0.508563 0.492133 -0.49709 0.502066
16.6329 194.534 1.50439 3.89757 -0.507459 0.492406 -0.497519 0.50249
16.7368 195.761 1.52543 3.92931 -0.506782 0.492377 -0.498183 0.502545
16.8408 196.982 1.54334 3.96212 -0.506022 0.492741 -0.498504 0.502634
16.9448 198.199 1.56131 3.99452 -0.505964 0.49324 -0.498631 0.502078
17.0488 199.411 1.57734 4.02538 -0.506044 0.494175 -0.498394 0.501312
17.1528 200.619 1.59323 4.05572 -0.506034 0.494396 -0.498755 0.500744
17.2568 201.821 1.60705 4.08451 -0.505666 0.494676 -0.499024 0.500573
17.3608 203.016 1.61957 4.11261 -0.50559 0.494905 -0.499293 0.500154
17.4648 204.203 1.62986 4.14217 0.505482 -0.495227 0.499533 -0.499705
17.5688 205.382 1.6397 4.16899 0.505203 -0.495338 0.499808 -0.499601
17.6728 206.553 1.64907 4.19622 0.505019 -0.495579 0.500017 -0.499339
17.7768 207.709 1.65597 4.22353 0.504628 -0.49606 0.499822 -0.499453
17.8806 208.852 1.66316 4.25023 0.504679 -0.496304 0.499688 -0.499294
17.9846 209.982 1.67052 4.27705 0.504983 -0.496691 0.499142 -0.499147
18.0886 211.094 1.68092 4.30181 0.505206 -0.496448 0.499038 -0.499267
18.1926 212.191 1.69261 4.32686 0.505123 -0.496038 0.499262 -0.499535
18.2966 213.275 1.70539 4.35161 0.505085 -0.495627 0.499454 -0.499789
18.4006 214.345 1.71766 4.3768 0.505159 -0.495455 0.499346 -0.499992
18.5046 215.405 1.73064 4.40208 -0.505317 0.495332 -0.498909 0.500391
18.6085 216.448 1.74418 4.42687 -0.505803 0.495217 -0.498224 0.500695
18.7125 217.485 1.7581 4.45045 -0.506391 0.495354 -0.497098 0.501086
18.8165 218.508 1.77596 4.47251 -0.507529 0.495283 -0.496051 0.501041
18.9205 219.511 1.79655 4.49424 -0.508166 0.494697 -0.495505 0.501515
19.0246 220.495 1.82019 4.51313 -0.508764 0.493768 -0.495079 0.502244
19.1286 221.461 1.84453 4.53245 -0.509468 0.493069 -0.494394 0.502891
19.2326 222.403 1.8716 4.5533 -0.510475 0.492371 -0.493644 0.503291
19.3365 223.323 1.9005 4.57435 -0.511293 0.491521 -0.492977 0.503944
19.4405 224.219 1.93108 4.59419 -0.511864 0.490587 -0.492357 0.50488
19.5446 225.093 1.96323 4.61387 -0.512491 0.489703 -0.491599 0.50584
19.6486 225.946 1.99932 4.63434 -0.513497 0.488555 -0.491158 0.506358
19.7526 226.776 2.03611 4.65549 -0.514088 0.487499 -0.490684 0.507235
19.8566 227.589 2.07606 4.67414 -0.515166 0.48643 -0.490539 0.507307
19.9608 228.382 2.11395 4.69229 -0.515608 0.486061 -0.490485 0.507265
20.0649 229.159 2.14943 4.71057 -0.515855 0.486396 -0.490257 0.506912
20.1689 229.917 2.18284 4.72895 -0.51596 0.486714 -0.490195 0.50656
20.273 230.658 2.21517 4.74656 -0.515697 0.486702 -0.490369 0.506671
20.377 231.388 2.24791 4.76245 -0.51526 0.486175 -0.491065 0.506947
20.4811 232.116 2.27881 4.77892 -0.514527 0.485829 -0.491841 0.507272
20.5853 232.838 2.30914 4.79565 -0.513924 0.485766 -0.492483 0.507321
20.6893 233.56 2.33855 4.81318 -0.513624 0.485838 -0.493163 0.506895
20.7934 234.278 2.3648 4.83053 -0.513008 0.486353 -0.493516 0.506681
20.8975 234.992 2.38958 4.84796 -0.512511 0.486873 -0.493939 0.506272
21.0015 235.702 2.41471 4.86487 -0.512013 0.487359 -0.494494 0.505766
21.1056 236.408 2.43716 4.88158 -0.511366 0.48789 -0.495035 0.505379
21.2096 237.112 2.45827 4.89692 -0.51075 0.488659 -0.495728 0.504579
21.3138 237.811 2.47522 4.91213 -0.509867 0.489845 -0.496176 0.503882
21.4178 238.508 2.48924 4.92965 -0.509016 0.490965 -0.496525 0.503308
21.5219 239.2 2.50154 4.94755 -0.508258 0.491848 -0.497161 0.502584
21.626 239.888 2.51195 4.96556 -0.507357 0.492621 -0.497884 0.502021
21.73 240.575 2.52029 4.98174 -0.506477 0.493287 -0.49867 0.501475
21.8341 241.264 2.5282 4.99821 -0.505752 0.493556 -0.499885 0.500731
21.9383 241.957 2.53435 5.01566 -0.504851 0.494128 -0.500755 0.500207
22.0423 242.654 2.53835 5.03204 0.504378 -0.495061 0.501251 -0.499264
22.1464 243.356 2.54339 5.04817 0.504032 -0.495743 0.501857 -0.498328
22.2505 244.059 2.5456 5.06428 0.503351 -0.496345 0.502409 -0.49786
22.3545 244.763 2.54685 5.0803 0.502434 -0.496657 0.503245 -0.49763
22.4587 245.471 2.54662 5.09478 0.501398 -0.496395 0.504369 -0.497799
22.5628 246.186 2.54558 5.10904 0.500589 -0.496431 0.504811 -0.49813
22.6668 246.908 2.54373 5.12614 0.500315 -0.496288 0.505046 -0.49831
22.7708 247.636 2.54206 5.14519 0.500026 -0.496466 0.504956 -0.498513
22.8748 248.37 2.5419 5.16459 0.500164 -0.496237 0.505271 -0.498283
22.9789 249.111 2.5422 5.18538 0.500121 -0.49593 0.505727 -0.498169
23.0829 249.857 2.54094 5.20598 0.499398 -0.495654 0.506108 -0.498782
23.1869 250.61 2.5354 5.22737 -0.497911 0.496238 -0.505713 0.500087
23.2909 251.371 2.52926 5.2463 -0.496766 0.496904 -0.505208 0.501073
23.395 252.145 2.52947 5.26387 0.497794 -0.497424 0.504993 -0.499753
23.499 252.929 2.53441 5.28296 0.50025 -0.498015 0.504733 -0.496966
23.603 253.716 2.53173 5.30022 0.501154 -0.499465 0.503708 -0.495639
23.7072 254.511 2.52283 5.31615 0.499832 -0.499826 0.504291 -0.496017
23.8111 255.306 2.5169 5.32879 0.497514 -0.498942 0.507135 -0.496337
23.9153 256.112 2.50891 5.34529 0.49589 -0.498248 0.509774 -0.495956
24.0193 256.93 2.49585 5.36441 0.495477 -0.498717 0.510893 -0.494744
24.1233 257.758 2.47644 5.38578 0.494974 -0.500503 0.510723 -0.493619
24.2274 258.593 2.45191 5.40687 0.494274 -0.502766 0.509911 -0.492859
24.3314 259.43 2.42627 5.42505 0.493422 -0.504491 0.50952 -0.492355
24.4355 260.268 2.40183 5.44529 0.4927 -0.505467 0.510109 -0.491465
24.5395 261.103 2.37745 5.46745 0.492106 -0.50505 0.511779 -0.490753
24.6436 261.94 2.34791 5.48851 0.491025 -0.504943 0.51304 -0.490629
24.7476 262.779 2.31559 5.50957 0.490338 -0.505401 0.513855 -0.489991
24.8518 263.621 2.28274 5.5333 0.490314 -0.506368 0.514318 -0.488529
24.9558 264.463 2.24929 5.55758 0.490352 -0.507278 0.51502 -0.486804
25.0598 265.303 2.21167 5.58017 0.489793 -0.507831 0.515817 -0.485946
25.1638 266.146 2.16903 5.60156 0.488882 -0.508327 0.516617 -0.485495
25.2678 266.989 2.1206 5.62275 0.487714 -0.509265 0.516946 -0.485336
25.3718 267.835 2.07093 5.64239 0.486625 -0.51058 0.516518 -0.485504
25.4758 268.682 2.02015 5.66231 0.486046 -0.511189 0.516352 -0.485618
25.5798 269.529 1.97234 5.68395 0.485702 -0.511512 0.516312 -0.485666
25.6838 270.382 1.92383 5.70592 0.48556 -0.511685 0.516387 -0.485545
25.7876 271.234 1.87569 5.72699 0.485672 -0.511791 0.51627 -0.485446
25.8916 272.089 1.82945 5.75015 0.486108 -0.511671 0.516126 -0.485289
25.9955 272.943 1.78334 5.77311 0.486115 -0.51131 0.515942 -0.485858
26.0995 273.795 1.7412 5.79381 0.486336 -0.510683 0.515795 -0.486453
26.2035 274.651 1.70085 5.81491 0.486711 -0.50986 0.515821 -0.486913
26.3074 275.504 1.66066 5.83588 0.48733 -0.509216 0.515767 -0.487025
26.4114 276.354 1.62267 5.85824 0.487994 -0.508521 0.515683 -0.487175
26.5153 277.204 1.58558 5.87971 0.488804 -0.507972 0.515148 -0.487501
26.6193 278.052 1.55063 5.90115 0.489837 -0.507704 0.514073 -0.487879
26.7231 278.897 1.51786 5.9219 0.491129 -0.507609 0.512157 -0.488693
26.8271 279.735 1.48931 5.94192 0.492548 -0.507238 0.510204 -0.489692
26.9311 280.569 1.46624 5.96075 0.493989 -0.506534 0.508567 -0.49067
27.0351 281.39 1.44776 5.97802 0.495236 -0.505619 0.507148 -0.491825
27.1391 282.203 1.4319 5.99441 0.496437 -0.504794 0.505731 -0.492919
27.2433 283.004 1.41905 6.01085 0.497421 -0.503943 0.504263 -0.4943
27.3473 283.788 1.41209 6.02669 0.498288 -0.502949 0.503209 -0.495512
27.4514 284.555 1.41125 6.04017 0.499368 -0.501832 0.50235 -0.496428
27.5554 285.305 1.41432 6.05399 0.500431 -0.500814 0.501457 -0.497287
27.6594 286.036 1.41778 6.06917 0.501355 -0.499968 0.50041 -0.498262
27.7634 286.744 1.42342 6.08512 0.502001 -0.498949 0.499327 -0.499718
27.8674 287.433 1.43582 6.10138 -0.503166 0.497072 -0.498729 0.501011
27.9714 288.1 1.45444 6.11745 -0.504672 0.494607 -0.498017 0.502642
28.0754 288.751 1.47765 6.13261 -0.506467 0.491875 -0.496622 0.504893
28.1793 289.389 1.50637 6.1494 -0.508727 0.48904 -0.494248 0.507696
28.2833 290.017 1.54562 6.16704 -0.512051 0.48544 -0.491026 0.510926
28.387 290.628 1.59716 6.18245 -0.516479 0.481219 -0.486859 0.514438
28.4909 291.23 1.66504 6.19696 -0.522048 0.47564 -0.482269 0.518314
28.5948 291.806 1.74238 6.2102 -0.527786 0.469326 -0.476874 0.523227
28.6985 292.379 1.83449 6.22425 -0.534075 0.462233 -0.47059 0.52882
28.8023 292.937 1.94299 6.23701 -0.540969 0.454494 -0.463491 0.534756
28.906 293.468 2.068 6.24785 -0.548545 0.446124 -0.455284 0.541099
29.0098 293.998 2.20954 6.25767 -0.556566 0.437276 -0.44544 0.548277
29.1135 294.512 2.3679 6.27107 -0.565053 0.427493 -0.434781 0.555816
29.2173 294.988 2.54338 6.28527 -0.574157 0.416912 -0.423588 0.563117
29.321 295.467 2.73939 6.29763 -0.583453 0.40555 -0.411754 0.570588
29.4246 295.902 2.94905 6.30794 -0.592533 0.393732 -0.399127 0.578426
29.5284 296.349 3.17854 6.3146 -0.601424 0.381458 -0.385698 0.586529
29.6322 296.783 3.42557 6.32098 -0.610243 0.368228 -0.371538 0.594955
29.7358 297.164 3.68733 6.32823 -0.619059 0.354249 -0.356454 0.603501
29.8395 297.563 3.96896 6.33276 -0.627786 0.339742 -0.340411 0.61203
29.9433 297.944 4.26856 6.33699 -0.636698 0.324329 -0.323721 0.620186
30.0471 298.262 4.58632 6.33944 -0.645488 0.307478 -0.307237 0.62802
30.1509 298.6 4.92265 6.34518 -0.653512 0.290567 -0.289285 0.636244
30.2546 298.869 5.27032 6.34781 -0.661673 0.273555 -0.26962 0.643942
30.3584 299.167 5.63558 6.34398 -0.669973 0.256321 -0.247744 0.651199
30.462 299.434 6.01439 6.33996 -0.678033 0.237232 -0.225564 0.658114
30.5658 299.609 6.40439 6.33231 -0.686077 0.216003 -0.204348 0.663991
30.6695 299.805 6.80887 6.33128 -0.694101 0.193164 -0.184653 0.668442
30.7734 299.975 7.2164 6.3261 -0.70091 0.170446 -0.1643 0.672814
30.8771 300.062 7.62009 6.31563 -0.706365 0.148304 -0.142912 0.677223
30.9809 300.181 8.02723 6.30458 -0.711207 0.127003 -0.121005 0.680744
31.0848 300.22 8.43615 6.29231 -0.715766 0.106103 -0.0988301 0.683121
31.1886 300.287 8.84975 6.28289 -0.719851 0.0849337 -0.0769417 0.684603
31.2924 300.329 9.27029 6.27121 -0.723095 0.0633934 -0.054077 0.685704
31.3963 300.284 9.69619 6.25696 -0.725805 0.0403897 -0.0316325 0.685984
31.5002 300.271 10.1361 6.24255 -0.728275 0.0177197 -0.00837387 0.685004
31.6039 300.229 10.5813 6.22432 -0.730465 -0.00549788 0.0150708 0.682762
31.7078 300.097 11.0311 6.19953 -0.731876 -0.0291087 0.0390361 0.679696
31.8116 299.994 11.4879 6.1783 -0.732372 -0.0528454 0.0627439 0.675945
31.9155 299.798 11.9432 6.15018 -0.731967 -0.0758748 0.0867816 0.671518
32.0194 299.633 12.4029 6.12353 -0.730287 -0.098563 0.110699 0.666867
32.1233 299.434 12.8598 6.09478 -0.727236 -0.120794 0.133963 0.662262
32.2273 299.143 13.3109 6.06377 -0.722952 -0.14248 0.156805 0.657611
32.3313 298.874 13.7634 6.02836 -0.71793 -0.163524 0.178465 0.652677
32.4354 298.522 14.2125 5.98976 -0.712515 -0.18373 0.199135 0.647234
32.5395 298.181 14.6631 5.95012 -0.707001 -0.202481 0.218059 0.641561
32.6438 297.802 15.1162 5.91353 -0.701854 -0.219753 0.234962 0.635533
32.748 297.36 15.5692 5.87199 -0.6972 -0.23515 0.251729 0.628689
32.8521 296.918 16.0243 5.83093 -0.692753 -0.249651 0.270019 0.620369
32.9564 296.401 16.4706 5.78346 -0.687665 -0.264921 0.287797 0.611642
33.0605 295.877 16.9039 5.73774 -0.681347 -0.280277 0.304144 0.60391
33.1648 295.284 17.3224 5.69239 -0.673159 -0.295534 0.319295 0.597969
33.269 294.684 17.7292 5.6455 -0.664682 -0.309225 0.334482 0.592199
33.3731 294.047 18.1234 5.59632 -0.655644 -0.322918 0.348358 0.586943
33.4774 293.35 18.5053 5.55079 -0.647034 -0.335472 0.362225 0.581033
33.5816 292.636 18.872 5.50938 -0.639268 -0.348696 0.374505 0.574016
33.6858 291.862 19.2138 5.47294 -0.630716 -0.362359 0.386554 0.566983
33.79 291.079 19.5385 5.4355 -0.622394 -0.374649 0.399293 0.559311
33.8941 290.241 19.8455 5.39719 -0.614615 -0.386307 0.412363 0.550429
33.9983 289.391 20.1292 5.36469 -0.607134 -0.397231 0.425435 0.540926
34.1025 288.505 20.3818 5.33047 -0.599379 -0.409042 0.436569 0.531824
34.2066 287.568 20.6125 5.29613 -0.592045 -0.419252 0.448107 0.522408
34.3108 286.621 20.8116 5.265 -0.583907 -0.429895 0.458308 0.514
34.4149 285.632 20.9774 5.23189 -0.574811 -0.438716 0.468723 0.507365
34.519 284.63 21.1166 5.19823 -0.566149 -0.447216 0.478429 0.500578
34.6233 283.593 21.2269 5.16961 0.558614 0.455848 -0.486782 -0.49315
34.7274 282.521 21.307 5.1433 0.550935 0.464354 -0.494554 -0.486068
34.8317 281.431 21.3587 5.11824 0.543531 0.471941 -0.501987 -0.479432
34.9358 280.311 21.3836 5.09207 0.536927 0.478258 -0.509259 -0.4729
35.04 279.173 21.3772 5.06863 0.530365 0.48571 -0.514484 -0.467017
35.1441 278.008 21.3456 5.04425 0.52431 0.49211 -0.51978 -0.461254
35.2484 276.829 21.2898 5.02153 -0.518378 -0.497595 0.52441 0.456814
35.3526 275.639 21.2092 5.00136 -0.512424 -0.502177 0.528009 0.454364
35.4569 274.431 21.1119 4.98324 -0.507701 -0.506181 0.530163 0.452711
35.5613 273.207 21.0019 4.96544 -0.504853 -0.509648 0.530604 0.451489
35.6655 271.963 20.8862 4.94692 -0.503451 -0.511943 0.53024 0.450885
35.7698 270.705 20.7768 4.92746 -0.502503 -0.5121 0.530293 0.451702
35.8742 269.428 20.6659 4.90606 -0.502134 -0.51187 0.529624 0.453155
35.9783 268.136 20.5552 4.88341 -0.502829 -0.511674 0.528666 0.453723
36.0825 266.831 20.4476 4.86175 -0.503483 -0.511576 0.527537 0.454422
36.1866 265.51 20.3459 4.83852 -0.504528 -0.510937 0.526339 0.455371
36.2909 264.179 20.2497 4.8177 -0.505867 -0.510516 0.524277 0.456734
36.395 262.848 20.1563 4.79953 -0.507737 -0.509861 0.522202 0.457766
36.4991 261.517 20.0709 4.78028 -0.509347 -0.509177 0.520335 0.458864
36.6031 260.19 19.9933 4.76049 -0.510635 -0.508139 0.518954 0.460145
36.7073 258.85 19.9213 4.73861 -0.511506 -0.506996 0.517604 0.461955
36.8113 257.511 19.8553 4.71799 -0.512315 -0.505919 0.516038 0.463987
36.9153 256.17 19.7967 4.69629 -0.51336 -0.504606 0.514691 0.465754
37.0193 254.824 19.7459 4.67367 0.515162 0.504114 -0.512593 -0.46661
37.1233 253.475 19.7034 4.64839 0.517274 0.503632 -0.510688 -0.466883
37.2273 252.123 19.6682 4.61864 0.518612 0.502322 -0.509755 -0.46783
37.3312 250.773 19.6393 4.58676 0.519675 0.500922 -0.509287 -0.468659
37.4352 249.416 19.6137 4.55642 0.520355 0.499984 -0.508723 -0.469519
37.539 248.064 19.5903 4.52916 0.520271 0.498449 -0.508956 -0.470989
37.6429 246.706 19.5693 4.50137 0.520195 0.497307 -0.508917 -0.472321
37.7468 245.338 19.5513 4.47385 0.521069 0.49758 -0.507493 -0.472601
37.8505 243.97 19.538 4.445 0.522379 0.497419 -0.506682 -0.472195
37.9544 242.596 19.5267 4.41133 0.522565 0.497091 -0.506572 -0.472453
38.0582 241.222 19.5138 4.37826 0.523001 0.496824 -0.506733 -0.472079
38.162 239.839 19.5032 4.34609 0.52301 0.496815 -0.506852 -0.47195
38.2658 238.458 19.4932 4.317 0.522985 0.496076 -0.507762 -0.471777
38.3695 237.073 19.481 4.28645 0.522689 0.495459 -0.508748 -0.47169
38.4733 235.684 19.4667 4.25571 0.522932 0.495441 -0.509264 -0.470883
38.577 234.291 19.4501 4.2238 0.523655 0.496395 -0.508715 -0.469665
38.6808 232.893 19.4304 4.18669 0.523299 0.497179 -0.508511 -0.469455
38.7846 231.492 19.4066 4.15292 0.522952 0.497885 -0.508231 -0.469396
38.8884 230.091 19.3813 4.12114 0.522249 0.498464 -0.508062 -0.469748
38.9921 228.688 19.3556 4.09135 0.521595 0.498883 -0.507956 -0.470143
39.0959 227.283 19.3324 4.06108 0.521304 0.498556 -0.508404 -0.47033
39.1996 225.871 19.3094 4.0312 0.520791 0.49817 -0.508901 -0.47077
39.3034 224.454 19.2882 4.00341 0.521192 0.498056 -0.509025 -0.47031
39.4073 223.034 19.2653 3.97516 0.521294 0.498442 -0.508804 -0.470029
39.511 221.611 19.241 3.94556 0.52149 0.498628 -0.50867 -0.469759
39.6148 220.186 19.2149 3.91576 0.521399 0.499108 -0.508218 -0.46984
39.7185 218.757 19.1907 3.88454 0.521692 0.498883 -0.508321 -0.469641
39.8222 217.328 19.1647 3.85191 0.521107 0.498647 -0.508655 -0.470179
39.9259 215.891 19.1405 3.81669 0.521762 0.498512 -0.508793 -0.469447
40.0297 214.452 19.1149 3.78382 0.52224 0.498814 -0.508469 -0.468945
40.1334 213.011 19.084 3.74454 0.522168 0.4986 -0.508691 -0.469013
40.237 211.57 19.0532 3.70667 0.521635 0.497806 -0.509514 -0.469554
40.3408 210.124 19.0221 3.6702 0.521612 0.497626 -0.509631 -0.469643
40.4445 208.672 18.9904 3.63418 0.521725 0.498111 -0.509187 -0.469486
40.5483 207.219 18.9602 3.59675 0.521256 0.497528 -0.509789 -0.469971
40.652 205.758 18.9279 3.55915 0.52125 0.498072 -0.509336 -0.469893
40.7558 204.295 18.8961 3.52479 0.521659 0.498944 -0.508334 -0.469599
40.8595 202.832 18.8648 3.48764 0.521525 0.498926 -0.508332 -0.469769
40.9633 201.368 18.8371 3.45304 0.52173 0.498656 -0.508612 -0.469526
41.067 199.909 18.809 3.41917 0.521553 0.498321 -0.508987 -0.469671
41.1708 198.44 18.7808 3.38478 0.52231 0.498599 -0.508464 -0.4691
41.2745 196.976 18.7519 3.35064 0.52302 0.499261 -0.507403 -0.468754
41.3783 195.515 18.7236 3.31385 0.523109 0.499386 -0.506781 -0.469196
41.4822 194.056 18.6972 3.27644 0.523169 0.499253 -0.506384 -0.469697
41.5859 192.6 18.6712 3.24151 0.52323 0.499496 -0.50575 -0.470054
41.6897 191.144 18.648 3.20505 0.523409 0.499086 -0.505648 -0.470399
41.7935 189.691 18.6285 3.17062 0.52357 0.498361 -0.50596 -0.470654
41.8973 188.243 18.6104 3.13827 0.523804 0.497974 -0.506054 -0.470703
42.001 186.794 18.5941 3.1077 0.524061 0.498053 -0.505723 -0.470688
42.1048 185.352 18.5769 3.07584 0.524069 0.497724 -0.505655 -0.4711
42.2085 183.908 18.5605 3.04424 0.524402 0.497883 -0.505201 -0.47105
42.3123 182.469 18.546 3.01113 0.524907 0.498171 -0.504546 -0.470884
42.416 181.032 18.5334 2.97727 0.525412 0.49807 -0.504058 -0.470949
42.5199 179.601 18.5231 2.94218 0.525506 0.497238 -0.503921 -0.47187
42.6237 178.175 18.5152 2.90829 0.525681 0.49662 -0.503594 -0.472674
42.7274 176.751 18.5107 2.87354 0.526715 0.496324 -0.502829 -0.472649
42.8312 175.337 18.5103 2.83865 0.527874 0.496086 -0.502043 -0.47244
42.9349 173.93 18.5133 2.80321 0.528432 0.495038 -0.502005 -0.472957
43.0387 172.538 18.5183 2.76955 0.528955 0.494515 -0.501528 -0.473425
43.1424 171.156 18.5267 2.73603 0.529899 0.494335 -0.500651 -0.473485
43.2462 169.792 18.5371 2.70136 0.530799 0.494158 -0.499743 -0.473621
43.3499 168.447 18.5517 2.66695 0.531852 0.493744 -0.499033 -0.473621
43.4537 167.126 18.5681 2.63353 0.532104 0.493047 -0.498887 -0.474216
43.5574 165.822 18.587 2.59924 0.532757 0.492422 -0.498662 -0.474369
43.661 164.539 18.605 2.56588 0.533552 0.493109 -0.497394 -0.474095
43.7648 163.279 18.6254 2.5336 0.53379 0.492872 -0.497353 -0.474115
43.8685 162.047 18.6444 2.5028 0.533237 0.49249 -0.497774 -0.474693
43.9723 160.837 18.6621 2.47385 0.532863 0.492551 -0.497804 -0.475018
44.0759 159.653 18.6821 2.44759 0.533104 0.492416 -0.498021 -0.47466
44.1797 158.493 18.7004 2.42222 0.533049 0.492427 -0.498126 -0.4746
44.2833 157.36 18.7171 2.39686 0.533077 0.492886 -0.49788 -0.47435
44.387 156.25 18.7334 2.3708 0.533469 0.493358 -0.497698 -0.473609
44.4908 155.169 18.7489 2.34737 0.533444 0.493889 -0.497415 -0.47338
44.5945 154.117 18.7623 2.32265 0.532831 0.494111 -0.497467 -0.473785
44.6983 153.088 18.7779 2.29743 0.53262 0.493792 -0.497992 -0.473804
44.8022 152.087 18.7924 2.27446 0.532302 0.493609 -0.498511 -0.473805
44.9059 151.111 18.8044 2.25235 0.531989 0.493994 -0.498381 -0.473892
45.0098 150.162 18.8164 2.23022 0.532324 0.494159 -0.49842 -0.473302
45.1135 149.24 18.8274 2.20994 0.53229 0.494499 -0.498334 -0.473077
45.2174 148.339 18.8377 2.18775 0.532327 0.494558 -0.498446 -0.472854
45.3212 147.461 18.8475 2.1648 0.532291 0.494743 -0.498606 -0.472533
45.425 146.599 18.8548 2.1442 0.531669 0.49518 -0.498535 -0.47285
45.5289 145.754 18.8628 2.12351 0.531248 0.494438 -0.49946 -0.473123
45.6328 144.922 18.8738 2.10087 0.531371 0.493172 -0.500804 -0.472887
45.7367 144.104 18.8824 2.07834 0.531357 0.492673 -0.501509 -0.472675
45.8405 143.302 18.8863 2.05941 0.531177 0.493035 -0.501126 -0.472907
45.9444 142.52 18.892 2.04211 0.531063 0.492956 -0.501351 -0.472878
46.0484 141.752 18.9013 2.02299 0.531104 0.491974 -0.502401 -0.47274
46.1524 140.993 18.9087 2.00512 0.531096 0.491656 -0.502694 -0.472768
46.2563 140.242 18.9135 1.9894 0.531279 0.491802 -0.502347 -0.472781
46.3603 139.499 18.9195 1.97456 0.531666 0.491867 -0.501972 -0.472676
46.4643 138.765 18.9268 1.96053 0.53186 0.491418 -0.502142 -0.472744
46.5683 138.044 18.9351 1.94437 0.532083 0.490708 -0.502575 -0.47277
46.6723 137.33 18.9444 1.92816 0.532208 0.490043 -0.50302 -0.472847
46.7763 136.621 18.9546 1.91499 0.532097 0.489129 -0.503848 -0.473036
46.8803 135.917 18.9643 1.90533 0.53176 0.488373 -0.504435 -0.473571
46.9843 135.216 18.9737 1.89527 0.531632 0.487374 -0.505082 -0.474054
47.0883 134.517 18.9791 1.88135 0.530853 0.487111 -0.505146 -0.475128
47.1923 133.82 18.9831 1.86792 0.530188 0.487102 -0.504939 -0.476097
47.2963 133.124 18.991 1.85486 0.530799 0.487046 -0.504759 -0.475665
47.4003 132.429 19.0039 1.83902 0.532324 0.486834 -0.504751 -0.474185
47.5044 131.74 19.0082 1.82907 0.531496 0.487673 -0.50379 -0.475271
47.6084 131.06 19.0074 1.82356 0.529664 0.488564 -0.502808 -0.477436
47.7124 130.377 19.0117 1.81349 0.527834 0.488245 -0.503345 -0.47922
47.8164 129.693 19.0266 1.8 0.526686 0.485233 -0.506458 -0.480262
47.9204 128.995 19.0298 1.79041 0.525283 0.485777 -0.505999 -0.48173
48.0244 128.287 19.0297 1.78324 0.52443 0.48782 -0.504386 -0.482286
48.1284 127.564 19.0329 1.7736 0.524362 0.489559 -0.503064 -0.481978
48.2324 126.832 19.0369 1.76235 0.524259 0.491137 -0.502317 -0.481264
48.3364 126.09 19.0409 1.75174 0.524066 0.491937 -0.502477 -0.480489
48.4404 125.339 19.0431 1.73955 0.523107 0.492507 -0.503372 -0.480012
48.5444 124.575 19.0406 1.72188 0.521491 0.493106 -0.504597 -0.47987
48.6484 123.793 19.034 1.70496 0.52027 0.494395 -0.504866 -0.479586
48.7524 122.991 19.0261 1.68911 0.519915 0.496378 -0.504553 -0.478251
48.8564 122.172 19.0174 1.67161 0.520273 0.498428 -0.504211 -0.476085
48.9604 121.337 19.0079 1.65137 0.520507 0.499506 -0.504744 -0.47413
49.0645 120.489 18.9955 1.63046 0.520064 0.500203 -0.505865 -0.472685
49.1685 119.622 18.9811 1.60683 0.519223 0.50031 -0.507584 -0.471652
49.2725 118.74 18.9624 1.58386 0.517903 0.500327 -0.50961 -0.4709
49.3765 117.841 18.9409 1.56236 0.517204 0.500441 -0.511363 -0.469645
49.4805 116.921 18.9125 1.53944 0.516536 0.501202 -0.512592 -0.468226
49.5845 115.984 18.8816 1.51858 0.516416 0.502305 -0.513384 -0.466305
49.6885 115.028 18.8457 1.49574 0.51619 0.503593 -0.5142 -0.464263
49.7925 114.057 18.8074 1.47269 -0.515834 -0.503748 0.515993 0.462499
49.8965 113.072 18.7626 1.44961 -0.514583 -0.503935 0.517973 0.461473
50.0005 112.071 18.711 1.42582 -0.512986 -0.5038 0.520114 0.46099
50.1045 111.05 18.6547 1.40278 -0.511803 -0.504127 0.521677 0.460181
50.2085 110.01 18.5927 1.38209 -0.511089 -0.504875 0.522319 0.459426
50.3125 108.955 18.5266 1.36259 -0.510557 -0.505203 0.5229 0.458995
50.4165 107.885 18.4585 1.34335 -0.509475 -0.505066 0.523516 0.459647
50.5205 106.797 18.3897 1.32609 -0.508517 -0.504525 0.524247 0.460467
50.6247 105.693 18.3238 1.30755 -0.508273 -0.50318 0.525493 0.460788
50.7287 104.562 18.2568 1.28814 -0.509549 -0.503425 0.524916 0.459768
50.8327 103.411 18.1873 1.26905 -0.511157 -0.505102 0.523051 0.458267
50.9368 102.246 18.1174 1.24473 -0.511971 -0.505421 0.522504 0.45763
51.0408 101.074 18.045 1.21998 -0.511281 -0.504975 0.522777 0.458581
51.1448 99.8817 17.972 1.19566 -0.510848 -0.504583 0.522815 0.459451
51.2488 98.6718 17.8976 1.17289 -0.510781 -0.504947 0.522213 0.459808
51.3528 97.4478 17.825 1.15122 -0.510672 -0.504741 0.522289 0.46007
51.4568 96.2085 17.7537 1.1268 -0.510841 -0.504142 0.522546 0.460247
51.5608 94.9528 17.6842 1.10252 -0.511957 -0.504512 0.521569 0.45971
51.6648 93.6775 17.6127 1.07749 -0.512713 -0.505059 0.520221 0.459794
51.7688 92.3932 17.5437 1.04997 -0.512546 -0.50424 0.520155 0.460952
51.8728 91.0903 17.4771 1.02226 -0.513 -0.503851 0.519368 0.461759
51.9768 89.7748 17.41 0.999006 -0.512756 -0.503915 0.518112 0.463369
52.0808 88.4541 17.3507 0.97534 -0.511663 -0.50021 0.520366 0.466058
52.1847 87.1097 17.2933 0.958478 -0.51127 -0.498518 0.520781 0.467836
52.2887 85.7375 17.2397 0.944055 -0.513978 -0.499833 0.518066 0.466478
52.3927 84.3517 17.1883 0.921829 0.516156 0.501015 -0.515542 -0.4656
52.4967 82.9564 17.1385 0.892592 0.516761 0.500759 -0.514506 -0.466349
52.6007 81.5532 17.0909 0.862118 0.516664 0.499922 -0.514193 -0.467699
52.7045 80.1265 17.0483 0.833061 0.517017 0.499128 -0.513839 -0.468545
52.8085 78.6838 17.0091 0.805378 0.517887 0.498515 -0.513393 -0.468725
52.9124 77.2278 16.9736 0.777129 0.518831 0.497647 -0.513277 -0.468731
53.0164 75.7575 16.9389 0.74786 0.519794 0.4975 -0.512446 -0.468729
53.1203 74.2843 16.9054 0.718759 0.520763 0.497721 -0.511112 -0.468875
53.2242 72.8087 16.8736 0.688618 0.521704 0.498251 -0.509536 -0.468982
53.328 71.3345 16.8449 0.658898 0.522803 0.49889 -0.507873 -0.468883
53.4319 69.8619 16.8211 0.626696 0.523625 0.498553 -0.507319 -0.468923
53.5358 68.394 16.7985 0.593621 0.523664 0.497912 -0.507317 -0.469563
53.6397 66.9246 16.7792 0.561778 0.5239 0.497238 -0.507369 -0.469957
53.7434 65.4569 16.7602 0.530047 0.524217 0.497056 -0.50707 -0.47012
53.8473 63.9872 16.7413 0.498323 0.524373 0.497348 -0.506438 -0.470318
53.9512 62.5225 16.7237 0.466239 0.52439 0.497156 -0.506317 -0.470633
54.0549 61.0593 16.7074 0.434222 0.523935 0.496293 -0.506891 -0.471431
54.1588 59.5885 16.6926 0.402897 0.524466 0.496219 -0.506748 -0.471072
54.2625 58.1185 16.6773 0.369666 0.525655 0.497147 -0.505721 -0.46987
54.3663 56.651 16.6607 0.331875 0.526395 0.497838 -0.505063 -0.469017
54.4702 55.1885 16.6429 0.292801 0.525976 0.497978 -0.50529 -0.469094
54.5739 53.7352 16.6229 0.25535 0.524899 0.497267 -0.506534 -0.469713
54.6777 52.277 16.6009 0.223878 0.523545 0.496929 -0.507371 -0.470676
54.7815 50.8207 16.5778 0.195088 0.523122 0.496967 -0.507717 -0.470734
54.8853 49.3668 16.5545 0.166754 0.523149 0.497697 -0.50732 -0.470361
54.9892 47.9114 16.5315 0.136119 0.523937 0.498229 -0.507066 -0.469193
55.0929 46.4611 16.5059 0.101866 0.524457 0.499397 -0.506214 -0.468289
55.1968 45.0138 16.4783 0.0668298 0.524017 0.499905 -0.505886 -0.468594
55.3005 43.5757 16.4517 0.033908 0.522886 0.498809 -0.507022 -0.469797
55.4044 42.137 16.4254 0.00428615 0.522102 0.497923 -0.507743 -0.470828
55.5082 40.6979 16.4018 -0.0226728 0.522517 0.497769 -0.507638 -0.470645
55.6119 39.2618 16.38 -0.0513988 0.523623 0.498108 -0.507089 -0.469647
55.7158 37.8248 16.3568 -0.0806055 0.523954 0.4985 -0.506498 -0.4695
55.8195 36.3968 16.3325 -0.111825 0.523459 0.498305 -0.506423 -0.47034
55.9233 34.97 16.3076 -0.141409 0.522993 0.498481 -0.506005 -0.47112
56.0272 33.5444 16.2847 -0.170682 0.522736 0.498387 -0.505842 -0.471679
56.1309 32.1247 16.264 -0.199871 0.522754 0.49785 -0.506226 -0.471815
56.2347 30.7078 16.2461 -0.227999 0.523207 0.497286 -0.506678 -0.471421
56.3384 29.2847 16.2299 -0.257281 0.524208 0.496969 -0.506884 -0.470422
56.4423 27.8676 16.2128 -0.286007 0.524592 0.497045 -0.50675 -0.470057
56.546 26.4574 16.1949 -0.31566 0.52428 0.496707 -0.507082 -0.470405
56.6498 25.0502 16.1748 -0.345532 0.523955 0.497029 -0.506629 -0.470915
56.7536 23.6461 16.1536 -0.374359 0.523595 0.497476 -0.506018 -0.471499
56.8573 22.2484 16.1341 -0.404138 0.523393 0.497609 -0.505755 -0.471866
56.9611 20.8566 16.1162 -0.432365 0.523714 0.497944 -0.505324 -0.471618
57.0648 19.4725 16.1004 -0.461558 0.524054 0.497776 -0.505392 -0.471345
57.1685 18.0884 16.0866 -0.492678 0.524599 0.497536 -0.50549 -0.470886
57.2723 16.7084 16.0726 -0.52366 0.524967 0.497713 -0.505275 -0.470519
57.3762 15.333 16.0573 -0.553933 0.52437 0.497107 -0.505743 -0.471322
57.4799 13.9623 16.0404 -0.582246 0.522872 0.496446 -0.506243 -0.473143
57.5837 12.595 16.0196 -0.605206 0.521399 0.496949 -0.505776 -0.474737
57.6874 11.2215 15.9999 -0.627781 0.52098 0.498266 -0.504591 -0.475078
57.7912 9.853 15.9818 -0.653636 0.521383 0.499336 -0.503643 -0.474519
57.8949 8.48738 15.9675 -0.682198 0.522053 0.499391 -0.503553 -0.473818
57.9987 7.1228 15.9576 -0.712668 0.523637 0.499034 -0.503975 -0.471994
58.1024 5.76379 15.9496 -0.744326 0.525092 0.498264 -0.504765 -0.470344
58.2062 4.40032 15.9388 -0.778721 0.525483 0.497427 -0.505591 -0.469906
58.31 3.03892 15.9259 -0.8126 0.525245 0.496577 -0.506524 -0.470067
58.4138 1.6761 15.9092 -0.844665 0.524493 0.496013 -0.506984 -0.471005
58.5176 0.308944 15.8896 -0.875418 0.5239 0.496366 -0.506521 -0.47179
58.6214 -1.06317 15.8712 -0.904504 0.523647 0.496864 -0.505938 -0.472172
58.7252 -2.43652 15.854 -0.933255 0.523427 0.496911 -0.505782 -0.472534
58.8291 -3.8136 15.8384 -0.960124 0.523049 0.496376 -0.506271 -0.472991
58.9328 -5.19233 15.8232 -0.987096 0.522844 0.496349 -0.506244 -0.473274
59.0365 -6.57647 15.8083 -1.01409 0.522974 0.496548 -0.50602 -0.473163
59.1404 -7.96603 15.7912 -1.04196 0.52259 0.496757 -0.505785 -0.473618
59.2442 -9.35714 15.7739 -1.07072 0.522258 0.497176 -0.505168 -0.474202
59.348 -10.7552 15.7559 -1.10059 0.522389 0.498443 -0.503812 -0.474171
59.4518 -12.1499 15.7385 -1.12967 0.522089 0.498864 -0.503282 -0.474622
59.5556 -13.5475 15.7223 -1.15992 0.521276 0.498086 -0.503904 -0.475671
59.6594 -14.951 15.7058 -1.18872 0.520724 0.498166 -0.503879 -0.476217
59.7632 -16.3591 15.6909 -1.21456 0.520874 0.498596 -0.503615 -0.475883
59.8669 -17.7644 15.6752 -1.2389 0.520054 0.498415 -0.503884 -0.476684
59.9708 -19.1735 15.6595 -1.25838 0.518812 0.497776 -0.504669 -0.477874
60.0746 -20.5842 15.6435 -1.27911 0.518405 0.497759 -0.504808 -0.478186
60.1783 -22.0039 15.6299 -1.29821 0.519064 0.498169 -0.504512 -0.477355
60.2822 -23.4244 15.6178 -1.32013 0.519816 0.497717 -0.505167 -0.476314
60.3859 -24.845 15.606 -1.34248 0.519947 0.497176 -0.505953 -0.475902
60.4897 -26.2678 15.5903 -1.36253 0.519805 0.497473 -0.505868 -0.475838
60.5934 -27.688 15.5733 -1.38167 0.519202 0.497088 -0.506241 -0.476501
60.6972 -29.1154 15.554 -1.40128 0.519004 0.497493 -0.505897 -0.476659
60.801 -30.5478 15.5368 -1.42384 0.51984 0.498823 -0.504812 -0.475508
60.9048 -31.9731 15.5214 -1.4506 0.520422 0.498505 -0.505382 -0.474598
61.0085 -33.3961 15.5077 -1.47449 0.520502 0.497652 -0.506651 -0.47405
61.1123 -34.82 15.4933 -1.49691 0.520935 0.497442 -0.507161 -0.473251
61.2162 -36.2445 15.4766 -1.51963 0.521504 0.497505 -0.507237 -0.472476
61.3199 -37.6656 15.4609 -1.54276 0.522005 0.497105 -0.507696 -0.471851
61.4237 -39.0822 15.4441 -1.56685 0.522575 0.496714 -0.5082 -0.471086
61.5275 -40.499 15.4267 -1.59371 0.523291 0.496709 -0.508338 -0.470148
61.6313 -41.9139 15.4093 -1.62115 0.523963 0.496488 -0.508557 -0.469395
61.7351 -43.3226 15.3925 -1.64734 0.523724 0.495114 -0.509934 -0.469619
61.8388 -44.7247 15.3752 -1.67018 0.52297 0.493282 -0.511897 -0.470252
61.9426 -46.1304 15.357 -1.68978 0.522854 0.492952 -0.512309 -0.470279
62.0464 -47.5379 15.3378 -1.71026 0.523585 0.493636 -0.511638 -0.469477
62.1502 -48.944 15.3171 -1.73364 0.52369 0.493951 -0.511326 -0.469368
62.2539 -50.3466 15.2971 -1.75778 0.523413 0.493802 -0.511407 -0.469746
62.3577 -51.7485 15.277 -1.78328 0.523349 0.493664 -0.511564 -0.469792
62.4616 -53.1527 15.2568 -1.8087 0.523589 0.49422 -0.510982 -0.469574
62.5653 -54.5479 15.2375 -1.83399 0.523334 0.493363 -0.511516 -0.470176
62.669 -55.9495 15.2177 -1.85964 0.523034 0.493148 -0.511345 -0.470921
62.7729 -57.3521 15.1994 -1.88302 0.523566 0.493248 -0.510695 -0.47093
62.8767 -58.7514 15.1841 -1.90589 0.523995 0.492872 -0.510689 -0.470853
62.9805 -60.1507 15.1701 -1.92781 0.524096 0.492024 -0.511075 -0.471209
63.0843 -61.5494 15.157 -1.9492 0.524153 0.491882 -0.510855 -0.471532
63.1882 -62.9515 15.1423 -1.96959 0.524479 0.492092 -0.51023 -0.471629
63.2919 -64.3508 15.128 -1.98995 0.524631 0.492192 -0.509717 -0.471909
63.3958 -65.7507 15.1134 -2.0103 0.524633 0.492402 -0.509146 -0.472304
63.4995 -67.1465 15.1012 -2.03155 0.52481 0.492259 -0.508956 -0.472461
63.6034 -68.5388 15.0914 -2.05244 0.524902 0.49222 -0.508806 -0.472561
63.7072 -69.9346 15.083 -2.07123 0.524978 0.491804 -0.509193 -0.472493
63.8111 -71.3233 15.0745 -2.08736 0.524317 0.49107 -0.510118 -0.472992
63.9148 -72.7084 15.0644 -2.10281 0.524122 0.490996 -0.510312 -0.473076
64.0187 -74.0953 15.0538 -2.11708 0.524542 0.491263 -0.510275 -0.472373
64.1224 -75.4762 15.0432 -2.13072 0.525179 0.491476 -0.510386 -0.471323
64.2262 -76.8564 15.0308 -2.14655 0.525729 0.492089 -0.510277 -0.470186
64.33 -78.2265 15.0168 -2.16346 0.52549 0.492081 -0.510872 -0.469816
64.4338 -79.5932 14.9983 -2.17982 0.524394 0.491387 -0.511922 -0.470622
64.5376 -80.9536 14.9793 -2.19119 0.523167 0.491248 -0.512284 -0.471738
64.6414 -82.3173 14.9596 -2.20092 0.523169 0.491958 -0.511633 -0.471703
64.7453 -83.6805 14.9413 -2.21439 0.524358 0.493098 -0.510448 -0.470473
64.8491 -85.035 14.9247 -2.23251 0.52512 0.493642 -0.509907 -0.469639
64.9529 -86.384 14.9082 -2.25086 0.525254 0.493415 -0.510075 -0.469546
65.0567 -87.7267 14.8919 -2.26864 0.524984 0.492924 -0.510395 -0.470014
65.1606 -89.0704 14.874 -2.28237 0.524581 0.492425 -0.510503 -0.470871
65.2643 -90.408 14.8566 -2.29699 0.524298 0.492237 -0.510262 -0.471643
65.368 -91.7411 14.8392 -2.31115 0.52447 0.492496 -0.509515 -0.471989
65.4719 -93.0767 14.8243 -2.32693 0.524991 0.492837 -0.508842 -0.47178
65.5757 -94.4004 14.8108 -2.3415 0.524876 0.492349 -0.508967 -0.472282
65.6794 -95.7244 14.798 -2.3579 0.524747 0.491934 -0.509103 -0.472712
65.7832 -97.0455 14.787 -2.37419 0.525283 0.492027 -0.508649 -0.472508
65.8869 -98.3634 14.776 -2.38983 0.52567 0.492329 -0.507992 -0.472469
65.9908 -99.6766 14.767 -2.40784 0.525807 0.492015 -0.507803 -0.472848
66.0946 -100.984 14.7585 -2.42687 0.526196 0.491817 -0.507594 -0.472843
66.1983 -102.29 14.7518 -2.44439 0.526322 0.491505 -0.507518 -0.473111
66.3021 -103.593 14.7441 -2.46267 0.526404 0.491399 -0.507309 -0.473354
66.406 -104.892 14.7396 -2.48036 0.526664 0.491108 -0.507268 -0.47341
66.5097 -106.186 14.7343 -2.49831 0.526526 0.490996 -0.507082 -0.473879
66.6134 -107.473 14.7307 -2.51495 0.526431 0.490541 -0.507155 -0.474377
66.7173 -108.763 14.7282 -2.53066 0.526239 0.489982 -0.507514 -0.474784
66.8211 -110.046 14.7273 -2.54739 0.526681 0.489978 -0.507282 -0.474547
66.9248 -111.329 14.7255 -2.56369 0.527369 0.490828 -0.506419 -0.473825
67.0287 -112.605 14.7248 -2.58215 0.52723 0.490296 -0.507018 -0.47389
67.1324 -113.877 14.7215 -2.60037 0.526745 0.49024 -0.507227 -0.474262
67.2363 -115.148 14.7196 -2.61724 0.527072 0.490227 -0.507211 -0.473931
67.34 -116.411 14.7178 -2.6342 0.527321 0.490207 -0.507333 -0.473543
67.4438 -117.669 14.7158 -2.65091 0.527539 0.490441 -0.507274 -0.473121
67.5477 -118.924 14.7128 -2.66779 0.527639 0.490818 -0.506993 -0.47292
67.6516 -120.173 14.7098 -2.68566 0.527538 0.490631 -0.507228 -0.472974
67.7553 -121.414 14.7057 -2.70391 0.527416 0.490765 -0.507113 -0.473095
67.8591 -122.645 14.7029 -2.71994 0.527446 0.490646 -0.507135 -0.473161
67.9629 -123.867 14.7005 -2.73591 0.527331 0.490516 -0.507013 -0.473555
68.0668 -125.081 14.6988 -2.7515 0.527532 0.490575 -0.506321 -0.47401
68.1705 -126.287 14.6983 -2.7678 0.527838 0.490824 -0.505456 -0.474334
68.2744 -127.485 14.6985 -2.78482 0.528031 0.491064 -0.504634 -0.474747
68.3782 -128.67 14.7012 -2.80139 0.527985 0.490644 -0.504402 -0.475478
68.482 -129.845 14.7061 -2.81753 0.527902 0.489859 -0.504608 -0.476159
68.5859 -131.009 14.7123 -2.83317 0.528063 0.4895 -0.504648 -0.476309
68.6897 -132.162 14.719 -2.84869 0.528772 0.489751 -0.504354 -0.475574
68.7936 -133.3 14.7249 -2.864 0.529442 0.490255 -0.50393 -0.474759
68.8974 -134.417 14.7333 -2.88027 0.530143 0.489888 -0.504216 -0.47405
69.0012 -135.514 14.7431 -2.89521 0.53039 0.489192 -0.50491 -0.473755
69.105 -136.594 14.7462 -2.91317 0.530303 0.489849 -0.504109 -0.474027
69.2089 -137.654 14.7523 -2.92894 0.531101 0.490591 -0.503343 -0.473179
69.3128 -138.687 14.7585 -2.94671 0.531414 0.490202 -0.503054 -0.473537
69.4168 -139.696 14.7647 -2.96476 0.531206 0.489659 -0.50266 -0.47475
69.5207 -140.676 14.7736 -2.97953 0.531507 0.489496 -0.502145 -0.475125
69.6246 -141.631 14.7849 -2.99326 0.532176 0.489098 -0.501959 -0.474983
69.7284 -142.556 14.7974 -3.00678 0.532751 0.488757 -0.501889 -0.474763
69.8323 -143.452 14.8084 -3.02 0.532879 0.488632 -0.502188 -0.474432
69.9363 -144.321 14.818 -3.03284 0.532688 0.488438 -0.503286 -0.473683
70.0401 -145.155 14.8233 -3.04471 0.5318 0.488653 -0.505974 -0.47159
70.1439 -145.963 14.8188 -3.05566 0.529859 0.490162 -0.510052 -0.467801
70.2476 -146.745 14.7976 -3.06559 0.526203 0.493396 -0.515576 -0.462441
70.3512 -147.499 14.7546 -3.07196 -0.520966 -0.498696 0.521301 0.456227
70.4548 -148.225 14.6882 -3.07911 -0.514973 -0.505657 0.526707 0.449103
70.5586 -148.926 14.5993 -3.08604 -0.507983 -0.513599 0.532412 0.441255
70.6622 -149.595 14.492 -3.08883 -0.499784 -0.521075 0.539557 0.433099
70.7658 -150.225 14.3642 -3.08777 -0.48996 -0.528375 0.548707 0.423885
70.8694 -150.833 14.2131 -3.08933 -0.478328 -0.536135 0.559426 0.413284
70.9731 -151.416 14.0365 -3.09078 -0.465359 -0.544811 0.570483 0.401461
71.0767 -151.95 13.8334 -3.08658 -0.451251 -0.55462 0.581256 0.388472
71.1803 -152.477 13.6085 -3.07671 -0.43621 -0.565022 0.592576 0.373263
71.2839 -152.95 13.3604 -3.06086 -0.419772 -0.575477 0.604595 0.356485
71.3877 -153.424 13.0824 -3.04676 -0.40129 -0.586443 0.616378 0.339307
71.4913 -153.874 12.7772 -3.03226 -0.381954 -0.597394 0.627871 0.32095
71.5951 -154.267 12.4465 -3.01523 -0.361586 -0.60823 0.638993 0.301663
71.6988 -154.666 12.0933 -2.99292 -0.340559 -0.618665 0.649858 0.280994
71.8024 -155.033 11.7165 -2.96922 -0.318213 -0.628996 0.659964 0.25991
71.9062 -155.331 11.3181 -2.94718 -0.294822 -0.639069 0.66964 0.237177
72.0098 -155.63 10.9011 -2.92644 -0.270275 -0.648645 0.678518 0.214066
72.1137 -155.856 10.4659 -2.90156 -0.244724 -0.657964 0.685843 0.191867
72.2175 -156.083 10.0204 -2.87276 -0.219285 -0.665841 0.692647 0.169736
72.3213 -156.278 9.56712 -2.84459 -0.193773 -0.672362 0.699055 0.147321
72.4252 -156.406 9.10629 -2.81575 -0.168963 -0.677777 0.704785 0.123884
72.5291 -156.539 8.64203 -2.78724 -0.144451 -0.681716 0.710221 0.0999144
72.6329 -156.635 8.1744 -2.7555 -0.119311 -0.684433 0.715156 0.0766026
72.737 -156.663 7.69941 -2.72269 -0.0938707 -0.686686 0.718876 0.0535505
72.8408 -156.69 7.22146 -2.69034 -0.067586 -0.689289 0.720678 0.0305796
72.9448 -156.651 6.73417 -2.66501 -0.0420057 -0.692755 0.719919 0.00645398
73.0488 -156.617 6.24316 -2.64127 -0.0170769 -0.696138 0.717459 -0.0187891
73.1528 -156.544 5.75124 -2.6152 0.00884274 -0.699296 0.713472 -0.0431876
73.2567 -156.394 5.26192 -2.59331 0.0354692 -0.701639 0.708494 -0.0669388
73.3607 -156.244 4.77901 -2.56936 0.0628048 -0.702211 0.703411 -0.0903736
73.4646 -156.024 4.30543 -2.55295 -0.0889034 0.700212 -0.698951 0.115183
73.5686 -155.808 3.83834 -2.54241 -0.114596 0.696531 -0.694269 0.140366
73.6726 -155.554 3.37534 -2.53483 -0.139917 0.692854 -0.68774 0.165498
73.7764 -155.221 2.92242 -2.5307 -0.165189 0.68863 -0.679979 0.190076
73.8804 -154.891 2.48057 -2.52262 -0.190363 0.683279 -0.671577 0.214186
73.9844 -154.484 2.05796 -2.51038 -0.215418 0.676331 -0.663279 0.237135
74.0884 -154.079 1.65388 -2.49981 -0.239281 0.667631 -0.65555 0.259359
74.1926 -153.64 1.26849 -2.49309 -0.261067 0.657793 -0.6478 0.281971
74.2966 -153.141 0.898358 -2.48705 -0.281161 0.647727 -0.639376 0.304298
74.4007 -152.633 0.551078 -2.47881 -0.301612 0.637738 -0.629848 0.32498
74.5048 -152.061 0.226137 -2.46717 -0.322526 0.627939 -0.61888 0.344468
74.6088 -151.484 -0.0623072 -2.4569 -0.344196 0.617117 -0.607152 0.363405
74.7128 -150.88 -0.323482 -2.44633 -0.364238 0.605621 -0.594614 0.38339
74.8169 -150.217 -0.552355 -2.43316 -0.384352 0.593522 -0.581951 0.401669
74.9211 -149.55 -0.748482 -2.42219 -0.402585 0.581565 -0.569966 0.418146
75.0252 -148.838 -0.912912 -2.41062 -0.419427 0.568778 -0.560254 0.432075
75.1296 -148.113 -1.04825 -2.40293 -0.434079 0.556722 -0.551776 0.444049
75.2338 -147.348 -1.16323 -2.39342 -0.4469 0.546036 -0.543893 0.454209
75.3382 -146.567 -1.26505 -2.38345 -0.457229 0.537862 -0.535376 0.463701
75.4426 -145.76 -1.3485 -2.37192 -0.46678 0.530393 -0.52712 0.472169
75.5469 -144.927 -1.40767 -2.35947 -0.475361 0.523126 -0.519872 0.479691
75.6513 -144.074 -1.44478 -2.34692 -0.483131 0.515947 -0.514221 0.485758
75.7557 -143.198 -1.46345 -2.33266 0.489901 -0.509172 0.510192 -0.490352
75.8602 -142.303 -1.46967 -2.31998 0.494966 -0.503711 0.507832 -0.493346
75.9647 -141.387 -1.46874 -2.30591 0.498372 -0.499682 0.507033 -0.494835
76.0692 -140.451 -1.47132 -2.29097 0.500208 -0.497877 0.506937 -0.494899
76.1737 -139.492 -1.47997 -2.2747 0.500856 -0.497608 0.506741 -0.494716
76.2781 -138.515 -1.48934 -2.26015 0.50108 -0.498005 0.505882 -0.494968
76.3825 -137.518 -1.49937 -2.24674 0.501469 -0.498094 0.505204 -0.495177
76.4868 -136.505 -1.50484 -2.23402 0.501446 -0.498041 0.504414 -0.496058
76.5911 -135.473 -1.50541 -2.22017 0.501962 -0.497221 0.504082 -0.496696
76.6953 -134.422 -1.5045 -2.20569 0.502568 -0.49705 0.503278 -0.49707
76.7994 -133.352 -1.50333 -2.1902 0.503649 -0.497232 0.502194 -0.496889
76.9036 -132.265 -1.50163 -2.17614 0.504012 -0.497433 0.50106 -0.497466
77.0077 -131.16 -1.49856 -2.15963 0.503975 -0.496756 0.50093 -0.498309
77.1118 -130.039 -1.49165 -2.14447 0.503664 -0.496222 0.500847 -0.499238
77.2159 -128.9 -1.48238 -2.12814 0.503879 -0.495939 0.500517 -0.499633
77.3201 -127.744 -1.47002 -2.11115 0.504276 -0.495521 0.500565 -0.499599
77.4241 -126.576 -1.45844 -2.09264 0.504273 -0.495059 0.500835 -0.49979
77.5282 -125.388 -1.44772 -2.07375 -0.504031 0.49486 -0.501064 0.500001
77.6322 -124.185 -1.43672 -2.05364 0.504178 -0.495074 0.501168 -0.499537
77.7362 -122.965 -1.4264 -2.03269 0.504096 -0.495408 0.501306 -0.499149
77.8402 -121.734 -1.41804 -2.00988 0.503423 -0.495212 0.502244 -0.499081
77.9442 -120.492 -1.41318 -1.9844 0.502111 -0.49469 0.503694 -0.499458
78.0481 -119.231 -1.41038 -1.95674 0.500862 -0.494615 0.504621 -0.499851
78.1521 -117.951 -1.4074 -1.92729 -0.500109 0.495135 -0.504608 0.500103
78.2559 -116.657 -1.40577 -1.89703 -0.500045 0.495595 -0.504093 0.500231
78.3598 -115.348 -1.40266 -1.86428 -0.500091 0.495641 -0.503516 0.500721
78.4637 -114.029 -1.39673 -1.83206 -0.499668 0.494513 -0.504012 0.501757
78.5676 -112.695 -1.38503 -1.80021 -0.499925 0.493568 -0.503748 0.502697
78.6713 -111.34 -1.36969 -1.76752 -0.501096 0.492997 -0.502787 0.503052
78.7752 -109.973 -1.3518 -1.73425 -0.502002 0.492984 -0.501517 0.50343
78.8791 -108.593 -1.33055 -1.70036 -0.502543 0.492299 -0.501507 0.50357
78.9829 -107.2 -1.30829 -1.66847 -0.502473 0.491765 -0.501421 0.504248
79.0868 -105.791 -1.28483 -1.63593 -0.502447 0.49155 -0.501031 0.50487
79.1907 -104.368 -1.25962 -1.60165 -0.502325 0.490937 -0.501161 0.505458
79.2944 -102.932 -1.23026 -1.56533 -0.502964 0.490165 -0.501406 0.505329
79.3983 -101.479 -1.20221 -1.53005 -0.503266 0.490576 -0.500905 0.505127
79.5022 -100.008 -1.17008 -1.49585 -0.504363 0.490909 -0.500767 0.503844
79.6061 -98.5291 -1.14214 -1.46328 -0.504813 0.491501 -0.500411 0.503169
79.7099 -97.026 -1.11554 -1.43616 -0.505074 0.492395 -0.499673 0.502766
79.8138 -95.5157 -1.08927 -1.41068 -0.506647 0.493902 -0.498399 0.500967
79.9176 -94.0023 -1.06298 -1.39069 0.508078 -0.49529 0.497125 -0.499411
80.0215 -92.4914 -1.03657 -1.37467 0.508982 -0.495812 0.496589 -0.498505
80.1252 -90.9823 -1.00915 -1.36142 0.509939 -0.495872 0.49651 -0.497545
80.2289 -89.4761 -0.984734 -1.34847 0.510022 -0.496174 0.496154 -0.497513
80.3328 -87.9732 -0.961647 -1.3334 0.509558 -0.495766 0.496374 -0.498177
80.4367 -86.4669 -0.939998 -1.31647 0.508618 -0.495434 0.496948 -0.498895
80.5404 -84.9672 -0.919141 -1.29831 0.508215 -0.495766 0.497055 -0.498869
80.6443 -83.4544 -0.899547 -1.28285 0.508716 -0.496646 0.496668 -0.497868
80.7481 -81.9495 -0.883448 -1.26824 0.508085 -0.49721 0.496417 -0.498198
80.852 -80.4455 -0.867953 -1.25271 0.507469 -0.496954 0.496927 -0.498573
80.9557 -78.9424 -0.852047 -1.23483 0.507183 -0.497139 0.497068 -0.49854
81.0594 -77.4396 -0.838174 -1.21971 0.507466 -0.497952 0.4965 -0.498005
81.1632 -75.9344 -0.825573 -1.20796 0.507614 -0.4989 0.495864 -0.49754
81.2669 -74.432 -0.813424 -1.19918 0.507888 -0.49942 0.495336 -0.497264
81.3707 -72.9364 -0.800315 -1.18937 0.507675 -0.499207 0.495325 -0.497706
81.4746 -71.4434 -0.784979 -1.1769 0.506772 -0.497863 0.496388 -0.498912
81.5783 -69.956 -0.763954 -1.1606 0.507117 -0.496254 0.497646 -0.498911
81.6821 -68.4626 -0.745043 -1.1443 0.507987 -0.496343 0.497343 -0.49824
81.7859 -66.9713 -0.725241 -1.12832 0.50879 -0.496322 0.497207 -0.497577
81.8897 -65.4891 -0.710763 -1.1119 0.507536 -0.496251 0.497021 -0.499111
81.9934 -64.0051 -0.694629 -1.0961 0.507599 -0.496455 0.496381 -0.499482
82.0973 -62.5255 -0.677741 -1.08062 0.508364 -0.497349 0.495126 -0.499058
82.2011 -61.0454 -0.658775 -1.06748 0.508054 -0.496945 0.494986 -0.499915
82.3048 -59.5756 -0.637038 -1.04923 -0.507194 0.495652 -0.495616 0.501445
82.4086 -58.1035 -0.613503 -1.03098 -0.507546 0.495696 -0.494953 0.501702
82.5124 -56.6276 -0.585664 -1.01567 -0.509135 0.496634 -0.493372 0.50072
82.6162 -55.1606 -0.557118 -1.00576 -0.509385 0.496384 -0.492956 0.501123
82.72 -53.698 -0.525398 -0.995703 -0.509406 0.495732 -0.493169 0.501536
82.8238 -52.2367 -0.490709 -0.984688 -0.509744 0.495477 -0.493441 0.501179
82.9276 -50.7785 -0.456131 -0.970952 -0.510121 0.495151 -0.49372 0.500842
83.0314 -49.3229 -0.423541 -0.955865 -0.510082 0.49498 -0.493803 0.500969
83.1352 -47.8694 -0.392853 -0.939187 -0.509786 0.494865 -0.493943 0.501246
83.2389 -46.418 -0.362164 -0.923009 -0.509521 0.495172 -0.493887 0.501267
83.3428 -44.9684 -0.333567 -0.906968 -0.509167 0.495575 -0.493727 0.501387
83.4466 -43.5256 -0.307032 -0.891114 -0.508653 0.4961 -0.493501 0.501611
83.5504 -42.0791 -0.280628 -0.87547 -0.508691 0.496891 -0.493098 0.501187
83.6543 -40.6366 -0.254373 -0.859437 -0.508533 0.497079 -0.49336 0.500902
83.7582 -39.1972 -0.228118 -0.84361 -0.508161 0.496786 -0.493984 0.500954
83.8621 -37.7625 -0.202969 -0.825329 -0.507589 0.496381 -0.494829 0.501103
83.966 -36.328 -0.177799 -0.806336 -0.507502 0.496156 -0.495517 0.500734
84.0698 -34.8951 -0.153725 -0.786514 0.508359 -0.496474 0.495622 -0.499443
84.1737 -33.4638 -0.132669 -0.768286 0.508731 -0.496953 0.495627 -0.498582
84.2777 -32.036 -0.113374 -0.752231 0.508475 -0.49708 0.496069 -0.498276
84.3816 -30.614 -0.0974608 -0.735284 0.507843 -0.496921 0.496827 -0.498326
84.4854 -29.194 -0.0848288 -0.716896 0.506595 -0.496951 0.497545 -0.498848
84.5893 -27.7775 -0.0722408 -0.698098 0.506552 -0.497473 0.497674 -0.498244
84.6932 -26.356 -0.0606256 -0.678599 0.506878 -0.498205 0.497645 -0.497208
84.7971 -24.9477 -0.0525687 -0.658693 0.505333 -0.497406 0.49919 -0.498031
84.9009 -23.5434 -0.0439024 -0.632931 0.504085 -0.495838 0.501379 -0.49866
85.0048 -22.1399 -0.0372092 -0.602174 0.503502 -0.495275 0.502527 -0.498654
85.1087 -20.7384 -0.0323287 -0.565375 0.502913 -0.495267 0.503014 -0.498765
85.2124 -19.3406 -0.0292589 -0.529558 0.502598 -0.495592 0.503076 -0.498696
85.3163 -17.9437 -0.0266974 -0.494739 0.502773 -0.496254 0.502588 -0.498354
85.4202 -16.5503 -0.0251613 -0.462474 0.50298 -0.497085 0.501952 -0.497957
85.524 -15.1661 -0.0241604 -0.431254 0.502696 -0.497529 0.501622 -0.498134
85.6278 -13.7826 -0.0235454 -0.398755 0.502078 -0.49713 0.501818 -0.498957
85.7316 -12.4038 -0.0215879 -0.367007 0.501834 -0.496975 0.501669 -0.499506
85.8353 -11.0274 -0.0152809 -0.334385 0.502656 -0.496695 0.501447 -0.499181
85.9391 -9.65474 -0.00895588 -0.301603 0.503148 -0.496638 0.500897 -0.499294
86.0428 -8.28514 0.000536566 -0.27162 0.503726 -0.496204 0.500652 -0.499389
86.1467 -6.91413 0.00978548 -0.24145 0.504225 -0.496328 0.499973 -0.499442
86.2505 -5.54803 0.0204447 -0.210832 -0.50386 0.495782 -0.499975 0.500351
86.3542 -4.18329 0.0311414 -0.181287 -0.503285 0.49548 -0.500114 0.501088
86.4581 -2.81852 0.0443722 -0.147333 -0.503245 0.495148 -0.500303 0.501268
86.5618 -1.4563 0.0578973 -0.11347 -0.503528 0.495003 -0.500264 0.501166
86.6657 -0.0907003 0.0728973 -0.0781693 -0.503997 0.495045 -0.500081 0.500835
86.7694 1.26942 0.0886426 -0.0459036 -0.504016 0.494583 -0.500479 0.500876
86.8732 2.629 0.103171 -0.0117715 -0.504207 0.494412 -0.500511 0.500819
86.977 3.98804 0.117564 0.0201632 -0.50443 0.494425 -0.500393 0.5007
87.0807 5.3441 0.131883 0.0534628 -0.504498 0.494277 -0.500467 0.500704
87.1846 6.70441 0.145883 0.0881206 -0.504333 0.494252 -0.500392 0.50097
87.2883 8.05984 0.160177 0.122172 -0.504245 0.494047 -0.500521 0.501133
87.3921 9.4159 0.175095 0.154637 -0.504513 0.494361 -0.500192 0.500881
87.4958 10.7711 0.192609 0.187042 -0.505233 0.494265 -0.500338 0.500104
87.5997 12.1232 0.208154 0.220746 -0.505082 0.494232 -0.500374 0.500252
87.7035 13.4773 0.223104 0.253449 -0.504839 0.494056 -0.500615 0.50043
87.8073 14.8303 0.235533 0.289201 -0.504689 0.494174 -0.500572 0.500509
87.9111 16.1809 0.24822 0.323711 -0.504763 0.494129 -0.500586 0.500464
88.015 17.5336 0.258853 0.358279 -0.504668 0.494565 -0.500174 0.500541
88.1187 18.8831 0.270914 0.393605 -0.504666 0.494772 -0.500112 0.5004
88.2226 20.2333 0.283357 0.428489 -0.504579 0.494616 -0.500263 0.500492
88.3263 21.5802 0.295209 0.463001 -0.504255 0.494402 -0.50044 0.500853
88.4302 22.9265 0.309467 0.496613 -0.504652 0.494255 -0.50038 0.500658
88.5341 24.2731 0.323376 0.531503 -0.504749 0.494257 -0.500221 0.500718
88.6378 25.6135 0.338071 0.565242 -0.504828 0.493997 -0.50022 0.500894
88.7416 26.9549 0.353458 0.599164 -0.505259 0.494301 -0.499684 0.500695
88.8455 28.2931 0.367457 0.630802 -0.505418 0.494855 -0.49905 0.50062
88.9492 29.6238 0.383673 0.661141 -0.505232 0.494687 -0.499285 0.500739
89.0529 30.9509 0.39768 0.692571 -0.50465 0.494754 -0.499399 0.501146
89.1568 32.2825 0.413999 0.724036 -0.504676 0.494593 -0.499728 0.50095
89.2606 33.6065 0.427007 0.756656 -0.504528 0.495014 -0.499571 0.50084
89.3643 34.9269 0.439757 0.788716 -0.504374 0.495494 -0.499348 0.500743
89.4681 36.2434 0.451537 0.820635 -0.504181 0.495616 -0.499429 0.500737
89.5718 37.555 0.461529 0.851704 -0.503826 0.496067 -0.499113 0.500962
89.6756 38.8665 0.471855 0.882457 -0.503789 0.496539 -0.498732 0.500912
89.7793 40.1738 0.483912 0.91153 -0.504028 0.496873 -0.498207 0.500862
89.8832 41.4802 0.49749 0.94036 -0.504332 0.496727 -0.497848 0.501058
89.987 42.7785 0.512504 0.96857 -0.504661 0.496266 -0.497718 0.501312
90.0907 44.076 0.534623 0.995652 -0.505878 0.49559 -0.497868 0.500605
90.1945 45.3732 0.555204 1.01928 0.506999 -0.496114 0.496976 -0.499837
90.2983 46.6701 0.578258 1.03853 0.508325 -0.496629 0.496116 -0.498832
90.4021 47.9611 0.599992 1.05363 0.509418 -0.497174 0.495163 -0.498121
90.506 49.2494 0.623098 1.0665 0.510164 -0.497221 0.494564 -0.497907
90.6097 50.5276 0.645636 1.07581 0.509407 -0.496905 0.494443 -0.499115
90.7136 51.8104 0.674006 1.08728 0.509513 -0.49584 0.495019 -0.499495
90.8173 53.0872 0.702063 1.10074 0.509768 -0.495237 0.495065 -0.499787
90.9211 54.3609 0.73114 1.11579 0.510262 -0.49476 0.494969 -0.499851
91.0248 55.6295 0.762477 1.13043 -0.510266 0.494116 -0.495092 0.500361
91.1287 56.9016 0.794281 1.14478 -0.510828 0.494021 -0.494631 0.500338
91.2325 58.1708 0.826899 1.15994 -0.511244 0.493976 -0.494154 0.500429
91.3362 59.4341 0.859787 1.17466 -0.511463 0.493691 -0.49404 0.5006
91.4399 60.6946 0.895091 1.18876 -0.511625 0.493321 -0.494078 0.500761
91.5437 61.9493 0.928288 1.20387 -0.511515 0.493304 -0.493839 0.501126
91.6476 63.2074 0.962179 1.21881 -0.511084 0.49327 -0.493525 0.501908
91.7512 64.4584 0.996173 1.23409 -0.511112 0.493307 -0.493063 0.502297
91.8551 65.7102 1.03183 1.25052 -0.511691 0.49355 -0.492442 0.502077
91.9588 66.9537 1.06865 1.26781 -0.511729 0.493077 -0.492664 0.502286
92.0626 68.1914 1.10741 1.28461 -0.511764 0.492112 -0.493488 0.502387
92.1663 69.4331 1.14827 1.30304 -0.512431 0.491597 -0.493984 0.501724
92.2701 70.6687 1.18816 1.3212 -0.51298 0.49106 -0.494676 0.501006
92.3738 71.9003 1.22708 1.33807 -0.513313 0.490872 -0.495377 0.500156
92.4776 73.1272 1.26138 1.35467 0.513326 -0.491761 0.495458 -0.499189
92.5813 74.3411 1.29346 1.37064 0.51348 -0.492296 0.49577 -0.498191
92.6851 75.5436 1.31823 1.38775 0.512509 -0.493147 0.495671 -0.498448
92.7888 76.7228 1.33708 1.40629 -0.510119 0.493168 -0.496532 0.50002
92.8926 77.8869 1.3594 1.42426 0.510022 -0.493513 0.497305 -0.499009
92.9963 79.0374 1.37797 1.44331 0.510613 -0.495577 0.496641 -0.497016
93.1002 80.1599 1.3923 1.45977 0.510163 -0.496248 0.497492 -0.495957
93.2039 81.2677 1.40295 1.47561 0.508427 -0.496232 0.499379 -0.49586
93.3078 82.3668 1.40727 1.49546 0.506187 -0.495915 0.501204 -0.496625
93.4116 83.4619 1.40657 1.51854 0.503589 -0.495658 0.502903 -0.497805
93.5154 84.5575 1.40264 1.5422 0.502044 -0.49621 0.503575 -0.498136
93.6192 85.6552 1.39729 1.56614 0.501834 -0.497566 0.503097 -0.497478
93.7231 86.7511 1.39409 1.58721 0.502225 -0.4984 0.502873 -0.496474
93.8268 87.8365 1.39133 1.60813 0.501771 -0.498394 0.503378 -0.496427
93.9307 88.9192 1.38556 1.63004 0.500967 -0.498034 0.504189 -0.496777
94.0346 89.9981 1.3802 1.6547 0.500654 -0.497934 0.504737 -0.496638
94.1385 91.0757 1.3724 1.68101 0.500959 -0.498655 0.504294 -0.496055
94.2423 92.1496 1.36383 1.70526 0.501066 -0.499368 0.503565 -0.495971
94.3462 93.2186 1.35611 1.72617 0.501083 -0.499753 0.502996 -0.496143
94.4501 94.2821 1.34885 1.74769 0.50122 -0.500106 0.50194 -0.496719
94.5539 95.3447 1.34311 1.76908 0.501465 -0.499929 0.500628 -0.497972
94.6577 96.3985 1.34128 1.79065 0.501308 -0.499049 0.499667 -0.499973
94.7616 97.4521 1.34636 1.81246 -0.501274 0.49732 -0.499539 0.501855
94.8655 98.508 1.358 1.83504 -0.501423 0.495211 -0.499752 0.503577
94.9693 99.5701 1.37506 1.86189 -0.502479 0.493575 -0.499153 0.504722
95.0732 100.636 1.39741 1.88769 -0.504165 0.492496 -0.497598 0.505629
95.1769 101.71 1.42669 1.91325 -0.506347 0.491137 -0.495759 0.506577
95.2808 102.787 1.46312 1.9392 -0.508297 0.489725 -0.493641 0.508058
95.3847 103.868 1.50781 1.96442 -0.510361 0.487759 -0.491871 0.509593
95.4886 104.957 1.56179 1.98822 -0.512623 0.48599 -0.490441 0.510391
95.5925 106.05 1.62272 2.01097 -0.514866 0.484352 -0.489873 0.510236
95.6963 107.147 1.68624 2.03441 -0.516102 0.482868 -0.490633 0.509663
95.8003 108.251 1.74877 2.05667 -0.516587 0.481867 -0.49248 0.508337
95.9043 109.362 1.80604 2.07976 -0.516237 0.481679 -0.494795 0.506619
96.0085 110.482 1.8557 2.10208 -0.515578 0.482618 -0.496705 0.504523
96.1124 111.608 1.89703 2.12309 -0.514721 0.484234 -0.498473 0.5021
96.2166 112.744 1.92809 2.14515 0.513089 -0.48615 0.50062 -0.499777
96.3206 113.881 1.94909 2.16643 0.510831 -0.487975 0.503496 -0.497417
96.4247 115.026 1.95871 2.18791 0.508263 -0.490037 0.506388 -0.49508
96.5287 116.179 1.95614 2.21029 0.505675 -0.492473 0.508637 -0.493003
96.6328 117.341 1.94014 2.23579 0.502785 -0.494862 0.511001 -0.491118
96.7368 118.508 1.91321 2.26115 0.499682 -0.497495 0.513025 -0.489512
96.8408 119.684 1.87627 2.28696 0.497399 -0.499851 0.51476 -0.487611
96.9448 120.866 1.83308 2.31212 0.495739 -0.501979 0.5161 -0.485695
97.0487 122.056 1.78139 2.33814 0.494455 -0.503638 0.517358 -0.483945
97.1527 123.258 1.72507 2.3627 0.493599 -0.50475 0.518844 -0.482067
97.2566 124.466 1.66595 2.3876 0.493188 -0.50541 0.52046 -0.480049
97.3606 125.684 1.6021 2.41092 0.492954 -0.505742 0.52198 -0.478288
97.4645 126.91 1.52904 2.43225 0.492424 -0.506949 0.522263 -0.477245
97.5683 128.143 1.45419 2.45578 0.492129 -0.50742 0.522508 -0.47678
97.6722 129.386 1.37492 2.48055 0.490385 -0.506799 0.523182 -0.478495
97.7761 130.641 1.29261 2.5044 0.489276 -0.507459 0.52208 -0.480132
97.8798 131.911 1.21275 2.53043 0.489661 -0.508783 0.51973 -0.480888
97.9836 133.189 1.13533 2.55262 0.489724 -0.509423 0.517464 -0.482586
98.0875 134.481 1.06348 2.57194 0.49048 -0.509923 0.514568 -0.484383
98.1911 135.781 0.998254 2.59374 0.491073 -0.509731 0.511673 -0.487045
98.2948 137.089 0.941992 2.61386 0.491421 -0.508633 0.509453 -0.490159
98.3987 138.414 0.895798 2.63369 -0.492495 0.507661 -0.507204 0.492415
98.5025 139.749 0.86007 2.65405 -0.494153 0.506514 -0.505216 0.493978
98.6062 141.091 0.832678 2.67491 -0.495919 0.505343 -0.503632 0.495022
98.71 142.451 0.816625 2.69333 -0.498185 0.504102 -0.502255 0.495412
98.8138 143.818 0.808213 2.71165 -0.499593 0.502282 -0.501417 0.49669
98.9176 145.191 0.806307 2.72896 0.500369 -0.500017 0.501087 -0.498524
99.0213 146.574 0.810774 2.75099 0.501365 -0.498004 0.500672 -0.499952
99.1251 147.962 0.818199 2.77954 -0.501217 0.495958 -0.500833 0.501969
99.229 149.366 0.831134 2.81104 -0.501199 0.49413 -0.501517 0.503106
99.3327 150.779 0.846513 2.84668 -0.501582 0.493342 -0.501503 0.503512
99.4366 152.202 0.863698 2.88442 -0.502268 0.492959 -0.501063 0.50364
99.5403 153.63 0.881861 2.92268 -0.503032 0.492763 -0.500545 0.503586
99.6441 155.066 0.903141 2.95948 -0.504026 0.492632 -0.499922 0.503339
99.748 156.508 0.925229 2.9955 -0.50472 0.492564 -0.49926 0.503366
99.8517 157.949 0.950588 3.03027 -0.505649 0.4923 -0.498664 0.503284
99.9555 159.392 0.976517 3.06493 -0.506537 0.492504 -0.497584 0.50326
100.059 160.832 1.00734 3.09665 -0.507547 0.492165 -0.49699 0.503161
100.163 162.271 1.03944 3.12951 -0.507912 0.491411 -0.496861 0.503657
100.267 163.709 1.07563 3.16205 -0.50828 0.490543 -0.497084 0.503911
100.371 165.145 1.11266 3.19697 -0.508515 0.490026 -0.497219 0.504044
100.474 166.581 1.15096 3.23206 -0.508354 0.489297 -0.497821 0.50432
100.578 168.014 1.18889 3.26787 -0.5085 0.489005 -0.498189 0.504093
100.682 169.454 1.22558 3.30334 -0.509005 0.489533 -0.49784 0.503414
100.786 170.888 1.26247 3.33777 -0.509295 0.489967 -0.497626 0.502911
100.89 172.319 1.29763 3.37169 -0.509313 0.490218 -0.497694 0.502581
100.993 173.747 1.33319 3.40556 -0.509427 0.490211 -0.498117 0.502052
101.097 175.169 1.3663 3.44042 -0.509111 0.490088 -0.498746 0.501868
101.201 176.593 1.39848 3.47535 -0.508973 0.490095 -0.499311 0.50144
101.305 178.011 1.42753 3.51171 -0.508344 0.49024 -0.499887 0.501363
101.409 179.425 1.45339 3.54707 -0.507233 0.490509 -0.500301 0.501811
101.512 180.839 1.47633 3.58363 -0.506336 0.491505 -0.500008 0.502035
101.616 182.25 1.49824 3.61967 -0.506326 0.492836 -0.499339 0.501405
101.72 183.661 1.51887 3.65247 -0.506851 0.49446 -0.498496 0.500114
101.824 185.062 1.53973 3.68014 0.506469 -0.494381 0.499362 -0.499715
101.927 186.456 1.55921 3.70812 0.505658 -0.49374 0.500812 -0.499718
102.031 187.848 1.57611 3.74205 0.505046 -0.493662 0.501478 -0.499746
102.135 189.242 1.5903 3.77766 0.504664 -0.494019 0.501756 -0.4995
102.239 190.634 1.60307 3.81174 0.504821 -0.494917 0.501227 -0.498983
102.342 192.021 1.61333 3.84374 0.504809 -0.495859 0.50043 -0.49886
102.446 193.401 1.62376 3.87512 0.504351 -0.496046 0.500239 -0.49933
102.55 194.776 1.63387 3.90588 -0.503613 0.495939 -0.500217 0.500201
102.654 196.151 1.64554 3.93893 -0.503305 0.495493 -0.500503 0.500666
102.758 197.523 1.65744 3.97359 -0.503098 0.495378 -0.500517 0.500975
102.861 198.89 1.66987 4.00913 -0.503615 0.495503 -0.500331 0.500517
102.965 200.255 1.6823 4.04283 -0.504085 0.495779 -0.499963 0.500139
103.069 201.611 1.69488 4.07485 -0.504261 0.495739 -0.499891 0.500072
103.173 202.97 1.70598 4.10686 0.504458 -0.495746 0.499826 -0.499933
103.276 204.323 1.71741 4.13988 0.504615 -0.495593 0.500015 -0.499736
103.38 205.669 1.72757 4.17186 0.504536 -0.495368 0.500143 -0.499911
103.484 207.012 1.73778 4.20481 -0.504401 0.495293 -0.500126 0.500138
103.588 208.351 1.74644 4.23878 -0.504134 0.495181 -0.500176 0.500469
103.692 209.691 1.7572 4.27095 -0.504345 0.495342 -0.499978 0.500295
103.795 211.025 1.7684 4.30382 -0.504698 0.495337 -0.49987 0.500051
103.899 212.35 1.78 4.33548 -0.504586 0.495297 -0.499768 0.500306
104.003 213.667 1.79249 4.36604 -0.504715 0.495251 -0.499513 0.500477
104.106 214.967 1.80273 4.39736 -0.50501 0.495646 -0.498644 0.500654
104.21 216.248 1.81496 4.4286 -0.505878 0.495797 -0.497723 0.500545
104.314 217.507 1.82671 4.45832 -0.506583 0.496217 -0.496531 0.5006
104.418 218.743 1.84251 4.48688 -0.507694 0.496323 -0.495695 0.500196
104.522 219.951 1.85973 4.51501 -0.508311 0.495721 -0.495565 0.500296
104.625 221.129 1.87789 4.54048 -0.508439 0.495092 -0.495453 0.500899
104.729 222.285 1.89517 4.56933 -0.509001 0.494737 -0.494665 0.501457
104.833 223.411 1.91724 4.5983 -0.509763 0.493835 -0.49388 0.502346
104.937 224.505 1.94167 4.62518 -0.510368 0.492968 -0.492842 0.5036
105.04 225.567 1.97197 4.65183 -0.511379 0.491777 -0.492243 0.504325
105.144 226.604 2.00458 4.67949 -0.512157 0.490803 -0.491758 0.504957
105.248 227.604 2.04015 4.70634 -0.513318 0.489746 -0.491721 0.504841
105.352 228.574 2.07378 4.73102 -0.51396 0.489712 -0.49105 0.504873
105.456 229.512 2.10601 4.75544 -0.514758 0.489819 -0.490239 0.504744
105.56 230.415 2.13962 4.77814 -0.515186 0.489611 -0.489721 0.505012
105.663 231.287 2.17419 4.79916 -0.515651 0.489051 -0.489405 0.505387
105.767 232.126 2.20789 4.81837 -0.515856 0.488612 -0.488854 0.506134
105.871 232.933 2.24367 4.83857 -0.516173 0.487472 -0.489086 0.506687
105.975 233.719 2.28007 4.86037 -0.516091 0.486284 -0.489955 0.507073
106.079 234.492 2.31497 4.88163 -0.515187 0.485192 -0.491672 0.507375
106.183 235.265 2.34688 4.90308 -0.513863 0.484862 -0.493872 0.506897
106.287 236.037 2.37256 4.92369 -0.512348 0.485904 -0.495311 0.506027
106.391 236.807 2.39117 4.94307 -0.511098 0.48755 -0.495839 0.50519
106.495 237.576 2.40634 4.96168 -0.50995 0.489308 -0.496171 0.504324
106.599 238.338 2.42154 4.97961 -0.508824 0.490988 -0.496674 0.503332
106.703 239.102 2.43817 4.99782 -0.507769 0.492204 -0.497762 0.502135
106.807 239.859 2.44919 5.01612 -0.50652 0.493384 -0.498873 0.501133
106.911 240.614 2.45747 5.03286 -0.505471 0.494414 -0.499958 0.500096
107.015 241.365 2.46485 5.04902 0.504624 -0.495449 0.500837 -0.499046
107.119 242.113 2.47112 5.06402 0.50394 -0.496653 0.501425 -0.497948
107.223 242.859 2.47794 5.07675 0.503554 -0.497707 0.501947 -0.496759
107.327 243.601 2.48123 5.09046 0.503007 -0.498488 0.502125 -0.49635
107.431 244.338 2.48594 5.10367 0.50236 -0.498621 0.502542 -0.496451
107.535 245.075 2.4876 5.11872 0.501518 -0.498115 0.503455 -0.496885
107.639 245.816 2.49325 5.13184 0.500602 -0.497124 0.504816 -0.49742
107.743 246.562 2.49473 5.14736 0.499936 -0.496682 0.505477 -0.497859
107.847 247.316 2.49727 5.16444 0.499817 -0.496757 0.505186 -0.4982
107.951 248.072 2.49861 5.18258 0.49991 -0.49687 0.504804 -0.498381
108.055 248.833 2.50308 5.1993 0.500387 -0.496516 0.504835 -0.498224
108.159 249.599 2.50649 5.21822 0.500234 -0.495915 0.505155 -0.49865
108.263 250.367 2.50851 5.23778 0.499119 -0.495811 0.50544 -0.499582
108.367 251.139 2.50556 5.25684 -0.497795 0.49624 -0.505406 0.50051
108.471 251.922 2.50345 5.27308 0.497741 -0.497389 0.504871 -0.499963
108.575 252.712 2.50854 5.28924 0.500021 -0.498052 0.504674 -0.497219
108.679 253.509 2.50712 5.30693 0.501221 -0.499845 0.503585 -0.495312
108.783 254.304 2.49893 5.32153 0.50018 -0.500763 0.503617 -0.495405
108.887 255.099 2.49198 5.3362 0.497972 -0.499938 0.505995 -0.496039
108.991 255.9 2.48556 5.35112 0.496356 -0.499077 0.508391 -0.496076
109.095 256.707 2.47578 5.3702 0.495974 -0.499037 0.509573 -0.495285
109.199 257.526 2.46159 5.39272 0.495765 -0.500037 0.509726 -0.494328
109.303 258.348 2.44207 5.4142 0.495306 -0.501763 0.509036 -0.493749
109.407 259.176 2.41879 5.43242 0.494295 -0.503422 0.508245 -0.493889
109.511 260.007 2.3981 5.45157 0.493454 -0.503903 0.508762 -0.493706
109.615 260.844 2.3794 5.47242 0.492866 -0.503307 0.51029 -0.493325
109.719 261.688 2.35718 5.49298 0.492019 -0.502462 0.511822 -0.493444
109.823 262.541 2.33165 5.51346 0.491182 -0.502284 0.512762 -0.493485
109.927 263.408 2.30521 5.53621 0.491285 -0.502936 0.513096 -0.492368
110.031 264.283 2.27845 5.56078 0.491532 -0.503695 0.513408 -0.491019
110.135 265.167 2.24888 5.58502 0.491374 -0.504062 0.513742 -0.490451
110.239 266.059 2.21703 5.60834 0.491125 -0.504073 0.513968 -0.490451
110.343 266.96 2.18105 5.63277 0.490527 -0.504569 0.51352 -0.491009
110.447 267.869 2.14456 5.65782 0.490408 -0.505201 0.512926 -0.491099
110.551 268.787 2.10709 5.68457 0.490108 -0.505606 0.512676 -0.491242
110.655 269.712 2.07299 5.71053 0.490036 -0.505949 0.512377 -0.491274
110.759 270.643 2.03986 5.73548 0.490188 -0.506255 0.511975 -0.491226
110.863 271.578 2.00814 5.75997 0.490858 -0.506491 0.511595 -0.49071
110.967 272.516 1.97718 5.78693 0.491178 -0.506508 0.511139 -0.490846
111.071 273.451 1.94858 5.81304 0.491569 -0.506007 0.510809 -0.491315
111.175 274.387 1.92369 5.83751 0.49196 -0.505123 0.510558 -0.492094
111.279 275.322 1.90331 5.86275 0.492809 -0.503928 0.510459 -0.492573
111.383 276.256 1.8863 5.88899 0.493863 -0.502811 0.510251 -0.492873
111.487 277.189 1.87196 5.9146 0.495 -0.501973 0.509725 -0.493131
111.591 278.122 1.86017 5.94009 0.496245 -0.501442 0.509 -0.493169
111.695 279.055 1.85017 5.96524 0.497398 -0.501321 0.50789 -0.493275
111.799 279.982 1.84113 5.98929 0.498339 -0.501078 0.507032 -0.493455
111.903 280.907 1.83488 6.01177 0.499112 -0.50068 0.506385 -0.493742
112.007 281.828 1.82954 6.03319 0.499753 -0.500184 0.505947 -0.494045
112.111 282.747 1.82442 6.05424 0.499918 -0.499976 0.505356 -0.494692
112.215 283.663 1.82038 6.07601 0.500089 -0.499576 0.505037 -0.49525
112.319 284.574 1.81919 6.09725 0.500406 -0.499137 0.504746 -0.495669
112.423 285.473 1.82008 6.11836 0.50116 -0.49877 0.504381 -0.495648
112.527 286.356 1.82129 6.14008 0.501716 -0.498759 0.503769 -0.495719
112.631 287.216 1.82466 6.16296 0.502167 -0.498103 0.503941 -0.495748
112.735 288.06 1.83113 6.18604 0.502383 -0.496798 0.50495 -0.495812
112.839 288.891 1.83581 6.20897 0.502313 -0.495338 0.506277 -0.49599
112.943 289.717 1.83857 6.23275 0.502173 -0.494349 0.507237 -0.496138
113.047 290.542 1.8416 6.25781 0.502355 -0.49385 0.5079 -0.495772
113.151 291.366 1.84383 6.28159 0.502572 -0.493336 0.508657 -0.495286
113.255 292.186 1.84405 6.30543 0.502429 -0.493072 0.509369 -0.494963
113.359 293 1.84324 6.33235 0.502274 -0.49271 0.510485 -0.494332
113.463 293.812 1.84021 6.36072 0.502095 -0.492719 0.511252 -0.493711
113.567 294.62 1.83619 6.38743 0.502317 -0.493074 0.511506 -0.492867
113.671 295.428 1.82984 6.4144 0.50246 -0.493908 0.511128 -0.492278
113.775 296.232 1.82383 6.44031 0.502757 -0.494718 0.510261 -0.49206
113.879 297.031 1.81794 6.46419 0.503291 -0.49524 0.509117 -0.492174
113.982 297.828 1.81474 6.48618 0.503888 -0.495461 0.508143 -0.492348
114.086 298.624 1.81203 6.50651 0.504248 -0.495503 0.507363 -0.49274
114.19 299.423 1.80952 6.52479 0.504604 -0.495715 0.50644 -0.493112
