2 -0.0939941 0.116379 0 0 0 0.000455461 1
2.5 -0.0917816 0.11821 0 0 0 0.00049425 1
3 -0.0917816 0.11821 0 0 0 0.00049425 1
3.5 -0.0917816 0.11821 0 0 0 0.00049425 1
4 -0.0917816 0.11821 0 0 0 0.00049425 1
4.5 -0.0917816 0.11821 0 0 0 0.00049425 1
5 -0.0917816 0.11821 0 0 0 0.00049425 1
5.5 -0.0917816 0.11821 0 0 0 0.00049425 1
6 -0.0917816 0.11821 0 0 0 0.00049425 1
6.5 -0.0917816 0.11821 0 0 0 0.00049425 1
7 -0.0917816 0.11821 0 0 0 0.00049425 1
7.5 -0.0917816 0.11821 0 0 0 0.00049425 1
8 -0.0917816 0.11821 0 0 0 0.00049425 1
8.5 -0.0917816 0.11821 0 0 0 0.00049425 1
9 -0.0917816 0.11821 0 0 0 0.00049425 1
9.5 -0.0917816 0.11821 0 0 0 0.00049425 1
10 -0.0917816 0.11821 0 0 0 0.00049425 1
10.5 -0.0917816 0.11821 0 0 0 0.00049425 1
11 -0.0917816 0.11821 0 0 0 0.00049425 1
11.5 -0.0917816 0.11821 0 0 0 0.00049425 1
12 -0.0917816 0.11821 0 0 0 0.00049425 1
12.5 -0.0917816 0.11821 0 0 0 0.00049425 1
13 -0.0917816 0.11821 0 0 0 0.00049425 1
13.5 -0.0917816 0.11821 0 0 0 0.00049425 1
14 -0.0917816 0.11821 0 0 0 0.00049425 1
14.5 -0.0917816 0.11821 0 0 0 0.00049425 1
15 -0.0917816 0.11821 0 0 0 0.00049425 1
15.5 -0.0917816 0.11821 0 0 0 0.00049425 1
16 -0.0917816 0.11821 0 0 0 0.00049425 1
16.5 -0.0917816 0.11821 0 0 0 0.00049425 1
17 -0.0917816 0.11821 0 0 0 0.00049425 1
17.5 -0.0917816 0.11821 0 0 0 0.00049425 1
18 -0.0917816 0.11821 0 0 0 0.00049425 1
18.5 -0.0917816 0.11821 0 0 0 0.00049425 1
19 -0.0917816 0.11821 0 0 0 0.00049425 1
19.5 -0.0917816 0.11821 0 0 0 0.00049425 1
20 -0.0917816 0.11821 0 0 0 0.00049425 1
20.1039 0.0295105 0.120529 0 0 0 0.00383918 0.999993
20.2079 0.135712 0.131027 0 0 0 0.00564733 0.999984
20.3118 0.221863 0.071991 0 0 0 0.0101834 0.999948
20.4156 0.335342 0.11676 0 0 0 0.0150715 0.999886
20.5195 0.408951 0.132202 0 0 0 0.0209819 0.99978
20.6234 0.53125 0.111145 0 0 0 0.0271214 0.999632
20.7271 0.640259 0.14093 0 0 0 0.0350517 0.999385
20.8309 0.801849 0.164673 0 0 0 0.0440114 0.999031
20.9346 0.950806 0.178406 0 0 0 0.0567987 0.998386
21.0384 1.11574 0.166672 0 0 0 0.066793 0.997767
21.1421 1.28375 0.317749 0 0 0 0.080258 0.996774
21.2459 1.46872 0.296066 0 0 0 0.0909619 0.995854
21.3496 1.63486 0.392578 0 0 0 0.102799 0.994702
21.4533 1.84999 0.479874 0 0 0 0.119004 0.992894
21.557 2.04123 0.551895 0 0 0 0.135023 0.990842
21.6608 2.27307 0.634369 0 0 0 0.151337 0.988482
21.7644 2.43353 0.749756 0 0 0 0.168368 0.985724
21.868 2.63947 0.852234 0 0 0 0.185423 0.982659
21.9718 2.82765 0.963135 0 0 0 0.202329 0.979317
22.0755 3.02219 1.10478 0 0 0 0.222293 0.97498
22.1791 3.19232 1.23683 0 0 0 0.242171 0.970234
22.2829 3.39899 1.36528 0 0 0 0.263267 0.964723
22.3865 3.59821 1.48529 0 0 0 0.285504 0.958377
22.4901 3.78053 1.67856 0 0 0 0.309438 0.95092
22.5936 3.93478 1.88495 0 0 0 0.334644 0.942344
22.6973 4.14963 2.04335 0 0 0 0.360395 0.9328
22.8009 4.3058 2.31421 0 0 0 0.386443 0.922313
22.9046 4.48991 2.50854 0 0 0 0.41342 0.91054
23.0082 4.62428 2.73776 0 0 0 0.439514 0.898236
23.112 4.78937 3.02711 0 0 0 0.4666 0.884469
23.2158 4.90898 3.35992 0 0 0 0.493363 0.869824
23.3194 5.03651 3.62566 0 0 0 0.517684 0.855572
23.4231 5.10156 3.97499 0 0 0 0.54679 0.83727
23.5269 5.1935 4.36908 0 0 0 0.569133 0.822246
23.6306 5.25073 4.7558 0 0 0 0.593197 0.805058
23.7344 5.29335 5.14056 0 0 0 0.615601 0.788058
23.8383 5.32391 5.53217 0 0 0 0.635433 0.772156
23.9421 5.35519 5.95515 0 0 0 0.654776 0.755823
24.0463 5.37024 6.38255 0 0 0 0.671131 0.741339
24.1503 5.37895 6.83382 0 0 0 0.684404 0.729103
24.2544 5.39026 7.29121 0 0 0 0.698269 0.715836
24.3585 5.358 7.78123 0 0 0 0.708988 0.70522
24.4626 5.33057 8.24724 0 0 0 0.719425 0.69457
24.5669 5.28241 8.74672 0 0 0 0.726951 0.686689
24.6712 5.2249 9.27205 0 0 0 0.732806 0.680438
24.7755 5.17339 9.83235 0 0 0 0.737996 0.674805
24.88 5.12221 10.3867 0 0 0 0.741114 0.67138
24.9842 5.0385 10.9686 0 0 0 0.743095 0.669186
25.0885 4.97388 11.5673 0 0 0 0.744057 0.668116
25.1929 4.90691 12.2034 0 0 0 0.745288 0.666743
25.2972 4.88637 12.3992 0 0 0 0.745883 0.666077
25.4015 4.8949 12.3575 0 0 0 0.746574 0.665303
25.5057 4.84157 12.7421 0 0 0 0.743918 0.668271
25.61 4.784 13.1044 0 0 0 0.743072 0.669212
25.7143 4.77345 12.9444 0 0 0 0.742637 0.669694
25.8184 4.7446 12.9512 0 0 0 0.742814 0.669498
25.9225 4.91345 11.9852 0 0 0 0.74504 0.66702
26.0268 4.91098 12.023 0 0 0 0.74722 0.664576
26.1309 4.99113 11.9858 0 0 0 0.753345 0.657625
26.235 5.04079 11.1109 0 0 0 0.749662 0.661821
26.339 4.98715 10.8585 0 0 0 0.745984 0.665964
26.4431 5.13824 10.4946 0 0 0 0.745594 0.6664
26.5473 5.19409 10.703 0 0 0 0.747585 0.664166
26.6513 5.15036 10.9247 0 0 0 0.744499 0.667623
26.7554 5.21155 10.5456 0 0 0 0.747207 0.664591
26.8594 5.18471 10.1068 0 0 0 0.747821 0.663901
26.9634 5.07907 10.7988 0 0 0 0.746305 0.665604
27.0674 5.03178 11.0993 0 0 0 0.743592 0.668633
27.1713 5.02216 11.4371 0 0 0 0.747823 0.663898
27.2753 5.08852 11.011 0 0 0 0.746067 0.665871
27.3793 5.02788 11.4786 0 0 0 0.74672 0.665139
27.4833 4.8383 12.31 0 0 0 0.746625 0.665245
27.5873 4.86557 12.0404 0 0 0 0.750532 0.660834
27.6911 4.99792 10.7253 0 0 0 0.755986 0.654588
27.7951 5.21527 9.73238 0 0 0 0.761198 0.648519
27.899 5.23303 9.55852 0 0 0 0.763296 0.646048
28.003 5.23341 9.42915 0 0 0 0.757166 0.653223
28.107 5.18286 9.49013 0 0 0 0.754861 0.655885
28.211 5.09319 10.101 0 0 0 0.748227 0.663442
28.315 5.08818 10.941 0 0 0 0.742091 0.670299
28.4189 4.96208 11.6994 0 0 0 0.740943 0.671568
28.5229 4.82684 12.8473 0 0 0 0.741441 0.671018
28.6269 4.82011 13.261 0 0 0 0.743637 0.668583
28.7308 4.79375 13.7158 0 0 0 0.742769 0.669548
28.8348 4.73438 14.2798 0 0 0 0.743781 0.668423
28.9388 4.64413 14.735 0 0 0 0.740183 0.672405
29.0428 4.59137 14.3426 0 0 0 0.739662 0.672979
29.1466 4.53745 14.5708 0 0 0 0.738601 0.674143
29.2507 4.44695 14.5273 0 0 0 0.735203 0.677847
29.3545 4.53545 13.8397 0 0 0 0.737106 0.675777
29.4585 4.42627 14.3396 0 0 0 0.736215 0.676748
29.5625 4.61676 13.9619 0 0 0 0.75056 0.660802
29.6664 4.547 13.853 0 0 0 0.742613 0.669721
29.7704 4.6028 13.6459 0 0 0 0.742742 0.669578
29.8742 4.72714 13.0773 0 0 0 0.748173 0.663504
29.9781 4.73341 12.7579 0 0 0 0.748193 0.663481
30.0821 4.62903 13.4165 0 0 0 0.74783 0.66389
30.186 4.73923 12.9937 0 0 0 0.748629 0.662989
30.29 4.72046 13.291 0 0 0 0.751373 0.659878
30.3939 4.63226 13.5082 0 0 0 0.751616 0.659601
30.4978 4.55991 14.0421 0 0 0 0.75555 0.655091
30.6017 4.47165 14.6144 0 0 0 0.751688 0.659519
30.7056 4.34213 14.7758 0 0 0 0.75236 0.658752
30.8097 4.3727 14.9157 0 0 0 0.753085 0.657924
30.9135 4.51059 14.3024 0 0 0 0.748725 0.662881
31.0175 4.50018 13.4907 0 0 0 0.749645 0.66184
31.1214 4.45097 13.3855 0 0 0 0.746253 0.665663
31.2254 4.5437 12.8143 0 0 0 0.743708 0.668505
31.3293 4.57118 13.3329 0 0 0 0.742207 0.670171
31.4333 4.58696 12.4312 0 0 0 0.742639 0.669692
31.5371 4.66455 11.4048 0 0 0 0.741779 0.670645
31.6411 4.70815 11.6186 0 0 0 0.740969 0.67154
31.7451 4.59363 12.3487 0 0 0 0.742199 0.67018
31.8491 4.64084 12.5504 0 0 0 0.739349 0.673323
31.9533 4.57184 12.9273 0 0 0 0.743973 0.66821
32.0573 4.48735 13.8031 0 0 0 0.739793 0.672835
32.1614 4.37732 14.5748 0 0 0 0.732984 0.680246
32.2655 4.35553 15.052 0 0 0 0.739996 0.672611
32.3696 4.38867 15.6521 0 0 0 0.729923 0.68353
32.4739 4.31044 16.1871 0 0 0 0.719863 0.694116
32.5781 4.25388 16.7575 0 0 0 0.714234 0.699907
32.6824 4.23645 17.2157 0 0 0 0.705722 0.708489
32.7868 4.29492 16.34 0 0 0 0.691915 0.721979
32.8911 4.45695 16.1115 0 0 0 0.687099 0.726563
32.9955 4.53647 15.4746 0 0 0 0.696568 0.717491
33.0999 4.74799 15.1231 0 0 0 0.6857 0.727884
33.2044 4.92851 14.8317 0 0 0 0.665965 0.745983
33.3088 5.28925 14.0096 0 0 0 0.637099 0.770782
33.4133 5.55811 13.5591 0 0 0 0.612389 0.790557
33.5176 5.77556 13.3864 0 0 0 0.587349 0.809334
33.6221 5.94017 14.0811 0 0 0 0.557977 0.829856
33.7265 6.15248 14.48 0 0 0 0.531386 0.84713
33.8308 6.42519 14.612 0 0 0 0.511482 0.859294
33.9351 6.74229 14.3034 0 0 0 0.485928 0.873999
34.0394 7.03282 14.6749 0 0 0 0.462786 0.88647
34.1437 7.28871 15.1307 0 0 0 0.439221 0.898379
34.2479 7.59355 15.2782 0 0 0 0.412368 0.911017
34.3521 7.92268 15.6397 0 0 0 0.389553 0.921004
34.4564 8.26472 15.8026 0 0 0 0.354115 0.935202
34.5606 8.30568 15.9122 0 0 0 0.365313 0.930885
34.6649 8.73604 16.2639 0 0 0 0.331789 0.943354
34.769 9.17525 16.5688 0 0 0 0.30902 0.951055
34.8732 9.7701 16.8847 0 0 0 0.269623 0.962966
34.9771 10.4423 16.843 0 0 0 0.219862 0.975531
35.0812 10.8942 17.4263 0 0 0 0.20114 0.979562
35.185 11.3941 17.3431 0 0 0 0.178971 0.983854
35.2888 12.0307 17.5797 0 0 0 0.164747 0.986336
35.3925 12.5958 17.7115 0 0 0 0.152713 0.988271
35.4962 13.2495 17.8087 0 0 0 0.139969 0.990156
35.5999 13.8685 17.9658 0 0 0 0.128765 0.991675
35.7036 14.5387 18.0991 0 0 0 0.12277 0.992435
35.8073 15.1272 18.1267 0 0 0 0.120369 0.992729
35.911 15.8064 18.2321 0 0 0 0.112876 0.993609
36.0148 16.4962 18.367 0 0 0 0.107337 0.994223
36.1185 17.1123 18.6245 0 0 0 0.10083 0.994904
36.2224 17.6468 19.0371 0 0 0 0.107716 0.994182
36.3261 18.394 19.0395 0 0 0 0.100753 0.994911
36.4299 19.2569 19.1609 0 0 0 0.0748377 0.997196
36.5338 19.7599 19.6134 0 0 0 0.0964959 0.995333
36.6375 20.6019 19.3809 0 0 0 0.0839714 0.996468
36.7413 21.4826 19.8147 0 0 0 0.0642882 0.997931
36.8451 22.0691 21.5041 0 0 0 0.0679534 0.997688
36.9489 22.8518 22.1912 0 0 0 0.0661633 0.997809
37.0526 23.3697 22.0937 0 0 0 0.0764381 0.997074
37.1564 23.6425 22.5631 0 0 0 0.0955685 0.995423
37.2603 24.3994 22.8676 0 0 0 0.0919002 0.995768
37.364 24.9477 24.065 0 0 0 0.100004 0.994987
37.4679 24.862 21.5777 0 0 0 0.0465575 0.998916
37.5717 26.0788 24.5389 0 0 0 0.107058 0.994253
37.6755 26.0608 17.4715 0 0 0 -0.0516458 0.998665
37.7794 26.6604 17.4705 0 0 0 -0.0581841 0.998306
37.8831 26.9055 17.56 0 0 0 -0.0597442 0.998214
37.987 27.5738 17.3951 0 0 0 -0.110426 0.993884
38.0909 28.382 17.7736 0 0 0 -0.177624 0.984098
38.1948 27.5168 17.8892 0 0 0 -0.179066 0.983837
38.2985 28.2071 17.4735 0 0 0 -0.179846 0.983695
38.4024 29.26 19.0894 0 0 0 -0.132724 0.991153
38.5063 30.2593 17.4039 0 0 0 -0.140862 0.990029
38.6101 29.4808 13.6297 0 0 0 -0.226903 0.973917
38.7139 30.3035 15.3102 0 0 0 -0.215018 0.97661
38.8178 30.5315 14.8841 0 0 0 -0.237497 0.971388
38.9216 30.8062 14.9772 0 0 0 -0.197964 0.980209
39.0255 32.1699 15.1868 0 0 0 -0.261601 0.965176
39.1294 32.4532 15.4322 0 0 0 -0.293054 0.956096
39.2333 32.4293 15.5946 0 0 0 -0.297783 0.954634
39.337 32.589 16.3032 0 0 0 -0.331295 0.943527
39.4409 31.8372 15.633 0 0 0 -0.240966 0.970534
39.5448 33.7327 15.3539 0 0 0 -0.317023 0.948418
39.6485 34.6444 14.582 0 0 0 -0.342224 0.939618
39.7524 34.9768 14.0617 0 0 0 -0.307666 0.951494
39.8563 35.2005 13.6596 0 0 0 -0.273231 0.961949
39.9601 35.5502 13.2727 0 0 0 -0.248292 0.968685
40.064 35.4617 13.5114 0 0 0 -0.273977 0.961736
40.1679 36.9289 12.9962 0 0 0 -0.355384 0.93472
40.2719 36.9034 13.2592 0 0 0 -0.405677 0.914017
40.3758 34.5529 13.8372 0 0 0 -0.262731 0.964869
40.4798 34.9419 13.8539 0 0 0 -0.294739 0.955578
40.5836 35.348 13.7366 0 0 0 -0.307033 0.951699
40.6875 96.593 60.9761 0 0 0 -0.225913 0.974147
40.7915 96.593 60.9761 0 0 0 -0.225913 0.974147
40.8954 96.593 60.9761 0 0 0 -0.225913 0.974147
40.9993 96.593 60.9761 0 0 0 -0.225913 0.974147
41.1033 95.7505 61.3595 0 0 0 -0.233661 0.972318
