0.31175 0.100616 0.00534058 0 0 0 0.00424929 0.999991
0.415622 0.192688 0.00759888 0 0 0 0.0083449 0.999965
0.519499 0.318359 0.0350342 0 0 0 0.0150374 0.999887
0.623377 0.417633 0.0343323 0 0 0 0.0219608 0.999759
0.727122 0.541351 0.0505676 0 0 0 0.0294251 0.999567
0.830874 0.694733 0.0691833 0 0 0 0.0388641 0.999245
0.934622 0.859497 0.104401 0 0 0 0.0483697 0.998829
1.0384 1.02338 0.132233 0 0 0 0.0602597 0.998183
1.14213 1.1976 0.17392 0 0 0 0.0714218 0.997446
1.24587 1.40698 0.227661 0 0 0 0.084358 0.996436
1.34963 1.55774 0.284668 0 0 0 0.0969956 0.995285
1.45325 1.76318 0.349274 0 0 0 0.111959 0.993713
1.557 1.97354 0.424103 0 0 0 0.12827 0.991739
1.66077 2.14697 0.508972 0 0 0 0.14428 0.989537
1.76437 2.34494 0.590607 0 0 0 0.161157 0.986929
1.868 2.53412 0.694458 0 0 0 0.178887 0.98387
1.97175 2.73523 0.796539 0 0 0 0.196523 0.980499
2.0755 2.92334 0.915283 0 0 0 0.215223 0.976565
2.17913 3.10254 1.02817 0 0 0 0.234133 0.972205
2.28288 3.30515 1.16669 0 0 0 0.256192 0.966626
2.3865 3.49637 1.30347 0 0 0 0.277727 0.96066
2.49014 3.69708 1.50235 0 0 0 0.302169 0.953254
2.59362 3.85956 1.68201 0 0 0 0.326302 0.945266
2.69733 4.04465 1.87656 0 0 0 0.352321 0.935879
2.80089 4.23999 2.10715 0 0 0 0.379068 0.925369
2.90464 4.40967 2.31192 0 0 0 0.405604 0.914049
3.00825 4.57721 2.56296 0 0 0 0.431712 0.902012
3.112 4.73712 2.82196 0 0 0 0.458924 0.888476
3.21575 4.88004 3.10324 0 0 0 0.485523 0.874224
3.31937 5 3.39761 0 0 0 0.510698 0.85976
3.42313 5.12408 3.74243 0 0 0 0.536543 0.843873
3.52689 5.22156 4.0809 0 0 0 0.560929 0.827864
3.63065 5.33313 4.44086 0 0 0 0.585283 0.810829
3.7344 5.42023 4.81531 0 0 0 0.607607 0.794238
3.83825 5.4816 5.17334 0 0 0 0.627266 0.778805
3.94212 5.52023 5.59564 0 0 0 0.646382 0.763014
4.04628 5.54868 6.05322 0 0 0 0.662939 0.748674
4.15027 5.56158 6.47949 0 0 0 0.676756 0.736208
4.25438 5.57681 6.95349 0 0 0 0.68966 0.724134
4.35851 5.57236 7.42993 0 0 0 0.701082 0.713081
4.46265 5.54825 7.89758 0 0 0 0.710648 0.703548
4.56688 5.52771 8.42822 0 0 0 0.718272 0.695762
4.67125 5.50058 8.9613 0 0 0 0.723912 0.689893
4.7755 5.48288 9.50415 0 0 0 0.729323 0.684169
4.87996 5.43219 10.0724 0 0 0 0.731471 0.681872
4.98425 5.36429 10.6298 0 0 0 0.734316 0.678808
5.0885 5.32053 11.2238 0 0 0 0.735172 0.677881
5.19288 5.25937 11.838 0 0 0 0.736722 0.676196
5.29715 5.21722 12.4531 0 0 0 0.736228 0.676734
5.4015 5.17078 13.0897 0 0 0 0.735028 0.678037
5.50575 5.11288 13.7142 0 0 0 0.735097 0.677962
5.61001 5.05008 14.443 0 0 0 0.734066 0.679078
5.71425 4.99161 15.1078 0 0 0 0.734103 0.679038
5.81838 4.94562 15.7851 0 0 0 0.733153 0.680064
5.92252 4.90189 16.4891 0 0 0 0.732225 0.681063
6.02677 4.86249 17.2064 0 0 0 0.732305 0.680977
6.13088 4.80515 17.928 0 0 0 0.731691 0.681637
6.23502 4.74792 18.7294 0 0 0 0.730905 0.68248
6.33903 4.69055 19.4947 0 0 0 0.729935 0.683516
6.44314 4.64828 20.2566 0 0 0 0.729548 0.68393
6.54727 4.60806 21.0578 0 0 0 0.72894 0.684578
6.65128 4.57199 21.8559 0 0 0 0.728261 0.6853
6.75538 4.51767 22.6339 0 0 0 0.727726 0.685868
6.85938 4.47198 23.4271 0 0 0 0.726886 0.686758
6.96338 4.44693 24.2351 0 0 0 0.726764 0.686887
7.06738 4.40051 25.0666 0 0 0 0.726907 0.686736
7.17126 4.35312 25.9116 0 0 0 0.727113 0.686518
7.27527 4.29858 26.7747 0 0 0 0.727123 0.686507
7.37927 4.24146 27.6218 0 0 0 0.727398 0.686215
7.48325 4.19543 28.4797 0 0 0 0.7279 0.685684
7.58727 4.14249 29.3045 0 0 0 0.727939 0.685642
7.69113 4.09485 30.1319 0 0 0 0.72802 0.685556
7.79513 4.04922 30.981 0 0 0 0.726942 0.686699
7.899 3.99768 31.833 0 0 0 0.727423 0.686189
8.003 3.95407 32.6383 0 0 0 0.727652 0.685946
8.10701 3.91449 33.4836 0 0 0 0.72731 0.68631
8.211 3.86536 34.3088 0 0 0 0.726589 0.687072
8.31501 3.82034 35.1456 0 0 0 0.726664 0.686993
8.41888 3.76993 35.9785 0 0 0 0.726602 0.687059
8.52288 3.74225 36.8188 0 0 0 0.726023 0.68767
8.6269 3.6842 37.6591 0 0 0 0.725769 0.687938
8.73075 3.65393 38.5325 0 0 0 0.725559 0.68816
8.83476 3.59631 39.3637 0 0 0 0.725823 0.687882
8.93876 3.57156 40.144 0 0 0 0.726089 0.6876
9.04276 3.53503 40.959 0 0 0 0.72587 0.687832
9.14663 3.49503 41.8221 0 0 0 0.726089 0.687601
9.25065 3.4332 42.6102 0 0 0 0.726282 0.687397
9.3545 3.39355 43.4444 0 0 0 0.726273 0.687407
9.45853 3.34695 44.2874 0 0 0 0.72598 0.687716
9.5625 3.3103 45.1255 0 0 0 0.72638 0.687294
9.66638 3.27841 45.8817 0 0 0 0.726672 0.686984
9.77038 3.24533 46.7609 0 0 0 0.727301 0.686318
9.87425 3.20679 47.578 0 0 0 0.727691 0.685905
9.97813 3.16595 48.3608 0 0 0 0.728539 0.685005
10.0821 3.10513 49.1669 0 0 0 0.728938 0.68458
10.186 3.04965 49.9836 0 0 0 0.729597 0.683878
10.29 2.9949 50.761 0 0 0 0.729577 0.683899
10.3939 2.93823 51.5791 0 0 0 0.73038 0.683041
10.4978 2.8866 52.35 0 0 0 0.730353 0.68307
10.6018 2.827 53.1788 0 0 0 0.730324 0.683101
10.7056 2.79633 53.9097 0 0 0 0.730316 0.68311
10.8097 2.74423 54.734 0 0 0 0.730633 0.68277
10.9135 2.68439 55.5328 0 0 0 0.730955 0.682425
11.0175 2.64453 56.2506 0 0 0 0.731676 0.681653
11.1214 2.57941 57.0155 0 0 0 0.731453 0.681892
11.2254 2.52728 57.7646 0 0 0 0.731813 0.681505
11.3293 2.47888 58.5152 0 0 0 0.73124 0.68212
11.4333 2.43747 59.2631 0 0 0 0.73166 0.68167
11.5372 2.38147 60.0077 0 0 0 0.731786 0.681535
11.6411 2.33502 60.7114 0 0 0 0.730559 0.682849
11.7451 2.28848 61.3917 0 0 0 0.729796 0.683665
11.8491 2.25269 62.1018 0 0 0 0.727451 0.686159
11.9533 2.20377 62.7508 0 0 0 0.727245 0.686378
12.0573 2.18082 63.4337 0 0 0 0.7241 0.689695
12.1614 2.15833 64.1131 0 0 0 0.720831 0.693111
12.2655 2.15262 64.7282 0 0 0 0.715752 0.698354
12.3696 2.15015 65.3038 0 0 0 0.710368 0.703831
12.4739 2.16882 65.8777 0 0 0 0.704468 0.709736
12.5781 2.18628 66.4664 0 0 0 0.696722 0.717341
12.6824 2.23434 66.9895 0 0 0 0.688155 0.725563
12.7868 2.27917 67.5196 0 0 0 0.675529 0.737334
12.8911 2.34326 68.0045 0 0 0 0.663521 0.748158
12.9955 2.42773 68.4705 0 0 0 0.650867 0.759192
13.0999 2.5416 68.9249 0 0 0 0.63492 0.772578
13.2044 2.64954 69.3977 0 0 0 0.616498 0.787356
13.3088 2.81738 69.8556 0 0 0 0.596886 0.802326
13.4133 2.9989 70.2165 0 0 0 0.577227 0.816584
13.5176 3.20483 70.6268 0 0 0 0.554676 0.832067
13.6221 3.41406 70.9928 0 0 0 0.530893 0.847439
13.7265 3.66162 71.3663 0 0 0 0.507136 0.861866
13.8308 3.91647 71.7159 0 0 0 0.482679 0.875797
13.9351 4.17932 72.0706 0 0 0 0.458951 0.888461
14.0394 4.49072 72.3895 0 0 0 0.435165 0.900351
14.1437 4.79321 72.6797 0 0 0 0.411122 0.91158
14.2479 5.11362 72.9636 0 0 0 0.38589 0.922545
14.3521 5.4306 73.2071 0 0 0 0.359776 0.933039
14.4564 5.79535 73.4659 0 0 0 0.331894 0.943317
14.5606 6.17563 73.7143 0 0 0 0.303978 0.952679
14.6649 6.58511 73.9478 0 0 0 0.275568 0.961281
14.769 7.0455 74.1646 0 0 0 0.247373 0.96892
14.8732 7.49762 74.369 0 0 0 0.22205 0.975035
14.9771 7.98975 74.5625 0 0 0 0.197364 0.98033
15.0812 8.52087 74.7381 0 0 0 0.175286 0.984518
15.185 9.07364 74.9156 0 0 0 0.156111 0.98774
15.2888 9.64142 75.0638 0 0 0 0.139714 0.990192
15.3925 10.2065 75.2043 0 0 0 0.126958 0.991908
15.4962 10.788 75.3353 0 0 0 0.115954 0.993255
15.5999 11.4101 75.4774 0 0 0 0.107182 0.994239
15.7036 12.0455 75.5927 0 0 0 0.0994845 0.995039
15.8073 12.701 75.7131 0 0 0 0.093064 0.99566
15.911 13.3444 75.8107 0 0 0 0.0864571 0.996256
16.0148 14.0138 75.899 0 0 0 0.0794161 0.996842
16.1185 14.7271 76.0045 0 0 0 0.071508 0.99744
16.2224 15.4269 76.0906 0 0 0 0.0645992 0.997911
16.3261 16.0857 76.1836 0 0 0 0.0575471 0.998343
16.4299 16.833 76.2437 0 0 0 0.0530748 0.998591
16.5338 17.545 76.3208 0 0 0 0.0469095 0.998899
16.6375 18.2894 76.3873 0 0 0 0.0421565 0.999111
16.7413 19.1051 76.4456 0 0 0 0.0389797 0.99924
16.8451 19.8685 76.4979 0 0 0 0.0368822 0.99932
16.9489 20.6607 76.5432 0 0 0 0.0345194 0.999404
17.0526 21.4492 76.588 0 0 0 0.0337084 0.999432
17.1564 22.203 76.6336 0 0 0 0.0320549 0.999486
17.2603 22.9734 76.6793 0 0 0 0.0306331 0.999531
17.364 23.7279 76.7188 0 0 0 0.028445 0.999595
17.4679 24.496 76.7588 0 0 0 0.0261666 0.999658
17.5717 25.2677 76.7969 0 0 0 0.0254695 0.999676
17.6755 26.033 76.827 0 0 0 0.0241374 0.999709
17.7794 26.7742 76.8522 0 0 0 0.0223448 0.99975
17.8831 27.5211 76.8801 0 0 0 0.0206563 0.999787
17.987 28.2716 76.918 0 0 0 0.0203648 0.999793
18.0909 29.0841 76.9533 0 0 0 0.0192054 0.999816
18.1948 29.8572 76.9879 0 0 0 0.0178863 0.99984
18.2985 30.6292 77.013 0 0 0 0.0164765 0.999864
18.4024 31.4331 77.033 0 0 0 0.0157401 0.999876
18.5063 32.1661 77.0468 0 0 0 0.0144442 0.999896
18.6101 32.9302 77.0647 0 0 0 0.0142628 0.999898
18.7139 33.6534 77.075 0 0 0 0.0139628 0.999902
18.8178 34.4599 77.0809 0 0 0 0.0136043 0.999907
18.9216 35.2392 77.0982 0 0 0 0.0127926 0.999918
19.0255 36.019 77.1385 0 0 0 0.0131452 0.999914
19.1294 36.7897 77.1606 0 0 0 0.0145122 0.999895
19.2333 37.6044 77.1886 0 0 0 0.0148866 0.999889
19.337 38.3909 77.2091 0 0 0 0.0159958 0.999872
19.4409 39.2301 77.2375 0 0 0 0.0180769 0.999837
19.5448 39.9732 77.2887 0 0 0 0.0204745 0.99979
19.6485 40.7887 77.3188 0 0 0 0.0210043 0.999779
19.7524 41.5858 77.3381 0 0 0 0.0215317 0.999768
19.8563 42.4165 77.3829 0 0 0 0.0229943 0.999736
19.9601 43.2237 77.417 0 0 0 0.0235399 0.999723
20.064 44.0086 77.4616 0 0 0 0.0243423 0.999704
20.1679 44.8918 77.4943 0 0 0 0.0256326 0.999671
20.2719 45.7458 77.5264 0 0 0 0.0258689 0.999665
20.3758 46.6108 77.5737 0 0 0 0.0258291 0.999666
20.4797 47.4992 77.6119 0 0 0 0.0252691 0.999681
20.5836 48.3192 77.6597 0 0 0 0.0240033 0.999712
20.6875 49.2247 77.7065 0 0 0 0.0240407 0.999711
20.7915 50.1075 77.7434 0 0 0 0.0238036 0.999717
20.8954 50.9158 77.7707 0 0 0 0.0223318 0.999751
20.9993 51.8406 77.7933 0 0 0 0.0216719 0.999765
21.1033 52.6999 77.8374 0 0 0 0.0218551 0.999761
21.2071 53.5808 77.8685 0 0 0 0.0207661 0.999784
21.3111 54.4554 77.9173 0 0 0 0.0207494 0.999785
21.415 55.3048 77.9482 0 0 0 0.0201199 0.999798
21.519 56.1304 77.9815 0 0 0 0.0200766 0.999798
21.6229 56.9991 78.0136 0 0 0 0.0201641 0.999797
21.7269 57.8702 78.0469 0 0 0 0.0191205 0.999817
21.8308 58.713 78.0573 0 0 0 0.0185474 0.999828
21.9346 59.5743 78.111 0 0 0 0.0191174 0.999817
22.0387 60.4269 78.1458 0 0 0 0.0180988 0.999836
22.1426 61.2745 78.1698 0 0 0 0.0197369 0.999805
22.2465 62.1036 78.1987 0 0 0 0.020816 0.999783
22.3504 62.9555 78.2253 0 0 0 0.0226147 0.999744
22.4544 63.811 78.2679 0 0 0 0.0237066 0.999719
22.5584 64.6134 78.3169 0 0 0 0.0255439 0.999674
22.6623 65.4496 78.3729 0 0 0 0.0284889 0.999594
22.7661 66.2786 78.4159 0 0 0 0.0314869 0.999504
22.8702 67.0594 78.4706 0 0 0 0.0313415 0.999509
22.974 67.885 78.5058 0 0 0 0.0333374 0.999444
23.078 68.7 78.5852 0 0 0 0.0357413 0.999361
23.182 69.4952 78.6507 0 0 0 0.0382193 0.999269
23.2859 70.3007 78.7008 0 0 0 0.0402318 0.99919
23.3898 71.0849 78.7812 0 0 0 0.0452666 0.998975
23.4938 71.8656 78.843 0 0 0 0.0468497 0.998902
23.5976 72.6513 78.9142 0 0 0 0.0495827 0.99877
23.7015 73.4219 79.0019 0 0 0 0.0520993 0.998642
23.8055 74.1922 79.0858 0 0 0 0.0544838 0.998515
23.9094 74.9558 79.171 0 0 0 0.0567956 0.998386
24.0134 75.7295 79.2564 0 0 0 0.059256 0.998243
24.1173 76.4825 79.3391 0 0 0 0.063033 0.998011
24.2213 77.3099 79.4575 0 0 0 0.0659379 0.997824
24.3251 78.06 79.5755 0 0 0 0.0691189 0.997608
24.4291 78.7507 79.6617 0 0 0 0.0724274 0.997374
24.533 79.5268 79.7882 0 0 0 0.0754525 0.997149
24.6369 80.258 79.8826 0 0 0 0.0800321 0.996792
24.7408 81.0117 80.0352 0 0 0 0.0848677 0.996392
24.8446 81.7581 80.1355 0 0 0 0.091515 0.995804
24.9485 82.4806 80.2808 0 0 0 0.0951915 0.995459
25.0524 83.1958 80.4351 0 0 0 0.102476 0.994735
25.1563 83.9248 80.6173 0 0 0 0.105811 0.994386
25.2601 84.6494 80.7809 0 0 0 0.114397 0.993435
25.364 85.3718 80.9595 0 0 0 0.121159 0.992633
25.4679 86.0888 81.1385 0 0 0 0.12773 0.991809
25.5718 86.8713 81.3401 0 0 0 0.131288 0.991344
25.6756 87.5824 81.5392 0 0 0 0.139831 0.990175
25.7795 88.3018 81.753 0 0 0 0.145601 0.989343
25.8834 89.0245 81.9825 0 0 0 0.151023 0.98853
25.9874 89.7113 82.2095 0 0 0 0.156881 0.987618
26.0913 90.4031 82.4343 0 0 0 0.161781 0.986827
26.1953 91.1111 82.6742 0 0 0 0.165626 0.986189
26.2993 91.7928 82.9254 0 0 0 0.168823 0.985646
26.4031 92.5068 83.1842 0 0 0 0.173789 0.984783
26.507 93.2443 83.4496 0 0 0 0.177727 0.98408
26.611 93.9946 83.7422 0 0 0 0.182995 0.983114
26.7149 94.7172 84.0276 0 0 0 0.186617 0.982433
26.8189 95.4261 84.3105 0 0 0 0.188547 0.982064
26.9229 96.1113 84.5973 0 0 0 0.19167 0.981459
27.0269 96.8398 84.8764 0 0 0 0.194094 0.980983
27.1309 97.5284 85.1731 0 0 0 0.196711 0.980461
27.2348 98.2355 85.4704 0 0 0 0.19839 0.980123
27.3386 98.9821 85.7871 0 0 0 0.201311 0.979527
27.4427 99.6398 86.0791 0 0 0 0.203077 0.979163
27.5465 100.347 86.3966 0 0 0 0.207035 0.978333
27.6505 101.032 86.7109 0 0 0 0.210164 0.977666
27.7544 101.701 87.0315 0 0 0 0.211575 0.977362
27.8584 102.436 87.3645 0 0 0 0.214441 0.976737
27.9623 103.151 87.7021 0 0 0 0.216595 0.976262
28.0662 103.863 88.0283 0 0 0 0.218836 0.975762
28.17 104.577 88.3627 0 0 0 0.221122 0.975246
28.274 105.255 88.6969 0 0 0 0.224183 0.974547
28.3779 105.935 89.034 0 0 0 0.226439 0.974025
28.4819 106.608 89.3673 0 0 0 0.227526 0.973772
28.5858 107.288 89.7017 0 0 0 0.230885 0.972981
28.6897 107.907 90.0271 0 0 0 0.233205 0.972428
28.7937 108.587 90.3682 0 0 0 0.235073 0.971978
28.8975 109.231 90.6913 0 0 0 0.237862 0.971299
29.0015 109.868 91.0357 0 0 0 0.239955 0.970784
29.1054 110.545 91.3938 0 0 0 0.239907 0.970796
29.2094 111.2 91.7331 0 0 0 0.241553 0.970388
29.3133 111.797 92.0532 0 0 0 0.241887 0.970305
29.4173 112.398 92.3627 0 0 0 0.243805 0.969824
29.5211 113.002 92.6754 0 0 0 0.246128 0.969237
29.625 113.608 93.0178 0 0 0 0.247789 0.968814
29.729 114.193 93.3366 0 0 0 0.248744 0.968569
29.8329 114.741 93.6395 0 0 0 0.251069 0.967969
29.9368 115.235 93.8944 0 0 0 0.251119 0.967956
30.0408 115.733 94.1908 0 0 0 0.253095 0.967441
30.1446 116.222 94.4533 0 0 0 0.253888 0.967234
30.2485 116.685 94.7146 0 0 0 0.255332 0.966853
30.3524 117.147 94.9973 0 0 0 0.257482 0.966283
30.4563 117.606 95.2445 0 0 0 0.257788 0.966201
30.5603 117.997 95.4599 0 0 0 0.257759 0.966209
30.664 118.424 95.708 0 0 0 0.261468 0.965212
30.7679 118.785 95.938 0 0 0 0.264576 0.964365
30.8718 119.144 96.1602 0 0 0 0.268243 0.963351
30.9757 119.475 96.3841 0 0 0 0.271239 0.962512
31.0795 119.812 96.5658 0 0 0 0.273042 0.962002
31.1833 120.108 96.7548 0 0 0 0.276064 0.961139
31.2871 120.362 96.9276 0 0 0 0.280445 0.95987
31.3909 120.633 97.1004 0 0 0 0.284859 0.958569
31.4947 120.861 97.254 0 0 0 0.290504 0.956874
31.5984 121.104 97.4202 0 0 0 0.296277 0.955102
31.7022 121.313 97.5772 0 0 0 0.303803 0.952735
31.8058 121.478 97.7374 0 0 0 0.314106 0.949388
31.9095 121.716 97.9142 0 0 0 0.323008 0.946396
32.0131 121.878 98.0791 0 0 0 0.334534 0.942384
32.1169 122.044 98.2218 0 0 0 0.34415 0.938915
32.2206 122.196 98.3793 0 0 0 0.354928 0.934894
32.3244 122.342 98.5471 0 0 0 0.365463 0.930826
32.4282 122.51 98.7319 0 0 0 0.376629 0.926364
32.5318 122.651 98.8711 0 0 0 0.387297 0.921955
32.6355 122.769 99.0396 0 0 0 0.400305 0.916382
32.7393 122.901 99.197 0 0 0 0.413212 0.910635
32.8429 123.008 99.3746 0 0 0 0.426546 0.904466
32.9467 123.111 99.5488 0 0 0 0.439742 0.898124
33.0504 123.25 99.7276 0 0 0 0.452387 0.891822
33.154 123.356 99.8982 0 0 0 0.466092 0.884736
33.2578 123.445 100.068 0 0 0 0.478865 0.877889
33.3616 123.51 100.292 0 0 0 0.494083 0.869415
33.4653 123.605 100.507 0 0 0 0.508988 0.860774
33.569 123.692 100.675 0 0 0 0.523178 0.852224
33.6728 123.777 100.914 0 0 0 0.538289 0.842761
33.7764 123.836 101.179 0 0 0 0.556854 0.83061
33.88 123.927 101.421 0 0 0 0.574474 0.818523
33.9837 123.996 101.738 0 0 0 0.592615 0.805486
34.0874 124.062 102.016 0 0 0 0.61114 0.791523
34.191 124.099 102.324 0 0 0 0.630867 0.775891
34.2948 124.125 102.691 0 0 0 0.65052 0.759489
34.3984 124.118 103.007 0 0 0 0.670688 0.74174
34.5021 124.126 103.362 0 0 0 0.689295 0.724481
34.6059 124.069 103.746 0 0 0 0.709107 0.705101
34.7097 124.048 104.131 0 0 0 0.727021 0.686615
34.8134 123.985 104.548 0 0 0 0.745794 0.666176
34.9171 123.894 104.942 0 0 0 0.762263 0.647268
35.021 123.785 105.375 0 0 0 0.778305 0.627886
35.1248 123.676 105.786 0 0 0 0.793544 0.608513
35.2287 123.535 106.209 0 0 0 0.808389 0.588649
35.3325 123.33 106.675 0 0 0 0.822498 0.568768
35.4364 123.138 107.118 0 0 0 0.83562 0.549308
35.5404 122.886 107.617 0 0 0 0.84745 0.530876
35.6444 122.622 108.061 0 0 0 0.857483 0.514512
35.7486 122.348 108.537 0 0 0 0.865786 0.500415
35.8528 122.038 109.035 0 0 0 0.872507 0.488602
35.9571 121.723 109.538 0 0 0 0.877858 0.478921
36.0613 121.364 110.071 0 0 0 0.881682 0.471844
36.1657 121.009 110.591 0 0 0 0.885044 0.465507
36.2699 120.623 111.144 0 0 0 0.888015 0.459814
36.3742 120.239 111.682 0 0 0 0.890639 0.45471
36.4784 119.822 112.265 0 0 0 0.892209 0.451622
36.5827 119.387 112.833 0 0 0 0.893682 0.4487
36.6869 118.952 113.402 0 0 0 0.895049 0.445968
36.7911 118.495 114.021 0 0 0 0.89571 0.444638
36.8951 118.038 114.604 0 0 0 0.896795 0.442446
36.9995 117.586 115.225 0 0 0 0.896346 0.443355
37.1035 117.087 115.871 0 0 0 0.896648 0.442744
37.2076 116.607 116.519 0 0 0 0.896922 0.44219
37.3118 116.096 117.191 0 0 0 0.897404 0.441209
37.4159 115.609 117.84 0 0 0 0.897541 0.440931
37.52 115.053 118.543 0 0 0 0.897506 0.441002
37.6241 114.531 119.226 0 0 0 0.897804 0.440395
37.7281 114.004 119.907 0 0 0 0.897649 0.44071
37.8323 113.46 120.63 0 0 0 0.897903 0.440192
37.9363 112.907 121.334 0 0 0 0.898011 0.439973
38.0403 112.345 122.065 0 0 0 0.898488 0.438998
38.1443 111.808 122.799 0 0 0 0.89821 0.439568
38.2483 111.217 123.559 0 0 0 0.898562 0.438846
38.3523 110.644 124.306 0 0 0 0.898871 0.438212
38.4562 110.057 125.075 0 0 0 0.898373 0.439233
38.5602 109.467 125.841 0 0 0 0.898642 0.438683
38.6642 108.85 126.634 0 0 0 0.898548 0.438875
38.7682 108.239 127.421 0 0 0 0.898332 0.439317
38.872 107.618 128.209 0 0 0 0.898573 0.438823
38.976 107.01 128.994 0 0 0 0.898349 0.439283
39.0799 106.413 129.775 0 0 0 0.898946 0.43806
39.1839 105.796 130.559 0 0 0 0.898523 0.438927
39.2878 105.195 131.367 0 0 0 0.898527 0.438919
39.3918 104.585 132.146 0 0 0 0.898739 0.438483
39.4958 103.944 132.996 0 0 0 0.89868 0.438604
39.5996 103.345 133.744 0 0 0 0.89923 0.437476
39.7036 102.749 134.519 0 0 0 0.898987 0.437976
39.8079 102.168 135.278 0 0 0 0.898795 0.43837
39.9113 101.567 136.056 0 0 0 0.899143 0.437656
40.0153 100.974 136.834 0 0 0 0.899537 0.436845
40.1191 100.353 137.625 0 0 0 0.899466 0.43699
40.223 99.729 138.41 0 0 0 0.90009 0.435703
40.3269 99.132 139.179 0 0 0 0.900116 0.43565
40.4308 98.5238 139.961 0 0 0 0.899817 0.436267
40.535 97.9013 140.725 0 0 0 0.899858 0.436183
40.6387 97.3275 141.51 0 0 0 0.899597 0.436722
40.7425 96.7285 142.277 0 0 0 0.89928 0.437373
40.8464 96.1111 143.034 0 0 0 0.898443 0.439089
40.9504 95.518 143.808 0 0 0 0.898125 0.439741
41.0546 94.9369 144.586 0 0 0 0.897956 0.440086
41.1582 94.3547 145.359 0 0 0 0.897701 0.440605
41.2625 93.7657 146.155 0 0 0 0.897508 0.440998
41.3659 93.1773 146.917 0 0 0 0.897259 0.441505
41.4698 92.547 147.715 0 0 0 0.89747 0.441076
41.5736 91.9888 148.48 0 0 0 0.897298 0.441424
41.6774 91.4033 149.231 0 0 0 0.897068 0.441892
41.7812 90.7847 150.055 0 0 0 0.89725 0.441523
41.8851 90.1983 150.803 0 0 0 0.897221 0.441582
41.9888 89.6414 151.536 0 0 0 0.89748 0.441055
42.0927 89.0362 152.311 0 0 0 0.897561 0.440889
42.1964 88.4608 153.076 0 0 0 0.898089 0.439815
42.3002 87.8535 153.874 0 0 0 0.898222 0.439542
42.4041 87.2775 154.617 0 0 0 0.897781 0.440442
42.5078 86.7147 155.385 0 0 0 0.898558 0.438854
42.6115 86.1342 156.123 0 0 0 0.898916 0.438121
42.7153 85.5212 156.915 0 0 0 0.898698 0.438569
42.8192 84.9437 157.687 0 0 0 0.89862 0.438728
42.9229 84.3827 158.408 0 0 0 0.898551 0.438869
43.0269 83.8038 159.141 0 0 0 0.898032 0.43993
43.1306 83.2301 159.888 0 0 0 0.898032 0.439931
43.2344 82.6882 160.62 0 0 0 0.897864 0.440273
43.3383 82.1193 161.348 0 0 0 0.897854 0.440293
43.4421 81.5488 162.092 0 0 0 0.89742 0.441178
43.5459 80.9789 162.825 0 0 0 0.897307 0.441406
43.6498 80.4014 163.567 0 0 0 0.896984 0.442064
43.7537 79.8535 164.29 0 0 0 0.897406 0.441205
43.8575 79.2736 165.044 0 0 0 0.896929 0.442176
43.9613 78.732 165.768 0 0 0 0.89736 0.4413
44.0652 78.1657 166.516 0 0 0 0.89656 0.442923
44.169 77.6258 167.233 0 0 0 0.896077 0.443898
44.2728 77.0886 167.964 0 0 0 0.895886 0.444284
44.3767 76.568 168.679 0 0 0 0.894974 0.446118
44.4805 76.0299 169.378 0 0 0 0.895214 0.445636
44.5843 75.5294 170.05 0 0 0 0.895434 0.445195
44.6882 75.0066 170.738 0 0 0 0.894625 0.446818
44.7922 74.5123 171.397 0 0 0 0.895221 0.445622
44.8959 74.0329 172.051 0 0 0 0.894741 0.446585
44.9997 73.5393 172.712 0 0 0 0.894682 0.446704
45.1035 73.0868 173.325 0 0 0 0.895339 0.445385
45.2073 72.6068 173.967 0 0 0 0.895644 0.444771
45.3112 72.1032 174.629 0 0 0 0.895226 0.445612
45.4152 71.6697 175.199 0 0 0 0.895431 0.445199
45.5189 71.1936 175.809 0 0 0 0.895756 0.444546
45.623 70.7644 176.389 0 0 0 0.895415 0.445233
45.7265 70.3429 176.983 0 0 0 0.895567 0.444926
45.8311 69.911 177.534 0 0 0 0.896099 0.443854
45.9343 69.5124 178.098 0 0 0 0.896238 0.443574
46.0382 69.095 178.632 0 0 0 0.896935 0.442163
46.1421 68.674 179.165 0 0 0 0.898084 0.439823
46.2459 68.2748 179.737 0 0 0 0.899086 0.437772
46.3497 67.8457 180.28 0 0 0 0.901415 0.432957
46.4534 67.4207 180.819 0 0 0 0.904208 0.427092
46.5572 67.0202 181.28 0 0 0 0.906983 0.421166
46.661 66.6218 181.769 0 0 0 0.91093 0.41256
46.7645 66.2458 182.17 0 0 0 0.914467 0.404661
46.8683 65.8236 182.604 0 0 0 0.918591 0.39521
46.9719 65.3976 183 0 0 0 0.924334 0.381585
47.0756 64.9885 183.41 0 0 0 0.929289 0.369354
47.1792 64.5099 183.781 0 0 0 0.935446 0.353469
47.2829 64.0808 184.14 0 0 0 0.94148 0.337069
47.3865 63.7097 184.425 0 0 0 0.946864 0.321635
47.4902 63.2289 184.722 0 0 0 0.953561 0.3012
47.5939 62.7696 184.959 0 0 0 0.96039 0.278658
47.6974 62.2961 185.245 0 0 0 0.966328 0.257314
47.8012 61.8309 185.402 0 0 0 0.972126 0.234458
47.9049 61.3614 185.573 0 0 0 0.977508 0.210899
48.0086 60.9111 185.753 0 0 0 0.98197 0.189035
48.1123 60.4433 185.884 0 0 0 0.986385 0.164451
48.2161 60.0001 185.966 0 0 0 0.990295 0.138979
48.3198 59.4999 186.103 0 0 0 0.993451 0.11426
48.4236 59.0534 186.131 0 0 0 0.995945 0.0899654
48.5274 58.5845 186.148 0 0 0 0.997832 0.065817
48.6312 58.1082 186.176 0 0 0 0.999207 0.0398132
48.7349 57.6432 186.153 0 0 0 0.999885 0.0151343
48.8388 57.2034 186.14 0 0 0 0.999925 -0.0122829
48.9425 56.7413 186.108 0 0 0 0.999287 -0.0377461
49.0464 56.2943 186.017 0 0 0 0.998022 -0.0628708
49.1503 55.8585 185.92 0 0 0 0.996159 -0.0875646
49.254 55.4244 185.781 0 0 0 0.993635 -0.112644
49.3579 54.9904 185.67 0 0 0 0.990567 -0.137032
49.4618 54.5923 185.527 0 0 0 0.986707 -0.162511
49.5658 54.1522 185.338 0 0 0 0.983019 -0.183501
49.6698 53.756 185.14 0 0 0 0.979003 -0.203845
49.7738 53.3261 184.902 0 0 0 0.974779 -0.223172
49.878 52.8984 184.677 0 0 0 0.971366 -0.23759
49.9822 52.5057 184.434 0 0 0 0.967399 -0.253259
50.0864 52.0864 184.192 0 0 0 0.96349 -0.267746
50.1907 51.6985 183.922 0 0 0 0.960564 -0.278059
50.2951 51.2851 183.653 0 0 0 0.958372 -0.285524
50.3993 50.8335 183.368 0 0 0 0.956094 -0.293059
50.5037 50.4351 183.099 0 0 0 0.954583 -0.297944
50.608 49.9987 182.791 0 0 0 0.953777 -0.300516
50.7124 49.5753 182.462 0 0 0 0.952802 -0.303594
50.8167 49.1239 182.154 0 0 0 0.951856 -0.306544
50.9209 48.6764 181.823 0 0 0 0.95073 -0.310021
51.0253 48.2691 181.5 0 0 0 0.95049 -0.310755
51.1295 47.816 181.156 0 0 0 0.949982 -0.312305
51.2338 47.3693 180.826 0 0 0 0.950035 -0.312143
51.338 46.8673 180.471 0 0 0 0.949909 -0.312526
51.4422 46.4019 180.133 0 0 0 0.950352 -0.311176
51.5464 45.8813 179.742 0 0 0 0.950309 -0.311308
51.6505 45.3689 179.385 0 0 0 0.950239 -0.311522
51.7547 44.8484 179.013 0 0 0 0.950372 -0.311116
51.8588 44.3267 178.62 0 0 0 0.950819 -0.309748
51.9628 43.7607 178.217 0 0 0 0.950651 -0.310263
52.0669 43.1745 177.794 0 0 0 0.95093 -0.309406
52.171 42.5984 177.381 0 0 0 0.951077 -0.308954
52.275 42.0023 176.935 0 0 0 0.950897 -0.309507
52.379 41.3667 176.479 0 0 0 0.950927 -0.309415
52.4832 40.7513 176.033 0 0 0 0.950964 -0.309302
52.5872 40.0976 175.564 0 0 0 0.951364 -0.308071
52.6912 39.4494 175.104 0 0 0 0.950486 -0.310767
52.7952 38.7799 174.593 0 0 0 0.950227 -0.311558
52.8992 38.0867 174.102 0 0 0 0.950729 -0.310025
53.0032 37.4109 173.601 0 0 0 0.95044 -0.310908
53.1072 36.7128 173.1 0 0 0 0.950679 -0.310177
53.2112 36.0322 172.605 0 0 0 0.950607 -0.310398
53.3152 35.2913 172.08 0 0 0 0.950595 -0.310434
53.4192 34.5388 171.566 0 0 0 0.950928 -0.309411
53.5232 33.8016 171.027 0 0 0 0.950538 -0.310609
53.627 33.0604 170.505 0 0 0 0.950713 -0.310073
53.731 32.3026 169.944 0 0 0 0.950682 -0.310167
53.835 31.5606 169.408 0 0 0 0.95111 -0.308853
53.9389 30.7875 168.858 0 0 0 0.950852 -0.309647
54.0429 30.0322 168.319 0 0 0 0.951269 -0.308364
54.1468 29.2463 167.767 0 0 0 0.951418 -0.307904
54.2508 28.4863 167.222 0 0 0 0.951388 -0.307995
54.3547 27.703 166.687 0 0 0 0.951188 -0.308613
54.4587 26.9656 166.149 0 0 0 0.951216 -0.308527
54.5625 26.1981 165.609 0 0 0 0.951468 -0.307747
54.6664 25.4167 165.065 0 0 0 0.951443 -0.307826
54.7704 24.671 164.514 0 0 0 0.951326 -0.308186
54.8743 23.9504 163.996 0 0 0 0.951561 -0.307459
54.9785 23.1714 163.442 0 0 0 0.951968 -0.306196
55.082 22.4164 162.902 0 0 0 0.952224 -0.305399
55.1859 21.6753 162.38 0 0 0 0.952161 -0.305598
55.2908 20.93 161.853 0 0 0 0.952503 -0.304529
55.3937 20.209 161.337 0 0 0 0.952711 -0.303878
55.4977 19.4424 160.819 0 0 0 0.954109 -0.29946
55.6017 18.7018 160.308 0 0 0 0.955105 -0.296267
55.7057 17.9587 159.843 0 0 0 0.95742 -0.2887
55.8097 17.2089 159.359 0 0 0 0.959213 -0.282683
55.9138 16.4372 158.904 0 0 0 0.962145 -0.272539
56.0179 15.6915 158.446 0 0 0 0.964309 -0.264781
56.1221 14.9112 158.022 0 0 0 0.967283 -0.253698
56.2262 14.1299 157.633 0 0 0 0.971202 -0.238258
56.3305 13.3424 157.271 0 0 0 0.974612 -0.223901
56.4347 12.5574 156.94 0 0 0 0.978405 -0.206697
56.5389 11.7654 156.587 0 0 0 0.981478 -0.191577
56.643 10.9638 156.322 0 0 0 0.984581 -0.174931
56.7473 10.1515 156.046 0 0 0 0.987256 -0.159139
56.8514 9.36508 155.816 0 0 0 0.989752 -0.142798
56.9556 8.52808 155.596 0 0 0 0.992018 -0.126094
57.0597 7.68732 155.398 0 0 0 0.993723 -0.111871
57.1636 6.84268 155.224 0 0 0 0.995131 -0.0985595
57.2675 6.00644 155.073 0 0 0 0.996247 -0.0865595
57.3713 5.13193 154.954 0 0 0 0.997012 -0.0772524
57.4752 4.24384 154.825 0 0 0 0.997705 -0.0677127
57.5791 3.33936 154.732 0 0 0 0.998286 -0.0585303
57.6829 2.461 154.641 0 0 0 0.998796 -0.0490598
57.7867 1.56308 154.573 0 0 0 0.99917 -0.0407339
57.8906 0.63916 154.515 0 0 0 0.999397 -0.0347296
57.9949 -0.259064 154.472 0 0 0 0.999613 -0.0278091
58.0981 -1.18674 154.445 0 0 0 0.999712 -0.0240079
58.2019 -2.15906 154.409 0 0 0 0.999669 -0.0257116
58.3054 -3.08649 154.374 0 0 0 0.999731 -0.0232055
58.4092 -4.04977 154.329 0 0 0 0.999731 -0.0232024
58.5128 -5.02084 154.269 0 0 0 0.999763 -0.0217682
58.6166 -6.01437 154.223 0 0 0 0.999784 -0.0208014
58.7205 -7.00464 154.181 0 0 0 0.999765 -0.0216775
58.824 -7.98892 154.124 0 0 0 0.999765 -0.0216831
58.9278 -8.99915 154.077 0 0 0 0.999752 -0.0222482
59.0317 -10.0275 154.051 0 0 0 0.999724 -0.02349
59.1354 -11.0556 154.012 0 0 0 0.99972 -0.0236811
59.2392 -12.0997 153.971 0 0 0 0.999692 -0.0248103
59.3431 -13.1281 153.934 0 0 0 0.999717 -0.0237853
59.4468 -14.1491 153.861 0 0 0 0.999723 -0.0235353
59.5507 -15.2243 153.836 0 0 0 0.999742 -0.0227216
59.6545 -16.2365 153.789 0 0 0 0.999766 -0.0216427
59.7584 -17.3121 153.767 0 0 0 0.999773 -0.0212882
59.8625 -18.3657 153.695 0 0 0 0.999773 -0.0213075
59.966 -19.4077 153.648 0 0 0 0.999818 -0.0190693
60.0697 -20.4837 153.618 0 0 0 0.999784 -0.0207799
60.1735 -21.5528 153.584 0 0 0 0.999774 -0.0212609
60.2772 -22.6059 153.541 0 0 0 0.999809 -0.0195207
60.3811 -23.6366 153.484 0 0 0 0.999791 -0.0204225
60.4848 -24.6983 153.457 0 0 0 0.999788 -0.0206085
60.5885 -25.7523 153.403 0 0 0 0.999784 -0.0207914
60.6926 -26.8003 153.357 0 0 0 0.99983 -0.018414
60.797 -27.8383 153.312 0 0 0 0.99983 -0.0184517
60.9002 -28.9036 153.3 0 0 0 0.999848 -0.0174438
61.0039 -29.9143 153.267 0 0 0 0.999885 -0.015197
61.1077 -30.9473 153.246 0 0 0 0.999906 -0.0137118
61.2116 -31.9824 153.237 0 0 0 0.999922 -0.0124681
61.3153 -33.0151 153.23 0 0 0 0.999956 -0.00939065
61.4192 -34.0548 153.212 0 0 0 0.999966 -0.00825248
61.5229 -35.0307 153.206 0 0 0 0.999983 -0.00580863
61.6268 -36.0786 153.181 0 0 0 0.999988 -0.00480264
61.731 -37.0663 153.195 0 0 0 0.999993 -0.00363476
61.8345 -38.0735 153.2 0 0 0 0.999993 -0.00383598
61.9384 -39.0699 153.197 0 0 0 0.999995 -0.00318785
62.0421 -40.0559 153.189 0 0 0 0.999997 -0.0023746
62.1459 -41.0545 153.191 0 0 0 0.999999 -0.00149234
62.2499 -42.0323 153.19 0 0 0 0.999997 -0.00237365
62.3537 -43.0507 153.186 0 0 0 0.999999 -0.0017
62.4574 -44.0279 153.189 0 0 0 0.999997 -0.00228079
62.5613 -45.0027 153.166 0 0 0 0.999993 -0.00371844
62.6653 -45.9898 153.174 0 0 0 0.999998 -0.00198086
62.7691 -46.9603 153.182 0 0 0 0.999996 -0.00282557
62.8728 -47.9244 153.195 0 0 0 0.999997 -0.00247319
62.9767 -48.8613 153.171 0 0 0 0.999995 -0.00313837
63.0807 -49.8312 153.166 0 0 0 0.999998 -0.0021456
63.1845 -50.7951 153.175 0 0 0 0.999994 -0.00353546
63.2882 -51.7339 153.162 0 0 0 0.999986 -0.00535672
63.3921 -52.7269 153.162 0 0 0 0.999976 -0.00686791
63.4958 -53.6358 153.155 0 0 0 0.999965 -0.00830851
63.5997 -54.5702 153.116 0 0 0 0.999954 -0.00956791
63.7036 -55.5011 153.105 0 0 0 0.999952 -0.0097721
63.8074 -56.4126 153.099 0 0 0 0.999956 -0.00935918
63.9114 -57.3686 153.095 0 0 0 0.999959 -0.00901826
64.0158 -58.2395 153.078 0 0 0 0.999961 -0.00885435
64.1195 -59.0934 153.076 0 0 0 0.999964 -0.00842855
64.2234 -59.958 153.076 0 0 0 0.999967 -0.00812839
64.3274 -60.8219 153.061 0 0 0 0.99999 -0.00437647
64.4314 -61.6637 153.063 0 0 0 0.999998 -0.00205632
64.5356 -62.5086 153.082 0 0 0 0.999999 0.0015765
64.6396 -63.3431 153.102 0 0 0 0.999981 0.00618306
64.7436 -64.1133 153.128 0 0 0 0.999952 0.0098106
64.8476 -64.894 153.162 0 0 0 0.999901 0.0140546
64.9516 -65.6077 153.197 0 0 0 0.999849 0.0173661
65.0555 -66.3112 153.237 0 0 0 0.999795 0.0202264
65.1595 -67.0262 153.27 0 0 0 0.999693 0.0247806
65.2635 -67.6826 153.329 0 0 0 0.999575 0.0291501
65.3675 -68.2865 153.374 0 0 0 0.999481 0.0322147
65.4715 -68.8916 153.424 0 0 0 0.999402 0.0345789
65.5753 -69.5295 153.478 0 0 0 0.999284 0.0378357
65.6793 -70.0604 153.524 0 0 0 0.999142 0.0414174
65.7833 -70.6404 153.584 0 0 0 0.999017 0.0443235
65.8873 -71.1606 153.643 0 0 0 0.998937 0.0460871
65.9912 -71.6207 153.702 0 0 0 0.998814 0.048695
66.0953 -72.0725 153.762 0 0 0 0.998714 0.0506901
66.1991 -72.4912 153.772 0 0 0 0.998728 0.0504159
66.3031 -72.8829 153.845 0 0 0 0.998626 0.0524087
66.4071 -73.2536 153.87 0 0 0 0.998654 0.0518738
66.5129 -73.582 153.923 0 0 0 0.998611 0.0526958
66.6148 -73.8592 153.939 0 0 0 0.998684 0.0512947
66.7188 -74.1129 153.957 0 0 0 0.998725 0.0504822
66.8241 -74.3226 153.984 0 0 0 0.998771 0.0495611
66.9268 -74.5406 154.005 0 0 0 0.99882 0.048556
67.0316 -74.7404 154.018 0 0 0 0.998886 0.0471839
67.1347 -74.9129 154.042 0 0 0 0.998947 0.0458736
67.2385 -75.0815 154.051 0 0 0 0.999006 0.0445661
67.3425 -75.272 154.062 0 0 0 0.999065 0.0432451
67.4465 -75.4437 154.067 0 0 0 0.999129 0.0417222
67.5503 -75.5694 154.08 0 0 0 0.999154 0.0411258
67.6543 -75.7166 154.083 0 0 0 0.99927 0.0382019
67.7582 -75.8721 154.111 0 0 0 0.999311 0.0371279
67.8622 -76.0221 154.092 0 0 0 0.99945 0.0331616
67.9661 -76.1342 154.102 0 0 0 0.99957 0.0293142
68.0702 -76.2502 154.099 0 0 0 0.999653 0.0263395
68.174 -76.3518 154.101 0 0 0 0.999751 0.0223071
68.2779 -76.45 154.094 0 0 0 0.999822 0.0188839
68.3818 -76.5169 154.086 0 0 0 0.999872 0.0159926
68.4859 -76.6051 154.08 0 0 0 0.999906 0.0137202
68.59 -76.6656 154.092 0 0 0 0.99993 0.01183
68.694 -76.6982 154.08 0 0 0 0.999954 0.00958638
68.798 -76.7362 154.091 0 0 0 0.999957 0.00923735
68.9021 -76.7406 154.085 0 0 0 0.99997 0.00774741
69.006 -76.7545 154.083 0 0 0 0.999974 0.00722195
69.1108 -76.7578 154.09 0 0 0 0.99997 0.00777328
69.2142 -76.7608 154.084 0 0 0 0.999977 0.00674107
69.3182 -76.7466 154.081 0 0 0 0.999977 0.00683346
69.4223 -76.7708 154.086 0 0 0 0.999976 0.00688495
69.5263 -76.7543 154.08 0 0 0 0.999979 0.006493
69.6303 -76.7593 154.085 0 0 0 0.999974 0.00715126
69.7343 -76.7828 154.078 0 0 0 0.999978 0.00660518
69.8384 -76.8043 154.095 0 0 0 0.999976 0.00698497
69.9433 -76.7709 154.09 0 0 0 0.999974 0.0071428
70.0472 -76.7555 154.09 0 0 0 0.999975 0.00708713
70.1505 -76.7472 154.093 0 0 0 0.999972 0.0074395
70.2544 -76.7538 154.086 0 0 0 0.999977 0.00675943
70.3584 -76.7626 154.085 0 0 0 0.999977 0.00679424
70.4624 -76.7628 154.083 0 0 0 0.999977 0.00674202
70.5665 -76.7591 154.09 0 0 0 0.999977 0.00684144
70.6706 -76.7563 154.081 0 0 0 0.999977 0.00685694
70.7745 -76.7416 154.082 0 0 0 0.999976 0.0068896
70.8785 -76.7474 154.086 0 0 0 0.99998 0.00625364
70.9825 -76.7435 154.079 0 0 0 0.999977 0.00670984
71.0867 -76.7388 154.084 0 0 0 0.999982 0.00606088
71.1907 -76.7398 154.089 0 0 0 0.99998 0.00625077
71.2947 -76.7391 154.079 0 0 0 0.999981 0.0062193
71.3988 -76.7345 154.09 0 0 0 0.999983 0.00585203
71.503 -76.7343 154.085 0 0 0 0.999981 0.00613872
71.6069 -76.7359 154.082 0 0 0 0.999982 0.00601522
71.711 -76.7211 154.091 0 0 0 0.999983 0.00587396
71.8177 -76.7264 154.077 0 0 0 0.999985 0.00542908
71.919 -76.6761 154.085 0 0 0 0.999985 0.00547926
72.0231 -76.6769 154.078 0 0 0 0.999986 0.00525349
72.1271 -76.672 154.086 0 0 0 0.999987 0.00514501
72.232 -76.7031 154.082 0 0 0 0.999987 0.0050711
72.3351 -76.7151 154.084 0 0 0 0.999987 0.00513809
72.4392 -76.7241 154.09 0 0 0 0.999987 0.00514632
72.5432 -76.7274 154.083 0 0 0 0.999988 0.00499707
72.6472 -76.7095 154.088 0 0 0 0.999985 0.00540035
72.7512 -76.7243 154.088 0 0 0 0.999986 0.00526374
72.8552 -76.7248 154.09 0 0 0 0.999988 0.00497084
72.9592 -76.7359 154.088 0 0 0 0.99999 0.00457841
73.0633 -76.7197 154.087 0 0 0 0.999988 0.00498575
73.1675 -76.7271 154.085 0 0 0 0.999989 0.00473088
73.2717 -76.7263 154.087 0 0 0 0.999988 0.0048607
73.3753 -76.7257 154.088 0 0 0 0.999988 0.00482911
73.4794 -76.7372 154.09 0 0 0 0.999989 0.00462514
73.5835 -76.7323 154.086 0 0 0 0.99999 0.00446302
73.6876 -76.722 154.087 0 0 0 0.999988 0.00486809
73.7916 -76.7253 154.086 0 0 0 0.999989 0.0047012
73.8957 -76.7267 154.088 0 0 0 0.999988 0.004911
73.9996 -76.7262 154.085 0 0 0 0.999989 0.00461382
74.1037 -76.7241 154.091 0 0 0 0.999988 0.00491672
74.2077 -76.7274 154.087 0 0 0 0.999989 0.00472563
74.3117 -76.7317 154.086 0 0 0 0.99999 0.00440079
74.4157 -76.7234 154.093 0 0 0 0.999988 0.00491899
74.5198 -76.729 154.091 0 0 0 0.999991 0.00413496
74.6239 -76.7253 154.092 0 0 0 0.999995 0.0032974
74.7278 -76.729 154.095 0 0 0 0.999995 0.00315971
74.8318 -76.7708 154.08 0 0 0 0.999999 0.00152643
74.9359 -76.775 154.071 0 0 0 0.999998 -0.00205119
75.0398 -76.7942 154.074 0 0 0 0.99999 -0.00447661
75.1438 -76.8369 154.061 0 0 0 0.999975 -0.00707092
75.2478 -76.8677 154.065 0 0 0 0.999931 -0.0117238
75.3517 -76.8937 154.052 0 0 0 0.999875 -0.0158037
75.4557 -76.9359 154.046 0 0 0 0.999783 -0.0208248
75.5596 -76.9705 154.029 0 0 0 0.999673 -0.0255813
75.6636 -77.0309 154.031 0 0 0 0.999496 -0.0317606
75.7675 -77.0666 154.015 0 0 0 0.999246 -0.0388349
75.8714 -77.1317 153.995 0 0 0 0.998952 -0.0457689
75.9752 -77.1888 153.984 0 0 0 0.99856 -0.0536369
76.0791 -77.2777 153.956 0 0 0 0.998075 -0.0620235
76.183 -77.3637 153.923 0 0 0 0.997476 -0.0709996
76.2868 -77.4803 153.909 0 0 0 0.996755 -0.0804962
76.3907 -77.6254 153.859 0 0 0 0.995902 -0.0904386
76.4951 -77.7659 153.83 0 0 0 0.994934 -0.100527
76.5983 -77.904 153.757 0 0 0 0.993597 -0.112985
76.7021 -78.0988 153.712 0 0 0 0.992403 -0.123026
76.8058 -78.2604 153.646 0 0 0 0.99063 -0.136576
76.9097 -78.4514 153.567 0 0 0 0.988752 -0.149566
77.0134 -78.6558 153.489 0 0 0 0.986522 -0.163629
77.1171 -78.8319 153.388 0 0 0 0.983825 -0.179131
77.2208 -79.043 153.277 0 0 0 0.980714 -0.195447
77.3245 -79.2473 153.16 0 0 0 0.976853 -0.21391
77.4282 -79.4588 153.031 0 0 0 0.972172 -0.234267
77.5318 -79.7097 152.859 0 0 0 0.966828 -0.255429
77.6354 -79.9473 152.672 0 0 0 0.960519 -0.278216
77.7391 -80.2144 152.491 0 0 0 0.952693 -0.303934
77.8427 -80.4908 152.233 0 0 0 0.944303 -0.329076
77.9465 -80.7642 151.956 0 0 0 0.935572 -0.353137
78.0502 -81.069 151.645 0 0 0 0.925904 -0.37776
78.154 -81.3642 151.296 0 0 0 0.915487 -0.402348
78.2578 -81.6426 150.911 0 0 0 0.904705 -0.426039
78.3616 -81.9401 150.474 0 0 0 0.892847 -0.45036
78.4654 -82.2285 149.994 0 0 0 0.880848 -0.473399
78.5693 -82.5101 149.521 0 0 0 0.866817 -0.498627
78.6731 -82.7545 148.968 0 0 0 -0.852961 0.521974
78.7769 -82.9795 148.389 0 0 0 -0.83903 0.544085
78.8808 -83.2066 147.8 0 0 0 -0.82423 0.566256
78.9849 -83.4021 147.196 0 0 0 -0.809543 0.587061
79.0888 -83.5772 146.531 0 0 0 -0.795152 0.60641
79.193 -83.7153 145.855 0 0 0 -0.783374 0.62155
79.2971 -83.8509 145.187 0 0 0 -0.772319 0.635235
79.4013 -83.9777 144.429 0 0 0 -0.763452 0.645864
79.5057 -84.0856 143.674 0 0 0 -0.756552 0.653933
79.6101 -84.184 142.888 0 0 0 -0.750761 0.660574
79.7145 -84.2745 142.081 0 0 0 -0.745632 0.666358
79.8188 -84.3738 141.263 0 0 0 -0.741067 0.671431
79.923 -84.4544 140.392 0 0 0 -0.735875 0.677118
80.0274 -84.5164 139.521 0 0 0 -0.731813 0.681505
80.1317 -84.584 138.64 0 0 0 -0.726938 0.686703
80.2359 -84.6327 137.72 0 0 0 -0.724027 0.689772
80.3403 -84.6682 136.766 0 0 0 -0.721468 0.692448
80.4445 -84.7166 135.803 0 0 0 -0.721175 0.692753
80.5489 -84.7488 134.815 0 0 0 -0.721223 0.692702
80.6532 -84.7885 133.786 0 0 0 -0.720399 0.69356
80.7573 -84.8165 132.746 0 0 0 -0.719838 0.694142
80.8614 -84.8748 131.68 0 0 0 -0.717906 0.69614
80.9656 -84.903 130.602 0 0 0 -0.716931 0.697145
81.0697 -84.9379 129.507 0 0 0 -0.714862 0.699265
81.1738 -84.9703 128.398 0 0 0 -0.713145 0.701017
81.2778 -84.9884 127.27 0 0 0 -0.711523 0.702663
81.3818 -84.9921 126.113 0 0 0 -0.709631 0.704573
81.4859 -85.0101 124.975 0 0 0 -0.708431 0.70578
81.5899 -85.0274 123.794 0 0 0 -0.707383 0.70683
81.6941 -85.0233 122.632 0 0 0 -0.707661 0.706552
81.7981 -85.026 121.424 0 0 0 -0.708274 0.705937
81.9022 -85.0365 120.221 0 0 0 -0.707922 0.70629
82.0062 -85.0631 119.022 0 0 0 -0.709172 0.705035
82.1102 -85.0761 117.818 0 0 0 -0.708938 0.70527
82.2142 -85.0997 116.651 0 0 0 -0.708617 0.705593
82.3182 -85.1186 115.473 0 0 0 -0.710429 0.703769
82.4222 -85.1234 114.301 0 0 0 -0.709326 0.70488
82.5262 -85.1371 113.113 0 0 0 -0.709577 0.704628
82.6302 -85.1552 111.914 0 0 0 -0.709767 0.704437
82.734 -85.1663 110.736 0 0 0 -0.709582 0.704623
82.8381 -85.1827 109.563 0 0 0 -0.71084 0.703354
82.9421 -85.1937 108.37 0 0 0 -0.710747 0.703448
83.0461 -85.2186 107.219 0 0 0 -0.710816 0.703378
83.1499 -85.233 106.053 0 0 0 -0.711272 0.702917
83.254 -85.2689 104.88 0 0 0 -0.711708 0.702475
83.3579 -85.2844 103.711 0 0 0 -0.712258 0.701918
83.4619 -85.2872 102.541 0 0 0 -0.711106 0.703085
83.5659 -85.3062 101.361 0 0 0 -0.712179 0.701998
83.6698 -85.3207 100.197 0 0 0 -0.712085 0.702094
83.7737 -85.3414 99.0096 0 0 0 -0.712217 0.701959
83.8776 -85.3635 97.8743 0 0 0 -0.713172 0.700989
83.9816 -85.4014 96.7118 0 0 0 -0.712386 0.701787
84.0856 -85.423 95.5727 0 0 0 -0.712784 0.701383
84.1897 -85.4421 94.4142 0 0 0 -0.713052 0.701111
84.2934 -85.4634 93.2658 0 0 0 -0.712873 0.701293
84.3971 -85.4888 92.1681 0 0 0 -0.712417 0.701756
84.501 -85.5076 90.9975 0 0 0 -0.710925 0.703268
84.6047 -85.5216 89.9012 0 0 0 -0.710483 0.703715
84.7086 -85.5268 88.7648 0 0 0 -0.709255 0.704952
84.8123 -85.5182 87.62 0 0 0 -0.708116 0.706096
84.9161 -85.5189 86.5194 0 0 0 -0.707626 0.706587
85.0201 -85.5229 85.4086 0 0 0 -0.706346 0.707867
85.1237 -85.5305 84.3108 0 0 0 -0.705263 0.708946
85.2274 -85.5346 83.1812 0 0 0 -0.705339 0.708871
85.3312 -85.5236 82.0789 0 0 0 -0.704448 0.709755
85.4351 -85.5284 80.9785 0 0 0 -0.704096 0.710105
85.5389 -85.5139 79.8502 0 0 0 -0.703287 0.710906
85.6426 -85.5052 78.7353 0 0 0 -0.703423 0.710772
85.7465 -85.5082 77.6211 0 0 0 -0.704316 0.709887
85.8504 -85.5018 76.5102 0 0 0 -0.703891 0.710308
85.9542 -85.5081 75.4361 0 0 0 -0.704844 0.709362
86.0581 -85.5063 74.3191 0 0 0 -0.706675 0.707538
86.1619 -85.5209 73.2621 0 0 0 -0.706841 0.707373
86.2664 -85.5474 72.1704 0 0 0 -0.708274 0.705938
86.3697 -85.5636 71.0869 0 0 0 -0.709178 0.70503
86.4736 -85.5919 69.9834 0 0 0 -0.7101 0.7041
86.5775 -85.6185 68.9162 0 0 0 -0.711686 0.702498
86.6813 -85.6257 67.8204 0 0 0 -0.712855 0.701312
86.7855 -85.6474 66.7669 0 0 0 -0.713496 0.700659
86.8891 -85.6706 65.6661 0 0 0 -0.71425 0.699891
86.993 -85.6997 64.6098 0 0 0 -0.714514 0.699621
87.0967 -85.7278 63.5599 0 0 0 -0.715903 0.6982
87.2006 -85.772 62.4613 0 0 0 -0.716731 0.69735
87.3044 -85.8029 61.3885 0 0 0 -0.716827 0.697251
87.4083 -85.8364 60.3166 0 0 0 -0.716969 0.697105
87.5122 -85.8839 59.2778 0 0 0 -0.715843 0.698261
87.6161 -85.8966 58.1944 0 0 0 -0.716019 0.698081
87.7198 -85.924 57.1115 0 0 0 -0.715626 0.698484
87.8236 -85.9369 56.0451 0 0 0 -0.714664 0.699468
87.9273 -85.9574 55.0051 0 0 0 -0.714897 0.69923
88.0311 -85.967 53.9407 0 0 0 -0.715353 0.698764
88.135 -86.0078 52.916 0 0 0 -0.715403 0.698712
88.2387 -86.0444 51.8449 0 0 0 -0.714714 0.699417
88.3426 -86.0894 50.7836 0 0 0 -0.714795 0.699334
88.4463 -86.1195 49.7325 0 0 0 -0.714296 0.699843
88.5502 -86.1424 48.6787 0 0 0 -0.713507 0.700648
88.6539 -86.1722 47.6187 0 0 0 -0.713032 0.701132
88.7578 -86.1938 46.5913 0 0 0 -0.7135 0.700655
88.8617 -86.2073 45.5259 0 0 0 -0.712954 0.701211
88.9656 -86.2357 44.5009 0 0 0 -0.713293 0.700866
89.0695 -86.2595 43.4629 0 0 0 -0.713496 0.700659
89.1733 -86.2747 43.7006 0 0 0 -0.711713 0.702471
89.2774 -86.3274 42.7611 0 0 0 -0.71386 0.700288
89.3812 -86.3502 42.8733 0 0 0 -0.714702 0.699429
89.4851 -86.3449 43.1118 0 0 0 -0.715818 0.698286
89.589 -86.3953 42.1199 0 0 0 -0.715032 0.699092
89.6929 -86.4272 41.0911 0 0 0 -0.714511 0.699624
89.7968 -86.4617 40.074 0 0 0 -0.715975 0.698126
89.9007 -86.4938 39.0703 0 0 0 -0.715684 0.698424
90.0046 -86.5115 38.0656 0 0 0 -0.71636 0.697731
90.1087 -86.5257 37.0475 0 0 0 -0.716886 0.69719
90.2125 -86.5637 36.0324 0 0 0 -0.717687 0.696366
90.3165 -86.6049 35.0338 0 0 0 -0.718244 0.695791
90.4203 -86.6404 34.0617 0 0 0 -0.718484 0.695543
90.5243 -86.6759 33.0676 0 0 0 -0.718682 0.695339
90.6282 -86.7216 32.1019 0 0 0 -0.719524 0.694468
90.7322 -86.7316 31.1325 0 0 0 -0.719385 0.694611
90.8362 -86.777 30.175 0 0 0 -0.719937 0.69404
90.9401 -86.8149 29.2401 0 0 0 -0.719944 0.694032
91.0441 -86.8449 28.3679 0 0 0 -0.720298 0.693665
91.1481 -86.8806 27.4604 0 0 0 -0.720293 0.69367
91.2519 -86.9245 26.6195 0 0 0 -0.719868 0.694111
91.3559 -86.9586 25.7955 0 0 0 -0.718974 0.695037
91.4598 -86.9786 24.9586 0 0 0 -0.717782 0.696268
91.5638 -86.9982 24.174 0 0 0 -0.715951 0.698151
91.6677 -87.0252 23.4126 0 0 0 -0.714568 0.699566
91.7717 -87.0241 22.6304 0 0 0 -0.711695 0.702489
91.8756 -87.0461 21.917 0 0 0 -0.708528 0.705683
91.9795 -87.0207 21.1892 0 0 0 -0.70458 0.709624
92.0837 -87.0062 20.5061 0 0 0 -0.699982 0.714161
92.1873 -86.979 19.8269 0 0 0 -0.695685 0.718347
92.2918 -86.9525 19.1647 0 0 0 -0.69069 0.723151
92.3948 -86.9162 18.5555 0 0 0 -0.684982 0.72856
92.4987 -86.8725 17.9317 0 0 0 -0.678768 0.734353
92.6071 -86.8126 17.3696 0 0 0 -0.672521 0.740078
92.7063 -86.7314 16.7828 0 0 0 -0.664237 0.747522
92.8127 -86.641 16.2229 0 0 0 -0.656402 0.754411
92.9139 -86.5472 15.6686 0 0 0 -0.647883 0.76174
93.0176 -86.4352 15.1496 0 0 0 -0.638328 0.769764
93.1213 -86.3205 14.6155 0 0 0 -0.627932 0.778268
93.2251 -86.1847 14.1344 0 0 0 -0.615761 0.787933
93.3287 -86.0495 13.6327 0 0 0 -0.602548 0.798083
93.4324 -85.8644 13.1399 0 0 0 -0.586802 0.809731
93.5362 -85.6934 12.6795 0 0 0 -0.569089 0.822276
93.6397 -85.4781 12.2083 0 0 0 -0.54849 0.836157
93.7433 -85.2453 11.7879 0 0 0 -0.527362 0.849641
93.8472 -84.98 11.3786 0 0 0 -0.505388 0.862892
93.9507 -84.7192 10.9745 0 0 0 -0.48232 0.875995
94.0544 -84.4293 10.5934 0 0 0 -0.458597 0.888645
94.1581 -84.1383 10.2482 0 0 0 -0.436266 0.899818
94.2618 -83.8042 9.90024 0 0 0 -0.412525 0.910946
94.3657 -83.4348 9.58752 0 0 0 -0.389684 0.920949
94.4695 -83.0832 9.2886 0 0 0 -0.365345 0.930872
94.5732 -82.7244 8.99933 0 0 0 -0.341256 0.93997
94.6771 -82.3613 8.75208 0 0 0 -0.317422 0.948285
94.7808 -81.9408 8.48547 0 0 0 -0.293477 0.955966
94.8848 -81.5071 8.28564 0 0 0 -0.269266 0.963066
94.9886 -81.0642 8.07983 0 0 0 -0.244529 0.969642
95.0924 -80.6404 7.87759 0 0 0 -0.221031 0.975267
95.1965 -80.2078 7.69986 0 0 0 -0.199206 0.979958
95.3004 -79.7741 7.54382 0 0 0 -0.179614 0.983737
95.4046 -79.2835 7.41275 0 0 0 -0.161029 0.98695
95.5086 -78.7948 7.30109 0 0 0 -0.143749 0.989614
95.6128 -78.3221 7.18433 0 0 0 -0.128901 0.991657
95.7171 -77.8347 7.08084 0 0 0 -0.119161 0.992875
95.8212 -77.3154 6.97446 0 0 0 -0.108224 0.994127
95.9254 -76.7955 6.87219 0 0 0 -0.0991002 0.995077
96.0297 -76.2463 6.76929 0 0 0 -0.0907678 0.995872
96.1339 -75.6898 6.67816 0 0 0 -0.0834888 0.996509
96.2382 -75.1308 6.59396 0 0 0 -0.0765011 0.997069
96.3423 -74.5731 6.51505 0 0 0 -0.069393 0.997589
96.4465 -73.9771 6.43555 0 0 0 -0.0635214 0.99798
96.5506 -73.4091 6.36108 0 0 0 -0.0553089 0.998469
96.6547 -72.7559 6.30927 0 0 0 -0.048836 0.998807
96.7589 -72.1009 6.25928 0 0 0 -0.0441676 0.999024
96.8631 -71.4519 6.20959 0 0 0 -0.040241 0.99919
96.9672 -70.7906 6.16098 0 0 0 -0.0373576 0.999302
97.0714 -70.1387 6.0994 0 0 0 -0.0354756 0.999371
97.1756 -69.408 6.05649 0 0 0 -0.0325736 0.999469
97.2797 -68.6623 5.99902 0 0 0 -0.0325679 0.99947
97.3838 -67.9085 5.94385 0 0 0 -0.0304732 0.999536
97.4879 -67.1682 5.89334 0 0 0 -0.0291725 0.999574
97.5921 -66.4081 5.85175 0 0 0 -0.0287175 0.999588
97.6962 -65.6598 5.8114 0 0 0 -0.0275309 0.999621
97.8003 -64.893 5.77881 0 0 0 -0.025102 0.999685
97.9043 -64.1441 5.74344 0 0 0 -0.0236155 0.999721
98.0083 -63.3853 5.70056 0 0 0 -0.0208934 0.999782
98.1123 -62.6019 5.68069 0 0 0 -0.0192229 0.999815
98.2165 -61.8502 5.64355 0 0 0 -0.0167166 0.99986
98.3203 -61.07 5.61938 0 0 0 -0.0156731 0.999877
98.4243 -60.2915 5.59448 0 0 0 -0.0148488 0.99989
98.5283 -59.5368 5.56674 0 0 0 -0.0144106 0.999896
98.6323 -58.7605 5.53915 0 0 0 -0.0135531 0.999908
98.7363 -57.9941 5.52463 0 0 0 -0.0137415 0.999906
98.8403 -57.2155 5.50323 0 0 0 -0.013653 0.999907
98.9443 -56.4679 5.4762 0 0 0 -0.0135677 0.999908
99.0482 -55.7106 5.44818 0 0 0 -0.0134327 0.99991
99.1522 -54.952 5.43069 0 0 0 -0.0128737 0.999917
99.2561 -54.207 5.40344 0 0 0 -0.0133588 0.999911
99.3601 -53.453 5.38 0 0 0 -0.0132055 0.999913
99.4641 -52.7165 5.35272 0 0 0 -0.0137975 0.999905
99.5679 -51.9773 5.33594 0 0 0 -0.0145026 0.999895
99.672 -51.2252 5.30792 0 0 0 -0.0155351 0.999879
99.7759 -50.5132 5.28851 0 0 0 -0.0159308 0.999873
99.8799 -49.7901 5.26364 0 0 0 -0.0165723 0.999863
99.9838 -49.0521 5.22232 0 0 0 -0.0167943 0.999859
100.088 -48.3722 5.19077 0 0 0 -0.0185175 0.999829
100.192 -47.672 5.17416 0 0 0 -0.0179957 0.999838
100.296 -47.0069 5.13834 0 0 0 -0.0189035 0.999821
100.4 -46.3735 5.1116 0 0 0 -0.019113 0.999817
100.504 -45.6971 5.08661 0 0 0 -0.0193271 0.999813
100.608 -45.0484 5.06671 0 0 0 -0.0190234 0.999819
100.712 -44.3958 5.04401 0 0 0 -0.019318 0.999813
100.816 -43.7793 5.0145 0 0 0 -0.0200357 0.999799
100.92 -43.1202 4.99854 0 0 0 -0.0195371 0.999809
101.024 -42.5037 4.98584 0 0 0 -0.01915 0.999817
101.127 -41.8788 4.95535 0 0 0 -0.0183821 0.999831
101.231 -41.2516 4.93848 0 0 0 -0.0191831 0.999816
101.335 -40.658 4.90295 0 0 0 -0.0196722 0.999806
101.439 -40.0232 4.89563 0 0 0 -0.0184773 0.999829
101.543 -39.4146 4.86682 0 0 0 -0.0181571 0.999835
101.647 -38.814 4.83832 0 0 0 -0.0175693 0.999846
101.751 -38.1902 4.81125 0 0 0 -0.0160877 0.999871
101.855 -37.5938 4.78922 0 0 0 -0.0154557 0.999881
101.959 -36.9995 4.76962 0 0 0 -0.0143331 0.999897
102.063 -36.3766 4.7569 0 0 0 -0.0142187 0.999899
102.167 -35.7705 4.74164 0 0 0 -0.0133386 0.999911
102.271 -35.1775 4.71582 0 0 0 -0.0124489 0.999923
102.375 -34.5686 4.70438 0 0 0 -0.0110623 0.999939
102.479 -33.9627 4.6825 0 0 0 -0.00919869 0.999958
102.583 -33.4022 4.67538 0 0 0 -0.00843459 0.999964
102.687 -32.8136 4.66406 0 0 0 -0.00776608 0.99997
102.791 -32.2437 4.65515 0 0 0 -0.00698767 0.999976
102.894 -31.6664 4.64697 0 0 0 -0.00648676 0.999979
102.998 -31.151 4.63687 0 0 0 -0.00626003 0.99998
103.102 -30.6412 4.62891 0 0 0 -0.00636159 0.99998
103.206 -30.068 4.6243 0 0 0 -0.00767477 0.999971
103.31 -29.5448 4.62372 0 0 0 -0.00745829 0.999972
103.414 -29.0574 4.6113 0 0 0 -0.00818378 0.999967
103.518 -28.5562 4.59879 0 0 0 -0.00756725 0.999971
103.622 -28.0844 4.58569 0 0 0 -0.00865464 0.999963
103.726 -27.6068 4.57748 0 0 0 -0.0091944 0.999958
103.83 -27.1757 4.56189 0 0 0 -0.0103716 0.999946
103.934 -26.7117 4.54968 0 0 0 -0.0105309 0.999945
104.038 -26.2955 4.54333 0 0 0 -0.0107235 0.999942
104.142 -25.8712 4.53714 0 0 0 -0.0107297 0.999942
104.251 -25.4689 4.52063 0 0 0 -0.0117518 0.999931
104.351 -25.1028 4.51486 0 0 0 -0.0123516 0.999924
104.455 -24.7102 4.50946 0 0 0 -0.0124794 0.999922
104.558 -24.3861 4.49805 0 0 0 -0.0132856 0.999912
104.662 -24.0534 4.49338 0 0 0 -0.0140773 0.999901
104.766 -23.6986 4.48514 0 0 0 -0.0133123 0.999911
104.87 -23.4203 4.4852 0 0 0 -0.0137019 0.999906
104.974 -23.1493 4.47424 0 0 0 -0.0125116 0.999922
105.079 -22.8975 4.45447 0 0 0 -0.0144132 0.999896
105.182 -22.6365 4.4281 0 0 0 -0.014573 0.999894
105.286 -22.3719 4.42542 0 0 0 -0.0143343 0.999897
105.39 -22.1679 4.4216 0 0 0 -0.0140178 0.999902
105.494 -21.8928 4.40369 0 0 0 -0.0159587 0.999873
105.598 -21.6406 4.38428 0 0 0 -0.015235 0.999884
105.702 -21.3678 4.37683 0 0 0 -0.0166527 0.999861
105.806 -21.1183 4.38205 0 0 0 -0.0148991 0.999889
105.91 -20.8463 4.36224 0 0 0 -0.014177 0.9999
106.014 -20.6164 4.36191 0 0 0 -0.014368 0.999897
106.118 -20.345 4.34705 0 0 0 -0.0135972 0.999908
106.221 -20.1231 4.34119 0 0 0 -0.0122157 0.999925
106.326 -19.8596 4.34317 0 0 0 -0.0105528 0.999944
106.429 -19.6079 4.34009 0 0 0 -0.00722226 0.999974
106.533 -19.3793 4.34427 0 0 0 -0.00417485 0.999991
106.638 -19.1621 4.33981 0 0 0 -7.4776e-05 1
106.741 -18.9196 4.36823 0 0 0 0.00399272 0.999992
106.845 -18.6632 4.37201 0 0 0 0.00631048 0.99998
106.949 -18.4326 4.37009 0 0 0 0.00891083 0.99996
107.053 -18.2021 4.36902 0 0 0 0.011053 0.999939
107.157 -17.9675 4.37231 0 0 0 0.0135816 0.999908
107.261 -17.7401 4.38867 0 0 0 0.0123402 0.999924
107.365 -17.4987 4.39716 0 0 0 0.0135384 0.999908
107.469 -17.2969 4.4043 0 0 0 0.0129181 0.999917
107.573 -17.0373 4.40613 0 0 0 0.0137973 0.999905
107.677 -16.8223 4.41077 0 0 0 0.0128552 0.999917
107.781 -16.5916 4.42142 0 0 0 0.0106813 0.999943
107.885 -16.3394 4.4241 0 0 0 0.00893652 0.99996
107.989 -16.1375 4.42859 0 0 0 0.00847759 0.999964
108.093 -15.9151 4.42908 0 0 0 0.00651391 0.999979
108.197 -15.7026 4.42447 0 0 0 0.00444906 0.99999
108.301 -15.4881 4.41968 0 0 0 0.00336456 0.999994
108.405 -15.2841 4.41812 0 0 0 0.00143331 0.999999
108.509 -15.0601 4.4184 0 0 0 -0.000423582 1
108.613 -14.8364 4.41907 0 0 0 -0.00213972 0.999998
108.717 -14.5732 4.41135 0 0 0 -0.00365152 0.999993
108.821 -14.3416 4.41098 0 0 0 -0.00666986 0.999978
108.925 -14.0573 4.41083 0 0 0 -0.00909784 0.999959
109.029 -13.7862 4.40231 0 0 0 -0.011316 0.999936
109.133 -13.4783 4.39166 0 0 0 -0.0153375 0.999882
109.237 -13.1995 4.36966 0 0 0 -0.016707 0.99986
109.341 -12.8789 4.35318 0 0 0 -0.0195328 0.999809
109.445 -12.5632 4.33612 0 0 0 -0.0218016 0.999762
109.549 -12.2437 4.33157 0 0 0 -0.0240662 0.99971
109.653 -11.8994 4.30289 0 0 0 -0.0254829 0.999675
109.757 -11.5367 4.2887 0 0 0 -0.0273395 0.999626
109.86 -11.2194 4.26279 0 0 0 -0.0298395 0.999555
109.964 -10.8678 4.24487 0 0 0 -0.0302399 0.999543
110.068 -10.4952 4.20685 0 0 0 -0.0321165 0.999484
110.172 -10.0962 4.19214 0 0 0 -0.0320836 0.999485
110.276 -9.72809 4.1637 0 0 0 -0.0336228 0.999435
110.38 -9.33582 4.11804 0 0 0 -0.0365709 0.999331
110.484 -8.94534 4.08844 0 0 0 -0.0406093 0.999175
110.588 -8.54306 4.04324 0 0 0 -0.0443617 0.999016
110.692 -8.14322 3.99597 0 0 0 -0.0456343 0.998958
110.796 -7.77859 3.95972 0 0 0 -0.0437472 0.999043
110.899 -7.41833 3.94556 0 0 0 -0.0383633 0.999264
111.003 -7.01709 3.92715 0 0 0 -0.0311145 0.999516
111.107 -6.65359 3.91446 0 0 0 -0.0213868 0.999771
111.21 -6.29343 3.91528 0 0 0 -0.0125206 0.999922
111.314 -5.92422 3.91992 0 0 0 0.000142732 1
111.418 -5.53381 3.93384 0 0 0 0.0104248 0.999946
111.521 -5.15558 3.98083 0 0 0 0.0240164 0.999712
111.625 -4.81165 4.02698 0 0 0 0.0370366 0.999314
111.729 -4.46146 4.07373 0 0 0 0.0505489 0.998722
111.832 -4.09726 4.14716 0 0 0 0.0620826 0.998071
111.936 -3.76953 4.20496 0 0 0 0.071573 0.997435
112.04 -3.43906 4.26883 0 0 0 0.0795228 0.996833
112.144 -3.09378 4.33243 0 0 0 0.0839448 0.99647
112.248 -2.75989 4.39847 0 0 0 0.085226 0.996362
112.353 -2.42136 4.44556 0 0 0 0.0825762 0.996585
112.457 -2.08859 4.48648 0 0 0 0.0790881 0.996868
112.561 -1.7854 4.54218 0 0 0 0.0749241 0.997189
112.665 -1.5116 4.56351 0 0 0 0.0698632 0.997557
112.769 -1.25745 4.57718 0 0 0 0.0658154 0.997832
112.873 -1.06604 4.58032 0 0 0 0.0597925 0.998211
112.978 -0.903534 4.57825 0 0 0 0.0548521 0.998495
113.082 -0.788025 4.61481 0 0 0 0.0516409 0.998666
113.186 -0.671906 4.61188 0 0 0 0.0485953 0.998819
113.29 -0.627655 4.61768 0 0 0 0.0467129 0.998908
113.394 -0.600952 4.6203 0 0 0 0.0452632 0.998975
113.498 -0.60321 4.62906 0 0 0 0.0453546 0.998971
113.602 -0.603516 4.64151 0 0 0 0.0460504 0.998939
113.706 -0.617676 4.66245 0 0 0 0.0466287 0.998912
113.81 -0.59906 4.63092 0 0 0 0.0459351 0.998944
113.914 -0.606201 4.62933 0 0 0 0.0462277 0.998931
114.018 -0.60849 4.65131 0 0 0 0.0454737 0.998966
114.122 -0.603455 4.64798 0 0 0 0.0459603 0.998943
114.226 -0.614532 4.64267 0 0 0 0.0464209 0.998922
