0.31175 0.0919189 -0.0119019 0 0 0 0.0021704 0.999998
0.415622 0.161896 -0.00775146 0 0 0 0.00821117 0.999966
0.519499 0.260498 -0.00012207 0 0 0 0.0135861 0.999908
0.623377 0.379364 0.00698853 0 0 0 0.0187986 0.999823
0.727122 0.555298 0.0289001 0 0 0 0.0292868 0.999571
0.830874 0.702118 0.0331421 0 0 0 0.0375836 0.999294
0.934622 0.870697 0.0687256 0 0 0 0.0494345 0.998777
1.0384 1.00845 0.1026 0 0 0 0.0593592 0.998237
1.14213 1.17233 0.158691 0 0 0 0.0724539 0.997372
1.24587 1.35919 0.209442 0 0 0 0.0835466 0.996504
1.34963 1.52997 0.261841 0 0 0 0.0960502 0.995376
1.45325 1.72311 0.329498 0 0 0 0.11203 0.993705
1.557 1.92789 0.391052 0 0 0 0.126962 0.991908
1.66077 2.09042 0.477478 0 0 0 0.143919 0.989589
1.76437 2.29883 0.550659 0 0 0 0.160523 0.987032
1.868 2.48666 0.640533 0 0 0 0.177967 0.984036
1.97175 2.66595 0.764221 0 0 0 0.195171 0.980769
2.0755 2.85645 0.854919 0 0 0 0.214236 0.976782
2.17913 3.03693 0.979828 0 0 0 0.233381 0.972385
2.28288 3.24286 1.12396 0 0 0 0.254925 0.966961
2.3865 3.44873 1.27686 0 0 0 0.277229 0.960804
2.49014 3.6319 1.46426 0 0 0 0.302106 0.953274
2.59362 3.8089 1.66422 0 0 0 0.327283 0.944926
2.69733 3.96616 1.82224 0 0 0 0.352281 0.935894
2.80089 4.15848 2.04959 0 0 0 0.379247 0.925295
2.90464 4.33249 2.27429 0 0 0 0.405828 0.913949
3.00825 4.49164 2.50812 0 0 0 0.431058 0.902324
3.112 4.66379 2.80069 0 0 0 0.457993 0.888956
3.21575 4.80182 3.09769 0 0 0 0.484833 0.874607
3.31937 4.90939 3.39258 0 0 0 0.50996 0.860198
3.42313 5.02283 3.72928 0 0 0 0.535068 0.844809
3.52689 5.12436 4.07245 0 0 0 0.560147 0.828393
3.63065 5.23865 4.43994 0 0 0 0.583539 0.812085
3.7344 5.33783 4.82181 0 0 0 0.606834 0.794829
3.83825 5.40274 5.22189 0 0 0 0.627309 0.778771
3.94212 5.44415 5.63055 0 0 0 0.646488 0.762924
4.04628 5.452 6.05579 0 0 0 0.662526 0.749039
4.15027 5.45267 6.50204 0 0 0 0.676721 0.73624
4.25438 5.47629 6.93661 0 0 0 0.689823 0.723978
4.35851 5.47043 7.40097 0 0 0 0.700315 0.713834
4.46265 5.46408 7.87747 0 0 0 0.710378 0.70382
4.56688 5.47025 8.37384 0 0 0 0.71769 0.696363
4.67125 5.46225 8.87424 0 0 0 0.723561 0.690261
4.7755 5.41425 9.44464 0 0 0 0.728641 0.684896
4.87996 5.34888 10.0108 0 0 0 0.731425 0.681922
4.98425 5.2811 10.5803 0 0 0 0.733263 0.679945
5.0885 5.22955 11.1755 0 0 0 0.736044 0.676934
5.19288 5.16544 11.7931 0 0 0 0.737398 0.675458
5.29715 5.10059 12.3837 0 0 0 0.737296 0.67557
5.4015 5.04724 13.0667 0 0 0 0.736868 0.676037
5.50575 4.99918 13.6929 0 0 0 0.736405 0.676541
5.61001 4.9772 14.4088 0 0 0 0.735562 0.677457
5.71425 4.93152 15.0462 0 0 0 0.735102 0.677957
5.81838 4.86465 15.7855 0 0 0 0.734075 0.679069
5.92252 4.83264 16.4414 0 0 0 0.733083 0.680139
6.02677 4.80246 17.1415 0 0 0 0.732045 0.681256
6.13088 4.75 17.8777 0 0 0 0.7335 0.679689
6.23502 4.71552 18.6443 0 0 0 0.731527 0.681813
6.33903 4.63474 19.4361 0 0 0 0.730479 0.682936
6.44314 4.582 20.1686 0 0 0 0.729652 0.683819
6.54727 4.55789 20.9833 0 0 0 0.72907 0.684439
6.65128 4.51788 21.7808 0 0 0 0.72703 0.686606
6.75538 4.4577 22.5832 0 0 0 0.727127 0.686503
6.85938 4.43121 23.3638 0 0 0 0.725398 0.68833
6.96338 4.41309 24.2095 0 0 0 0.725631 0.688084
7.06738 4.37515 25.076 0 0 0 0.725332 0.6884
7.17126 4.31522 25.8904 0 0 0 0.72597 0.687726
7.27527 4.25079 26.7578 0 0 0 0.725651 0.688063
7.37927 4.19351 27.6151 0 0 0 0.726231 0.687451
7.48325 4.12775 28.4739 0 0 0 0.727599 0.686003
7.58727 4.0864 29.3435 0 0 0 0.728099 0.685472
7.69113 4.02863 30.165 0 0 0 0.729245 0.684253
7.79513 3.97183 31.0346 0 0 0 0.728429 0.685121
7.899 3.92136 31.8932 0 0 0 0.728053 0.685521
8.003 3.85986 32.6838 0 0 0 0.727933 0.685649
8.10701 3.80374 33.5362 0 0 0 0.728531 0.685013
8.211 3.7514 34.37 0 0 0 0.727057 0.686577
8.31501 3.70044 35.2064 0 0 0 0.727618 0.685982
8.41888 3.63721 36.04 0 0 0 0.728115 0.685455
8.52288 3.59875 36.8416 0 0 0 0.727006 0.686631
8.6269 3.55643 37.6933 0 0 0 0.72709 0.686543
8.73075 3.50241 38.5298 0 0 0 0.726352 0.687322
8.83476 3.45767 39.3349 0 0 0 0.726403 0.687269
8.93876 3.40836 40.1664 0 0 0 0.727399 0.686215
9.04276 3.36557 40.974 0 0 0 0.727122 0.686508
9.14663 3.30832 41.8287 0 0 0 0.72707 0.686563
9.25065 3.25391 42.6245 0 0 0 0.727491 0.686117
9.3545 3.21152 43.4708 0 0 0 0.726916 0.686726
9.45853 3.17627 44.3057 0 0 0 0.726733 0.68692
9.5625 3.14395 45.1351 0 0 0 0.727908 0.685675
9.66638 3.12112 45.9298 0 0 0 0.727718 0.685877
9.77038 3.08908 46.8044 0 0 0 0.728509 0.685037
9.87425 3.0419 47.6005 0 0 0 0.729279 0.684216
9.97813 2.99704 48.4421 0 0 0 0.729346 0.684145
10.0821 2.93604 49.2387 0 0 0 0.729815 0.683644
10.186 2.89413 50.0446 0 0 0 0.730647 0.682755
10.29 2.83807 50.835 0 0 0 0.731139 0.682228
10.3939 2.78958 51.6482 0 0 0 0.730501 0.682911
10.4978 2.72943 52.4 0 0 0 0.730666 0.682736
10.6018 2.66168 53.2615 0 0 0 0.731695 0.681632
10.7056 2.6105 54.0192 0 0 0 0.732332 0.680948
10.8097 2.56592 54.7992 0 0 0 0.731748 0.681575
10.9135 2.51096 55.605 0 0 0 0.731385 0.681965
11.0175 2.46387 56.363 0 0 0 0.732211 0.681078
11.1214 2.3555 57.0553 0 0 0 0.733022 0.680205
11.2254 2.27094 57.7907 0 0 0 0.733592 0.67959
11.3293 2.23849 58.5459 0 0 0 0.732905 0.680331
11.4333 2.18524 59.2804 0 0 0 0.733638 0.67954
11.5372 2.10208 60.0532 0 0 0 0.734255 0.678874
11.6411 2.06622 60.7559 0 0 0 0.733466 0.679726
11.7451 1.9614 61.4531 0 0 0 0.732962 0.68027
11.8491 1.90829 62.1614 0 0 0 0.730897 0.682488
11.9533 1.86063 62.7776 0 0 0 0.72955 0.683927
12.0573 1.85446 63.4397 0 0 0 0.726829 0.686818
12.1614 1.80444 64.0778 0 0 0 0.724495 0.68928
12.2655 1.78961 64.6747 0 0 0 0.720749 0.693196
12.3696 1.76721 65.281 0 0 0 0.71535 0.698766
12.4739 1.72437 65.8454 0 0 0 0.71058 0.703616
12.5781 1.72446 66.4366 0 0 0 0.701554 0.712616
12.6824 1.77213 66.932 0 0 0 0.694016 0.71996
12.7868 1.78882 67.4635 0 0 0 0.682673 0.730724
12.8911 1.85623 67.953 0 0 0 0.669595 0.742726
12.9955 1.95514 68.4062 0 0 0 0.6565 0.754326
13.0999 2.0643 68.9174 0 0 0 0.639854 0.768496
13.2044 2.17645 69.3664 0 0 0 0.6228 0.782381
13.3088 2.33035 69.8546 0 0 0 0.603846 0.797101
13.4133 2.50198 70.232 0 0 0 0.584186 0.81162
13.5176 2.69858 70.6246 0 0 0 0.561898 0.827207
13.6221 2.91437 70.9881 0 0 0 0.538719 0.842485
13.7265 3.16312 71.38 0 0 0 0.514284 0.85762
13.8308 3.40674 71.7057 0 0 0 0.491501 0.870877
13.9351 3.65897 72.0474 0 0 0 0.46714 0.884183
14.0394 3.97763 72.3049 0 0 0 0.443162 0.896441
14.1437 4.25644 72.5353 0 0 0 0.420019 0.907515
14.2479 4.54706 72.8979 0 0 0 0.39367 0.919252
14.3521 4.86789 73.1696 0 0 0 0.367823 0.929896
14.4564 5.24689 73.3868 0 0 0 0.340478 0.940253
14.5606 5.62677 73.6143 0 0 0 0.314145 0.949375
14.6649 6.02206 73.8436 0 0 0 0.285587 0.958353
14.769 6.47568 74.0843 0 0 0 0.257087 0.966388
14.8732 6.95148 74.3232 0 0 0 0.230311 0.973117
14.9771 7.43561 74.5392 0 0 0 0.20528 0.978703
15.0812 7.93909 74.7427 0 0 0 0.184411 0.982849
15.185 8.47382 74.9099 0 0 0 0.164886 0.986313
15.2888 9.03308 75.0716 0 0 0 0.149272 0.988796
15.3925 9.58472 75.21 0 0 0 0.137102 0.990557
15.4962 10.2112 75.3507 0 0 0 0.125976 0.992033
15.5999 10.8145 75.5046 0 0 0 0.117097 0.99312
15.7036 11.4128 75.6302 0 0 0 0.109948 0.993937
15.8073 12.0323 75.7527 0 0 0 0.103082 0.994673
15.911 12.6806 75.8335 0 0 0 0.0971232 0.995272
16.0148 13.3043 75.9499 0 0 0 0.0909524 0.995855
16.1185 14.0383 76.0546 0 0 0 0.0841278 0.996455
16.2224 14.6832 76.1552 0 0 0 0.0774254 0.996998
16.3261 15.344 76.2713 0 0 0 0.0697677 0.997563
16.4299 16.0866 76.3697 0 0 0 0.063817 0.997962
16.5338 16.8277 76.4523 0 0 0 0.0583941 0.998294
16.6375 17.5694 76.5256 0 0 0 0.0543308 0.998523
16.7413 18.4432 76.5915 0 0 0 0.0511306 0.998692
16.8451 19.283 76.6753 0 0 0 0.0481418 0.998841
16.9489 19.9865 76.7369 0 0 0 0.0484437 0.998826
17.0526 20.7228 76.8163 0 0 0 0.0481018 0.998842
17.1564 21.5744 76.8875 0 0 0 0.0448339 0.998994
17.2603 22.2895 76.961 0 0 0 0.0427207 0.999087
17.364 23.0266 77.0037 0 0 0 0.0406455 0.999174
17.4679 23.6401 77.067 0 0 0 0.0412985 0.999147
17.5717 24.5155 77.0892 0 0 0 0.0392562 0.999229
17.6755 25.32 77.1593 0 0 0 0.0365083 0.999333
17.7794 26.0031 77.2095 0 0 0 0.0344499 0.999406
17.8831 26.7893 77.265 0 0 0 0.0335026 0.999439
17.987 27.6008 77.3084 0 0 0 0.0325288 0.999471
18.0909 28.4028 77.3606 0 0 0 0.0308814 0.999523
18.1948 29.206 77.4155 0 0 0 0.0294123 0.999567
18.2985 29.971 77.4482 0 0 0 0.028822 0.999585
18.4024 30.7662 77.4737 0 0 0 0.0271479 0.999631
18.5063 31.463 77.511 0 0 0 0.0264071 0.999651
18.6101 32.199 77.5463 0 0 0 0.0258023 0.999667
18.7139 32.9263 77.5986 0 0 0 0.0250813 0.999685
18.8178 33.7361 77.6057 0 0 0 0.0247042 0.999695
18.9216 34.5302 77.6201 0 0 0 0.0246262 0.999697
19.0255 35.2783 77.6895 0 0 0 0.0251942 0.999683
19.1294 36.1078 77.7123 0 0 0 0.0255245 0.999674
19.2333 36.8993 77.758 0 0 0 0.0258795 0.999665
19.337 37.6672 77.828 0 0 0 0.0272437 0.999629
19.4409 38.475 77.8914 0 0 0 0.0292115 0.999573
19.5448 39.2776 77.9483 0 0 0 0.0311667 0.999514
19.6485 40.1749 78.0046 0 0 0 0.0331491 0.99945
19.7524 40.9751 78.0502 0 0 0 0.033977 0.999423
19.8563 41.7824 78.104 0 0 0 0.0358465 0.999357
19.9601 42.5269 78.1822 0 0 0 0.0362331 0.999343
20.064 43.4049 78.2361 0 0 0 0.0363671 0.999339
20.1679 44.3104 78.3076 0 0 0 0.0369948 0.999315
20.2719 45.1728 78.3492 0 0 0 0.0387407 0.999249
20.3758 45.9842 78.412 0 0 0 0.0386076 0.999254
20.4797 46.9091 78.4828 0 0 0 0.0376996 0.999289
20.5836 47.674 78.5367 0 0 0 0.0351174 0.999383
20.6875 48.5463 78.6027 0 0 0 0.0346951 0.999398
20.7915 49.3915 78.6549 0 0 0 0.0333868 0.999443
20.8954 50.2459 78.7147 0 0 0 0.0330312 0.999454
20.9993 51.1438 78.7701 0 0 0 0.0314545 0.999505
21.1033 52.0247 78.7885 0 0 0 0.031679 0.999498
21.2071 52.8586 78.8389 0 0 0 0.030729 0.999528
21.3111 53.7689 78.9117 0 0 0 0.0305761 0.999532
21.415 54.5836 78.9723 0 0 0 0.0296461 0.99956
21.519 55.4319 78.9909 0 0 0 0.0299702 0.999551
21.6229 56.3469 79.006 0 0 0 0.0286838 0.999589
21.7269 57.185 79.0708 0 0 0 0.0288641 0.999583
21.8308 58.0157 79.1239 0 0 0 0.0279549 0.999609
21.9346 58.8561 79.1377 0 0 0 0.0269772 0.999636
22.0387 59.7643 79.1873 0 0 0 0.0261527 0.999658
22.1426 60.6225 79.2317 0 0 0 0.0258533 0.999666
22.2465 61.4018 79.2745 0 0 0 0.0289614 0.999581
22.3504 62.2671 79.3266 0 0 0 0.0302739 0.999542
22.4544 63.127 79.3853 0 0 0 0.0317404 0.999496
22.5584 63.9399 79.4267 0 0 0 0.0326341 0.999467
22.6623 64.7707 79.504 0 0 0 0.0375018 0.999297
22.7661 65.5668 79.543 0 0 0 0.0376379 0.999291
22.8702 66.3698 79.6138 0 0 0 0.0386417 0.999253
22.974 67.1658 79.6687 0 0 0 0.0401732 0.999193
23.078 67.9594 79.752 0 0 0 0.0412132 0.99915
23.182 68.7533 79.8303 0 0 0 0.0433023 0.999062
23.2859 69.5446 79.8925 0 0 0 0.0460532 0.998939
23.3898 70.341 79.958 0 0 0 0.0507103 0.998713
23.4938 71.1456 80.0388 0 0 0 0.0535314 0.998566
23.5976 71.9398 80.1033 0 0 0 0.0569518 0.998377
23.7015 72.737 80.2103 0 0 0 0.0583808 0.998294
23.8055 73.4998 80.3147 0 0 0 0.0607912 0.998151
23.9094 74.2467 80.4101 0 0 0 0.063624 0.997974
24.0134 75.0093 80.4881 0 0 0 0.0627711 0.998028
24.1173 75.839 80.5923 0 0 0 0.0684355 0.997656
24.2213 76.6349 80.7233 0 0 0 0.0701212 0.997539
24.3251 77.3314 80.8392 0 0 0 0.0751781 0.99717
24.4291 78.0767 80.9312 0 0 0 0.0775046 0.996992
24.533 78.7967 81.0747 0 0 0 0.0805454 0.996751
24.6369 79.5222 81.1803 0 0 0 0.084395 0.996432
24.7408 80.3216 81.3225 0 0 0 0.0881132 0.99611
24.8446 80.9809 81.4558 0 0 0 0.0949836 0.995479
24.9485 81.671 81.5488 0 0 0 0.101038 0.994883
25.0524 82.4268 81.7195 0 0 0 0.108758 0.994068
25.1563 83.1887 81.9245 0 0 0 0.11488 0.993379
25.2601 83.9104 82.1141 0 0 0 0.118832 0.992914
25.364 84.6264 82.2978 0 0 0 0.126728 0.991938
25.4679 85.3417 82.4901 0 0 0 0.133527 0.991045
25.5718 86.1219 82.7153 0 0 0 0.138652 0.990341
25.6756 86.8454 82.9145 0 0 0 0.145757 0.98932
25.7795 87.5892 83.1122 0 0 0 0.15048 0.988613
25.8834 88.3406 83.3636 0 0 0 0.156169 0.98773
25.9874 89.016 83.5951 0 0 0 0.162721 0.986672
26.0913 89.6452 83.821 0 0 0 0.168714 0.985665
26.1953 90.3765 84.1177 0 0 0 0.171879 0.985118
26.2993 91.0459 84.3699 0 0 0 0.176554 0.984291
26.4031 91.7591 84.6195 0 0 0 0.179669 0.983727
26.507 92.5016 84.8971 0 0 0 0.185576 0.98263
26.611 93.2761 85.191 0 0 0 0.186668 0.982423
26.7149 93.9837 85.4781 0 0 0 0.189216 0.981936
26.8189 94.6362 85.7431 0 0 0 0.193003 0.981198
26.9229 95.3205 86.0228 0 0 0 0.197056 0.980392
27.0269 96.097 86.3473 0 0 0 0.198322 0.980137
27.1309 96.7608 86.6448 0 0 0 0.200688 0.979655
27.2348 97.4547 86.9324 0 0 0 0.203009 0.979177
27.3386 98.1662 87.2555 0 0 0 0.20628 0.978493
27.4427 98.8367 87.5607 0 0 0 0.209016 0.977912
27.5465 99.5211 87.8608 0 0 0 0.210354 0.977625
27.6505 100.216 88.1746 0 0 0 0.213642 0.976912
27.7544 100.869 88.4904 0 0 0 0.215942 0.976406
27.8584 101.612 88.8501 0 0 0 0.217109 0.976147
27.9623 102.329 89.1915 0 0 0 0.219879 0.975527
28.0662 103.01 89.5119 0 0 0 0.221991 0.975049
28.17 103.716 89.8534 0 0 0 0.224928 0.974375
28.274 104.376 90.1804 0 0 0 0.226978 0.9739
28.3779 105.063 90.5258 0 0 0 0.229246 0.973369
28.4819 105.759 90.8777 0 0 0 0.230876 0.972983
28.5858 106.317 91.171 0 0 0 0.232777 0.97253
28.6897 107.019 91.5373 0 0 0 0.236942 0.971524
28.7937 107.697 91.8861 0 0 0 0.238517 0.971138
28.8975 108.344 92.2135 0 0 0 0.241732 0.970343
29.0015 109.008 92.5783 0 0 0 0.244094 0.969752
29.1054 109.643 92.9128 0 0 0 0.242219 0.970222
29.2094 110.257 93.2306 0 0 0 0.243694 0.969852
29.3133 110.909 93.5982 0 0 0 0.245814 0.969317
29.4173 111.442 93.8931 0 0 0 0.248056 0.968746
29.5211 112.051 94.2124 0 0 0 0.25013 0.968212
29.625 112.613 94.5445 0 0 0 0.252123 0.967695
29.729 113.117 94.8193 0 0 0 0.250898 0.968014
29.8329 113.635 95.0837 0 0 0 0.252488 0.9676
29.9368 114.224 95.4198 0 0 0 0.255381 0.96684
30.0408 114.752 95.74 0 0 0 0.257148 0.966372
30.1446 115.27 96.0361 0 0 0 0.259107 0.965849
30.2485 115.755 96.3036 0 0 0 0.260606 0.965445
30.3524 116.235 96.592 0 0 0 0.261162 0.965295
30.4563 116.64 96.8358 0 0 0 0.262473 0.964939
30.5603 117.082 97.0692 0 0 0 0.261852 0.965108
30.664 117.508 97.3212 0 0 0 0.26624 0.963907
30.7679 117.856 97.5563 0 0 0 0.267699 0.963503
30.8718 118.221 97.7922 0 0 0 0.271386 0.96247
30.9757 118.536 98.0138 0 0 0 0.273812 0.961783
31.0795 118.834 98.2008 0 0 0 0.277464 0.960736
31.1833 119.095 98.3629 0 0 0 0.279997 0.960001
31.2871 119.354 98.5562 0 0 0 0.285435 0.958398
31.3909 119.642 98.7404 0 0 0 0.288878 0.957366
31.4947 119.847 98.8886 0 0 0 0.293438 0.955978
31.5984 120.075 99.0131 0 0 0 0.300045 0.953925
31.7022 120.288 99.18 0 0 0 0.307429 0.951571
31.8058 120.513 99.3474 0 0 0 0.315921 0.948785
31.9095 120.693 99.5247 0 0 0 0.326628 0.945153
32.0131 120.912 99.7187 0 0 0 0.336898 0.941541
32.1169 121.059 99.8998 0 0 0 0.348771 0.937208
32.2206 121.258 100.078 0 0 0 0.359565 0.93312
32.3244 121.413 100.212 0 0 0 0.370477 0.928842
32.4282 121.547 100.374 0 0 0 0.380592 0.924743
32.5318 121.686 100.542 0 0 0 0.391771 0.920063
32.6355 121.812 100.709 0 0 0 0.40471 0.914445
32.7393 121.936 100.882 0 0 0 0.41636 0.9092
32.8429 122.091 101.083 0 0 0 0.430958 0.902372
32.9467 122.192 101.261 0 0 0 0.442646 0.896696
33.0504 122.32 101.43 0 0 0 0.457359 0.889282
33.154 122.467 101.67 0 0 0 0.469821 0.882762
33.2578 122.551 101.83 0 0 0 0.484945 0.874545
33.3616 122.607 102.006 0 0 0 0.497929 0.867218
33.4653 122.724 102.242 0 0 0 0.511948 0.859016
33.569 122.779 102.417 0 0 0 0.526986 0.849874
33.6728 122.893 102.634 0 0 0 0.541994 0.840383
33.7764 122.926 102.893 0 0 0 0.560092 0.82843
33.88 123.013 103.125 0 0 0 0.576965 0.816769
33.9837 123.086 103.439 0 0 0 0.596189 0.802844
34.0874 123.111 103.722 0 0 0 0.614047 0.78927
34.191 123.18 104.02 0 0 0 0.634438 0.772974
34.2948 123.196 104.356 0 0 0 0.653673 0.756777
34.3984 123.191 104.705 0 0 0 0.673585 0.73911
34.5021 123.171 105.055 0 0 0 0.692131 0.721772
34.6059 123.154 105.417 0 0 0 0.7113 0.702889
34.7097 123.128 105.824 0 0 0 0.730219 0.683214
34.8134 123.031 106.228 0 0 0 0.747645 0.664098
34.9171 122.966 106.623 0 0 0 0.764821 0.644243
35.021 122.844 107.047 0 0 0 0.780733 0.624864
35.1248 122.7 107.454 0 0 0 0.795611 0.605808
35.2287 122.588 107.867 0 0 0 0.811316 0.584608
35.3325 122.355 108.355 0 0 0 0.824932 0.565232
35.4364 122.176 108.809 0 0 0 0.837989 0.545687
35.5404 121.903 109.282 0 0 0 0.850292 0.526311
35.6444 121.632 109.734 0 0 0 0.859879 0.510499
35.7486 121.351 110.207 0 0 0 0.867994 0.496575
35.8528 121.029 110.719 0 0 0 0.874523 0.484983
35.9571 120.727 111.19 0 0 0 0.879896 0.475167
36.0613 120.361 111.705 0 0 0 0.884312 0.466897
36.1657 120.005 112.224 0 0 0 0.886944 0.461877
36.2699 119.613 112.78 0 0 0 0.889343 0.45724
36.3742 119.221 113.309 0 0 0 0.891863 0.452305
36.4784 118.794 113.871 0 0 0 0.893528 0.449008
36.5827 118.377 114.435 0 0 0 0.895705 0.444649
36.6869 117.955 115.005 0 0 0 0.89653 0.442983
36.7911 117.481 115.634 0 0 0 0.897563 0.440886
36.8951 117.039 116.212 0 0 0 0.898703 0.438558
36.9995 116.564 116.817 0 0 0 0.898094 0.439803
37.1035 116.042 117.517 0 0 0 0.898464 0.439047
37.2076 115.595 118.123 0 0 0 0.898521 0.438931
37.3118 115.097 118.79 0 0 0 0.899395 0.437138
37.4159 114.553 119.473 0 0 0 0.898642 0.438682
37.52 114.015 120.133 0 0 0 0.898635 0.438698
37.6241 113.47 120.818 0 0 0 0.899288 0.437358
37.7281 112.923 121.515 0 0 0 0.89965 0.436612
37.8323 112.367 122.231 0 0 0 0.899386 0.437156
37.9363 111.817 122.941 0 0 0 0.899203 0.437533
38.0403 111.229 123.717 0 0 0 0.900156 0.435567
38.1443 110.709 124.399 0 0 0 0.899932 0.436031
38.2483 110.134 125.149 0 0 0 0.900622 0.434603
38.3523 109.547 125.91 0 0 0 0.90055 0.434752
38.4562 108.962 126.675 0 0 0 0.900252 0.435369
38.5602 108.328 127.469 0 0 0 0.900073 0.435738
38.6642 107.762 128.215 0 0 0 0.899854 0.436191
38.7682 107.176 128.962 0 0 0 0.899738 0.436431
38.872 106.58 129.702 0 0 0 0.900119 0.435644
38.976 105.932 130.523 0 0 0 0.900061 0.435764
39.0799 105.349 131.29 0 0 0 0.900118 0.435646
39.1839 104.671 132.121 0 0 0 0.900612 0.434624
39.2878 104.052 132.942 0 0 0 0.900308 0.435254
39.3918 103.459 133.688 0 0 0 0.900931 0.433962
39.4958 102.807 134.504 0 0 0 0.900596 0.434658
39.5996 102.181 135.342 0 0 0 0.900665 0.434514
39.7036 101.618 136.02 0 0 0 0.900478 0.434902
39.8079 101.007 136.785 0 0 0 0.900572 0.434707
39.9113 100.385 137.547 0 0 0 0.901076 0.43366
40.0153 99.7456 138.376 0 0 0 0.902102 0.431524
40.1191 99.1177 139.161 0 0 0 0.901773 0.43221
40.223 98.4916 139.946 0 0 0 0.903016 0.429606
40.3269 97.8553 140.75 0 0 0 0.90283 0.429998
40.4308 97.264 141.493 0 0 0 0.902814 0.430031
40.535 96.658 142.214 0 0 0 0.902903 0.429845
40.6387 96.0491 142.983 0 0 0 0.902042 0.431649
40.7425 95.4609 143.739 0 0 0 0.901797 0.43216
40.8464 94.8576 144.445 0 0 0 0.900924 0.433978
40.9504 94.3116 145.17 0 0 0 0.90014 0.435601
41.0546 93.7065 145.924 0 0 0 0.900194 0.435488
41.1582 93.1216 146.714 0 0 0 0.8999 0.436096
41.2625 92.4843 147.565 0 0 0 0.900005 0.435881
41.3659 91.9127 148.312 0 0 0 0.90034 0.435187
41.4698 91.297 149.067 0 0 0 0.900192 0.435492
41.5736 90.69 149.821 0 0 0 0.89993 0.436034
41.6774 90.1106 150.613 0 0 0 0.900088 0.435708
41.7812 89.5192 151.366 0 0 0 0.900678 0.434487
41.8851 88.9134 152.137 0 0 0 0.900891 0.434045
41.9888 88.3344 152.858 0 0 0 0.900779 0.434279
42.0927 87.7396 153.61 0 0 0 0.900613 0.434622
42.1964 87.1519 154.314 0 0 0 0.901046 0.433724
42.3002 86.5204 155.132 0 0 0 0.900893 0.434042
42.4041 85.9083 155.908 0 0 0 0.900542 0.434768
42.5078 85.3825 156.604 0 0 0 0.901451 0.43288
42.6115 84.7728 157.349 0 0 0 0.901774 0.432207
42.7153 84.1747 158.112 0 0 0 0.901896 0.431953
42.8192 83.5755 158.897 0 0 0 0.902118 0.43149
42.9229 82.9746 159.649 0 0 0 0.901586 0.4326
43.0269 82.3441 160.398 0 0 0 0.901347 0.433097
43.1306 81.7733 161.111 0 0 0 0.901278 0.433241
43.2344 81.2107 161.869 0 0 0 0.90157 0.432634
43.3383 80.6961 162.522 0 0 0 0.901688 0.432386
43.4421 80.1136 163.258 0 0 0 0.902025 0.431683
43.5459 79.5338 163.991 0 0 0 0.90142 0.432946
43.6498 78.9503 164.701 0 0 0 0.900574 0.434703
43.7537 78.3743 165.401 0 0 0 0.901316 0.433163
43.8575 77.8347 166.1 0 0 0 0.901467 0.432847
43.9613 77.3092 166.706 0 0 0 0.901959 0.431821
44.0652 76.7014 167.524 0 0 0 0.900316 0.435238
44.169 76.1207 168.284 0 0 0 0.899435 0.437055
44.2728 75.5824 168.965 0 0 0 0.899831 0.436239
44.3767 75.039 169.647 0 0 0 0.900064 0.435758
44.4805 74.5019 170.349 0 0 0 0.899842 0.436216
44.5843 73.9685 171.011 0 0 0 0.899638 0.436637
44.6882 73.4454 171.698 0 0 0 0.899641 0.436631
44.7922 72.939 172.328 0 0 0 0.900432 0.434996
44.8959 72.4661 172.924 0 0 0 0.899405 0.437116
44.9997 71.98 173.575 0 0 0 0.899732 0.436443
45.1035 71.4728 174.219 0 0 0 0.899785 0.436333
45.2073 70.9992 174.867 0 0 0 0.900095 0.435694
45.3112 70.4922 175.494 0 0 0 0.900283 0.435305
45.4152 70.0314 176.083 0 0 0 0.899993 0.435904
45.5189 69.5214 176.684 0 0 0 0.901067 0.433679
45.623 69.0728 177.292 0 0 0 0.900477 0.434904
45.7265 68.6207 177.923 0 0 0 0.900036 0.435816
45.8311 68.1724 178.429 0 0 0 0.900501 0.434853
45.9343 67.7566 178.99 0 0 0 0.901104 0.433603
46.0382 67.3198 179.551 0 0 0 0.901797 0.432159
46.1421 66.8905 180.089 0 0 0 0.902916 0.429816
46.2459 66.3643 180.737 0 0 0 0.904387 0.426714
46.3497 65.9899 181.256 0 0 0 0.905842 0.423616
46.4534 65.5012 181.769 0 0 0 0.908058 0.418844
46.5572 65.0735 182.254 0 0 0 0.910825 0.412794
46.661 64.7263 182.75 0 0 0 0.915637 0.402007
46.7645 64.3285 183.186 0 0 0 0.918886 0.394524
46.8683 63.8134 183.631 0 0 0 0.923085 0.384595
46.9719 63.4241 183.994 0 0 0 0.929228 0.369507
47.0756 62.9698 184.356 0 0 0 0.9344 0.356226
47.1792 62.5387 184.803 0 0 0 0.939456 0.342669
47.2829 62.1132 185.12 0 0 0 0.945367 0.326009
47.3865 61.6699 185.316 0 0 0 0.950626 0.31034
47.4902 61.2267 185.614 0 0 0 0.957166 0.289541
47.5939 60.8134 185.763 0 0 0 0.96302 0.26943
47.6974 60.283 186.102 0 0 0 0.969312 0.245832
47.8012 59.8414 186.26 0 0 0 0.974551 0.224165
47.9049 59.3344 186.419 0 0 0 0.980029 0.198857
48.0086 58.9208 186.584 0 0 0 0.984062 0.177827
48.1123 58.4196 186.71 0 0 0 0.988183 0.15328
48.2161 58.0086 186.78 0 0 0 0.991751 0.128182
48.3198 57.4848 186.858 0 0 0 0.994774 0.102101
48.4236 57.0118 186.911 0 0 0 0.996989 0.0775379
48.5274 56.5707 186.906 0 0 0 0.998575 0.0533675
48.6312 56.0756 186.91 0 0 0 0.999661 0.0260293
48.7349 55.6255 186.9 0 0 0 0.999999 0.00163241
48.8388 55.1485 186.86 0 0 0 0.999696 -0.0246607
48.9425 54.705 186.808 0 0 0 0.998717 -0.0506432
49.0464 54.272 186.714 0 0 0 0.997094 -0.0761781
49.1503 53.8215 186.58 0 0 0 0.994959 -0.100285
49.254 53.3894 186.465 0 0 0 0.991958 -0.126568
49.3579 52.9756 186.382 0 0 0 0.988405 -0.151843
49.4618 52.5729 186.194 0 0 0 0.984351 -0.176219
49.5658 52.1579 185.971 0 0 0 0.980459 -0.196725
49.6698 51.7368 185.753 0 0 0 0.976296 -0.216442
49.7738 51.3227 185.521 0 0 0 0.971552 -0.236825
49.878 50.8953 185.298 0 0 0 0.968544 -0.248843
49.9822 50.5123 185.04 0 0 0 0.964148 -0.265366
50.0864 50.0885 184.782 0 0 0 0.960378 -0.2787
50.1907 49.6859 184.494 0 0 0 0.957964 -0.286889
50.2951 49.3204 184.269 0 0 0 0.95485 -0.297087
50.3993 48.861 183.917 0 0 0 0.952834 -0.303491
50.5037 48.4544 183.665 0 0 0 0.951236 -0.308463
50.608 48.0687 183.344 0 0 0 0.950321 -0.311272
50.7124 47.6248 183.048 0 0 0 0.948552 -0.316622
50.8167 47.2029 182.736 0 0 0 0.947973 -0.318351
50.9209 46.7554 182.374 0 0 0 0.947269 -0.320439
51.0253 46.3571 182.029 0 0 0 0.947224 -0.320572
51.1295 45.9591 181.652 0 0 0 0.945446 -0.32578
51.2338 45.5345 181.314 0 0 0 0.947081 -0.320994
51.338 44.9987 180.937 0 0 0 0.945655 -0.32517
51.4422 44.5511 180.601 0 0 0 0.945968 -0.324261
51.5464 44.0377 180.203 0 0 0 0.94645 -0.322849
51.6505 43.5492 179.811 0 0 0 0.946828 -0.321739
51.7547 43.0375 179.464 0 0 0 0.947019 -0.321178
51.8588 42.534 179.035 0 0 0 0.946919 -0.321472
51.9628 41.9843 178.665 0 0 0 0.947453 -0.319894
52.0669 41.4193 178.243 0 0 0 0.946853 -0.321666
52.171 40.852 177.807 0 0 0 0.947299 -0.32035
52.275 40.2722 177.339 0 0 0 0.947037 -0.321126
52.379 39.6967 176.911 0 0 0 0.947038 -0.321121
52.4832 39.1085 176.436 0 0 0 0.946016 -0.324121
52.5872 38.4442 175.908 0 0 0 0.946982 -0.321285
52.6912 37.8107 175.454 0 0 0 0.946549 -0.32256
52.7952 37.1621 174.931 0 0 0 0.946246 -0.323449
52.8992 36.4974 174.455 0 0 0 0.946848 -0.321681
53.0032 35.834 173.934 0 0 0 0.94584 -0.324633
53.1072 35.0979 173.39 0 0 0 0.94674 -0.322
53.2112 34.3941 172.907 0 0 0 0.945769 -0.324839
53.3152 33.6965 172.387 0 0 0 0.945966 -0.324266
53.4192 32.9468 171.857 0 0 0 0.946868 -0.321622
53.5232 32.252 171.316 0 0 0 0.946115 -0.323831
53.627 31.5343 170.767 0 0 0 0.946841 -0.321701
53.731 30.7849 170.184 0 0 0 0.946664 -0.322224
53.835 30.0626 169.64 0 0 0 0.946945 -0.321396
53.9389 29.3165 169.06 0 0 0 0.94669 -0.322146
54.0429 28.5319 168.48 0 0 0 0.946733 -0.322021
54.1468 27.7777 167.894 0 0 0 0.947583 -0.319508
54.2508 27.0829 167.405 0 0 0 0.946747 -0.321977
54.3547 26.3244 166.839 0 0 0 0.946641 -0.322289
54.4587 25.5644 166.235 0 0 0 0.946523 -0.322635
54.5625 24.7972 165.658 0 0 0 0.946832 -0.321727
54.6664 24.03 165.082 0 0 0 0.946685 -0.32216
54.7704 23.2959 164.535 0 0 0 0.947602 -0.319452
54.8743 22.5776 164.005 0 0 0 0.94734 -0.320228
54.9785 21.8233 163.418 0 0 0 0.947298 -0.320353
55.082 21.1041 162.877 0 0 0 0.947769 -0.318957
55.1859 20.3931 162.343 0 0 0 0.947819 -0.31881
55.2908 19.6622 161.817 0 0 0 0.947948 -0.318424
55.3937 18.9649 161.287 0 0 0 0.948547 -0.316637
55.4977 18.1923 160.735 0 0 0 0.950119 -0.311888
55.6017 17.4665 160.201 0 0 0 0.95068 -0.310174
55.7057 16.7254 159.688 0 0 0 0.953106 -0.302635
55.8097 16.0062 159.192 0 0 0 0.955379 -0.295383
55.9138 15.2558 158.723 0 0 0 0.958147 -0.286276
56.0179 14.5041 158.219 0 0 0 0.960211 -0.279276
56.1221 13.7205 157.736 0 0 0 0.963324 -0.268342
56.2262 12.9771 157.359 0 0 0 0.967335 -0.253502
56.3305 12.2057 156.974 0 0 0 0.971291 -0.237894
56.4347 11.4111 156.616 0 0 0 0.974946 -0.222444
56.5389 10.5938 156.256 0 0 0 0.97856 -0.20596
56.643 9.78772 155.948 0 0 0 0.981839 -0.189718
56.7473 9.00891 155.632 0 0 0 0.984919 -0.173016
56.8514 8.22604 155.397 0 0 0 0.987832 -0.155523
56.9556 7.40176 155.181 0 0 0 0.990491 -0.137577
57.0597 6.5614 154.944 0 0 0 0.992076 -0.125639
57.1636 5.72467 154.726 0 0 0 0.993728 -0.111821
57.2675 4.89355 154.569 0 0 0 0.995039 -0.0994859
57.3713 3.98376 154.412 0 0 0 0.995855 -0.0909587
57.4752 3.108 154.272 0 0 0 0.996708 -0.0810788
57.5791 2.2092 154.171 0 0 0 0.997515 -0.0704517
57.6829 1.33005 154.057 0 0 0 0.998106 -0.0615116
57.7867 0.436066 153.98 0 0 0 0.998602 -0.0528507
57.8906 -0.46759 153.911 0 0 0 0.99891 -0.0466687
57.9949 -1.36111 153.835 0 0 0 0.999124 -0.0418521
58.0981 -2.27924 153.745 0 0 0 0.999301 -0.0373818
58.2019 -3.21869 153.7 0 0 0 0.999239 -0.0389968
58.3054 -4.15283 153.615 0 0 0 0.999275 -0.0380672
58.4092 -5.09955 153.54 0 0 0 0.999346 -0.0361701
58.5128 -6.08484 153.466 0 0 0 0.999357 -0.0358654
58.6166 -7.08386 153.422 0 0 0 0.999429 -0.0337896
58.7205 -8.0448 153.349 0 0 0 0.999396 -0.0347424
58.824 -9.06808 153.28 0 0 0 0.999376 -0.035326
58.9278 -10.0546 153.19 0 0 0 0.999386 -0.0350282
59.0317 -11.0478 153.116 0 0 0 0.999358 -0.0358304
59.1354 -12.0582 153.033 0 0 0 0.999355 -0.0359194
59.2392 -13.051 152.97 0 0 0 0.99933 -0.0366056
59.3431 -14.0731 152.883 0 0 0 0.999328 -0.0366435
59.4468 -15.1202 152.809 0 0 0 0.99934 -0.0363215
59.5507 -16.1915 152.736 0 0 0 0.999334 -0.0364991
59.6545 -17.2159 152.665 0 0 0 0.99938 -0.0352042
59.7584 -18.2755 152.613 0 0 0 0.99941 -0.0343345
59.8625 -19.3268 152.555 0 0 0 0.999454 -0.0330299
59.966 -20.3781 152.494 0 0 0 0.999467 -0.0326307
60.0697 -21.4297 152.439 0 0 0 0.999435 -0.0336215
60.1735 -22.4894 152.404 0 0 0 0.999419 -0.0340842
60.2772 -23.5244 152.354 0 0 0 0.99946 -0.0328734
60.3811 -24.5927 152.257 0 0 0 0.999479 -0.0322861
60.4848 -25.641 152.16 0 0 0 0.999449 -0.0331965
60.5885 -26.7014 152.079 0 0 0 0.999404 -0.0345312
60.6926 -27.7498 152.012 0 0 0 0.999473 -0.0324599
60.797 -28.7898 151.945 0 0 0 0.999483 -0.0321635
60.9002 -29.8152 151.91 0 0 0 0.999467 -0.0326546
61.0039 -30.8647 151.819 0 0 0 0.999602 -0.0282023
61.1077 -31.9132 151.788 0 0 0 0.999624 -0.0274226
61.2116 -32.9446 151.763 0 0 0 0.999677 -0.0254237
61.3153 -33.9572 151.729 0 0 0 0.999726 -0.0233886
61.4192 -34.9853 151.696 0 0 0 0.999758 -0.021982
61.5229 -35.999 151.646 0 0 0 0.999771 -0.021388
61.6268 -37.0393 151.6 0 0 0 0.999804 -0.0198214
61.731 -38.025 151.516 0 0 0 0.999764 -0.021705
61.8345 -38.9395 151.503 0 0 0 0.9998 -0.0199975
61.9384 -40.0013 151.47 0 0 0 0.999786 -0.0207014
62.0421 -41.0452 151.389 0 0 0 0.999786 -0.0206776
62.1459 -42.0332 151.338 0 0 0 0.999806 -0.0196879
62.2499 -43.0084 151.289 0 0 0 0.999803 -0.0198367
62.3537 -44.0014 151.244 0 0 0 0.999821 -0.0189141
62.4574 -44.9362 151.208 0 0 0 0.999802 -0.0199078
62.5613 -45.947 151.17 0 0 0 0.999817 -0.0191403
62.6653 -46.8875 151.193 0 0 0 0.999789 -0.0205482
62.7691 -47.8661 151.137 0 0 0 0.999792 -0.0204053
62.8728 -48.8463 151.127 0 0 0 0.999764 -0.0217251
62.9767 -49.8795 151.081 0 0 0 0.999777 -0.0210989
63.0807 -50.8123 151.049 0 0 0 0.999724 -0.0235037
63.1845 -51.7528 151.004 0 0 0 0.999763 -0.0217538
63.2882 -52.7521 150.969 0 0 0 0.999755 -0.0221184
63.3921 -53.7011 150.937 0 0 0 0.999707 -0.0242153
63.4958 -54.6373 150.888 0 0 0 0.999672 -0.0256262
63.5997 -55.5765 150.837 0 0 0 0.999675 -0.0255114
63.7036 -56.4909 150.804 0 0 0 0.999637 -0.0269552
63.8074 -57.396 150.741 0 0 0 0.999637 -0.0269347
63.9114 -58.3218 150.695 0 0 0 0.999663 -0.0259488
64.0158 -59.1164 150.68 0 0 0 0.999633 -0.0270951
64.1195 -59.9855 150.653 0 0 0 0.99964 -0.0268135
64.2234 -60.8408 150.58 0 0 0 0.999631 -0.0271707
64.3274 -61.668 150.523 0 0 0 0.999644 -0.0266973
64.4314 -62.5671 150.471 0 0 0 0.999758 -0.0220165
64.5356 -63.422 150.452 0 0 0 0.99979 -0.020513
64.6396 -64.2228 150.43 0 0 0 0.999877 -0.0156923
64.7436 -65.0184 150.406 0 0 0 0.99993 -0.0118668
64.8476 -65.8008 150.409 0 0 0 0.999964 -0.00852272
64.9516 -66.6185 150.429 0 0 0 0.999988 -0.00487476
65.0555 -67.2008 150.463 0 0 0 1 0.000895814
65.1595 -67.8638 150.492 0 0 0 0.999983 0.00590066
65.2635 -68.5434 150.504 0 0 0 0.999947 0.0103411
65.3675 -69.1773 150.567 0 0 0 0.999869 0.0161597
65.4715 -69.7737 150.602 0 0 0 0.999808 0.0195792
65.5753 -70.4181 150.616 0 0 0 0.999779 0.0210117
65.6793 -70.9411 150.654 0 0 0 0.999714 0.0239069
65.7833 -71.4229 150.686 0 0 0 0.999642 0.0267728
65.8873 -72.0573 150.713 0 0 0 0.999583 0.0288761
65.9912 -72.539 150.728 0 0 0 0.999545 0.0301545
66.0953 -73.0102 150.783 0 0 0 0.999438 0.0335294
66.1991 -73.3973 150.79 0 0 0 0.999472 0.0324889
66.3031 -73.7358 150.83 0 0 0 0.999478 0.0323178
66.4071 -74.0896 150.848 0 0 0 0.999452 0.0331133
66.5129 -74.4036 150.872 0 0 0 0.999469 0.0325728
66.6148 -74.6291 150.9 0 0 0 0.999452 0.0331024
66.7188 -74.8709 150.901 0 0 0 0.999487 0.0320193
66.8241 -75.0473 150.913 0 0 0 0.999518 0.0310353
66.9268 -75.2522 150.922 0 0 0 0.999553 0.0298819
67.0316 -75.4799 150.942 0 0 0 0.999595 0.0284669
67.1347 -75.6902 150.961 0 0 0 0.99961 0.0279256
67.2385 -75.8733 150.974 0 0 0 0.99966 0.0260758
67.3425 -76.0698 150.98 0 0 0 0.999684 0.0251308
67.4465 -76.2749 150.993 0 0 0 0.999709 0.0241119
67.5503 -76.4117 150.992 0 0 0 0.999744 0.0226396
67.6543 -76.5367 150.984 0 0 0 0.999797 0.0201434
67.7582 -76.7067 150.999 0 0 0 0.999845 0.0176191
67.8622 -76.8476 150.981 0 0 0 0.999895 0.0144636
67.9661 -76.9628 150.982 0 0 0 0.999942 0.0107652
68.0702 -77.1365 150.988 0 0 0 0.999968 0.00802134
68.174 -77.1981 150.995 0 0 0 0.999984 0.00563721
68.2779 -77.2903 150.987 0 0 0 0.999998 0.00219579
68.3818 -77.3437 150.946 0 0 0 0.999995 -0.00306971
68.4859 -77.426 150.95 0 0 0 0.999991 -0.00417394
68.59 -77.4892 150.964 0 0 0 0.999975 -0.00707819
68.694 -77.5047 150.963 0 0 0 0.99997 -0.0078063
68.798 -77.533 150.949 0 0 0 0.999958 -0.00918693
68.9021 -77.5291 150.936 0 0 0 0.999944 -0.0105945
69.006 -77.5365 150.936 0 0 0 0.999935 -0.0113797
69.1108 -77.545 150.937 0 0 0 0.999931 -0.0117642
69.2142 -77.5298 150.938 0 0 0 0.999929 -0.0118956
69.3182 -77.5132 150.937 0 0 0 0.999934 -0.0114612
69.4223 -77.5451 150.947 0 0 0 0.99994 -0.0109883
69.5263 -77.516 150.945 0 0 0 0.999941 -0.0108768
69.6303 -77.5457 150.941 0 0 0 0.999941 -0.0108217
69.7343 -77.5629 150.922 0 0 0 0.999934 -0.0115158
69.8384 -77.5709 150.933 0 0 0 0.999931 -0.0117116
69.9433 -77.5744 150.955 0 0 0 0.999943 -0.0107123
70.0472 -77.5797 150.975 0 0 0 0.999951 -0.0098764
70.1505 -77.5708 150.98 0 0 0 0.999955 -0.00944346
70.2544 -77.5544 150.955 0 0 0 0.999944 -0.010618
70.3584 -77.5566 150.941 0 0 0 0.999938 -0.0111349
70.4624 -77.5471 150.945 0 0 0 0.999938 -0.0111771
70.5665 -77.5486 150.95 0 0 0 0.99994 -0.0109808
70.6706 -77.5472 150.948 0 0 0 0.99994 -0.0109915
70.7745 -77.5336 150.945 0 0 0 0.999939 -0.0110849
70.8785 -77.5313 150.943 0 0 0 0.999927 -0.0120479
70.9825 -77.5008 150.936 0 0 0 0.999926 -0.0121582
71.0867 -77.5154 150.953 0 0 0 0.999925 -0.0122392
71.1907 -77.4909 150.934 0 0 0 0.999909 -0.013523
71.2947 -77.5154 150.955 0 0 0 0.99993 -0.0118142
71.3988 -77.5245 150.954 0 0 0 0.999923 -0.0123895
71.503 -77.524 150.943 0 0 0 0.999926 -0.0121946
71.6069 -77.5158 150.936 0 0 0 0.999922 -0.0124586
71.711 -77.5138 150.95 0 0 0 0.999922 -0.0124824
71.8177 -77.49 150.945 0 0 0 0.999924 -0.0123312
71.919 -77.4833 150.954 0 0 0 0.999922 -0.0125289
72.0231 -77.4976 150.953 0 0 0 0.999927 -0.012082
72.1271 -77.495 150.954 0 0 0 0.999923 -0.012399
72.232 -77.4699 150.937 0 0 0 0.999913 -0.0131747
72.3351 -77.4487 150.941 0 0 0 0.999918 -0.0128425
72.4392 -77.4521 150.948 0 0 0 0.999922 -0.0125036
72.5432 -77.4605 150.942 0 0 0 0.999922 -0.0125123
72.6472 -77.5145 150.953 0 0 0 0.999914 -0.0130958
72.7512 -77.5248 150.944 0 0 0 0.999912 -0.0132873
72.8552 -77.5271 150.952 0 0 0 0.999916 -0.0129483
72.9592 -77.5078 150.951 0 0 0 0.999924 -0.0123382
73.0633 -77.5231 150.947 0 0 0 0.999913 -0.0131658
73.1675 -77.4963 150.937 0 0 0 0.999914 -0.0130792
73.2717 -77.5165 150.941 0 0 0 0.999914 -0.0131465
73.3753 -77.5422 150.946 0 0 0 0.999908 -0.0135339
73.4794 -77.5217 150.938 0 0 0 0.99991 -0.0134176
73.5835 -77.5242 150.939 0 0 0 0.999911 -0.0133384
73.6876 -77.5185 150.946 0 0 0 0.999904 -0.0138324
73.7916 -77.5368 150.94 0 0 0 0.999908 -0.0135933
73.8957 -77.5325 150.94 0 0 0 0.99991 -0.01343
73.9996 -77.5247 150.942 0 0 0 0.999906 -0.0136889
74.1037 -77.5329 150.947 0 0 0 0.99991 -0.0134379
74.2077 -77.5314 150.941 0 0 0 0.999903 -0.0139333
74.3117 -77.5292 150.939 0 0 0 0.999907 -0.0136273
74.4157 -77.5255 150.943 0 0 0 0.999908 -0.0135496
74.5198 -77.525 150.942 0 0 0 0.999903 -0.0139487
74.6239 -77.5278 150.923 0 0 0 0.999878 -0.0155955
74.7278 -77.5467 150.922 0 0 0 0.999866 -0.0163566
74.8318 -77.5385 150.931 0 0 0 0.999854 -0.0171152
74.9359 -77.5612 150.925 0 0 0 0.999814 -0.0193046
75.0398 -77.5954 150.929 0 0 0 0.99974 -0.0228102
75.1438 -77.6295 150.911 0 0 0 0.999667 -0.0257878
75.2478 -77.6228 150.912 0 0 0 0.999549 -0.0300357
75.3517 -77.6834 150.888 0 0 0 0.999401 -0.0346187
75.4557 -77.7258 150.887 0 0 0 0.999219 -0.0395084
75.5596 -77.7799 150.86 0 0 0 0.999005 -0.0445934
75.6636 -77.8403 150.894 0 0 0 0.998792 -0.0491334
75.7675 -77.8703 150.889 0 0 0 0.998443 -0.0557886
75.8714 -77.9018 150.858 0 0 0 0.997966 -0.063743
75.9752 -77.9902 150.84 0 0 0 0.997427 -0.0716851
76.0791 -78.0349 150.8 0 0 0 0.996767 -0.0803491
76.183 -78.1187 150.771 0 0 0 0.995971 -0.0896715
76.2868 -78.2384 150.741 0 0 0 0.995092 -0.0989551
76.3907 -78.3736 150.697 0 0 0 0.994103 -0.108444
76.4951 -78.5039 150.66 0 0 0 0.992881 -0.119113
76.5983 -78.6652 150.588 0 0 0 0.991485 -0.130218
76.7021 -78.829 150.514 0 0 0 0.989786 -0.142562
76.8058 -78.9776 150.439 0 0 0 0.987717 -0.156254
76.9097 -79.177 150.347 0 0 0 0.985623 -0.168958
77.0134 -79.3506 150.246 0 0 0 0.983259 -0.182211
77.1171 -79.538 150.175 0 0 0 0.980311 -0.197461
77.2208 -79.7449 150.053 0 0 0 0.976899 -0.213701
77.3245 -79.9341 149.908 0 0 0 0.972708 -0.232035
77.4282 -80.1698 149.782 0 0 0 0.967666 -0.252236
77.5318 -80.3826 149.599 0 0 0 0.96179 -0.273788
77.6354 -80.6146 149.405 0 0 0 0.955088 -0.296321
77.7391 -80.8692 149.2 0 0 0 0.946868 -0.321624
77.8427 -81.1395 148.923 0 0 0 0.937769 -0.347259
77.9465 -81.4005 148.648 0 0 0 0.928595 -0.371095
78.0502 -81.6944 148.315 0 0 0 0.918415 -0.395618
78.154 -81.972 147.954 0 0 0 0.9075 -0.420053
78.2578 -82.2469 147.593 0 0 0 0.896377 -0.443292
78.3616 -82.5234 147.128 0 0 0 0.883844 -0.467782
78.4654 -82.7762 146.629 0 0 0 0.871187 -0.49095
78.5693 -83.0527 146.126 0 0 0 -0.856787 0.515671
78.6731 -83.2781 145.552 0 0 0 -0.842307 0.538998
78.7769 -83.4804 144.979 0 0 0 -0.828144 0.560515
78.8808 -83.6866 144.4 0 0 0 -0.812859 0.58246
78.9849 -83.8606 143.806 0 0 0 -0.797993 0.602666
79.0888 -84.0177 143.151 0 0 0 -0.783017 0.622001
79.193 -84.1199 142.483 0 0 0 -0.770554 0.637375
79.2971 -84.2156 141.773 0 0 0 -0.759129 0.65094
79.4013 -84.3161 141.026 0 0 0 -0.750098 0.661326
79.5057 -84.3982 140.274 0 0 0 -0.74341 0.668836
79.6101 -84.4738 139.493 0 0 0 -0.737643 0.675191
79.7145 -84.5239 138.7 0 0 0 -0.731803 0.681516
79.8188 -84.5967 137.89 0 0 0 -0.727759 0.685833
79.923 -84.6464 137.051 0 0 0 -0.721945 0.691951
80.0274 -84.6585 136.18 0 0 0 -0.717229 0.696837
80.1317 -84.6502 135.257 0 0 0 -0.7126 0.701571
80.2359 -84.6506 134.326 0 0 0 -0.709206 0.705001
80.3403 -84.6541 133.385 0 0 0 -0.70694 0.707273
80.4445 -84.6539 132.418 0 0 0 -0.706511 0.707702
80.5489 -84.6635 131.437 0 0 0 -0.706531 0.707682
80.6532 -84.6828 130.408 0 0 0 -0.704514 0.70969
80.7573 -84.6599 129.343 0 0 0 -0.704569 0.709636
80.8614 -84.6472 128.282 0 0 0 -0.701486 0.712684
80.9656 -84.6466 127.194 0 0 0 -0.70034 0.713809
81.0697 -84.6292 126.111 0 0 0 -0.697555 0.716531
81.1738 -84.6196 124.99 0 0 0 -0.694227 0.719757
81.2778 -84.578 123.877 0 0 0 -0.692648 0.721276
81.3818 -84.5177 122.691 0 0 0 -0.691268 0.722598
81.4859 -84.4658 121.532 0 0 0 -0.690488 0.723344
81.5899 -84.4068 120.386 0 0 0 -0.689192 0.724579
81.6941 -84.3721 119.239 0 0 0 -0.689848 0.723955
81.7981 -84.3209 118.063 0 0 0 -0.691212 0.722652
81.9022 -84.2385 116.814 0 0 0 -0.690386 0.723441
82.0062 -84.1976 115.617 0 0 0 -0.692194 0.721711
82.1102 -84.159 114.424 0 0 0 -0.692267 0.721641
82.2142 -84.1142 113.261 0 0 0 -0.692961 0.720975
82.3182 -84.0487 112.091 0 0 0 -0.693241 0.720706
82.4222 -83.9871 110.894 0 0 0 -0.691253 0.722613
82.5262 -83.9173 109.685 0 0 0 -0.691664 0.722219
82.6302 -83.8843 108.522 0 0 0 -0.691004 0.722851
82.734 -83.8333 107.354 0 0 0 -0.69188 0.722012
82.8381 -83.7938 106.182 0 0 0 -0.691832 0.722059
82.9421 -83.7248 104.989 0 0 0 -0.691052 0.722805
83.0461 -83.6822 103.863 0 0 0 -0.69058 0.723256
83.1499 -83.6336 102.68 0 0 0 -0.69056 0.723275
83.254 -83.5911 101.485 0 0 0 -0.690625 0.723213
83.3579 -83.5276 100.318 0 0 0 -0.691014 0.722842
83.4619 -83.4688 99.1661 0 0 0 -0.69035 0.723475
83.5659 -83.4516 97.9906 0 0 0 -0.691977 0.721919
83.6698 -83.3845 96.8246 0 0 0 -0.691891 0.722002
83.7737 -83.3466 95.6377 0 0 0 -0.691057 0.722801
83.8776 -83.2948 94.4751 0 0 0 -0.69241 0.721504
83.9816 -83.2537 93.3243 0 0 0 -0.692311 0.721599
84.0856 -83.2371 92.1938 0 0 0 -0.693263 0.720685
84.1897 -83.1887 91.0039 0 0 0 -0.693545 0.720414
84.2934 -83.1539 89.8958 0 0 0 -0.693836 0.720133
84.3971 -83.1239 88.7705 0 0 0 -0.694561 0.719434
84.501 -83.1099 87.6563 0 0 0 -0.693303 0.720646
84.6047 -83.0753 86.5109 0 0 0 -0.692983 0.720954
84.7086 -83.038 85.4249 0 0 0 -0.692002 0.721895
84.8123 -82.9913 84.2963 0 0 0 -0.691338 0.722531
84.9161 -82.9501 83.2235 0 0 0 -0.689746 0.724051
85.0201 -82.8861 82.0984 0 0 0 -0.687974 0.725736
85.1237 -82.8358 80.9948 0 0 0 -0.687205 0.726464
85.2274 -82.7855 79.9063 0 0 0 -0.68651 0.72712
85.3312 -82.6951 78.7679 0 0 0 -0.68604 0.727564
85.4351 -82.6487 77.6949 0 0 0 -0.684734 0.728794
85.5389 -82.5537 76.5297 0 0 0 -0.683494 0.729956
85.6426 -82.4841 75.4231 0 0 0 -0.683577 0.729879
85.7465 -82.4188 74.3014 0 0 0 -0.683434 0.730012
85.8504 -82.3546 73.211 0 0 0 -0.683887 0.729588
85.9542 -82.2895 72.125 0 0 0 -0.684215 0.72928
86.0581 -82.2256 71.0481 0 0 0 -0.685489 0.728083
86.1619 -82.1675 69.9994 0 0 0 -0.686292 0.727326
86.2664 -82.1104 68.9388 0 0 0 -0.687788 0.725911
86.3697 -82.0681 67.8157 0 0 0 -0.68941 0.724372
86.4736 -82.0399 66.7569 0 0 0 -0.690285 0.723537
86.5775 -81.9927 65.6917 0 0 0 -0.690923 0.722928
86.6813 -81.9488 64.6161 0 0 0 -0.692133 0.72177
86.7855 -81.8969 63.5484 0 0 0 -0.693122 0.720821
86.8891 -81.8552 62.4474 0 0 0 -0.693644 0.720318
86.993 -81.8245 61.4017 0 0 0 -0.694232 0.719751
87.0967 -81.7955 60.333 0 0 0 -0.694576 0.719419
87.2006 -81.7392 59.225 0 0 0 -0.694907 0.719099
87.3044 -81.7121 58.1441 0 0 0 -0.695375 0.718647
87.4083 -81.68 57.0927 0 0 0 -0.695677 0.718355
87.5122 -81.636 56.0134 0 0 0 -0.69539 0.718632
87.6161 -81.5599 54.9335 0 0 0 -0.694979 0.71903
87.7198 -81.5363 53.8575 0 0 0 -0.695401 0.718622
87.8236 -81.5071 52.8054 0 0 0 -0.694406 0.719583
87.9273 -81.49 51.7891 0 0 0 -0.695395 0.718627
88.0311 -81.4523 50.7265 0 0 0 -0.696458 0.717598
88.135 -81.4289 49.6634 0 0 0 -0.69567 0.718361
88.2387 -81.4118 48.5992 0 0 0 -0.695984 0.718057
88.3426 -81.3936 47.5417 0 0 0 -0.694453 0.719538
88.4463 -81.3586 46.4563 0 0 0 -0.69449 0.719502
88.5502 -81.3561 45.4131 0 0 0 -0.693264 0.720684
88.6539 -81.3088 44.3788 0 0 0 -0.692929 0.721006
88.7578 -81.2724 43.3584 0 0 0 -0.692795 0.721135
88.8617 -81.2296 42.3024 0 0 0 -0.692356 0.721556
88.9656 -81.1972 41.3101 0 0 0 -0.692979 0.720958
89.0695 -81.1463 40.2719 0 0 0 -0.693248 0.7207
89.1733 -81.128 39.2066 0 0 0 -0.692642 0.721282
89.2774 -81.101 38.1869 0 0 0 -0.692941 0.720994
89.3812 -81.0625 37.1417 0 0 0 -0.692871 0.721062
89.4851 -81.027 36.138 0 0 0 -0.692508 0.721411
89.589 -80.9661 35.0851 0 0 0 -0.692616 0.721306
89.6929 -80.9253 34.0752 0 0 0 -0.693181 0.720764
89.7968 -80.8827 33.0844 0 0 0 -0.693581 0.720379
89.9007 -80.8441 32.0802 0 0 0 -0.693896 0.720075
90.0046 -80.8212 31.1192 0 0 0 -0.694733 0.719267
90.1087 -80.7991 30.1215 0 0 0 -0.695121 0.718893
90.2125 -80.7534 29.115 0 0 0 -0.695532 0.718495
90.3165 -80.7451 28.1067 0 0 0 -0.696094 0.71795
90.4203 -80.7102 27.1015 0 0 0 -0.696193 0.717854
90.5243 -80.69 26.0875 0 0 0 -0.696586 0.717473
90.6282 -80.6758 25.1348 0 0 0 -0.697164 0.716912
90.7322 -80.6493 24.1295 0 0 0 -0.697347 0.716734
90.8362 -80.6303 23.1825 0 0 0 -0.697496 0.716589
90.9401 -80.6065 22.2508 0 0 0 -0.697523 0.716563
91.0441 -80.5743 21.3672 0 0 0 -0.697257 0.716821
91.1481 -80.5644 20.4786 0 0 0 -0.697522 0.716564
91.2519 -80.55 19.6097 0 0 0 -0.696715 0.717349
91.3559 -80.5253 18.8066 0 0 0 -0.695553 0.718474
91.4598 -80.4984 17.9693 0 0 0 -0.693209 0.720736
91.5638 -80.462 17.2014 0 0 0 -0.692373 0.72154
91.6677 -80.4203 16.4438 0 0 0 -0.690772 0.723073
91.7717 -80.3923 15.6709 0 0 0 -0.687554 0.726133
91.8756 -80.357 14.9609 0 0 0 -0.685389 0.728177
91.9795 -80.3011 14.2605 0 0 0 -0.68129 0.732014
92.0837 -80.2379 13.5685 0 0 0 -0.676407 0.736528
92.1873 -80.1605 12.8894 0 0 0 -0.671934 0.740611
92.2918 -80.0837 12.2058 0 0 0 -0.666585 0.745429
92.3948 -80.0238 11.597 0 0 0 -0.66235 0.749194
92.4987 -79.9204 10.9887 0 0 0 -0.654497 0.756065
92.6071 -79.82 10.4106 0 0 0 -0.647943 0.761689
92.7063 -79.7081 9.85327 0 0 0 -0.639527 0.768768
92.8127 -79.6039 9.30847 0 0 0 -0.631869 0.775075
92.9139 -79.4724 8.7785 0 0 0 -0.622376 0.782718
93.0176 -79.328 8.27435 0 0 0 -0.612417 0.790535
93.1213 -79.1705 7.71875 0 0 0 -0.601802 0.798645
93.2251 -79.0303 7.22836 0 0 0 -0.590256 0.807216
93.3287 -78.859 6.76123 0 0 0 -0.576159 0.817338
93.4324 -78.6628 6.27411 0 0 0 -0.560763 0.827977
93.5362 -78.4698 5.8226 0 0 0 -0.542844 0.839833
93.6397 -78.2546 5.3855 0 0 0 -0.521752 0.853097
93.7433 -77.9791 4.95099 0 0 0 -0.499565 0.866277
93.8472 -77.7011 4.54559 0 0 0 -0.477263 0.878761
93.9507 -77.3822 4.15799 0 0 0 -0.453581 0.891215
94.0544 -77.0599 3.8053 0 0 0 -0.429136 0.90324
94.1581 -76.7927 3.47159 0 0 0 -0.4056 0.914051
94.2618 -76.4381 3.15549 0 0 0 -0.382564 0.923929
94.3657 -76.0419 2.85339 0 0 0 -0.35887 0.933387
94.4695 -75.6505 2.57889 0 0 0 -0.334291 0.94247
94.5732 -75.2282 2.32123 0 0 0 -0.309556 0.950881
94.6771 -74.8492 2.10107 0 0 0 -0.285835 0.958279
94.7808 -74.4242 1.84232 0 0 0 -0.261563 0.965186
94.8848 -73.9851 1.65942 0 0 0 -0.237636 0.971354
94.9886 -73.5156 1.45395 0 0 0 -0.212613 0.977136
95.0924 -73.0621 1.29712 0 0 0 -0.188941 0.981988
95.1965 -72.6579 1.16208 0 0 0 -0.167097 0.98594
95.3004 -72.2197 1.0401 0 0 0 -0.148583 0.9889
95.4046 -71.7151 0.925873 0 0 0 -0.12917 0.991623
95.5086 -71.2225 0.840332 0 0 0 -0.112554 0.993646
95.6128 -70.7848 0.752563 0 0 0 -0.0984147 0.995145
95.7171 -70.2987 0.678284 0 0 0 -0.0882258 0.9961
95.8212 -69.7752 0.605225 0 0 0 -0.0783274 0.996928
95.9254 -69.2495 0.533447 0 0 0 -0.0695448 0.997579
96.0297 -68.765 0.459778 0 0 0 -0.0612456 0.998123
96.1339 -68.1733 0.393433 0 0 0 -0.0549999 0.998486
96.2382 -67.591 0.33609 0 0 0 -0.047753 0.998859
96.3423 -66.9946 0.281952 0 0 0 -0.0412182 0.99915
96.4465 -66.382 0.239838 0 0 0 -0.0350288 0.999386
96.5506 -65.7484 0.187714 0 0 0 -0.0273255 0.999627
96.6547 -65.1793 0.165833 0 0 0 -0.0229068 0.999738
96.7589 -64.4916 0.155121 0 0 0 -0.0175864 0.999845
96.8631 -63.8223 0.129578 0 0 0 -0.0136554 0.999907
96.9672 -63.1859 0.128906 0 0 0 -0.00722942 0.999974
97.0714 -62.5466 0.116913 0 0 0 -0.00515355 0.999987
97.1756 -61.8436 0.115204 0 0 0 -0.00269809 0.999996
97.2797 -61.1508 0.104523 0 0 0 -0.00175586 0.999998
97.3838 -60.388 0.112732 0 0 0 -0.000149878 1
97.4879 -59.6959 0.104675 0 0 0 0.00206672 0.999998
97.5921 -58.9219 0.106537 0 0 0 0.00413197 0.999991
97.6962 -58.192 0.139587 0 0 0 0.00641186 0.999979
97.8003 -57.4872 0.154175 0 0 0 0.00868817 0.999962
97.9043 -56.7583 0.190918 0 0 0 0.00977631 0.999952
98.0083 -56.0013 0.221771 0 0 0 0.0112072 0.999937
98.1123 -55.2232 0.278046 0 0 0 0.0103165 0.999947
98.2165 -54.4423 0.291809 0 0 0 0.0120806 0.999927
98.3203 -53.686 0.302673 0 0 0 0.0130909 0.999914
98.4243 -52.9209 0.310211 0 0 0 0.0139233 0.999903
98.5283 -52.0685 0.310944 0 0 0 0.014513 0.999895
98.6323 -51.364 0.329193 0 0 0 0.0152346 0.999884
98.7363 -50.5957 0.343994 0 0 0 0.0146058 0.999893
98.8403 -49.7967 0.336395 0 0 0 0.0145359 0.999894
98.9443 -49.0699 0.341003 0 0 0 0.0169905 0.999856
99.0482 -48.2767 0.366608 0 0 0 0.0159913 0.999872
99.1522 -47.511 0.396545 0 0 0 0.0157375 0.999876
99.2561 -46.7751 0.396088 0 0 0 0.0156465 0.999878
99.3601 -46.033 0.433289 0 0 0 0.0137966 0.999905
99.4641 -45.2922 0.444275 0 0 0 0.0142448 0.999899
99.5679 -44.5163 0.455688 0 0 0 0.0136454 0.999907
99.672 -43.7661 0.497803 0 0 0 0.0125192 0.999922
99.7759 -43.0557 0.516693 0 0 0 0.0117759 0.999931
99.8799 -42.3111 0.528198 0 0 0 0.0106441 0.999943
99.9838 -41.562 0.55719 0 0 0 0.00973802 0.999953
100.088 -40.8853 0.569153 0 0 0 0.00834576 0.999965
100.192 -40.224 0.593964 0 0 0 0.00896742 0.99996
100.296 -39.5478 0.595093 0 0 0 0.00807265 0.999967
100.4 -38.9171 0.590881 0 0 0 0.00718987 0.999974
100.504 -38.2701 0.61142 0 0 0 0.0080058 0.999968
100.608 -37.5476 0.609619 0 0 0 0.00886705 0.999961
100.712 -36.9665 0.641724 0 0 0 0.0089266 0.99996
100.816 -36.3397 0.645935 0 0 0 0.00733139 0.999973
100.92 -35.6643 0.653809 0 0 0 0.00809424 0.999967
101.024 -35.0411 0.640747 0 0 0 0.00894412 0.99996
101.127 -34.4347 0.636993 0 0 0 0.00914801 0.999958
101.231 -33.7898 0.635864 0 0 0 0.00965636 0.999953
101.335 -33.1703 0.643829 0 0 0 0.0103001 0.999947
101.439 -32.5735 0.644806 0 0 0 0.0110233 0.999939
101.543 -31.9555 0.655853 0 0 0 0.00947549 0.999955
101.647 -31.3532 0.656891 0 0 0 0.0112705 0.999936
101.751 -30.7702 0.661469 0 0 0 0.0117396 0.999931
101.855 -30.1848 0.659698 0 0 0 0.0136202 0.999907
101.959 -29.5574 0.680176 0 0 0 0.0157313 0.999876
102.063 -28.9933 0.697815 0 0 0 0.0157857 0.999875
102.167 -28.4164 0.716858 0 0 0 0.0156157 0.999878
102.271 -27.8456 0.714905 0 0 0 0.0175271 0.999846
102.375 -27.2834 0.731537 0 0 0 0.0199891 0.9998
102.479 -26.66 0.737854 0 0 0 0.0206758 0.999786
102.583 -26.1196 0.767395 0 0 0 0.0224544 0.999748
102.687 -25.5374 0.785889 0 0 0 0.0229684 0.999736
102.791 -24.948 0.80127 0 0 0 0.0250362 0.999687
102.894 -24.492 0.828796 0 0 0 0.0251985 0.999682
102.998 -23.8512 0.847229 0 0 0 0.0260146 0.999662
103.102 -23.4475 0.869934 0 0 0 0.0231641 0.999732
103.206 -22.8261 0.918762 0 0 0 0.0221164 0.999755
103.31 -22.4506 0.934387 0 0 0 0.0219876 0.999758
103.414 -21.7542 0.96701 0 0 0 0.0214142 0.999771
103.518 -21.4719 0.977417 0 0 0 0.0226919 0.999743
103.622 -20.8859 0.982758 0 0 0 0.0226838 0.999743
103.726 -20.4972 1.01602 0 0 0 0.0199968 0.9998
103.83 -19.9156 1.04175 0 0 0 0.0202748 0.999794
103.934 -19.5614 1.0705 0 0 0 0.0194979 0.99981
104.038 -19.0606 1.08597 0 0 0 0.0178089 0.999841
104.142 -18.6167 1.11664 0 0 0 0.0186639 0.999826
104.251 -18.3676 1.12827 0 0 0 0.0182781 0.999833
104.351 -17.8518 1.13681 0 0 0 0.0170331 0.999855
104.455 -17.5408 1.15967 0 0 0 0.0163407 0.999866
104.558 -17.1525 1.16537 0 0 0 0.0150425 0.999887
104.662 -16.8678 1.15714 0 0 0 0.0126696 0.99992
104.766 -16.6393 1.1597 0 0 0 0.0141967 0.999899
104.87 -16.3235 1.17502 0 0 0 0.0133696 0.999911
104.974 -15.9966 1.18057 0 0 0 0.0141605 0.9999
105.079 -15.7541 1.18988 0 0 0 0.0133968 0.99991
105.182 -15.4207 1.17834 0 0 0 0.0139282 0.999903
105.286 -15.2584 1.16544 0 0 0 0.0127822 0.999918
105.39 -14.997 1.16724 0 0 0 0.0140007 0.999902
105.494 -14.7411 1.17294 0 0 0 0.0130899 0.999914
105.598 -14.491 1.16663 0 0 0 0.0139569 0.999903
105.702 -14.2578 1.18329 0 0 0 0.0139141 0.999903
105.806 -13.9548 1.19568 0 0 0 0.0137474 0.999906
105.91 -13.7054 1.20541 0 0 0 0.0146561 0.999893
106.014 -13.4402 1.2178 0 0 0 0.0136766 0.999906
106.118 -13.2169 1.22278 0 0 0 0.0147893 0.999891
106.221 -12.968 1.23395 0 0 0 0.0160937 0.99987
106.326 -12.728 1.25201 0 0 0 0.0188593 0.999822
106.429 -12.4882 1.25928 0 0 0 0.0228564 0.999739
106.533 -12.2301 1.28589 0 0 0 0.0266006 0.999646
106.638 -11.969 1.28497 0 0 0 0.0305451 0.999533
106.741 -11.7564 1.31396 0 0 0 0.0340397 0.99942
106.845 -11.4937 1.32535 0 0 0 0.0350822 0.999384
106.949 -11.2799 1.34433 0 0 0 0.0392049 0.999231
107.053 -11.0193 1.3616 0 0 0 0.0415337 0.999137
107.157 -10.7633 1.38144 0 0 0 0.0428232 0.999083
107.261 -10.5548 1.41339 0 0 0 0.0448087 0.998996
107.365 -10.2815 1.44641 0 0 0 0.0466922 0.998909
107.469 -10.0928 1.46753 0 0 0 0.0447658 0.998998
107.573 -9.87314 1.4903 0 0 0 0.0458228 0.99895
107.677 -9.582 1.5014 0 0 0 0.0435709 0.99905
107.781 -9.38666 1.51785 0 0 0 0.0403948 0.999184
107.885 -9.1882 1.53534 0 0 0 0.0412348 0.99915
107.989 -8.98401 1.54752 0 0 0 0.0392183 0.999231
108.093 -8.73703 1.55856 0 0 0 0.0374601 0.999298
108.197 -8.51379 1.57861 0 0 0 0.0366156 0.999329
108.301 -8.31299 1.57672 0 0 0 0.0346416 0.9994
108.405 -8.08508 1.60043 0 0 0 0.0338757 0.999426
108.509 -7.85471 1.61188 0 0 0 0.0323684 0.999476
108.613 -7.63354 1.6268 0 0 0 0.0288067 0.999585
108.717 -7.44827 1.62949 0 0 0 0.0280102 0.999608
108.821 -7.16202 1.63089 0 0 0 0.0238255 0.999716
108.925 -6.89624 1.66214 0 0 0 0.0236433 0.99972
109.029 -6.61255 1.66162 0 0 0 0.0190806 0.999818
109.133 -6.26425 1.67413 0 0 0 0.0158506 0.999874
109.237 -6.0274 1.67432 0 0 0 0.0147272 0.999892
109.341 -5.69067 1.68936 0 0 0 0.0122039 0.999926
109.445 -5.3674 1.6958 0 0 0 0.00819487 0.999966
109.549 -5.08609 1.71548 0 0 0 0.00623567 0.999981
109.653 -4.73843 1.71207 0 0 0 0.00561274 0.999984
109.757 -4.37579 1.70526 0 0 0 0.00214283 0.999998
109.86 -4.06183 1.68976 0 0 0 0.0026774 0.999996
109.964 -3.72778 1.68158 0 0 0 -0.000416907 1
110.068 -3.2926 1.6741 0 0 0 -0.00241747 0.999997
110.172 -2.92697 1.6785 0 0 0 -0.00235716 0.999997
110.276 -2.58719 1.68695 0 0 0 -0.00317946 0.999995
110.38 -2.18802 1.67822 0 0 0 -0.0050999 0.999987
110.484 -1.78461 1.66458 0 0 0 -0.0111224 0.999938
110.588 -1.39279 1.59415 0 0 0 -0.0134678 0.999909
110.692 -1.01379 1.58359 0 0 0 -0.014542 0.999894
110.796 -0.638794 1.5817 0 0 0 -0.011933 0.999929
110.899 -0.206787 1.55737 0 0 0 -0.00846129 0.999964
111.003 0.105682 1.58087 0 0 0 -0.000940951 1
111.107 0.44873 1.60641 0 0 0 0.00849838 0.999964
111.21 1.08725 1.46002 0 0 0 0.000695761 1
111.314 2.72867 1.00275 0 0 0 -0.0232017 0.999731
111.418 3.8042 0.728149 0 0 0 0.0167197 0.99986
111.521 4.12982 1.00989 0 0 0 0.0275742 0.99962
111.625 4.47745 1.03159 0 0 0 0.042105 0.999113
111.729 4.80774 1.15619 0 0 0 0.0589909 0.998259
111.832 5.18301 1.1936 0 0 0 0.071762 0.997422
111.936 5.54282 1.25433 0 0 0 0.0806467 0.996743
112.04 5.46695 1.17001 0 0 0 0.0647317 0.997903
112.144 5.68668 1.21054 0 0 0 0.0644825 0.997919
112.248 5.59909 2.00803 0 0 0 0.0324128 0.999475
112.353 6.18954 1.35962 0 0 0 0.0593082 0.99824
112.457 6.70071 1.35849 0 0 0 0.0580622 0.998313
112.561 7.01779 1.37509 0 0 0 0.0540485 0.998538
112.665 6.48773 1.44089 0 0 0 0.0658901 0.997827
112.769 7.56479 1.42432 0 0 0 0.0445875 0.999005
112.873 7.74704 1.42841 0 0 0 0.040573 0.999177
112.978 7.95242 1.43253 0 0 0 0.0385051 0.999258
113.082 8.02142 1.43866 0 0 0 0.0346805 0.999398
113.186 7.41348 1.49841 0 0 0 0.0456139 0.998959
113.29 7.42419 2.18954 0 0 0 0.00497684 0.999988
113.394 7.39493 2.31146 0 0 0 0.00503255 0.999987
113.498 7.32599 2.28381 0 0 0 0.00573897 0.999984
113.602 7.53979 2.16666 0 0 0 -2.54234e-05 1
113.706 7.59857 2.06848 0 0 0 -0.00217214 0.999998
113.81 7.31668 2.228 0 0 0 0.00561054 0.999984
113.914 7.39844 2.21616 0 0 0 0.00412126 0.999992
114.018 7.47635 2.22305 0 0 0 0.000604102 1
114.122 7.54343 2.17331 0 0 0 0.000204726 1
114.226 7.5376 2.16196 0 0 0 -0.00145808 0.999999
