1 2.22045e-16 -5.55112e-17 0 0.5 -0.5 0.5 -0.5
1.5 2.22045e-16 -5.55112e-17 0 0.5 -0.5 0.5 -0.5
2 2.22045e-16 -5.55112e-17 0 0.5 -0.5 0.5 -0.5
2.5 2.22045e-16 -5.55112e-17 0 0.5 -0.5 0.5 -0.5
3 2.22045e-16 -5.55112e-17 0 0.5 -0.5 0.5 -0.5
3.5 2.22045e-16 -5.55112e-17 0 0.5 -0.5 0.5 -0.5
4 2.22045e-16 -5.55112e-17 0 0.5 -0.5 0.5 -0.5
4.5 2.22045e-16 -5.55112e-17 0 0.5 -0.5 0.5 -0.5
5 2.22045e-16 -5.55112e-17 0 0.5 -0.5 0.5 -0.5
5.5 2.22045e-16 -5.55112e-17 0 0.5 -0.5 0.5 -0.5
6 2.22045e-16 -5.55112e-17 0 0.5 -0.5 0.5 -0.5
6.5 2.22045e-16 -5.55112e-17 0 0.5 -0.5 0.5 -0.5
7 2.22045e-16 -5.55112e-17 0 0.5 -0.5 0.5 -0.5
7.5 2.22045e-16 -5.55112e-17 0 0.5 -0.5 0.5 -0.5
8 2.22045e-16 -5.55112e-17 0 0.5 -0.5 0.5 -0.5
8.5 2.22045e-16 -5.55112e-17 0 0.5 -0.5 0.5 -0.5
9 2.22045e-16 -5.55112e-17 0 0.5 -0.5 0.5 -0.5
9.5 2.22045e-16 -5.55112e-17 0 0.5 -0.5 0.5 -0.5
10 2.22045e-16 -5.55112e-17 0 0.5 -0.5 0.5 -0.5
10.5 2.22045e-16 -5.55112e-17 0 0.5 -0.5 0.5 -0.5
11 2.22045e-16 -5.55112e-17 0 0.5 -0.5 0.5 -0.5
11.5 2.22045e-16 -5.55112e-17 0 0.5 -0.5 0.5 -0.5
12 2.22045e-16 -5.55112e-17 0 0.5 -0.5 0.5 -0.5
12.5 2.22045e-16 -5.55112e-17 0 0.5 -0.5 0.5 -0.5
13 2.22045e-16 -5.55112e-17 0 0.5 -0.5 0.5 -0.5
13.5 2.22045e-16 -5.55112e-17 0 0.5 -0.5 0.5 -0.5
14 2.22045e-16 -5.55112e-17 0 0.5 -0.5 0.5 -0.5
14.5 2.22045e-16 -5.55112e-17 0 0.5 -0.5 0.5 -0.5
15 2.22045e-16 -5.55112e-17 0 0.5 -0.5 0.5 -0.5
15.5 2.22045e-16 -5.55112e-17 0 0.5 -0.5 0.5 -0.5
16 2.22045e-16 -5.55112e-17 0 0.5 -0.5 0.5 -0.5
16.5 2.22045e-16 -5.55112e-17 0 0.5 -0.5 0.5 -0.5
17 2.22045e-16 -5.55112e-17 0 0.5 -0.5 0.5 -0.5
17.5 2.22045e-16 -5.55112e-17 0 0.5 -0.5 0.5 -0.5
18 2.22045e-16 -5.55112e-17 0 0.5 -0.5 0.5 -0.5
18.5 2.22045e-16 -5.55112e-17 0 0.5 -0.5 0.5 -0.5
19 2.22045e-16 -5.55112e-17 0 0.5 -0.5 0.5 -0.5
19.5 2.22045e-16 -5.55112e-17 0 0.5 -0.5 0.5 -0.5
20 2.22045e-16 -5.55112e-17 0 0.5 -0.5 0.5 -0.5
20.1039 0.0915427 0.00459671 0.00200152 -0.501796 0.498355 -0.498449 0.501389
20.2079 0.185737 0.0100112 0.0043597 -0.503657 0.496423 -0.496851 0.503024
20.3118 0.283467 0.0175337 0.00685966 -0.505448 0.494288 -0.495192 0.504962
20.4156 0.38731 0.0286319 0.00672666 -0.507522 0.491454 -0.49339 0.507406
20.5195 0.50114 0.042737 0.00730301 -0.509922 0.488069 -0.491014 0.510562
20.6234 0.627936 0.0600001 0.00806547 -0.512976 0.484379 -0.487779 0.514105
20.7271 0.76694 0.0827569 0.008995 -0.516901 0.480198 -0.483658 0.517975
20.8309 0.919181 0.10905 0.0103398 -0.521077 0.475649 -0.478513 0.522745
20.9346 1.08191 0.141533 0.0119509 -0.52551 0.470717 -0.472929 0.52783
21.0384 1.25138 0.181606 0.0160451 -0.53067 0.464777 -0.46708 0.533111
21.1421 1.42564 0.232564 0.0226536 -0.536826 0.456998 -0.461824 0.538228
21.2459 1.60414 0.293459 0.0311643 -0.54331 0.448329 -0.456569 0.543471
21.3496 1.78864 0.361651 0.0393336 -0.550095 0.439635 -0.450329 0.548926
21.4533 1.97923 0.436624 0.0431351 -0.556848 0.430887 -0.442394 0.555468
21.557 2.17302 0.522492 0.0457364 -0.564272 0.421521 -0.433958 0.56178
21.6608 2.36874 0.620094 0.0490223 -0.572056 0.411635 -0.425015 0.568041
21.7644 2.56569 0.724845 0.0514074 -0.58005 0.401038 -0.415226 0.574716
21.868 2.75829 0.839493 0.0539779 -0.587848 0.389811 -0.405732 0.581261
21.9718 2.95042 0.968759 0.05101 -0.595708 0.37821 -0.396083 0.587544
22.0755 3.14209 1.10363 0.0467624 -0.603315 0.366492 -0.384935 0.594575
22.1791 3.33311 1.24276 0.0429268 -0.609873 0.354986 -0.371899 0.603102
22.2829 3.52303 1.39248 0.0423897 -0.616485 0.343126 -0.357354 0.611972
22.3865 3.70627 1.56445 0.0449198 -0.625324 0.329014 -0.342628 0.619133
22.4901 3.8807 1.76157 0.0489941 -0.635803 0.312081 -0.328032 0.625104
22.5936 4.0495 1.96936 0.0514114 -0.644938 0.294554 -0.312219 0.632307
22.6973 4.21588 2.18783 0.0535875 -0.653126 0.276767 -0.294863 0.64022
22.8009 4.38239 2.41553 0.0531892 -0.660396 0.260194 -0.274557 0.648687
22.9046 4.54077 2.66315 0.0528704 -0.66732 0.242727 -0.253926 0.656726
23.0082 4.68768 2.92912 0.0528379 -0.674523 0.224599 -0.233824 0.66325
23.112 4.82443 3.21551 0.0513893 -0.681704 0.205586 -0.213132 0.669021
23.2158 4.94818 3.51784 0.0487755 -0.688155 0.185693 -0.192075 0.674587
23.3194 5.05727 3.83696 0.0450566 -0.694274 0.165375 -0.171231 0.679202
23.4231 5.15347 4.17713 0.0387884 -0.69991 0.145034 -0.150133 0.683046
23.5269 5.23379 4.53434 0.0332507 -0.704758 0.124296 -0.129391 0.686385
23.6306 5.30245 4.91108 0.0294544 -0.709418 0.104784 -0.108265 0.688495
23.7344 5.36094 5.29933 0.0269775 -0.713091 0.0864753 -0.0873741 0.69021
23.8383 5.40169 5.70136 0.0230308 -0.715304 0.0688424 -0.0681476 0.692067
23.9421 5.42129 6.12209 0.0160427 -0.717013 0.0509054 -0.0520022 0.693251
24.0463 5.42767 6.55899 0.00575705 -0.71801 0.0345983 -0.0377276 0.694148
24.1503 5.42402 7.00909 -0.00619158 -0.718081 0.0203544 -0.0248481 0.695218
24.2544 5.4107 7.47343 -0.0162511 -0.717496 0.00815161 -0.0124567 0.696403
24.3585 5.38928 7.95041 -0.0230642 -0.716679 -0.00296954 -0.00110011 0.697396
24.4626 5.35364 8.44461 -0.0306642 -0.716023 -0.0128252 0.00808312 0.697912
24.5669 5.31073 8.95301 -0.0405748 -0.715073 -0.0206007 0.0153567 0.698578
24.6712 5.26387 9.48038 -0.0524899 -0.714436 -0.0263452 0.0212402 0.698882
24.7755 5.21123 10.023 -0.0614173 -0.71442 -0.0307108 0.0262884 0.698548
24.88 5.15308 10.5792 -0.065962 -0.714883 -0.0346312 0.0293349 0.69777
24.9842 5.08836 11.1527 -0.069364 -0.715364 -0.0378611 0.0309085 0.69704
25.0885 5.02588 11.7394 -0.0785547 -0.715594 -0.0395225 0.0324753 0.69664
25.1929 4.96484 12.3441 -0.0912305 -0.715605 -0.0392693 0.0339503 0.696574
25.2972 4.90181 12.9643 -0.102671 -0.716274 -0.0382918 0.0344676 0.695915
25.4015 4.83568 13.6002 -0.109516 -0.717288 -0.0380466 0.0336563 0.694923
25.5057 4.76722 14.2516 -0.117824 -0.717492 -0.0382389 0.0321203 0.694774
25.61 4.69736 14.9134 -0.129615 -0.716551 -0.038209 0.0309766 0.695799
25.7143 4.63 15.5937 -0.14508 -0.716497 -0.0378984 0.0304106 0.695896
25.8184 4.5633 16.291 -0.162225 -0.717316 -0.0372088 0.0299986 0.695106
25.9225 4.49463 17.0048 -0.177019 -0.718557 -0.0369155 0.0289631 0.693884
26.0268 4.42653 17.7332 -0.190559 -0.719703 -0.0366939 0.0278716 0.692752
26.1309 4.35925 18.4718 -0.209275 -0.719339 -0.036443 0.026833 0.693183
26.235 4.29098 19.2243 -0.230556 -0.718381 -0.0365205 0.0254222 0.694225
26.339 4.22312 19.9883 -0.250319 -0.7181 -0.036416 0.0244037 0.694558
26.4431 4.16193 20.7731 -0.270352 -0.718906 -0.0349175 0.0247251 0.69379
26.5473 4.10022 21.5645 -0.288025 -0.719651 -0.0336843 0.0251306 0.693063
26.6513 4.03596 22.3642 -0.306224 -0.720468 -0.0329566 0.0248965 0.692257
26.7554 3.97102 23.1642 -0.321615 -0.719043 -0.032675 0.0246925 0.693758
26.8594 3.90897 23.9695 -0.334206 -0.716443 -0.0319402 0.0251114 0.696462
26.9634 3.84905 24.7895 -0.349254 -0.714765 -0.0306419 0.0264118 0.698194
27.0674 3.78608 25.6189 -0.36151 -0.714567 -0.0302695 0.0271454 0.698385
27.1713 3.71634 26.4614 -0.37177 -0.717574 -0.0306686 0.0265878 0.695299
27.2753 3.64475 27.3076 -0.385499 -0.719962 -0.0312824 0.0261843 0.692814
27.3793 3.56954 28.1529 -0.402882 -0.722005 -0.0321565 0.0255008 0.69067
27.4833 3.4929 28.9976 -0.419417 -0.722292 -0.0329281 0.0249738 0.690352
27.5873 3.41846 29.8372 -0.437006 -0.721138 -0.0331379 0.0250591 0.691545
27.6911 3.34605 30.6742 -0.45666 -0.71999 -0.0331956 0.0253355 0.692727
27.7951 3.27199 31.5159 -0.476386 -0.720415 -0.0337424 0.0247534 0.69228
27.899 3.19882 32.3544 -0.491726 -0.721377 -0.034085 0.0242463 0.691278
28.003 3.12363 33.1952 -0.507645 -0.720998 -0.0343855 0.0239519 0.691669
28.107 3.05126 34.0263 -0.52419 -0.719217 -0.0344335 0.0236339 0.693529
28.211 2.98036 34.86 -0.53867 -0.717629 -0.034676 0.0231468 0.695177
28.315 2.91062 35.6964 -0.550032 -0.717817 -0.0345344 0.0229751 0.694996
28.4189 2.84314 36.5335 -0.557955 -0.718804 -0.0339626 0.0229986 0.694001
28.5229 2.77507 37.3737 -0.570778 -0.720375 -0.0336661 0.0229481 0.692388
28.6269 2.70698 38.2148 -0.587861 -0.722281 -0.0332223 0.0229266 0.690421
28.7308 2.63885 39.0492 -0.605565 -0.72364 -0.03336 0.0228779 0.688991
28.8348 2.57226 39.8817 -0.62465 -0.723435 -0.0331422 0.0229077 0.689216
28.9388 2.50481 40.7117 -0.646486 -0.72222 -0.0329974 0.0229468 0.690495
29.0428 2.43615 41.5384 -0.664017 -0.720614 -0.0330593 0.0226283 0.692178
29.1466 2.36307 42.3652 -0.680723 -0.719702 -0.0342796 0.0211232 0.693114
29.2507 2.29021 43.1914 -0.697748 -0.718973 -0.0355811 0.0201494 0.693834
29.3545 2.22368 44.0152 -0.709279 -0.718421 -0.0353462 0.020866 0.694397
29.4585 2.16091 44.8388 -0.720699 -0.717193 -0.0344452 0.0227033 0.695653
29.5625 2.09662 45.6612 -0.733196 -0.71639 -0.0331983 0.024492 0.696479
29.6664 2.02825 46.4833 -0.743445 -0.717494 -0.033509 0.0253313 0.695296
29.7704 1.95912 47.3074 -0.753415 -0.719791 -0.0335843 0.0264976 0.692872
29.8742 1.89049 48.1233 -0.764692 -0.721141 -0.0335488 0.0277989 0.691416
29.9781 1.82029 48.9331 -0.776721 -0.720705 -0.0338163 0.0287704 0.691818
30.0821 1.74069 49.7355 -0.787419 -0.71961 -0.0354941 0.0277847 0.692913
30.186 1.65937 50.5325 -0.798993 -0.718203 -0.0373467 0.0268151 0.694313
30.29 1.5753 51.3287 -0.812643 -0.717654 -0.0392517 0.0256817 0.694818
30.3939 1.49375 52.1228 -0.82195 -0.718128 -0.0404107 0.0251865 0.694281
30.4978 1.41681 52.9159 -0.83177 -0.718673 -0.0406125 0.0256518 0.693688
30.6017 1.33748 53.702 -0.841954 -0.718522 -0.0415675 0.0253367 0.693798
30.7056 1.25899 54.484 -0.849493 -0.718468 -0.0421505 0.0251567 0.693826
30.8097 1.1847 55.263 -0.860136 -0.719003 -0.0418572 0.0258321 0.693264
30.9135 1.11076 56.0381 -0.869673 -0.719888 -0.0415775 0.0263265 0.692343
31.0175 1.03264 56.8107 -0.882023 -0.721435 -0.0418345 0.0260285 0.690727
31.1214 0.956539 57.5746 -0.8957 -0.722288 -0.0420182 0.0261619 0.689819
31.2254 0.883063 58.3304 -0.910654 -0.722221 -0.0421249 0.0265742 0.689867
31.3293 0.810007 59.0776 -0.923455 -0.721588 -0.0420293 0.0270078 0.690517
31.4333 0.735968 59.8104 -0.93378 -0.720358 -0.0419267 0.0271985 0.6918
31.5371 0.662367 60.5366 -0.943218 -0.71944 -0.0419536 0.0271619 0.692754
31.6411 0.591948 61.2455 -0.950801 -0.718591 -0.0416564 0.026589 0.693675
31.7451 0.52376 61.9403 -0.956511 -0.718368 -0.0415461 0.025057 0.693969
31.8491 0.461718 62.6202 -0.960729 -0.718813 -0.040531 0.0233465 0.693629
31.9533 0.408841 63.2855 -0.965475 -0.719269 -0.0381226 0.0215966 0.693348
32.0573 0.362295 63.9355 -0.969673 -0.719939 -0.0352955 0.0193905 0.692868
32.1614 0.320188 64.5705 -0.974213 -0.720511 -0.0325529 0.0160092 0.692494
32.2655 0.285958 65.1899 -0.980183 -0.7212 -0.0290401 0.0110285 0.69203
32.3696 0.262767 65.7914 -0.988245 -0.721827 -0.0248945 0.0048957 0.691608
32.4739 0.255567 66.3756 -0.996652 -0.722307 -0.0188319 -0.00210155 0.691313
32.5781 0.26462 66.937 -1.00371 -0.722516 -0.0113847 -0.0100786 0.691187
32.6824 0.29417 67.4767 -1.00921 -0.722601 -0.00213875 -0.018797 0.691007
32.7868 0.34556 67.9905 -1.01381 -0.722082 0.00880162 -0.0281741 0.691177
32.8911 0.416481 68.4821 -1.01648 -0.721583 0.0213403 -0.0394884 0.690871
32.9955 0.504881 68.9541 -1.01982 -0.720808 0.0351099 -0.0522566 0.69027
33.0999 0.611089 69.4038 -1.02154 -0.719545 0.0497677 -0.0662531 0.689484
33.2044 0.741967 69.8485 -1.02393 -0.718283 0.0664994 -0.081621 0.68774
33.3088 0.895575 70.2705 -1.02434 -0.715936 0.0849283 -0.0976158 0.686072
33.4133 1.08074 70.6817 -1.02389 -0.712017 0.105832 -0.112843 0.684907
33.5176 1.28575 71.0686 -1.02589 -0.707314 0.126655 -0.129489 0.683299
33.6221 1.51356 71.4514 -1.03236 -0.702055 0.148124 -0.146861 0.680889
33.7265 1.75383 71.8142 -1.04029 -0.69739 0.167926 -0.166077 0.676659
33.8308 2.01365 72.1708 -1.04555 -0.692361 0.187337 -0.184135 0.672038
33.9351 2.29694 72.5074 -1.04918 -0.686702 0.208163 -0.199383 0.66735
34.0394 2.60177 72.8107 -1.05219 -0.680104 0.230373 -0.21304 0.662571
34.1437 2.90866 73.1086 -1.05221 -0.672411 0.249011 -0.230493 0.657822
34.2479 3.22082 73.3852 -1.05199 -0.663623 0.265474 -0.250393 0.653017
34.3521 3.55438 73.6593 -1.05608 -0.652487 0.281625 -0.271447 0.649049
34.4564 3.91127 73.9133 -1.05875 -0.641579 0.297924 -0.293129 0.643189
34.5606 4.30055 74.1659 -1.05786 -0.631651 0.315981 -0.313041 0.634963
34.6649 4.71851 74.4017 -1.05708 -0.621182 0.334381 -0.331818 0.626274
34.769 5.15583 74.6152 -1.05346 -0.610696 0.351104 -0.351231 0.616777
34.8732 5.62316 74.8256 -1.04484 -0.601551 0.367805 -0.367995 0.606165
34.9771 6.11025 75.0182 -1.03812 -0.593545 0.38126 -0.384404 0.595465
35.0812 6.6181 75.2056 -1.03584 -0.585141 0.392808 -0.399774 0.586082
35.185 7.15198 75.3799 -1.03028 -0.578318 0.403283 -0.412263 0.577018
35.2888 7.7061 75.5393 -1.02013 -0.572447 0.412988 -0.421266 0.569456
35.3925 8.28109 75.692 -1.01045 -0.567088 0.421097 -0.427775 0.564001
35.4962 8.8744 75.837 -1.00469 -0.56272 0.428078 -0.43339 0.55881
35.5999 9.48642 75.9807 -0.996633 -0.559841 0.433504 -0.438636 0.553399
35.7036 10.1122 76.1223 -0.988948 -0.557416 0.437092 -0.443926 0.548788
35.8073 10.7552 76.258 -0.981275 -0.555819 0.440296 -0.448478 0.544125
35.911 11.415 76.379 -0.97681 -0.552353 0.44443 -0.451795 0.541543
36.0148 12.0915 76.4929 -0.973449 -0.549133 0.448236 -0.455637 0.538454
36.1185 12.7842 76.602 -0.970597 -0.545961 0.452339 -0.459612 0.534858
36.2224 13.4941 76.7027 -0.965085 -0.543022 0.456088 -0.463739 0.53109
36.3261 14.2125 76.7966 -0.954648 -0.539466 0.458928 -0.467877 0.528633
36.4299 14.9454 76.8846 -0.94373 -0.536094 0.460477 -0.472436 0.526657
36.5338 15.6878 76.9646 -0.935227 -0.531494 0.461974 -0.476173 0.526644
36.6375 16.4468 77.0409 -0.926755 -0.529108 0.464015 -0.478528 0.525116
36.7413 17.2186 77.1187 -0.913311 -0.529454 0.467088 -0.479103 0.521506
36.8451 17.9936 77.1988 -0.897536 -0.531274 0.469441 -0.479478 0.517179
36.9489 18.7675 77.272 -0.885944 -0.53178 0.471654 -0.479526 0.514594
37.0526 19.534 77.3372 -0.87656 -0.53001 0.472581 -0.480424 0.514732
37.1564 20.3015 77.4024 -0.867371 -0.529051 0.473128 -0.481599 0.514118
37.2603 21.0725 77.4637 -0.859522 -0.528439 0.474789 -0.481454 0.513351
37.364 21.843 77.5211 -0.85142 -0.528101 0.476684 -0.480845 0.512513
37.4679 22.6143 77.5734 -0.840816 -0.527294 0.478665 -0.480495 0.511826
37.5717 23.3777 77.6221 -0.827911 -0.525771 0.478855 -0.481768 0.512018
37.6755 24.1383 77.6768 -0.819127 -0.524034 0.476738 -0.484939 0.51278
37.7794 24.8981 77.7342 -0.804672 -0.521903 0.475041 -0.487486 0.514111
37.8831 25.6548 77.7896 -0.790315 -0.520575 0.473946 -0.489203 0.514838
37.987 26.4219 77.8461 -0.773941 -0.521018 0.474474 -0.489677 0.51345
38.0909 27.1807 77.9088 -0.75085 -0.522058 0.475276 -0.490079 0.511265
38.1948 27.9392 77.969 -0.729373 -0.523781 0.476274 -0.490197 0.508451
38.2985 28.692 78.0201 -0.713706 -0.523175 0.477839 -0.489814 0.507976
38.4024 29.4407 78.0647 -0.696969 -0.522084 0.478857 -0.489387 0.50855
38.5063 30.1928 78.1097 -0.679877 -0.521559 0.479713 -0.488974 0.50868
38.6101 30.9457 78.1555 -0.664743 -0.520878 0.479614 -0.489713 0.508761
38.7139 31.7013 78.1981 -0.647677 -0.5197 0.479774 -0.489867 0.509665
38.8178 32.4641 78.2423 -0.630163 -0.519297 0.480496 -0.489489 0.509759
38.9216 33.2308 78.295 -0.614909 -0.519949 0.480075 -0.490347 0.508665
39.0255 34.0009 78.3462 -0.599053 -0.519684 0.479866 -0.490568 0.508921
39.1294 34.7769 78.3993 -0.578998 -0.520132 0.479367 -0.490162 0.509324
39.2333 35.5615 78.4497 -0.564155 -0.520184 0.479608 -0.488845 0.510309
39.337 36.3475 78.5072 -0.547364 -0.52103 0.478409 -0.488453 0.510947
39.4409 37.1435 78.5715 -0.528529 -0.522774 0.476698 -0.488588 0.510635
39.5448 37.9375 78.6362 -0.511017 -0.522755 0.474556 -0.489382 0.511888
39.6485 38.7352 78.7004 -0.494083 -0.522152 0.472623 -0.489949 0.513747
39.7524 39.546 78.7627 -0.48257 -0.522105 0.472187 -0.489396 0.51472
39.8563 40.3645 78.8286 -0.464618 -0.523159 0.471674 -0.488778 0.514708
39.9601 41.1947 78.8959 -0.446148 -0.523852 0.471641 -0.48769 0.515066
40.064 42.0306 78.9599 -0.433903 -0.524136 0.471919 -0.486413 0.515729
40.1679 42.8743 79.029 -0.420782 -0.525197 0.472719 -0.485055 0.515196
40.2719 43.7247 79.1003 -0.403992 -0.526442 0.473797 -0.483503 0.514393
40.3758 44.5789 79.1713 -0.388897 -0.527003 0.474641 -0.482893 0.513612
40.4798 45.4386 79.2467 -0.375658 -0.527309 0.474236 -0.484383 0.512268
40.5836 46.2992 79.3186 -0.363929 -0.526587 0.474402 -0.485181 0.512101
40.6875 47.163 79.3849 -0.349896 -0.525108 0.474829 -0.485579 0.512847
40.7915 48.0317 79.4453 -0.334438 -0.5233 0.475828 -0.485412 0.513926
40.8954 48.9021 79.5086 -0.320996 -0.522477 0.476681 -0.485557 0.513836
40.9993 49.7789 79.5738 -0.302792 -0.522375 0.478008 -0.484802 0.513421
41.1033 50.6563 79.6339 -0.28675 -0.522137 0.479694 -0.483452 0.513363
41.2071 51.5294 79.6974 -0.272043 -0.521763 0.48028 -0.483317 0.513322
41.3111 52.3966 79.7647 -0.257441 -0.521318 0.479466 -0.484673 0.513256
41.415 53.2548 79.8336 -0.24086 -0.520372 0.477457 -0.487035 0.513853
41.519 54.1135 79.9004 -0.2201 -0.519246 0.475909 -0.489099 0.514468
41.6229 54.9656 79.9696 -0.1923 -0.518571 0.473213 -0.492129 0.514744
41.7269 55.8191 80.0326 -0.164934 -0.518271 0.473097 -0.49278 0.514532
41.8308 56.6706 80.0927 -0.140807 -0.518597 0.475345 -0.490651 0.514166
41.9346 57.5269 80.1556 -0.116112 -0.521257 0.478117 -0.487665 0.51174
42.0387 58.3778 80.2224 -0.0923346 -0.524033 0.479776 -0.485394 0.509508
42.1426 59.2131 80.2809 -0.0751001 -0.522761 0.479155 -0.484672 0.512078
42.2465 60.0426 80.3387 -0.0591432 -0.521038 0.479294 -0.483378 0.51492
42.3504 60.8722 80.4031 -0.0400065 -0.521378 0.478509 -0.482789 0.515858
42.4544 61.6957 80.474 -0.0182673 -0.521651 0.476796 -0.483187 0.516794
42.5584 62.5136 80.5497 0.00374266 -0.522157 0.474559 -0.483597 0.517957
42.6623 63.3279 80.6209 0.0263229 -0.522373 0.472399 -0.48364 0.519671
42.7661 64.1363 80.696 0.0545281 -0.52235 0.470088 -0.484251 0.521218
42.8702 64.9451 80.7781 0.0838 -0.524553 0.468055 -0.484701 0.520417
42.974 65.7528 80.8597 0.109077 -0.526383 0.466709 -0.484173 0.520269
43.078 66.5593 80.9452 0.136047 -0.529398 0.466156 -0.482659 0.519111
43.182 67.3635 81.0341 0.157383 -0.532233 0.466668 -0.480078 0.518144
43.2859 68.16 81.1234 0.175582 -0.534013 0.466391 -0.477763 0.518703
43.3898 68.9488 81.2192 0.191356 -0.535557 0.464916 -0.475798 0.520239
43.4938 69.7395 81.3168 0.204217 -0.537227 0.464922 -0.472578 0.521444
43.5976 70.5203 81.4216 0.217481 -0.538793 0.463159 -0.470895 0.522919
43.7015 71.2919 81.5423 0.230556 -0.541138 0.460163 -0.470704 0.523314
43.8055 72.0594 81.6637 0.242631 -0.541995 0.457147 -0.470683 0.525086
43.9094 72.8219 81.7834 0.255072 -0.5425 0.454923 -0.469615 0.527447
44.0134 73.5847 81.9109 0.269177 -0.544023 0.452811 -0.468837 0.528387
44.1173 74.3434 82.0491 0.283652 -0.546332 0.452081 -0.467067 0.528197
44.2213 75.1012 82.1866 0.297589 -0.549045 0.45146 -0.46442 0.52825
44.3251 75.852 82.327 0.316046 -0.551063 0.450521 -0.46188 0.529176
44.4291 76.5947 82.4671 0.327379 -0.551411 0.448328 -0.460309 0.532038
44.533 77.3316 82.6142 0.338095 -0.550841 0.444657 -0.459386 0.536487
44.6369 78.0692 82.7656 0.354245 -0.551745 0.442163 -0.45688 0.53975
44.7408 78.8078 82.9303 0.375398 -0.555261 0.440036 -0.45307 0.541092
44.8446 79.5441 83.1012 0.386632 -0.55861 0.438415 -0.448341 0.542898
44.9485 80.281 83.2841 0.399493 -0.563599 0.436752 -0.443339 0.543189
45.0524 81.0106 83.4673 0.408391 -0.567415 0.434651 -0.439074 0.544365
45.1563 81.7257 83.6579 0.417823 -0.569655 0.429175 -0.437961 0.54726
45.2601 82.4307 83.8564 0.425895 -0.569743 0.42317 -0.437031 0.552561
45.364 83.1404 84.0574 0.427494 -0.570964 0.4187 -0.434319 0.556829
45.4679 83.8624 84.2658 0.428874 -0.574074 0.416738 -0.429048 0.559184
45.5718 84.5842 84.4928 0.43695 -0.578875 0.415198 -0.423771 0.559404
45.6756 85.303 84.7275 0.44244 -0.582948 0.413016 -0.418946 0.560422
45.7795 86.0117 84.9651 0.444697 -0.584426 0.409819 -0.414546 0.564488
45.8834 86.7156 85.2123 0.447748 -0.585368 0.405409 -0.411929 0.568596
45.9874 87.417 85.4688 0.455119 -0.585529 0.401825 -0.409971 0.572378
46.0913 88.118 85.7267 0.463307 -0.584632 0.398656 -0.408384 0.576629
46.1953 88.8208 85.9963 0.472599 -0.585707 0.395852 -0.406573 0.578746
46.2993 89.5211 86.2803 0.487271 -0.588394 0.391813 -0.405826 0.579293
46.4031 90.2155 86.5691 0.489633 -0.59094 0.389778 -0.402924 0.580099
46.507 90.9181 86.8604 0.483398 -0.593822 0.388978 -0.398678 0.580627
46.611 91.6219 87.1588 0.480414 -0.597006 0.388934 -0.3943 0.580381
46.7149 92.3185 87.4763 0.482502 -0.602129 0.386286 -0.393094 0.577668
46.8189 93.0035 87.8025 0.475623 -0.604702 0.381519 -0.394271 0.577346
46.9229 93.687 88.118 0.468056 -0.60327 0.377964 -0.39414 0.581259
47.0269 94.3758 88.4278 0.461975 -0.601058 0.37642 -0.392403 0.58571
47.1309 95.0682 88.749 0.46318 -0.601529 0.374593 -0.39168 0.586882
47.2348 95.7661 89.0845 0.466622 -0.604971 0.372814 -0.39064 0.585166
47.3386 96.4657 89.4164 0.473653 -0.607622 0.371656 -0.388364 0.584671
47.4427 97.1635 89.748 0.47889 -0.607962 0.370757 -0.38576 0.586609
47.5465 97.8498 90.085 0.484703 -0.607067 0.367762 -0.385729 0.589436
47.6505 98.5347 90.4267 0.48759 -0.605851 0.364727 -0.385617 0.592637
47.7544 99.2196 90.7749 0.495814 -0.606521 0.362321 -0.384807 0.593952
47.8584 99.9095 91.131 0.506482 -0.609135 0.361367 -0.383132 0.592941
47.9623 100.595 91.487 0.517229 -0.610719 0.36019 -0.381511 0.593073
48.0662 101.277 91.84 0.526198 -0.612045 0.358582 -0.380031 0.59363
48.17 101.954 92.1962 0.534938 -0.612648 0.357398 -0.378191 0.594895
48.274 102.627 92.5529 0.543459 -0.612856 0.35636 -0.376396 0.59644
48.3779 103.296 92.9148 0.551172 -0.613858 0.355269 -0.374636 0.597168
48.4819 103.96 93.2832 0.558967 -0.614909 0.35358 -0.373495 0.597804
48.5858 104.619 93.6505 0.565996 -0.61619 0.351972 -0.37215 0.598272
48.6897 105.267 94.0151 0.576757 -0.615623 0.349996 -0.37101 0.600719
48.7937 105.91 94.3821 0.588392 -0.614974 0.348066 -0.369966 0.603144
48.8975 106.547 94.7482 0.598078 -0.614732 0.346249 -0.36907 0.604982
49.0015 107.188 95.1234 0.605007 -0.616452 0.345629 -0.367258 0.60469
49.1054 107.823 95.4962 0.613444 -0.619751 0.346125 -0.364576 0.602653
49.2094 108.453 95.8645 0.621003 -0.622743 0.347724 -0.361104 0.600735
49.3133 109.068 96.2232 0.625131 -0.62438 0.348744 -0.358159 0.600208
49.4173 109.668 96.574 0.624599 -0.624179 0.348801 -0.356074 0.601623
49.5211 110.248 96.9208 0.626205 -0.623649 0.347076 -0.355635 0.603427
49.625 110.813 97.2634 0.627327 -0.623296 0.345748 -0.354979 0.604938
49.729 111.365 97.6008 0.627085 -0.623321 0.344935 -0.353945 0.605981
49.8329 111.902 97.9243 0.628327 -0.623195 0.344598 -0.35269 0.607034
49.9368 112.423 98.2418 0.632461 -0.624022 0.34406 -0.351676 0.607078
50.0408 112.925 98.5503 0.636065 -0.624819 0.34391 -0.350379 0.607092
50.1446 113.406 98.8435 0.636794 -0.625102 0.343754 -0.348935 0.60772
50.2485 113.866 99.1248 0.638411 -0.625165 0.343715 -0.347379 0.608569
50.3524 114.302 99.3968 0.640081 -0.625183 0.343134 -0.346625 0.609308
50.4563 114.717 99.6642 0.648192 -0.625026 0.341197 -0.347173 0.610244
50.5603 115.114 99.9188 0.65604 -0.624191 0.339605 -0.346995 0.612085
50.664 115.494 100.162 0.658629 -0.623737 0.338847 -0.345172 0.613996
50.7679 115.861 100.399 0.658588 -0.623817 0.338935 -0.342065 0.615603
50.8718 116.205 100.633 0.660794 -0.625209 0.337284 -0.339924 0.616283
50.9757 116.529 100.865 0.664724 -0.627518 0.334615 -0.338492 0.61618
51.0795 116.835 101.09 0.669467 -0.630524 0.331926 -0.337179 0.615284
51.1833 117.127 101.306 0.671392 -0.634193 0.330334 -0.334586 0.613784
51.2871 117.401 101.506 0.672278 -0.636791 0.328697 -0.331203 0.613808
51.3909 117.657 101.693 0.672146 -0.638069 0.327218 -0.326885 0.615583
51.4947 117.899 101.874 0.672996 -0.639592 0.324872 -0.322008 0.617811
51.5984 118.122 102.051 0.673639 -0.64182 0.321446 -0.31649 0.62014
51.7021 118.326 102.229 0.675323 -0.644723 0.316448 -0.311068 0.622439
51.8058 118.509 102.405 0.676643 -0.647947 0.309733 -0.305761 0.625093
51.9095 118.682 102.576 0.68191 -0.65069 0.302507 -0.299282 0.628906
52.0131 118.838 102.742 0.685851 -0.652522 0.29425 -0.293256 0.633745
52.1169 118.982 102.902 0.687004 -0.654028 0.286438 -0.28683 0.638693
52.2206 119.116 103.068 0.685597 -0.656251 0.277481 -0.281579 0.642692
52.3244 119.242 103.245 0.682754 -0.659557 0.267674 -0.277192 0.645368
52.4282 119.367 103.418 0.681989 -0.663161 0.258818 -0.270833 0.647982
52.5318 119.498 103.595 0.676932 -0.666381 0.251816 -0.261483 0.651269
52.6355 119.624 103.773 0.672655 -0.669753 0.24427 -0.251809 0.654489
52.7393 119.735 103.955 0.668027 -0.673882 0.235365 -0.242125 0.657162
52.8429 119.838 104.148 0.662419 -0.678819 0.224518 -0.233183 0.659107
52.9467 119.934 104.339 0.658038 -0.683551 0.21414 -0.223597 0.660989
53.0504 120.029 104.534 0.65587 -0.68784 0.203496 -0.213775 0.663148
53.154 120.114 104.733 0.6537 -0.691832 0.192371 -0.204461 0.66525
53.2578 120.185 104.931 0.65151 -0.696121 0.180746 -0.195471 0.666737
53.3616 120.257 105.136 0.650239 -0.700152 0.169318 -0.185526 0.668355
53.4653 120.328 105.344 0.651238 -0.703033 0.158246 -0.17406 0.671123
53.569 120.389 105.558 0.651294 -0.704932 0.145949 -0.162214 0.674876
53.6728 120.452 105.802 0.646722 -0.706254 0.132867 -0.149695 0.679075
53.7764 120.5 106.057 0.64048 -0.708311 0.118591 -0.135568 0.682534
53.88 120.554 106.341 0.632082 -0.710745 0.103681 -0.120439 0.685264
53.9837 120.599 106.641 0.625165 -0.712715 0.0881155 -0.104733 0.687971
54.0874 120.621 106.946 0.615136 -0.714036 0.0716409 -0.0876898 0.690891
54.191 120.64 107.28 0.604701 -0.715339 0.054431 -0.0700498 0.693124
54.2948 120.643 107.63 0.593768 -0.716775 0.0368909 -0.0522453 0.694366
54.3984 120.616 107.973 0.585177 -0.718328 0.0189956 -0.0337845 0.694624
54.5021 120.591 108.347 0.578058 -0.719809 0.00132764 -0.0139144 0.694031
54.6059 120.531 108.711 0.572441 -0.720665 -0.0163082 0.00626069 0.693064
54.7097 120.465 109.103 0.565109 -0.720829 -0.0339571 0.0264863 0.691774
54.8134 120.376 109.504 0.557173 -0.720446 -0.0517182 0.0462586 0.690031
54.9171 120.253 109.894 0.549816 -0.719522 -0.0694803 0.0652883 0.687894
55.021 120.121 110.311 0.538502 -0.718004 -0.0863358 0.084133 0.68552
55.1248 119.969 110.736 0.527119 -0.715999 -0.102353 0.103386 0.682774
55.2287 119.776 111.16 0.514543 -0.713515 -0.118028 0.122246 0.679721
55.3325 119.569 111.604 0.500303 -0.710784 -0.133158 0.140401 0.676271
55.4364 119.325 112.042 0.486064 -0.707681 -0.148009 0.157595 0.67264
55.5404 119.062 112.497 0.470144 -0.704264 -0.162313 0.173475 0.669009
55.6444 118.769 112.96 0.451811 -0.700918 -0.175569 0.187167 0.665476
55.7486 118.447 113.422 0.433277 -0.697654 -0.187255 0.198623 0.662392
55.8528 118.107 113.899 0.414091 -0.694584 -0.19721 0.207481 0.660009
55.9571 117.749 114.379 0.400553 -0.691714 -0.205158 0.214539 0.658343
56.0613 117.376 114.876 0.384654 -0.689811 -0.211489 0.219851 0.656582
56.1657 116.989 115.384 0.368547 -0.688542 -0.216048 0.224754 0.654766
56.2699 116.588 115.907 0.35118 -0.687491 -0.21993 0.229148 0.653053
56.3742 116.171 116.439 0.33342 -0.686775 -0.223035 0.232787 0.651464
56.4784 115.737 116.978 0.314504 -0.68597 -0.226052 0.23519 0.650408
56.5827 115.292 117.527 0.293981 -0.685164 -0.228686 0.237379 0.649542
56.6869 114.835 118.086 0.273294 -0.684603 -0.23056 0.239386 0.648733
56.7911 114.366 118.66 0.251332 -0.684294 -0.231748 0.241086 0.648006
56.8951 113.887 119.24 0.228354 -0.684227 -0.232477 0.242469 0.647299
56.9995 113.395 119.835 0.204377 -0.684132 -0.232833 0.243077 0.647044
57.1035 112.893 120.439 0.181612 -0.683858 -0.233007 0.243573 0.647085
57.2076 112.381 121.057 0.157509 -0.68347 -0.233148 0.244133 0.647232
57.3118 111.858 121.687 0.132212 -0.683094 -0.233059 0.244766 0.647422
57.4159 111.322 122.328 0.105071 -0.683222 -0.233454 0.245086 0.647023
57.52 110.773 122.97 0.0753563 -0.683676 -0.234573 0.244792 0.646251
57.6241 110.214 123.626 0.0473664 -0.684111 -0.235747 0.244692 0.6454
57.7281 109.65 124.285 0.0186765 -0.684012 -0.236215 0.245203 0.64514
57.8323 109.08 124.956 -0.0111099 -0.683228 -0.236108 0.246206 0.645627
57.9363 108.501 125.637 -0.0422184 -0.682729 -0.23599 0.247073 0.645867
58.0403 107.914 126.332 -0.0713343 -0.682641 -0.235626 0.248305 0.645621
58.1443 107.318 127.037 -0.0992912 -0.682765 -0.235161 0.249528 0.645187
58.2483 106.713 127.745 -0.125042 -0.681749 -0.235434 0.25031 0.645859
58.3523 106.101 128.462 -0.148435 -0.68023 -0.235468 0.251228 0.64709
58.4562 105.482 129.186 -0.166941 -0.678558 -0.235835 0.251606 0.648565
58.5602 104.852 129.919 -0.183594 -0.678034 -0.236601 0.250727 0.649172
58.6642 104.215 130.662 -0.1979 -0.678393 -0.237234 0.25 0.648847
58.7682 103.574 131.413 -0.21447 -0.679269 -0.23789 0.249396 0.647923
58.872 102.939 132.165 -0.231887 -0.680235 -0.237891 0.249465 0.646882
58.976 102.303 132.923 -0.251366 -0.681039 -0.237699 0.249777 0.645985
59.0799 101.668 133.68 -0.270299 -0.681415 -0.23766 0.249919 0.645548
59.1839 101.03 134.436 -0.29001 -0.6816 -0.23756 0.250031 0.645346
59.2878 100.39 135.189 -0.31065 -0.681448 -0.238178 0.249567 0.645459
59.3918 99.7511 135.947 -0.329843 -0.681782 -0.238342 0.249397 0.64511
59.4958 99.1085 136.71 -0.347864 -0.682186 -0.238724 0.249127 0.644646
59.5996 98.4694 137.469 -0.368016 -0.68255 -0.238825 0.249122 0.644225
59.7036 97.8279 138.227 -0.389982 -0.682468 -0.238985 0.249391 0.644149
59.8079 97.1827 138.99 -0.414807 -0.68214 -0.238763 0.250056 0.644321
59.9113 96.5461 139.748 -0.434391 -0.681911 -0.23885 0.250665 0.644294
60.0153 95.9042 140.511 -0.452956 -0.681938 -0.238999 0.251088 0.644046
60.1191 95.2626 141.266 -0.47261 -0.681685 -0.239512 0.251266 0.644054
60.223 94.6204 142.021 -0.491274 -0.6813 -0.2399 0.251358 0.64428
60.3269 93.9789 142.77 -0.511181 -0.680818 -0.240217 0.251444 0.644638
60.4308 93.337 143.529 -0.527413 -0.680669 -0.24043 0.251147 0.644831
60.535 92.6907 144.286 -0.544563 -0.680524 -0.241532 0.249922 0.64505
60.6387 92.0489 145.041 -0.561296 -0.680553 -0.241678 0.249058 0.645298
60.7425 91.4105 145.794 -0.577964 -0.680128 -0.2414 0.248457 0.646081
60.8464 90.774 146.548 -0.593759 -0.67955 -0.241184 0.247441 0.647159
60.9504 90.1393 147.307 -0.608649 -0.67978 -0.240237 0.247122 0.647392
61.0546 89.5032 148.07 -0.625037 -0.680826 -0.239651 0.246832 0.64662
61.1582 88.8715 148.833 -0.64681 -0.683004 -0.23883 0.246636 0.644698
61.2625 88.237 149.6 -0.671683 -0.685642 -0.238348 0.246368 0.642174
61.3659 87.6068 150.359 -0.696756 -0.686643 -0.238318 0.245941 0.64128
61.4698 86.9781 151.113 -0.725626 -0.685115 -0.237571 0.246535 0.64296
61.5736 86.3499 151.867 -0.753953 -0.683505 -0.237051 0.247078 0.644656
61.6774 85.7189 152.622 -0.780696 -0.683446 -0.23681 0.247183 0.644767
61.7812 85.0854 153.379 -0.803951 -0.684391 -0.237513 0.246574 0.643738
61.8851 84.4568 154.132 -0.828824 -0.685127 -0.23753 0.246676 0.642908
61.9888 83.8322 154.882 -0.853667 -0.684593 -0.237145 0.247516 0.643297
62.0927 83.2061 155.629 -0.879699 -0.683939 -0.237056 0.248199 0.643762
62.1964 82.5791 156.374 -0.905654 -0.684087 -0.237645 0.248144 0.643409
62.3002 81.9515 157.119 -0.932452 -0.685398 -0.238167 0.248029 0.641863
62.4041 81.3267 157.861 -0.961836 -0.686587 -0.238743 0.247962 0.640402
62.5078 80.7035 158.603 -0.992066 -0.686703 -0.238539 0.248645 0.640089
62.6115 80.0838 159.336 -1.02207 -0.686285 -0.238301 0.249442 0.640316
62.7153 79.4645 160.059 -1.0499 -0.685633 -0.238068 0.250067 0.640857
62.8192 78.8443 160.78 -1.0775 -0.685016 -0.238585 0.249534 0.641532
62.9229 78.2249 161.5 -1.1027 -0.684733 -0.23901 0.248379 0.642123
63.0269 77.6086 162.221 -1.12846 -0.684482 -0.23917 0.24776 0.642571
63.1306 76.9941 162.94 -1.1543 -0.684446 -0.239488 0.246904 0.64282
63.2344 76.3822 163.658 -1.17984 -0.684429 -0.239772 0.246093 0.643043
63.3383 75.7743 164.377 -1.20595 -0.684777 -0.239358 0.246015 0.642856
63.4421 75.1702 165.093 -1.23144 -0.684298 -0.239265 0.245777 0.643492
63.5459 74.5664 165.808 -1.25702 -0.683902 -0.23914 0.245374 0.644113
63.6498 73.9671 166.525 -1.28206 -0.684092 -0.238619 0.245558 0.644035
63.7537 73.3721 167.242 -1.30658 -0.684937 -0.237542 0.246085 0.643333
63.8575 72.7784 167.955 -1.33011 -0.685367 -0.237231 0.246221 0.642938
63.9613 72.1911 168.668 -1.35105 -0.684535 -0.236751 0.246429 0.64392
64.0652 71.6127 169.381 -1.37343 -0.683497 -0.235642 0.247274 0.645105
64.1691 71.0356 170.084 -1.39673 -0.68308 -0.2347 0.247562 0.645779
64.2728 70.468 170.783 -1.40573 -0.683115 -0.235669 0.246041 0.64597
64.3767 69.9057 171.472 -1.41617 -0.683497 -0.236025 0.245538 0.645628
64.4805 69.3526 172.159 -1.42557 -0.683465 -0.236121 0.245592 0.645606
64.5843 68.8075 172.83 -1.43689 -0.683211 -0.236056 0.24579 0.645823
64.6882 68.27 173.494 -1.44836 -0.683214 -0.235858 0.245956 0.645829
64.7922 67.7392 174.145 -1.46008 -0.683115 -0.236043 0.245852 0.645906
64.8959 67.216 174.786 -1.47042 -0.683111 -0.236384 0.245452 0.645938
64.9997 66.6982 175.419 -1.48274 -0.683059 -0.236506 0.24549 0.645933
65.1036 66.1883 176.045 -1.49625 -0.683281 -0.236572 0.245641 0.645617
65.2073 65.6842 176.664 -1.51043 -0.683951 -0.23683 0.245524 0.644857
65.3112 65.1854 177.275 -1.52513 -0.684694 -0.237003 0.245475 0.644023
65.4152 64.6893 177.868 -1.53802 -0.68541 -0.236859 0.245625 0.643257
65.5189 64.1974 178.445 -1.55033 -0.685914 -0.236653 0.246054 0.642631
65.623 63.7122 179.008 -1.56193 -0.686345 -0.236164 0.246715 0.642098
65.7265 63.2407 179.561 -1.5754 -0.686422 -0.235937 0.247274 0.641884
65.8311 62.7652 180.1 -1.58648 -0.686377 -0.23646 0.247393 0.641693
65.9343 62.3114 180.625 -1.60012 -0.68642 -0.23626 0.24833 0.641359
66.0382 61.8606 181.142 -1.61195 -0.685876 -0.236351 0.249905 0.641295
66.1421 61.4196 181.649 -1.62386 -0.685268 -0.236777 0.25246 0.640787
66.2459 60.98 182.142 -1.63524 -0.684547 -0.237947 0.255725 0.639829
66.3497 60.5453 182.622 -1.64854 -0.683505 -0.240304 0.26005 0.638318
66.4534 60.1103 183.089 -1.66224 -0.682466 -0.243431 0.264677 0.63634
66.5572 59.6725 183.537 -1.67361 -0.68101 -0.247345 0.269747 0.634257
66.661 59.2357 183.975 -1.68544 -0.679313 -0.251999 0.27594 0.631575
66.7645 58.8012 184.404 -1.69875 -0.677102 -0.257112 0.283841 0.628379
66.8683 58.3607 184.812 -1.7137 -0.674404 -0.263237 0.292536 0.624747
66.9719 57.912 185.198 -1.73258 -0.671005 -0.271488 0.301365 0.620666
67.0756 57.4583 185.549 -1.74951 -0.666849 -0.281654 0.310004 0.616345
67.1792 57.0003 185.88 -1.7679 -0.662108 -0.292846 0.318797 0.611737
67.2829 56.5376 186.187 -1.78499 -0.656625 -0.304927 0.328344 0.606674
67.3865 56.0661 186.455 -1.80753 -0.650548 -0.317546 0.339079 0.600813
67.4902 55.5968 186.715 -1.82665 -0.644268 -0.330454 0.351662 0.593341
67.5939 55.1256 186.945 -1.84288 -0.635823 -0.345723 0.364174 0.586159
67.6974 54.6476 187.121 -1.85641 -0.625669 -0.361855 0.376509 0.579517
67.8012 54.1708 187.283 -1.87022 -0.614086 -0.378729 0.38746 0.573879
67.9049 53.6942 187.423 -1.88329 -0.602691 -0.394406 0.39914 0.567358
68.0086 53.2131 187.526 -1.88742 -0.590653 -0.409586 0.411897 0.560097
68.1123 52.7371 187.631 -1.89336 -0.579313 -0.423727 0.42597 0.550819
68.2161 52.2528 187.691 -1.90032 -0.568318 -0.438007 0.439771 0.540153
68.3198 51.7723 187.749 -1.90134 -0.557546 -0.45199 0.45315 0.528681
68.4236 51.291 187.772 -1.90078 -0.545259 -0.468148 0.464018 0.517898
68.5274 50.8034 187.741 -1.90161 -0.532218 -0.485405 0.473263 0.507098
68.6312 50.3304 187.717 -1.90391 0.520065 0.50032 -0.484317 -0.494621
68.7349 49.8672 187.683 -1.90958 0.507873 0.512026 -0.4986 -0.480928
68.8388 49.4038 187.605 -1.91388 0.49638 0.522063 -0.51368 -0.466036
68.9425 48.9547 187.52 -1.91607 0.483297 0.532692 -0.527261 -0.452391
69.0464 48.5087 187.386 -1.91604 0.469789 0.54369 -0.539547 -0.438849
69.1503 48.0832 187.245 -1.9195 0.455282 0.554492 -0.551141 -0.426029
69.254 47.6676 187.092 -1.92192 0.441117 0.56438 -0.563093 -0.412089
69.3579 47.2498 186.905 -1.92513 -0.427827 -0.573841 0.575067 0.396193
69.4618 46.8409 186.714 -1.92272 -0.414753 -0.582311 0.585737 0.381844
69.5658 46.4306 186.478 -1.91755 -0.40069 -0.592478 0.593147 0.369585
69.6698 46.025 186.243 -1.91064 0.388248 0.602281 -0.599361 -0.356774
69.7738 45.6206 186 -1.90686 0.378259 0.60991 -0.60567 -0.343646
69.878 45.2175 185.744 -1.90489 0.369748 0.615911 -0.611644 -0.331409
69.9822 44.8249 185.476 -1.90348 0.360703 0.621284 -0.616699 -0.321842
70.0864 44.4335 185.19 -1.90399 0.352358 0.626258 -0.620558 -0.313929
70.1907 44.0442 184.898 -1.90618 0.344954 0.629881 -0.624093 -0.307838
70.2951 43.6515 184.597 -1.90834 0.339137 0.632676 -0.626955 -0.302713
70.3993 43.2571 184.287 -1.90881 0.334253 0.634967 -0.62913 -0.29881
70.5037 42.859 183.969 -1.90916 0.32994 0.636729 -0.630862 -0.29619
70.608 42.4563 183.643 -1.91109 0.326049 0.637869 -0.632519 -0.294509
70.7124 42.0461 183.313 -1.91491 0.323683 0.638303 -0.634372 -0.292183
70.8167 41.6286 182.973 -1.92129 0.322251 0.63879 -0.63564 -0.289936
70.9209 41.2043 182.625 -1.92857 0.321992 0.638612 -0.637108 -0.287385
71.0253 40.7774 182.261 -1.93349 0.319911 0.639353 -0.637491 -0.287211
71.1295 40.3447 181.887 -1.93648 0.317512 0.639873 -0.637821 -0.287981
71.2338 39.8949 181.501 -1.94476 0.315914 0.640679 -0.637517 -0.288619
71.338 39.4324 181.117 -1.95283 0.316477 0.640741 -0.6377 -0.287457
71.4422 38.9518 180.727 -1.95428 0.318211 0.639926 -0.638436 -0.285721
71.5464 38.4615 180.327 -1.95101 0.31877 0.639581 -0.63847 -0.285793
71.6505 37.9651 179.912 -1.94847 -0.316967 -0.638953 0.638972 0.288071
71.7546 37.4591 179.493 -1.95089 -0.315749 -0.636781 0.641029 0.289645
71.8588 36.9374 179.064 -1.95048 -0.314873 -0.635297 0.642323 0.290988
71.9628 36.3942 178.624 -1.94689 -0.315968 -0.634745 0.642628 0.290332
72.0669 35.8492 178.162 -1.94215 -0.315913 -0.63574 0.641566 0.290562
72.171 35.2962 177.684 -1.93763 -0.314459 -0.637431 0.639864 0.292183
72.275 34.7269 177.2 -1.92967 -0.3133 -0.638603 0.638842 0.293106
72.379 34.1427 176.711 -1.92319 0.313139 0.639117 -0.638472 -0.292962
72.4832 33.5389 176.208 -1.92256 0.313546 0.6402 -0.63735 -0.292604
72.5872 32.9221 175.695 -1.92374 0.314692 0.641302 -0.63602 -0.291854
72.6912 32.2967 175.172 -1.92218 0.314081 0.642438 -0.634959 -0.292323
72.7952 31.665 174.639 -1.92144 0.312466 0.642419 -0.635186 -0.293603
72.8992 31.022 174.105 -1.9271 0.312094 0.641125 -0.636632 -0.293692
73.0032 30.3633 173.559 -1.93301 0.312664 0.641003 -0.637046 -0.292454
73.1072 29.696 173.002 -1.93837 0.31422 0.64257 -0.635341 -0.291051
73.2112 29.0236 172.438 -1.94584 0.315722 0.642819 -0.635031 -0.28955
73.3152 28.3468 171.867 -1.95141 0.315932 0.642613 -0.635399 -0.28897
73.4192 27.6606 171.288 -1.95628 0.316345 0.640994 -0.637103 -0.288361
73.5231 26.9633 170.709 -1.95869 -0.316851 -0.638956 0.639218 0.287646
73.627 26.2593 170.123 -1.95106 -0.316763 -0.638042 0.640059 0.287902
73.731 25.5462 169.531 -1.94328 -0.316706 -0.637692 0.640058 0.288742
73.8351 24.8236 168.934 -1.93667 -0.317098 -0.638603 0.638881 0.288904
73.9389 24.0978 168.337 -1.92961 0.317522 0.639669 -0.637584 -0.288947
74.0429 23.3687 167.743 -1.92189 0.318705 0.640185 -0.636706 -0.288437
74.1468 22.6392 167.159 -1.91434 0.320715 0.639748 -0.636888 -0.286772
74.2508 21.9087 166.581 -1.90878 0.323428 0.638708 -0.637568 -0.284522
74.3547 21.1796 166 -1.90807 0.325225 0.639055 -0.636951 -0.283074
74.4587 20.4484 165.413 -1.91419 0.327303 0.640259 -0.635465 -0.281291
74.5625 19.7147 164.835 -1.92383 0.329373 0.641631 -0.633883 -0.279313
74.6664 18.9925 164.257 -1.93408 0.330009 0.640823 -0.634494 -0.27903
74.7704 18.2802 163.678 -1.94035 0.328499 0.638569 -0.636606 -0.281162
74.8743 17.5739 163.105 -1.94164 -0.327554 -0.635439 0.63937 0.283074
74.9785 16.8568 162.525 -1.94275 -0.327443 -0.634014 0.640492 0.283861
75.082 16.1439 161.951 -1.93928 -0.328281 -0.634747 0.639378 0.283766
75.1859 15.4291 161.377 -1.93652 -0.329169 -0.635362 0.638454 0.283443
75.2908 14.7121 160.803 -1.93571 -0.329733 -0.635664 0.637855 0.283458
75.3937 14.0138 160.242 -1.93658 -0.329893 -0.635774 0.636806 0.285377
75.4977 13.3035 159.682 -1.93605 0.330841 0.635385 -0.635237 -0.288625
75.6017 12.591 159.134 -1.93503 0.333162 0.634497 -0.633334 -0.292069
75.7057 11.8759 158.603 -1.93907 0.336885 0.632443 -0.631768 -0.295622
75.8097 11.1536 158.088 -1.94555 0.342101 0.630073 -0.629442 -0.299629
75.9138 10.4231 157.593 -1.95216 0.349251 0.627317 -0.626341 -0.303635
76.0179 9.68599 157.108 -1.9581 0.356905 0.624828 -0.622038 -0.30867
76.122 8.94091 156.652 -1.968 0.365332 0.620586 -0.618027 -0.315354
76.2262 8.18748 156.214 -1.98136 0.375306 0.615062 -0.613767 -0.322699
76.3305 7.41973 155.811 -2.00267 0.386029 0.609176 -0.60845 -0.331172
76.4347 6.64052 155.434 -2.02077 0.397111 0.602963 -0.602547 -0.340111
76.5389 5.85425 155.074 -2.03955 -0.407269 -0.596059 0.597199 0.349569
76.643 5.06672 154.755 -2.05596 -0.416228 -0.586973 0.593715 0.360166
76.7473 4.27582 154.451 -2.07072 -0.424387 -0.577061 0.59054 0.371697
76.8514 3.47526 154.18 -2.07678 -0.431683 -0.569327 0.584975 0.383824
76.9556 2.66028 153.919 -2.08145 -0.439483 -0.563606 0.57747 0.394629
77.0596 1.83608 153.691 -2.08108 -0.447198 -0.557987 0.570806 0.40354
77.1636 1.0043 153.486 -2.08267 -0.454511 -0.551913 0.565724 0.410813
77.2675 0.164283 153.295 -2.08896 -0.461064 -0.545449 0.562458 0.416588
77.3713 -0.68492 153.117 -2.09466 -0.466483 -0.541462 0.557864 0.421901
77.4752 -1.55102 152.946 -2.09919 -0.472185 -0.539587 0.551064 0.426867
77.5791 -2.42235 152.794 -2.10806 -0.477944 -0.536182 0.545981 0.431258
77.6829 -3.30185 152.659 -2.12098 -0.482687 -0.531925 0.54203 0.436202
77.7867 -4.18441 152.535 -2.12999 -0.485828 -0.527255 0.53908 0.442003
77.8906 -5.08177 152.422 -2.14523 -0.489578 -0.522501 0.537131 0.445865
77.9949 -6.00344 152.324 -2.16454 -0.494354 -0.51908 0.535511 0.446541
78.0981 -6.93267 152.23 -2.18452 -0.500093 -0.518759 0.532349 0.444297
78.2019 -7.87566 152.134 -2.20803 -0.504 -0.519445 0.529887 0.44202
78.3054 -8.81843 152.035 -2.23657 -0.504437 -0.519335 0.52926 0.442402
78.4092 -9.76727 151.931 -2.26438 -0.503211 -0.51903 0.529159 0.444271
78.5128 -10.7234 151.822 -2.2905 -0.501191 -0.519112 0.528822 0.446853
78.6166 -11.6965 151.705 -2.31481 -0.498483 -0.520426 0.527533 0.449867
78.7205 -12.686 151.591 -2.34025 -0.497246 -0.521806 0.526247 0.451142
78.824 -13.6844 151.48 -2.36623 -0.496967 -0.52309 0.525356 0.451
78.9278 -14.6894 151.368 -2.39074 -0.496632 -0.524379 0.524484 0.450888
79.0317 -15.7097 151.254 -2.4193 0.496282 0.524786 -0.524672 -0.450581
79.1354 -16.73 151.139 -2.44625 0.495253 0.525439 -0.524733 -0.450881
79.2392 -17.7606 151.018 -2.47175 0.494059 0.525608 -0.525055 -0.451619
79.3431 -18.7945 150.899 -2.49535 0.492907 0.525802 -0.525312 -0.452352
79.4468 -19.8363 150.779 -2.51621 0.491876 0.526317 -0.524783 -0.453488
79.5507 -20.8846 150.658 -2.53108 0.491618 0.526717 -0.523818 -0.454419
79.6545 -21.9352 150.542 -2.54692 0.491808 0.526899 -0.522911 -0.455045
79.7584 -22.9878 150.429 -2.56291 0.492191 0.52678 -0.522341 -0.455424
79.8625 -24.0396 150.317 -2.58052 0.492517 0.5268 -0.521627 -0.455867
79.966 -25.0939 150.21 -2.60225 0.493121 0.526768 -0.521064 -0.455894
80.0697 -26.1481 150.101 -2.62484 0.493865 0.527349 -0.52006 -0.455563
80.1734 -27.1987 149.995 -2.65207 0.494274 0.527793 -0.519221 -0.455562
80.2772 -28.2432 149.891 -2.67734 0.494086 0.527465 -0.519023 -0.456371
80.3811 -29.2848 149.79 -2.70372 0.493653 0.526785 -0.519349 -0.457254
80.4848 -30.3262 149.688 -2.72749 0.49334 0.52643 -0.519386 -0.457959
80.5885 -31.3652 149.588 -2.74937 0.493524 0.526327 -0.519007 -0.458307
80.6926 -32.4061 149.489 -2.77205 0.493979 0.526399 -0.518139 -0.458717
80.797 -33.4488 149.393 -2.79829 0.494655 0.526355 -0.516918 -0.459415
80.9002 -34.4724 149.3 -2.82291 0.495345 0.526136 -0.515768 -0.460215
81.0039 -35.5003 149.212 -2.84779 0.495607 0.52525 -0.515268 -0.461503
81.1077 -36.5257 149.125 -2.87215 0.496022 0.524671 -0.51441 -0.462671
81.2116 -37.5499 149.039 -2.8933 0.496833 0.524408 -0.513197 -0.463446
81.3153 -38.5706 148.957 -2.9149 0.4979 0.524272 -0.512028 -0.463748
81.4192 -39.5889 148.881 -2.93685 0.499101 0.523807 -0.511126 -0.463978
81.5229 -40.6027 148.81 -2.95889 0.499926 0.523118 -0.51069 -0.464347
81.6268 -41.6118 148.735 -2.98085 0.500331 0.522512 -0.510219 -0.46511
81.731 -42.6214 148.664 -3.0029 0.500804 0.521507 -0.510316 -0.465621
81.8345 -43.6216 148.593 -3.02728 0.501002 0.521366 -0.509768 -0.466166
81.9384 -44.6255 148.518 -3.05498 0.501145 0.52157 -0.508962 -0.466665
82.0421 -45.6222 148.444 -3.0791 0.500879 0.521323 -0.508853 -0.467345
82.1459 -46.6139 148.369 -3.10206 0.499927 0.520252 -0.509683 -0.468651
82.2499 -47.6026 148.296 -3.12221 0.498914 0.51958 -0.510274 -0.469831
82.3537 -48.5908 148.226 -3.14281 0.498812 0.519475 -0.510563 -0.469743
82.4574 -49.5761 148.156 -3.15972 0.498899 0.519392 -0.51089 -0.469385
82.5613 -50.5584 148.085 -3.1753 0.49949 0.519526 -0.5111 -0.468379
82.6653 -51.5384 148.014 -3.1894 0.500103 0.519523 -0.511506 -0.467284
82.7691 -52.5118 147.942 -3.20579 0.500268 0.519782 -0.511716 -0.46659
82.8728 -53.4797 147.87 -3.21971 0.500349 0.519995 -0.511925 -0.466035
82.9767 -54.4485 147.798 -3.2319 0.499966 0.52061 -0.511806 -0.46589
83.0807 -55.4135 147.724 -3.24353 0.499446 0.520572 -0.512246 -0.466007
83.1845 -56.3728 147.653 -3.25727 0.499229 0.520159 -0.513493 -0.465328
83.2882 -57.3302 147.58 -3.27031 0.49858 0.520284 -0.514783 -0.464459
83.3921 -58.2811 147.5 -3.2824 0.497378 0.5211 -0.515352 -0.464201
83.4958 -59.2294 147.421 -3.29139 0.496407 0.52138 -0.516222 -0.463958
83.5997 -60.1716 147.342 -3.301 0.495807 0.521634 -0.51695 -0.463504
83.7036 -61.108 147.26 -3.31093 0.495385 0.522139 -0.516962 -0.463374
83.8074 -62.0374 147.178 -3.31745 0.495406 0.52322 -0.516079 -0.463116
83.9114 -62.9565 147.099 -3.32462 0.495819 0.523787 -0.515239 -0.462968
84.0158 -63.8691 147.022 -3.33251 0.496276 0.523904 -0.514652 -0.463
84.1195 -64.7616 146.946 -3.34145 0.496328 0.524004 -0.513936 -0.463626
84.2234 -65.6419 146.874 -3.35095 0.496488 0.52376 -0.513183 -0.464562
84.3274 -66.5073 146.805 -3.36279 0.497278 0.523215 -0.511973 -0.465665
84.4314 -67.3578 146.741 -3.37614 0.498851 0.52193 -0.510587 -0.466946
84.5356 -68.189 146.684 -3.38786 0.500825 0.520096 -0.509001 -0.468606
84.6396 -68.9992 146.637 -3.40087 0.503408 0.517821 -0.507447 -0.470042
84.7436 -69.7868 146.602 -3.40996 0.506379 0.515722 -0.505701 -0.47104
84.8476 -70.5509 146.575 -3.41601 0.509287 0.513016 -0.504536 -0.472107
84.9516 -71.2894 146.551 -3.42136 0.511798 0.510917 -0.502926 -0.473384
85.0555 -72.0034 146.53 -3.42628 0.514179 0.508882 -0.501273 -0.474748
85.1595 -72.6894 146.515 -3.43094 0.516101 0.506924 -0.499812 -0.476294
85.2635 -73.3485 146.506 -3.43651 0.517942 0.504924 -0.498653 -0.477632
85.3675 -73.9819 146.499 -3.44318 0.519561 0.503132 -0.497474 -0.478992
85.4715 -74.5886 146.496 -3.45119 0.521069 0.501355 -0.496533 -0.480193
85.5753 -75.1677 146.5 -3.45467 0.522612 0.499445 -0.496021 -0.481035
85.6793 -75.7243 146.509 -3.45826 0.524524 0.49822 -0.494926 -0.481352
85.7833 -76.2492 146.52 -3.46068 0.526141 0.497554 -0.493526 -0.481714
85.8873 -76.745 146.531 -3.46495 0.527512 0.496606 -0.492559 -0.482182
85.9912 -77.2084 146.546 -3.46909 0.528526 0.495874 -0.491726 -0.482674
86.0953 -77.6445 146.562 -3.47498 0.529658 0.495033 -0.491286 -0.482744
86.1991 -78.0456 146.583 -3.4811 0.53082 0.494112 -0.491205 -0.482495
86.3031 -78.4153 146.598 -3.48774 0.531565 0.493669 -0.491014 -0.482323
86.4071 -78.7529 146.615 -3.48984 0.531858 0.493924 -0.490586 -0.482174
86.5129 -79.0606 146.627 -3.49233 0.531619 0.494414 -0.490328 -0.482197
86.6148 -79.3269 146.636 -3.49339 0.530876 0.494911 -0.4904 -0.482433
86.7188 -79.5719 146.644 -3.49677 0.529879 0.495637 -0.490573 -0.482608
86.8241 -79.7972 146.65 -3.50178 0.528714 0.496503 -0.490982 -0.48258
86.9268 -79.9988 146.657 -3.5074 0.527543 0.497092 -0.491672 -0.482552
87.0316 -80.1958 146.661 -3.51341 0.526109 0.497232 -0.493007 -0.482612
87.1347 -80.3847 146.664 -3.52379 0.525147 0.497179 -0.494245 -0.482447
87.2385 -80.5699 146.663 -3.53197 0.524754 0.497474 -0.495067 -0.481728
87.3425 -80.7462 146.656 -3.54443 0.524221 0.49851 -0.495175 -0.481126
87.4465 -80.9115 146.645 -3.5533 0.523251 0.499715 -0.495205 -0.480901
87.5503 -81.0616 146.632 -3.56208 0.521969 0.500696 -0.495626 -0.480839
87.6543 -81.2022 146.626 -3.56836 0.520994 0.501249 -0.496907 -0.479998
87.7582 -81.3349 146.624 -3.57464 0.519958 0.501915 -0.498555 -0.478714
87.8622 -81.4609 146.617 -3.58025 0.518591 0.503038 -0.500122 -0.477383
87.9661 -81.58 146.606 -3.58643 0.51664 0.504954 -0.501498 -0.47603
88.0702 -81.6918 146.591 -3.59161 0.514136 0.507336 -0.502986 -0.474637
88.174 -81.7961 146.574 -3.59594 0.511725 0.509832 -0.504336 -0.473133
88.2779 -81.888 146.554 -3.59901 0.50986 0.512136 -0.505481 -0.471433
88.3818 -81.9641 146.537 -3.6016 0.508017 0.514175 -0.506578 -0.470023
88.4859 -82.0254 146.522 -3.60512 0.506652 0.515583 -0.507524 -0.468932
88.59 -82.0727 146.51 -3.60788 0.505417 0.516364 -0.508789 -0.468034
88.694 -82.1081 146.499 -3.61089 0.504452 0.517073 -0.509653 -0.467351
88.798 -82.1331 146.49 -3.61236 0.503964 0.517559 -0.510228 -0.466713
88.9021 -82.1479 146.481 -3.6149 0.503194 0.517986 -0.510753 -0.466496
89.006 -82.1547 146.475 -3.61656 0.502952 0.518313 -0.510845 -0.466292
89.1108 -82.1516 146.47 -3.61872 0.502998 0.518312 -0.510772 -0.466324
89.2142 -82.1445 146.467 -3.61843 0.50297 0.517905 -0.511172 -0.466367
89.3182 -82.1429 146.467 -3.61749 0.502706 0.517562 -0.511658 -0.466499
89.4223 -82.146 146.469 -3.61924 0.50263 0.517479 -0.511621 -0.466715
89.5263 -82.1485 146.474 -3.62142 0.502616 0.517693 -0.511507 -0.466617
89.6303 -82.1481 146.478 -3.62234 0.502483 0.517621 -0.511655 -0.466678
89.7343 -82.1469 146.481 -3.62628 0.502556 0.517542 -0.51168 -0.466659
89.8384 -82.1459 146.484 -3.63096 0.502606 0.517708 -0.511611 -0.466497
89.9433 -82.1443 146.485 -3.63567 0.502533 0.517642 -0.511696 -0.466556
90.0472 -82.1434 146.486 -3.6422 0.502497 0.517666 -0.511764 -0.466494
90.1505 -82.1448 146.487 -3.64641 0.502534 0.517726 -0.511736 -0.466418
90.2544 -82.1465 146.49 -3.65091 0.502524 0.517726 -0.511769 -0.466393
90.3584 -82.1473 146.49 -3.6531 0.502489 0.51773 -0.511867 -0.466318
90.4624 -82.151 146.493 -3.66085 0.502455 0.517736 -0.511934 -0.466275
90.5665 -82.1525 146.493 -3.66612 0.502483 0.517763 -0.511957 -0.466189
90.6706 -82.1546 146.495 -3.67267 0.502446 0.517786 -0.512016 -0.466139
90.7745 -82.1554 146.495 -3.67704 0.502436 0.517795 -0.512042 -0.466112
90.8785 -82.1566 146.496 -3.68293 0.502389 0.517845 -0.512102 -0.46604
90.9825 -82.1561 146.494 -3.68657 0.502337 0.517903 -0.512186 -0.46594
91.0867 -82.1566 146.494 -3.69259 0.502315 0.517912 -0.512292 -0.465836
91.1907 -82.1552 146.493 -3.69769 0.502213 0.517968 -0.512441 -0.46572
91.2947 -82.1518 146.49 -3.70398 0.502149 0.518025 -0.512567 -0.465588
91.3988 -82.1484 146.488 -3.71127 0.502012 0.518125 -0.512738 -0.465436
91.503 -82.1454 146.486 -3.71733 0.501977 0.518162 -0.512843 -0.465316
91.6069 -82.143 146.487 -3.72141 0.501998 0.518134 -0.512862 -0.465304
91.711 -82.1409 146.487 -3.72538 0.502033 0.518131 -0.512889 -0.46524
91.8177 -82.1384 146.488 -3.73022 0.50197 0.518201 -0.512928 -0.465187
91.919 -82.1364 146.487 -3.73376 0.501954 0.518188 -0.512977 -0.465164
92.0231 -82.135 146.486 -3.7363 0.501982 0.518169 -0.51302 -0.465109
92.1271 -82.1336 146.486 -3.73715 0.501962 0.51818 -0.513122 -0.465004
92.232 -82.1333 146.488 -3.73818 0.502007 0.518166 -0.513122 -0.464972
92.3351 -82.1325 146.488 -3.73974 0.501935 0.518194 -0.513183 -0.46495
92.4392 -82.133 146.489 -3.74396 0.501933 0.518202 -0.513212 -0.464912
92.5432 -82.1331 146.489 -3.74681 0.501922 0.518232 -0.513219 -0.464882
92.6472 -82.1335 146.489 -3.74973 0.501921 0.518264 -0.513244 -0.464822
92.7512 -82.1332 146.488 -3.75197 0.501871 0.518316 -0.51331 -0.464744
92.8552 -82.1336 146.486 -3.75673 0.50181 0.518362 -0.513381 -0.46468
92.9592 -82.1335 146.485 -3.76039 0.501796 0.518414 -0.51339 -0.464627
93.0633 -82.1336 146.485 -3.76269 0.501827 0.518384 -0.513424 -0.46459
93.1675 -82.1338 146.485 -3.76325 0.501807 0.518402 -0.513479 -0.464531
93.2717 -82.1335 146.485 -3.76344 0.501802 0.518423 -0.513443 -0.464553
93.3753 -82.1334 146.485 -3.76435 0.501809 0.518421 -0.513449 -0.46454
93.4794 -82.133 146.485 -3.76583 0.501843 0.518418 -0.513432 -0.464525
93.5835 -82.1337 146.48 -3.76976 0.501791 0.518468 -0.513429 -0.464528
93.6876 -82.1328 146.476 -3.77264 0.501765 0.518526 -0.513419 -0.464503
93.7916 -82.1323 146.473 -3.77375 0.501742 0.5185 -0.513455 -0.464517
93.8957 -82.1319 146.472 -3.77466 0.50175 0.518506 -0.513462 -0.464495
93.9996 -82.1328 146.475 -3.77507 0.501785 0.518484 -0.513423 -0.464524
94.1037 -82.1331 146.477 -3.77515 0.501801 0.518476 -0.513414 -0.464526
94.2077 -82.1332 146.477 -3.77602 0.501806 0.518469 -0.513439 -0.4645
94.3117 -82.1332 146.477 -3.77825 0.501784 0.51846 -0.513458 -0.464514
94.4157 -82.15 146.506 -3.81759 0.501804 0.51848 -0.513445 -0.464484
94.5198 -82.162 146.525 -3.84487 0.501562 0.518615 -0.513629 -0.46439
94.6239 -82.176 146.541 -3.868 0.500809 0.519108 -0.514268 -0.463947
94.7278 -82.1956 146.557 -3.89186 0.500134 0.519565 -0.514672 -0.463714
94.8318 -82.2173 146.566 -3.90878 0.499158 0.520382 -0.515323 -0.463127
94.9359 -82.2457 146.579 -3.92728 0.498068 0.521463 -0.51655 -0.461714
95.0398 -82.2754 146.586 -3.94028 0.496631 0.522787 -0.517884 -0.46027
95.1438 -82.3101 146.591 -3.95503 0.494834 0.52444 -0.519216 -0.45882
95.2478 -82.3443 146.588 -3.96382 0.492776 0.526343 -0.520969 -0.456866
95.3517 -82.3844 146.588 -3.97409 0.490365 0.528437 -0.523136 -0.45456
95.4557 -82.4262 146.582 -3.98079 0.487838 0.530746 -0.525298 -0.45209
95.5596 -82.4735 146.578 -3.98837 0.484979 0.533326 -0.527679 -0.449348
95.6636 -82.5226 146.568 -3.9939 0.481773 0.536116 -0.530485 -0.446161
95.7675 -82.5742 146.552 -4.00077 0.478185 0.539117 -0.533515 -0.44278
95.8714 -82.6323 146.533 -4.00662 0.474069 0.542202 -0.536964 -0.439256
95.9752 -82.6981 146.508 -4.01323 0.469056 0.545509 -0.541035 -0.43553
96.0791 -82.7785 146.476 -4.0192 0.463478 0.549182 -0.5452 -0.431676
96.183 -82.8803 146.445 -4.02443 0.457969 0.553245 -0.549163 -0.427322
96.2868 -82.9878 146.396 -4.02932 0.452778 0.557612 -0.552931 -0.422289
96.3907 -83.1167 146.351 -4.03356 0.448031 0.561839 -0.557059 -0.416282
96.4951 -83.2584 146.296 -4.03783 0.442776 0.566433 -0.561633 -0.409476
96.5983 -83.41 146.231 -4.04099 0.436282 0.571881 -0.565975 -0.402844
96.7021 -83.5744 146.156 -4.04571 0.429541 0.578004 -0.56997 -0.395651
96.8058 -83.743 146.07 -4.05195 0.422784 0.583635 -0.574598 -0.387893
96.9097 -83.921 145.98 -4.05819 0.415808 0.588822 -0.579997 -0.379469
97.0134 -84.1062 145.88 -4.06355 0.40837 0.594731 -0.585174 -0.370271
97.1171 -84.2913 145.76 -4.07005 0.400196 0.601268 -0.59047 -0.360091
97.2208 -84.4845 145.633 -4.07634 0.39059 0.607906 -0.596515 -0.349371
97.3245 -84.6826 145.491 -4.08362 0.379175 0.614395 -0.603712 -0.338049
97.4282 -84.8808 145.315 -4.08972 0.365723 0.621228 -0.611444 -0.32628
97.5318 -85.0975 145.126 -4.09511 0.350671 0.628719 -0.619086 -0.313807
97.6354 -85.3185 144.896 -4.10007 0.335006 0.636164 -0.627299 -0.299269
97.7391 -85.5649 144.66 -4.10992 0.319142 0.642895 -0.636557 -0.282189
97.8427 -85.8194 144.396 -4.12109 0.302631 0.648804 -0.646107 -0.264603
97.9465 -86.0654 144.077 -4.12886 0.285172 0.654706 -0.654692 -0.247823
98.0502 -86.3272 143.742 -4.13447 -0.267803 -0.66112 0.661734 0.230888
98.154 -86.5914 143.371 -4.13769 -0.250634 -0.667361 0.668203 0.212878
98.2578 -86.8406 142.947 -4.14157 -0.233454 -0.673421 0.674001 0.194231
98.3616 -87.088 142.503 -4.14355 0.215551 0.679956 -0.678372 -0.176092
98.4654 -87.3156 142.01 -4.14816 0.198059 0.686283 -0.682068 -0.156751
98.5693 -87.5434 141.509 -4.15337 0.181047 0.691892 -0.68555 -0.136117
98.6731 -87.7514 140.976 -4.15626 0.163483 0.696894 -0.688641 -0.115696
98.7769 -87.9243 140.392 -4.15866 0.145347 0.701365 -0.691162 -0.0962104
98.8808 -88.0876 139.798 -4.16002 0.127703 0.705225 -0.693084 -0.0773597
98.9849 -88.2199 139.159 -4.16217 0.110519 0.708007 -0.69501 -0.0589326
99.0888 -88.3388 138.509 -4.16605 0.0950679 0.709137 -0.697389 -0.0416544
99.193 -88.4333 137.828 -4.16887 0.0807882 0.709509 -0.699513 -0.0274292
99.2971 -88.5015 137.113 -4.17126 0.067902 0.709728 -0.701013 -0.0159939
99.4013 -88.5603 136.379 -4.17171 0.0575453 0.709243 -0.702578 -0.00681305
99.5057 -88.6075 135.615 -4.1699 0.0496558 0.708544 -0.703917 0.000859972
99.6101 -88.6465 134.825 -4.16838 0.0436887 0.708342 -0.70448 0.00714465
99.7145 -88.6761 134.013 -4.16476 0.0387948 0.707877 -0.705151 0.0128913
99.8188 -88.6966 133.18 -4.15681 0.0343095 0.707118 -0.706025 0.0183294
99.923 -88.7056 132.328 -4.14764 -0.0297068 -0.705752 0.707427 -0.0240398
100.027 -88.7011 131.453 -4.13663 -0.0246757 -0.704373 0.708806 -0.0290482
100.132 -88.6805 130.552 -4.12262 -0.0191653 -0.703989 0.709211 -0.0324366
100.236 -88.6495 129.631 -4.10398 -0.0141444 -0.704046 0.709186 -0.0342749
100.34 -88.6121 128.689 -4.08479 -0.0104756 -0.704162 0.709126 -0.0344436
100.445 -88.5757 127.724 -4.06588 -0.00865255 -0.703823 0.70949 -0.0343942
100.549 -88.5405 126.735 -4.04821 -0.0079593 -0.704214 0.709114 -0.0342929
100.653 -88.5049 125.721 -4.03107 -0.00782222 -0.704648 0.70865 -0.0350027
100.757 -88.4643 124.684 -4.01395 -0.00701161 -0.704808 0.708439 -0.0361991
100.861 -88.4197 123.629 -3.99689 -0.00579308 -0.704725 0.70844 -0.037975
100.966 -88.3683 122.553 -3.97809 -0.00412927 -0.704501 0.708585 -0.0396021
101.07 -88.2943 121.46 -3.96035 -0.0022941 -0.704466 0.708535 -0.0412376
101.174 -88.2108 120.35 -3.94065 -9.55717e-05 -0.704405 0.7085 -0.0429227
101.278 -88.1306 119.227 -3.92026 0.00151826 -0.705155 0.707618 -0.0450731
101.382 -88.0406 118.087 -3.90185 -0.00306067 0.706412 -0.706212 0.047303
101.486 -87.9487 116.93 -3.8833 -0.00461844 0.707277 -0.705222 0.0489876
101.59 -87.8486 115.761 -3.86798 -0.00540197 0.707122 -0.705316 0.0497927
101.694 -87.7451 114.579 -3.84972 -0.00580869 0.706375 -0.706086 0.0494338
101.798 -87.6392 113.384 -3.83096 0.00564652 -0.706213 0.706285 -0.048923
101.902 -87.5392 112.182 -3.81218 -0.00514347 0.707085 -0.70541 0.048989
102.006 -87.4387 110.975 -3.79185 -0.00454856 0.707915 -0.704557 0.0493408
102.11 -87.3429 109.774 -3.77169 -0.00392895 0.708434 -0.704021 0.0495951
102.214 -87.2471 108.579 -3.75057 -0.00380645 0.708667 -0.703795 0.0494839
102.318 -87.1468 107.386 -3.72674 -0.00354233 0.708756 -0.703715 0.0493781
102.422 -87.0499 106.198 -3.70175 -0.00360843 0.708344 -0.70416 0.0489298
102.526 -86.953 105.01 -3.67717 -0.00342082 0.707521 -0.704999 0.0487681
102.63 -86.8597 103.821 -3.65322 -0.00332241 0.707404 -0.705129 0.0486053
102.734 -86.764 102.632 -3.62873 -0.00350593 0.708238 -0.704326 0.0480761
102.838 -86.6722 101.445 -3.60724 -0.00327515 0.709065 -0.703503 0.0479439
102.942 -86.572 100.262 -3.5887 -0.0034154 0.708566 -0.704027 0.0476358
103.046 -86.4807 99.0844 -3.56943 -0.00291578 0.707804 -0.704779 0.0478585
103.15 -86.3863 97.9101 -3.5475 -0.00283129 0.707324 -0.705264 0.0478244
103.254 -86.2939 96.7361 -3.52682 -0.00324563 0.708107 -0.704519 0.0471905
103.358 -86.2014 95.5628 -3.50652 -0.0034892 0.709127 -0.703517 0.0468052
103.462 -86.1102 94.3923 -3.49009 -0.00397847 0.710086 -0.702599 0.0460034
103.566 -86.0175 93.2289 -3.47406 -0.00476917 0.709756 -0.702998 0.0449214
103.67 -85.9301 92.0708 -3.45733 -0.00500568 0.709234 -0.703544 0.0445908
103.774 -85.8444 90.9148 -3.43993 -0.00509161 0.70906 -0.70373 0.0444111
103.878 -85.7575 89.7608 -3.4205 -0.00539991 0.709245 -0.703571 0.0439327
103.982 -85.6741 88.6076 -3.4023 -0.00509848 0.709816 -0.702979 0.0442113
104.086 -85.5912 87.4582 -3.38383 -0.00479697 0.709759 -0.703019 0.0445338
104.19 -85.5113 86.3143 -3.36566 -0.00389228 0.709027 -0.703717 0.0452557
104.293 -85.4316 85.1764 -3.34726 -0.0033087 0.708458 -0.704226 0.0462735
104.397 -85.3526 84.0421 -3.32712 -0.00286193 0.708527 -0.704061 0.047753
104.501 -85.2666 82.9048 -3.30614 -0.00350261 0.708881 -0.703614 0.0490202
104.605 -85.1782 81.7744 -3.28568 -0.00452002 0.709194 -0.703199 0.0503506
104.709 -85.0825 80.6466 -3.26663 -0.00601318 0.709429 -0.702907 0.0509485
104.812 -84.9828 79.5258 -3.24539 -0.00794795 0.709048 -0.703273 0.0509437
104.916 -84.8824 78.4097 -3.22177 -0.00939222 0.708257 -0.704005 0.0515821
105.02 -84.7846 77.289 -3.19191 -0.0104199 0.70809 -0.704096 0.0524255
105.124 -84.685 76.1749 -3.16248 -0.0112091 0.708607 -0.703514 0.0530917
105.227 -84.5844 75.0636 -3.13385 -0.0117698 0.708862 -0.703193 0.0538086
105.331 -84.4816 73.956 -3.1085 -0.0123347 0.709017 -0.702986 0.0543439
105.435 -84.3755 72.8496 -3.08272 -0.0129143 0.709443 -0.702513 0.0547622
105.539 -84.2675 71.7486 -3.05932 -0.0138556 0.709581 -0.702378 0.0544894
105.643 -84.1597 70.6505 -3.03585 -0.0141053 0.709554 -0.702422 0.0542008
105.746 -84.0517 69.5564 -3.01457 -0.0144802 0.709311 -0.702725 0.0533537
105.85 -83.9466 68.4631 -2.99348 -0.0140756 0.709214 -0.702874 0.0527779
105.954 -83.8445 67.3687 -2.9732 -0.0132418 0.70942 -0.702706 0.0524684
106.058 -83.7442 66.2698 -2.95913 -0.0114382 0.709354 -0.702787 0.052687
106.162 -83.6486 65.1736 -2.94519 -0.0095203 0.708871 -0.703276 0.0530592
106.266 -83.5538 64.0723 -2.93006 -0.00777867 0.708468 -0.703696 0.053143
106.37 -83.4639 62.9885 -2.91458 -0.0061966 0.708669 -0.70351 0.0531332
106.474 -83.3719 61.8938 -2.89448 -0.00537134 0.709505 -0.702733 0.0523386
106.577 -83.2798 60.8017 -2.87336 -0.00500779 0.710166 -0.702163 0.0510528
106.681 -83.1923 59.7253 -2.85153 -0.004483 0.710041 -0.702375 0.0499093
106.786 -83.1058 58.6532 -2.82608 -0.00424535 0.709684 -0.702828 0.048613
106.889 -83.0229 57.5889 -2.80164 -0.0037868 0.708837 -0.70375 0.0476716
106.993 -82.9287 56.5119 -2.77965 -0.00346217 0.707907 -0.704749 0.0467509
107.097 -82.8456 55.4392 -2.75644 -0.00246151 0.70715 -0.705521 0.0466098
107.201 -82.7595 54.3629 -2.73159 -0.00208623 0.707016 -0.705679 0.046268
107.304 -82.6778 53.2879 -2.70733 -0.00178664 0.707702 -0.704997 0.0461964
107.408 -82.5945 52.2149 -2.68434 -0.00194298 0.708614 -0.704078 0.0462292
107.512 -82.5098 51.1511 -2.66317 -0.00294422 0.709301 -0.703429 0.0455122
107.616 -82.4238 50.1024 -2.64463 -0.00438035 0.709582 -0.703204 0.0444743
107.72 -82.337 49.0533 -2.62654 -0.00617305 0.709534 -0.70333 0.0430234
107.824 -82.2502 48.0047 -2.60924 -0.00750974 0.709361 -0.703555 0.0419636
107.927 -82.1617 46.9613 -2.59164 -0.00896399 0.709052 -0.70392 0.0407653
108.031 -82.0772 45.9138 -2.57308 -0.00950375 0.708724 -0.704262 0.0404388
108.135 -81.9936 44.854 -2.56056 -0.0102651 0.707827 -0.705163 0.0402603
108.239 -81.9131 43.795 -2.54712 -0.0102388 0.707753 -0.705214 0.040675
108.343 -81.836 42.7298 -2.53946 -0.0091883 0.709063 -0.703813 0.0423391
108.446 -81.7552 41.6687 -2.52819 -0.00915444 0.711364 -0.701443 0.0430733
108.55 -81.6696 40.6059 -2.51585 -0.00855278 0.711415 -0.701307 0.0445468
108.654 -81.5933 39.5517 -2.50395 -0.00806708 0.709965 -0.702692 0.0459258
108.758 -81.513 38.4964 -2.48808 -0.00803753 0.708489 -0.704143 0.0464951
108.862 -81.4292 37.447 -2.4679 -0.00838764 0.707996 -0.704641 0.0463817
108.966 -81.3435 36.3993 -2.44933 -0.00870433 0.707854 -0.704772 0.0465111
109.069 -81.2601 35.3589 -2.43065 -0.00832028 0.70787 -0.704719 0.0471282
109.173 -81.1785 34.3241 -2.40977 -0.00762068 0.707054 -0.705498 0.0478482
109.277 -81.0983 33.2907 -2.38816 0.00647663 -0.706049 0.706443 -0.0489015
109.381 -81.0189 32.2657 -2.36465 0.0056784 -0.705644 0.706823 -0.0493527
109.485 -80.9389 31.2342 -2.34146 -0.00476721 0.706508 -0.705942 0.0496975
109.589 -80.8633 30.2054 -2.31995 -0.00396831 0.707889 -0.704533 0.0500972
109.693 -80.79 29.182 -2.30151 -0.00360732 0.708519 -0.703916 0.0499019
109.797 -80.7195 28.1649 -2.28654 -0.00355045 0.708175 -0.704313 0.0491755
109.901 -80.6509 27.1549 -2.27386 -0.00386128 0.707606 -0.704954 0.0481407
110.005 -80.5796 26.1425 -2.25834 -0.00380516 0.707762 -0.704847 0.0474259
110.109 -80.5129 25.1309 -2.24336 -0.00359555 0.70851 -0.704127 0.0469638
110.213 -80.4451 24.1262 -2.22442 -0.00338131 0.709047 -0.703621 0.0464633
110.317 -80.3801 23.1231 -2.20087 -0.00254836 0.708976 -0.703675 0.0467715
110.42 -80.3138 22.1281 -2.17919 -0.00225663 0.708927 -0.703737 0.0465925
110.524 -80.2473 21.1362 -2.15812 -0.0019838 0.708966 -0.703717 0.0463162
110.628 -80.181 20.1591 -2.13654 -0.00242398 0.709503 -0.703237 0.0453588
110.732 -80.118 19.2034 -2.11568 -0.00247969 0.709769 -0.70301 0.0447088
110.836 -80.0561 18.2654 -2.09479 -0.0023769 0.709983 -0.702825 0.0442149
110.94 -79.9931 17.343 -2.07661 -0.00243645 0.710353 -0.702482 0.0437212
111.044 -79.9296 16.44 -2.05673 -0.00306702 0.710988 -0.701877 0.043081
111.148 -79.8663 15.5581 -2.03814 -0.00309811 0.711107 -0.701725 0.0435734
111.252 -79.7975 14.7019 -2.02147 -0.00387179 0.71062 -0.702163 0.0443996
111.356 -79.7309 13.8624 -2.0069 -0.00490467 0.710221 -0.702487 0.0455389
111.46 -79.6577 13.048 -1.98264 -0.00706482 0.710088 -0.70256 0.0462015
111.564 -79.5809 12.2521 -1.9557 -0.00946856 0.709813 -0.702766 0.046864
111.668 -79.5052 11.471 -1.93137 -0.0113715 0.709299 -0.70314 0.048577
111.772 -79.4284 10.7141 -1.90726 -0.0135498 0.708683 -0.703528 0.0513124
111.876 -79.3468 9.9786 -1.88213 -0.0159993 0.707799 -0.704067 0.0552571
111.98 -79.2587 9.26731 -1.85502 -0.0192367 0.706854 -0.704567 0.0597749
112.084 -79.159 8.57703 -1.82462 -0.0236709 0.706392 -0.704539 0.0638402
112.187 -79.0516 7.91543 -1.79351 -0.0282267 0.705926 -0.704426 0.0682275
112.292 -78.9405 7.27231 -1.76499 -0.0331368 0.705707 -0.703929 0.0732325
112.395 -78.8234 6.66099 -1.73223 -0.0382868 0.705931 -0.702822 0.0789705
112.499 -78.6964 6.06883 -1.70241 -0.0448114 0.705394 -0.702333 0.0844975
112.607 -78.5496 5.47291 -1.66958 -0.0528439 0.704144 -0.702319 0.0902032
112.706 -78.4073 4.94033 -1.64276 -0.0607733 0.70303 -0.702042 0.0958753
112.813 -78.2486 4.38265 -1.61612 -0.0685315 0.70201 -0.70121 0.103878
112.914 -78.0863 3.86783 -1.5948 -0.0767048 0.701202 -0.700028 0.111326
113.018 -77.9027 3.35899 -1.57601 -0.0859174 0.699939 -0.698982 0.118861
113.121 -77.7113 2.86484 -1.55781 -0.0958229 0.698133 -0.697931 0.12775
113.225 -77.504 2.38561 -1.5388 0.106732 -0.695434 0.697125 -0.137826
113.329 -77.2871 1.92174 -1.51929 0.118405 -0.69193 0.696177 -0.150169
113.432 -77.0545 1.46975 -1.50055 0.131439 -0.688247 0.694429 -0.163734
113.536 -76.8001 1.02785 -1.48756 0.145238 -0.685102 0.690855 -0.179615
113.64 -76.5331 0.603678 -1.47295 0.161447 -0.68178 0.685691 -0.197331
113.743 -76.2388 0.205123 -1.45579 0.180227 -0.677263 0.68053 -0.213803
113.847 -75.9119 -0.166806 -1.43481 0.199656 -0.671203 0.676138 -0.229043
113.951 -75.5816 -0.520539 -1.41854 0.21794 -0.66425 0.671577 -0.245475
114.054 -75.2418 -0.859237 -1.40014 0.234814 -0.656978 0.666079 -0.263783
114.158 -74.883 -1.18203 -1.37672 0.250506 -0.650065 0.659428 -0.282519
114.262 -74.5093 -1.47305 -1.35035 0.269188 -0.642889 0.652635 -0.297151
114.366 -74.1108 -1.73379 -1.32445 0.28923 -0.634886 0.646019 -0.309717
114.469 -73.7097 -1.97724 -1.30852 0.308267 -0.626774 0.638313 -0.323547
114.573 -73.2991 -2.21127 -1.29526 0.325885 -0.620044 0.628257 -0.33858
114.677 -72.8688 -2.4317 -1.28266 0.342369 -0.613669 0.6172 -0.353919
114.781 -72.4325 -2.62559 -1.26876 0.36006 -0.606126 0.606771 -0.367147
114.885 -71.9684 -2.77869 -1.25834 0.380196 -0.596413 0.597769 -0.377379
114.989 -71.5118 -2.91564 -1.25399 0.396808 -0.586634 0.588378 -0.390148
115.092 -71.0534 -3.04631 -1.25835 0.410967 -0.575798 0.579464 -0.404702
115.196 -70.5796 -3.16087 -1.25797 0.423269 -0.566131 0.570402 -0.418306
115.3 -70.1026 -3.25793 -1.26462 0.434805 -0.557311 0.562082 -0.429434
115.405 -69.6101 -3.33279 -1.26712 0.44675 -0.547735 0.555254 -0.438286
115.509 -69.1165 -3.39498 -1.27253 0.457288 -0.538345 0.549271 -0.446513
115.613 -68.6114 -3.453 -1.27068 0.465745 -0.531387 0.543175 -0.453509
115.717 -68.0968 -3.50575 -1.26706 0.472309 -0.526188 0.537909 -0.459025
115.821 -67.5757 -3.55108 -1.26175 0.478245 -0.521375 0.532962 -0.464114
115.925 -67.0462 -3.59156 -1.25948 0.482613 -0.517337 0.527974 -0.469777
116.03 -66.5056 -3.62308 -1.25287 0.485882 -0.513403 0.524641 -0.474435
116.134 -65.9503 -3.64777 -1.2431 0.489505 -0.509436 0.521821 -0.478082
116.238 -65.3771 -3.6638 -1.23489 0.493437 -0.505621 0.51852 -0.481668
116.342 -64.79 -3.67389 -1.2272 0.496767 -0.502201 0.515158 -0.485416
116.446 -64.185 -3.67731 -1.2187 0.500061 -0.498803 0.511694 -0.489187
116.551 -63.5634 -3.67597 -1.20947 0.503322 -0.495961 0.50743 -0.493158
116.655 -62.9254 -3.66402 -1.19986 0.506414 -0.492587 0.504253 -0.496621
116.759 -62.2713 -3.64305 -1.18975 0.508986 -0.489429 0.502231 -0.499156
116.863 -61.6024 -3.6172 -1.17903 -0.511245 0.48648 -0.500832 0.501132
116.967 -60.9157 -3.59123 -1.1681 -0.512436 0.484539 -0.499506 0.503116
117.071 -60.2096 -3.55639 -1.15245 -0.513398 0.483257 -0.498609 0.504256
117.176 -59.4935 -3.52032 -1.1396 -0.514093 0.482455 -0.497613 0.505299
117.28 -58.7604 -3.48557 -1.12887 -0.515067 0.481963 -0.49665 0.505724
117.384 -58.0127 -3.4513 -1.11753 -0.515846 0.482093 -0.495172 0.506255
117.488 -57.2552 -3.41529 -1.10659 -0.516888 0.482263 -0.493378 0.506781
117.592 -56.4938 -3.37574 -1.09489 -0.517991 0.482325 -0.491733 0.507195
117.696 -55.7296 -3.33243 -1.08425 -0.519269 0.482215 -0.490253 0.507426
117.8 -54.9651 -3.28858 -1.07439 -0.520077 0.482325 -0.488476 0.508207
117.904 -54.2035 -3.2431 -1.06488 -0.520586 0.482195 -0.486812 0.509404
118.008 -53.438 -3.19235 -1.05647 -0.521021 0.481834 -0.485292 0.510749
118.112 -52.6733 -3.13286 -1.04964 -0.52178 0.48097 -0.484214 0.511811
118.216 -51.9072 -3.06979 -1.04284 -0.522487 0.479984 -0.483243 0.512931
118.32 -51.1424 -3.00549 -1.03531 -0.523285 0.479205 -0.482406 0.513635
118.424 -50.3764 -2.9379 -1.02789 -0.524017 0.478569 -0.48197 0.513889
118.528 -49.6123 -2.87171 -1.01895 -0.524413 0.478026 -0.481859 0.514095
118.632 -48.8462 -2.80322 -1.01004 -0.52487 0.477532 -0.482003 0.513954
118.736 -48.0822 -2.74199 -0.998086 -0.524981 0.477495 -0.481947 0.513928
118.84 -47.3187 -2.69026 -0.981829 -0.52494 0.47789 -0.48158 0.513946
118.944 -46.5559 -2.63285 -0.966562 -0.52508 0.478154 -0.481329 0.513792
119.048 -45.7973 -2.57375 -0.951503 -0.525378 0.478437 -0.481051 0.513485
119.152 -45.0397 -2.51462 -0.939008 -0.52553 0.478743 -0.480739 0.513335
119.256 -44.2863 -2.45592 -0.926005 -0.525466 0.47879 -0.480721 0.513374
119.36 -43.5356 -2.39528 -0.913947 -0.525527 0.478551 -0.481118 0.513163
119.464 -42.787 -2.33649 -0.902527 -0.525135 0.478687 -0.48145 0.513126
119.568 -42.0436 -2.28139 -0.891136 -0.524471 0.479098 -0.481628 0.513253
119.672 -41.304 -2.22902 -0.876559 -0.524143 0.479425 -0.482098 0.512842
119.776 -40.5742 -2.17605 -0.856402 -0.52387 0.479416 -0.482901 0.512373
119.88 -39.8533 -2.12816 -0.839765 -0.523242 0.480749 -0.482225 0.512404
119.984 -39.1418 -2.08048 -0.823396 -0.522987 0.481898 -0.481654 0.512121
120.088 -38.4413 -2.0238 -0.810377 -0.523901 0.482051 -0.482166 0.510558
120.192 -37.7538 -1.97541 -0.793353 -0.523801 0.482409 -0.48258 0.509932
120.296 -37.0788 -1.93323 -0.780185 -0.522373 0.482496 -0.482641 0.511255
120.4 -36.4147 -1.89552 -0.759728 -0.521642 0.482237 -0.483102 0.51181
120.504 -35.7576 -1.85161 -0.742229 -0.520899 0.480906 -0.485055 0.511972
120.608 -35.1059 -1.80799 -0.722083 -0.521057 0.479813 -0.486314 0.511642
120.712 -34.4582 -1.76667 -0.701511 -0.521076 0.479589 -0.486723 0.511443
120.816 -33.8138 -1.72742 -0.68171 -0.52091 0.479774 -0.486898 0.511273
120.92 -33.1769 -1.68777 -0.664294 -0.520497 0.479526 -0.487374 0.511471
121.024 -32.5445 -1.64558 -0.648805 -0.520568 0.478913 -0.488007 0.511371
121.127 -31.9172 -1.60284 -0.63375 -0.520724 0.478351 -0.488619 0.511154
121.231 -31.2933 -1.56155 -0.619247 -0.520962 0.478003 -0.488939 0.510931
121.335 -30.6745 -1.52472 -0.603585 -0.521144 0.478114 -0.488569 0.510996
121.439 -30.0592 -1.48805 -0.585489 -0.521328 0.478362 -0.488009 0.51111
121.543 -29.4493 -1.45003 -0.561575 -0.521468 0.478334 -0.487604 0.51138
121.647 -28.8403 -1.41239 -0.542382 -0.521535 0.478065 -0.487174 0.511973
121.751 -28.2346 -1.37831 -0.519691 -0.521464 0.477497 -0.486877 0.512858
121.855 -27.6306 -1.34078 -0.497527 -0.52153 0.476861 -0.486759 0.513494
121.959 -27.0287 -1.30599 -0.477652 -0.521999 0.476349 -0.486295 0.513931
122.063 -26.4307 -1.26769 -0.459127 -0.522489 0.475882 -0.485659 0.514467
122.167 -25.8341 -1.22925 -0.440591 -0.522706 0.475595 -0.484914 0.515215
122.271 -25.2395 -1.19111 -0.425645 -0.522803 0.475612 -0.483924 0.516031
122.375 -24.6469 -1.15207 -0.412478 -0.523373 0.475627 -0.482809 0.516483
122.479 -24.0604 -1.11145 -0.402669 -0.524039 0.475384 -0.482125 0.516671
122.583 -23.4769 -1.06737 -0.39201 -0.524788 0.475077 -0.48161 0.516673
122.687 -22.8985 -1.02281 -0.381693 -0.525722 0.474766 -0.480946 0.516629
122.791 -22.3266 -0.977752 -0.370715 -0.526194 0.474648 -0.480392 0.516772
122.894 -21.7655 -0.934574 -0.361218 -0.526384 0.47453 -0.480139 0.516921
122.998 -21.2127 -0.886782 -0.350649 -0.526518 0.474361 -0.480196 0.516887
123.102 -20.6705 -0.844647 -0.342802 -0.526706 0.474329 -0.480558 0.516389
123.206 -20.1402 -0.802905 -0.333032 -0.526563 0.474405 -0.481233 0.515835
123.31 -19.6199 -0.76671 -0.328206 -0.526318 0.474666 -0.481696 0.515413
123.414 -19.1116 -0.732212 -0.321646 -0.525866 0.475123 -0.481895 0.515267
123.518 -18.6159 -0.699503 -0.317084 -0.525429 0.475465 -0.482316 0.515002
123.622 -18.132 -0.667367 -0.310824 -0.524846 0.47565 -0.482978 0.514807
123.726 -17.6573 -0.635536 -0.306033 -0.524553 0.47579 -0.483426 0.514556
123.83 -17.1963 -0.601767 -0.296482 -0.524324 0.476061 -0.483759 0.514226
123.934 -16.7443 -0.567945 -0.286712 -0.524136 0.476253 -0.484196 0.513827
124.038 -16.307 -0.53663 -0.275364 -0.523917 0.476716 -0.484329 0.513496
124.142 -15.8858 -0.507341 -0.264476 -0.52361 0.477223 -0.484332 0.513336
124.251 -15.4649 -0.475696 -0.253889 -0.523415 0.477902 -0.484234 0.512995
124.351 -15.095 -0.44661 -0.245082 -0.523745 0.478236 -0.484403 0.512186
124.455 -14.7267 -0.417035 -0.236343 -0.52405 0.478327 -0.484812 0.511402
124.558 -14.3851 -0.391631 -0.2279 -0.523934 0.478395 -0.485238 0.511053
124.662 -14.0646 -0.369966 -0.214067 -0.52334 0.478757 -0.485256 0.511306
124.766 -13.7606 -0.351258 -0.203202 -0.522775 0.478921 -0.485406 0.511588
124.87 -13.4744 -0.331922 -0.191911 -0.522333 0.479109 -0.485584 0.511694
124.974 -13.1991 -0.313929 -0.182225 -0.522182 0.478986 -0.486008 0.511561
125.079 -12.9304 -0.299516 -0.173749 -0.521825 0.478878 -0.486365 0.511686
125.182 -12.67 -0.286085 -0.166066 -0.521146 0.478625 -0.486793 0.512208
125.286 -12.4109 -0.275599 -0.159315 -0.520467 0.47838 -0.487249 0.512693
125.39 -12.153 -0.263868 -0.152929 -0.520296 0.478366 -0.487408 0.51273
125.494 -11.8967 -0.25612 -0.147259 -0.520407 0.47853 -0.487292 0.512574
125.598 -11.6435 -0.250315 -0.141123 -0.520352 0.478853 -0.487036 0.512572
125.702 -11.3911 -0.238575 -0.135523 -0.520252 0.47909 -0.486866 0.512613
125.806 -11.1402 -0.225556 -0.128771 -0.520232 0.479289 -0.486682 0.512622
125.91 -10.8933 -0.211538 -0.122865 -0.52036 0.479181 -0.486703 0.512573
126.014 -10.6449 -0.198165 -0.120429 -0.520313 0.479266 -0.486575 0.512663
126.118 -10.3981 -0.183954 -0.114187 -0.52027 0.479225 -0.486134 0.513162
126.221 -10.1522 -0.169374 -0.107928 -0.520649 0.47892 -0.485017 0.514119
126.326 -9.90787 -0.151201 -0.101075 -0.521654 0.477831 -0.483804 0.515256
126.429 -9.66506 -0.132765 -0.0964899 -0.523252 0.476168 -0.482308 0.516576
126.533 -9.42451 -0.11311 -0.0920031 -0.525037 0.474023 -0.480508 0.518411
126.638 -9.1835 -0.0910114 -0.0882731 -0.527189 0.471701 -0.478835 0.519892
126.741 -8.94769 -0.0654352 -0.0824131 -0.529068 0.469655 -0.477864 0.520728
126.845 -8.71356 -0.0408307 -0.0740682 -0.530454 0.467966 -0.477076 0.52156
126.949 -8.47671 -0.0168597 -0.0689529 -0.531312 0.466845 -0.47561 0.523028
127.053 -8.24259 0.00813069 -0.0653196 -0.532192 0.465803 -0.474013 0.52451
127.157 -8.00887 0.0370814 -0.0622421 -0.53335 0.464445 -0.473231 0.525244
127.261 -7.77839 0.0708621 -0.0579385 -0.534466 0.463096 -0.473343 0.5252
127.365 -7.54992 0.105572 -0.0505747 -0.535074 0.462282 -0.473848 0.524842
127.469 -7.32138 0.133208 -0.0449382 -0.534842 0.462398 -0.474124 0.524727
127.573 -7.09403 0.158415 -0.0406673 -0.534452 0.462903 -0.474323 0.5245
127.677 -6.86759 0.181726 -0.0355451 -0.533917 0.463628 -0.47451 0.524235
127.781 -6.63826 0.208201 -0.026077 -0.53354 0.464278 -0.475048 0.523556
127.885 -6.41269 0.234301 -0.0168991 -0.532953 0.465022 -0.475634 0.522962
127.989 -6.18884 0.260514 -0.00648708 -0.53213 0.465585 -0.476381 0.522617
128.093 -5.96587 0.28487 0.00299529 -0.531412 0.466312 -0.477078 0.522064
128.197 -5.7423 0.307917 0.0125799 -0.530757 0.467145 -0.477925 0.521211
128.301 -5.51933 0.32764 0.0212083 -0.529795 0.46824 -0.478843 0.520363
128.405 -5.29604 0.344249 0.0277668 -0.528788 0.469349 -0.47993 0.519387
128.509 -5.06898 0.360352 0.0336588 -0.527612 0.470223 -0.481137 0.518674
128.613 -4.83385 0.376189 0.0401751 -0.526133 0.470853 -0.482654 0.518196
128.717 -4.58687 0.388383 0.0440825 -0.52452 0.471812 -0.484061 0.517646
128.821 -4.32804 0.40159 0.0485226 -0.52325 0.473 -0.485257 0.516726
128.925 -4.05757 0.412903 0.0518474 -0.522054 0.47447 -0.486301 0.515606
129.029 -3.77609 0.424088 0.0569639 -0.520731 0.47599 -0.487294 0.514605
129.133 -3.48317 0.431289 0.0630866 -0.519275 0.477975 -0.487889 0.513671
129.237 -3.18164 0.440851 0.0699019 -0.517925 0.480148 -0.488447 0.512475
129.341 -2.87273 0.454006 0.0754468 -0.516818 0.482006 -0.489091 0.511233
129.445 -2.5559 0.464543 0.0806529 -0.51561 0.483581 -0.489926 0.510164
129.549 -2.23127 0.472589 0.0831459 -0.51477 0.484829 -0.490862 0.508927
129.653 -1.897 0.480476 0.0873347 -0.513983 0.486145 -0.491717 0.507641
129.757 -1.55628 0.487938 0.0933525 -0.51298 0.487718 -0.492272 0.506607
129.861 -1.20688 0.492906 0.0999006 -0.5118 0.489132 -0.492651 0.506069
129.964 -0.85066 0.494918 0.105076 -0.510118 0.489992 -0.493095 0.506502
130.068 -0.485171 0.49971 0.110593 -0.508823 0.490148 -0.493734 0.507032
130.172 -0.108858 0.508838 0.115787 -0.508232 0.489608 -0.494969 0.506942
130.276 0.278521 0.520983 0.119628 -0.508435 0.489402 -0.496459 0.505478
130.38 0.679747 0.511556 0.110547 -0.508631 0.489767 -0.49879 0.502625
130.484 1.0889 0.473736 0.0922449 -0.506423 0.492479 -0.500057 0.500943
130.588 1.49212 0.433998 0.087699 -0.502421 0.496612 -0.499872 0.501076
130.692 1.89036 0.388368 0.0866064 -0.498719 0.499087 -0.499215 0.502966
130.796 2.28151 0.369629 0.0941349 -0.497707 0.498413 -0.498363 0.505476
130.899 2.66921 0.368577 0.0961958 -0.500886 0.494163 -0.496988 0.507857
131.003 3.05066 0.387786 0.0975722 -0.505347 0.487746 -0.495015 0.511556
131.107 3.42858 0.414732 0.0994854 -0.510607 0.480506 -0.493322 0.514808
131.21 3.80306 0.442804 0.104489 -0.514922 0.474949 -0.489121 0.519653
131.314 4.17533 0.473375 0.113 -0.519571 0.469964 -0.482084 0.526094
131.418 4.5458 0.521258 0.124453 -0.526924 0.465158 -0.474252 0.530155
131.521 4.90925 0.590795 0.137119 -0.535933 0.458693 -0.467248 0.532969
131.625 5.26288 0.669462 0.14548 -0.544197 0.451234 -0.46054 0.536787
131.729 5.60868 0.754007 0.152645 -0.5512 0.443924 -0.453644 0.541588
131.833 5.95159 0.83894 0.157779 -0.557699 0.437856 -0.446348 0.545919
131.936 6.29195 0.929674 0.162834 -0.562938 0.432935 -0.439454 0.550044
132.04 6.62642 1.03201 0.168255 -0.567956 0.428595 -0.435829 0.551168
132.144 6.95851 1.13596 0.1743 -0.572232 0.425178 -0.434501 0.550439
132.248 7.28941 1.22934 0.174997 -0.574357 0.424073 -0.434358 0.549189
132.352 7.61763 1.31286 0.176227 -0.573717 0.424922 -0.436052 0.547857
132.457 7.94415 1.38381 0.178361 -0.571475 0.427713 -0.437684 0.546728
132.561 8.24938 1.43861 0.18004 -0.569233 0.432427 -0.437591 0.545431
132.665 8.52108 1.48532 0.178478 -0.566952 0.436456 -0.43892 0.543526
132.769 8.75134 1.53109 0.180069 -0.565405 0.439316 -0.441779 0.540509
132.873 8.94694 1.56547 0.184381 -0.563471 0.441835 -0.444705 0.53807
132.977 9.10658 1.58938 0.187608 -0.560871 0.444257 -0.447644 0.536353
133.082 9.23219 1.60379 0.188093 -0.558213 0.446843 -0.449388 0.535518
133.186 9.32463 1.6158 0.188175 -0.556331 0.448511 -0.45063 0.535039
133.29 9.38087 1.6266 0.188572 -0.555332 0.449233 -0.452044 0.534277
133.394 9.40547 1.63497 0.188805 -0.554736 0.449126 -0.453151 0.534049
133.498 9.40484 1.63585 0.189036 -0.554654 0.448988 -0.453159 0.534243
133.602 9.38696 1.63681 0.192465 -0.554293 0.448172 -0.453762 0.534791
133.706 9.37878 1.63756 0.19772 -0.553032 0.44699 -0.455151 0.535903
133.81 9.37617 1.64033 0.199379 -0.552269 0.446252 -0.455726 0.536816
133.914 9.37246 1.64113 0.196313 -0.552317 0.446458 -0.455522 0.536769
134.018 9.36958 1.64311 0.193254 -0.552448 0.446745 -0.455366 0.536527
134.122 9.37105 1.64354 0.193283 -0.552647 0.446766 -0.455158 0.536482
134.226 9.37028 1.64373 0.192492 -0.552881 0.446873 -0.455121 0.536182
