2 -0.221527 -0.0660706 0 0 0 0.000518183 1
2.5 -0.222122 -0.0656281 0 0 0 0.000539375 1
3 -0.222122 -0.0656281 0 0 0 0.000539376 1
3.5 -0.222122 -0.0656281 0 0 0 0.000539376 1
4 -0.222122 -0.0656281 0 0 0 0.000539376 1
4.5 -0.222122 -0.0656281 0 0 0 0.000539376 1
5 -0.222122 -0.0656281 0 0 0 0.000539376 1
5.5 -0.222122 -0.0656281 0 0 0 0.000539376 1
6 -0.222122 -0.0656281 0 0 0 0.000539376 1
6.5 -0.222122 -0.0656281 0 0 0 0.000539376 1
7 -0.222122 -0.0656281 0 0 0 0.000539376 1
7.5 -0.222122 -0.0656281 0 0 0 0.000539376 1
8 -0.222122 -0.0656281 0 0 0 0.000539376 1
8.5 -0.222122 -0.0656281 0 0 0 0.000539376 1
9 -0.222122 -0.0656281 0 0 0 0.000539376 1
9.5 -0.222122 -0.0656281 0 0 0 0.000539376 1
10 -0.222122 -0.0656281 0 0 0 0.000539376 1
10.5 -0.222122 -0.0656281 0 0 0 0.000539376 1
11 -0.222122 -0.0656281 0 0 0 0.000539376 1
11.5 -0.222122 -0.0656281 0 0 0 0.000539376 1
12 -0.222122 -0.0656281 0 0 0 0.000539376 1
12.5 -0.222122 -0.0656281 0 0 0 0.000539376 1
13 -0.222122 -0.0656281 0 0 0 0.000539376 1
13.5 -0.222122 -0.0656281 0 0 0 0.000539376 1
14 -0.222122 -0.0656281 0 0 0 0.000539376 1
14.5 -0.222122 -0.0656281 0 0 0 0.000539376 1
15 -0.222122 -0.0656281 0 0 0 0.000539376 1
15.5 -0.222122 -0.0656281 0 0 0 0.000539376 1
16 -0.222122 -0.0656281 0 0 0 0.000539376 1
16.5 -0.222122 -0.0656281 0 0 0 0.000539376 1
17 -0.222122 -0.0656281 0 0 0 0.000539376 1
17.5 -0.222122 -0.0656281 0 0 0 0.000539376 1
18 -0.222122 -0.0656281 0 0 0 0.000539376 1
18.5 -0.222122 -0.0656281 0 0 0 0.000539376 1
19 -0.222122 -0.0656281 0 0 0 0.000539376 1
19.5 -0.222122 -0.0656281 0 0 0 0.000539376 1
20 -0.222122 -0.0656281 0 0 0 0.000539376 1
20.1039 -0.116318 -0.070282 0 0 0 0.00336223 0.999994
20.2079 0.00323486 -0.0783539 0 0 0 0.00750311 0.999972
20.3118 0.0617371 -0.0835724 0 0 0 0.0113619 0.999935
20.4156 0.164536 -0.0978851 0 0 0 0.0156157 0.999878
20.5195 0.260712 -0.0498505 0 0 0 0.0206342 0.999787
20.6234 0.406433 -0.0564575 0 0 0 0.0276193 0.999619
20.7271 0.530396 -0.00785828 0 0 0 0.0368312 0.999322
20.8309 0.658783 0.0146027 0 0 0 0.0451467 0.99898
20.9346 0.838181 0.0580292 0 0 0 0.0559415 0.998434
21.0384 0.964279 0.110519 0 0 0 0.0665141 0.997786
21.1421 1.16113 0.140701 0 0 0 0.0797171 0.996818
21.2459 1.34093 0.15242 0 0 0 0.0914065 0.995814
21.3496 1.48726 0.234726 0 0 0 0.105905 0.994376
21.4533 1.69498 0.322723 0 0 0 0.121063 0.992645
21.557 1.85454 0.403763 0 0 0 0.137248 0.990537
21.6608 2.07008 0.506668 0 0 0 0.152968 0.988231
21.7644 2.2751 0.561249 0 0 0 0.169248 0.985573
21.868 2.47865 0.663544 0 0 0 0.187456 0.982273
21.9718 2.6467 0.82132 0 0 0 0.204412 0.978885
22.0755 2.88594 0.915619 0 0 0 0.223532 0.974697
22.1791 3.00594 1.06697 0 0 0 0.243569 0.969884
22.2829 3.19666 1.21567 0 0 0 0.264516 0.964381
22.3865 3.42409 1.34756 0 0 0 0.286692 0.958023
22.4901 3.59718 1.55972 0 0 0 0.310792 0.950478
22.5936 3.7916 1.74335 0 0 0 0.335014 0.942213
22.6973 3.97978 1.94305 0 0 0 0.360312 0.932832
22.8009 4.13754 2.15829 0 0 0 0.387431 0.921899
22.9046 4.29637 2.36108 0 0 0 0.414236 0.91017
23.0082 4.43221 2.60651 0 0 0 0.439876 0.898058
23.112 4.63095 2.88141 0 0 0 0.465877 0.884849
23.2158 4.74791 3.16342 0 0 0 0.493168 0.869934
23.3194 4.83305 3.46629 0 0 0 0.518171 0.855277
23.4231 4.94495 3.80563 0 0 0 0.545757 0.837944
23.5269 5.02002 4.1853 0 0 0 0.569939 0.821687
23.6306 5.08524 4.59238 0 0 0 0.593505 0.80483
23.7344 5.17278 4.95197 0 0 0 0.615872 0.787846
23.8383 5.24359 5.32422 0 0 0 0.637129 0.770758
23.9421 5.2509 5.82744 0 0 0 0.655522 0.755176
24.0463 5.24608 6.21315 0 0 0 0.671069 0.741395
24.1503 5.23895 6.6967 0 0 0 0.684408 0.729099
24.2544 5.24126 7.15053 0 0 0 0.698006 0.716092
24.3585 5.22334 7.66219 0 0 0 0.70916 0.705048
24.4626 5.21556 8.10719 0 0 0 0.719108 0.694898
24.5669 5.18956 8.63527 0 0 0 0.727532 0.686074
24.6712 5.15831 9.07732 0 0 0 0.732836 0.680405
24.7755 5.0739 9.61964 0 0 0 0.738305 0.674467
24.88 4.98912 10.2142 0 0 0 0.740988 0.671518
24.9842 4.89133 10.8082 0 0 0 0.742589 0.669747
25.0885 4.83803 11.3656 0 0 0 0.744809 0.667278
25.1929 4.76445 12.0434 0 0 0 0.744888 0.667189
25.2972 4.72139 12.6838 0 0 0 0.744915 0.66716
25.4015 4.64282 13.365 0 0 0 0.744573 0.667541
25.5057 4.58354 13.9441 0 0 0 0.744253 0.667898
25.61 4.48012 14.6584 0 0 0 0.742811 0.669502
25.7143 4.38278 15.3618 0 0 0 0.74243 0.669924
25.8184 4.29938 16.0668 0 0 0 0.741155 0.671334
25.9225 4.25621 16.7689 0 0 0 0.740945 0.671565
26.0268 4.2226 17.4906 0 0 0 0.740917 0.671596
26.1309 4.14783 18.2058 0 0 0 0.738909 0.673805
26.235 4.07001 18.9498 0 0 0 0.737614 0.675222
26.339 3.99335 19.7796 0 0 0 0.737454 0.675397
26.4431 3.93253 20.5279 0 0 0 0.737248 0.675622
26.5473 3.89198 21.3237 0 0 0 0.736491 0.676447
26.6513 3.84415 22.1456 0 0 0 0.736293 0.676663
26.7554 3.76819 22.9588 0 0 0 0.735238 0.677809
26.8594 3.70506 23.7167 0 0 0 0.733904 0.679253
26.9634 3.64761 24.5 0 0 0 0.736384 0.676563
27.0674 3.59229 25.3566 0 0 0 0.736794 0.676117
27.1713 3.48415 26.2024 0 0 0 0.736494 0.676444
27.2753 3.41043 27.0326 0 0 0 0.736385 0.676563
27.3793 3.3299 27.9018 0 0 0 0.736153 0.676815
27.4833 3.24036 28.7637 0 0 0 0.736973 0.675922
27.5873 3.17542 29.5961 0 0 0 0.73656 0.676372
27.6911 3.11461 30.401 0 0 0 0.737234 0.675637
27.7951 3.02158 31.2233 0 0 0 0.736999 0.675893
27.899 2.95053 32.1599 0 0 0 0.736161 0.676807
28.003 2.88455 32.9548 0 0 0 0.73666 0.676264
28.107 2.81107 33.7768 0 0 0 0.736329 0.676624
28.211 2.73763 34.6157 0 0 0 0.736211 0.676752
28.315 2.67369 35.4491 0 0 0 0.735413 0.67762
28.4189 2.59015 36.3273 0 0 0 0.735579 0.677439
28.5229 2.51361 37.1502 0 0 0 0.735389 0.677645
28.6269 2.44266 38.0218 0 0 0 0.735344 0.677694
28.7308 2.38478 38.8897 0 0 0 0.735367 0.677669
28.8348 2.36819 39.64 0 0 0 0.736103 0.67687
28.9388 2.30301 40.4479 0 0 0 0.737046 0.675842
29.0428 2.21097 41.3236 0 0 0 0.736262 0.676696
29.1466 2.13536 42.1564 0 0 0 0.735763 0.677239
29.2507 2.02614 42.9396 0 0 0 0.73572 0.677286
29.3545 1.96452 43.7764 0 0 0 0.735296 0.677747
29.4585 1.89844 44.5863 0 0 0 0.734933 0.678139
29.5625 1.84181 45.3898 0 0 0 0.735668 0.677343
29.6664 1.76599 46.2418 0 0 0 0.735466 0.677561
29.7704 1.70311 47.0705 0 0 0 0.736143 0.676826
29.8742 1.6479 47.8778 0 0 0 0.737239 0.675632
29.9781 1.5901 48.6669 0 0 0 0.737182 0.675695
30.0821 1.50093 49.478 0 0 0 0.737127 0.675754
30.186 1.4259 50.2978 0 0 0 0.737969 0.674834
30.29 1.34645 51.0757 0 0 0 0.738188 0.674595
30.3939 1.2709 51.9069 0 0 0 0.738438 0.674322
30.4978 1.20474 52.6836 0 0 0 0.738207 0.674574
30.6017 1.1209 53.4729 0 0 0 0.739227 0.673456
30.7056 1.05777 54.2484 0 0 0 0.739849 0.672772
30.8097 0.991608 55.0299 0 0 0 0.738765 0.673963
30.9135 0.91832 55.8218 0 0 0 0.739299 0.673378
31.0175 0.815155 56.5875 0 0 0 0.74043 0.672133
31.1214 0.718994 57.3022 0 0 0 0.740781 0.671747
31.2254 0.647354 58.0269 0 0 0 0.740487 0.672071
31.3293 0.568375 58.829 0 0 0 0.740824 0.6717
31.4333 0.52153 59.5409 0 0 0 0.740599 0.671947
31.5371 0.42482 60.2728 0 0 0 0.740847 0.671674
31.6411 0.350723 60.9641 0 0 0 0.740824 0.671699
31.7451 0.294189 61.6631 0 0 0 0.738929 0.673783
31.8491 0.232422 62.3574 0 0 0 0.737965 0.674839
31.9533 0.20459 62.9581 0 0 0 0.736542 0.676392
32.0573 0.170837 63.6238 0 0 0 0.73406 0.679085
32.1614 0.0889435 64.3085 0 0 0 0.73063 0.682773
32.2655 0.0776062 64.9241 0 0 0 0.725077 0.688667
32.3696 0.0589447 65.4853 0 0 0 0.72083 0.693111
32.4739 0.0544891 66.0738 0 0 0 0.71572 0.698387
32.5781 0.0571136 66.6533 0 0 0 0.708139 0.706073
32.6824 0.0861359 67.152 0 0 0 0.698365 0.715742
32.7868 0.117126 67.6765 0 0 0 0.687672 0.726021
32.8911 0.176437 68.15 0 0 0 0.675208 0.737628
32.9955 0.25322 68.6182 0 0 0 0.661287 0.750133
33.0999 0.369339 69.0861 0 0 0 0.645972 0.763361
33.2044 0.472458 69.5628 0 0 0 0.628376 0.77791
33.3088 0.636292 70.0276 0 0 0 0.609504 0.792783
33.4133 0.812988 70.4445 0 0 0 0.589084 0.808072
33.5176 0.999405 70.7983 0 0 0 0.566221 0.824253
33.6221 1.22949 71.1533 0 0 0 0.543007 0.839728
33.7265 1.47255 71.5293 0 0 0 0.518496 0.85508
33.8308 1.71236 71.8835 0 0 0 0.494658 0.869088
33.9351 1.96767 72.205 0 0 0 0.470956 0.882157
34.0394 2.26907 72.5039 0 0 0 0.447169 0.89445
34.1437 2.57719 72.7686 0 0 0 0.424162 0.905586
34.2479 2.89728 73.0554 0 0 0 0.39838 0.917221
34.3521 3.19756 73.344 0 0 0 0.372774 0.927922
34.4564 3.54756 73.5728 0 0 0 0.345538 0.938405
34.5606 3.93094 73.8221 0 0 0 0.318098 0.948058
34.6649 4.32375 74.0551 0 0 0 0.289222 0.957262
34.769 4.80159 74.2946 0 0 0 0.261805 0.965121
34.8732 5.25919 74.5451 0 0 0 0.235175 0.971953
34.9771 5.78197 74.7647 0 0 0 0.210396 0.977616
35.0812 6.26024 74.986 0 0 0 0.188031 0.982163
35.185 6.82448 75.1596 0 0 0 0.168958 0.985623
35.2888 7.3643 75.323 0 0 0 0.152076 0.988369
35.3925 7.93996 75.4626 0 0 0 0.139798 0.99018
35.4962 8.57115 75.5914 0 0 0 0.129814 0.991538
35.5999 9.17796 75.7301 0 0 0 0.120273 0.992741
35.7036 9.80742 75.8865 0 0 0 0.112617 0.993638
35.8073 10.4253 76.0056 0 0 0 0.106839 0.994276
35.911 11.1335 76.0948 0 0 0 0.100848 0.994902
36.0148 11.7942 76.2238 0 0 0 0.0939707 0.995575
36.1185 12.5212 76.3411 0 0 0 0.0861345 0.996284
36.2224 13.2021 76.432 0 0 0 0.0799417 0.9968
36.3261 13.9215 76.5455 0 0 0 0.0723178 0.997382
36.4299 14.5986 76.6346 0 0 0 0.0662781 0.997801
36.5338 15.3055 76.7288 0 0 0 0.0615423 0.998104
36.6375 16.0742 76.8096 0 0 0 0.0558702 0.998438
36.7413 16.9033 76.8786 0 0 0 0.0524239 0.998625
36.8451 17.7192 76.9681 0 0 0 0.0498472 0.998757
36.9489 18.4864 77.0265 0 0 0 0.0506897 0.998714
37.0526 19.2432 77.1049 0 0 0 0.0483363 0.998831
37.1564 20.0216 77.1778 0 0 0 0.0463428 0.998926
37.2603 20.7704 77.2522 0 0 0 0.0442769 0.999019
37.364 21.5424 77.3211 0 0 0 0.042301 0.999105
37.4679 22.3337 77.3818 0 0 0 0.0400636 0.999197
37.5717 23.06 77.4411 0 0 0 0.0394572 0.999221
37.6755 23.8633 77.4949 0 0 0 0.0375529 0.999295
37.7794 24.6321 77.5481 0 0 0 0.0369217 0.999318
37.8831 25.3663 77.5917 0 0 0 0.0357689 0.99936
37.987 26.1298 77.6352 0 0 0 0.0352095 0.99938
38.0909 26.8943 77.6868 0 0 0 0.0333722 0.999443
38.1948 27.7529 77.7468 0 0 0 0.0318762 0.999492
38.2985 28.508 77.7809 0 0 0 0.0301618 0.999545
38.4024 29.2279 77.8207 0 0 0 0.0306054 0.999532
38.5063 30.0229 77.8632 0 0 0 0.0293581 0.999569
38.6101 30.7193 77.8983 0 0 0 0.0285976 0.999591
38.7139 31.4678 77.9518 0 0 0 0.029325 0.99957
38.8178 32.2804 77.9798 0 0 0 0.0291958 0.999574
38.9216 33.0226 78.03 0 0 0 0.0288661 0.999583
39.0255 33.8067 78.0909 0 0 0 0.0286268 0.99959
39.1294 37.8161 78.386 0 0 0 0.0318936 0.999491
39.2333 37.4786 78.3607 0 0 0 0.0333625 0.999443
39.337 38.2468 78.4023 0 0 0 0.0349523 0.999389
39.4409 36.9503 78.3038 0 0 0 0.0350967 0.999384
39.5448 39.7586 78.5311 0 0 0 0.037865 0.999283
39.6485 39.0382 78.4658 0 0 0 0.0388619 0.999245
39.7524 39.4327 78.5188 0 0 0 0.0385086 0.999258
39.8563 42.1668 78.7124 0 0 0 0.0419345 0.99912
39.9601 40.995 78.6261 0 0 0 0.0407576 0.999169
40.064 41.8024 78.6824 0 0 0 0.0410676 0.999156
40.1679 42.645 78.7576 0 0 0 0.0432901 0.999063
40.2719 43.51 78.8149 0 0 0 0.0438255 0.999039
40.3758 44.352 78.8874 0 0 0 0.0427812 0.999084
40.4798 45.2171 78.9651 0 0 0 0.0426522 0.99909
40.5836 46.0433 79.0381 0 0 0 0.0419783 0.999119
40.6875 46.9299 79.1191 0 0 0 0.0418599 0.999124
40.7915 47.8196 79.1893 0 0 0 0.0409841 0.99916
40.8954 48.6271 79.2414 0 0 0 0.0403655 0.999185
40.9993 49.4856 79.304 0 0 0 0.0392361 0.99923
41.1033 50.3481 79.3474 0 0 0 0.0376397 0.999291
41.2071 51.2242 79.4072 0 0 0 0.036688 0.999327
41.3111 52.0511 79.4963 0 0 0 0.0365423 0.999332
41.415 52.9011 79.5537 0 0 0 0.0362166 0.999344
41.519 53.799 79.635 0 0 0 0.0378916 0.999282
41.6229 54.6708 79.7035 0 0 0 0.0373805 0.999301
41.7269 55.552 79.7739 0 0 0 0.0371181 0.999311
41.8308 56.4013 79.826 0 0 0 0.03558 0.999367
41.9346 57.2731 79.9147 0 0 0 0.0363722 0.999338
42.0387 58.0941 79.9609 0 0 0 0.035198 0.99938
42.1426 58.9087 80.0542 0 0 0 0.0366549 0.999328
42.2465 59.8051 80.0855 0 0 0 0.0386722 0.999252
42.3504 60.6477 80.1497 0 0 0 0.0384403 0.999261
42.4544 61.4665 80.199 0 0 0 0.040681 0.999172
42.5584 62.2858 80.2775 0 0 0 0.0414418 0.999141
42.6623 63.1014 80.3598 0 0 0 0.0448058 0.998996
42.7661 63.9283 80.4082 0 0 0 0.0463109 0.998927
42.8702 64.7139 80.4988 0 0 0 0.0478813 0.998853
42.974 65.5251 80.598 0 0 0 0.0492033 0.998789
43.078 66.3655 80.6935 0 0 0 0.0521588 0.998639
43.182 67.15 80.8051 0 0 0 0.0543732 0.998521
43.2859 67.9361 80.892 0 0 0 0.0567493 0.998388
43.3898 68.718 81.008 0 0 0 0.0612179 0.998124
43.4938 69.4996 81.0973 0 0 0 0.0629361 0.998018
43.5976 70.2991 81.1786 0 0 0 0.0655394 0.99785
43.7015 71.0961 81.3157 0 0 0 0.0686739 0.997639
43.8055 71.8528 81.4079 0 0 0 0.0713235 0.997453
43.9094 72.6037 81.5303 0 0 0 0.0745754 0.997215
44.0134 73.3967 81.6763 0 0 0 0.0771031 0.997023
44.1173 74.1711 81.815 0 0 0 0.0798302 0.996808
44.2213 74.9475 81.9711 0 0 0 0.0827619 0.996569
44.3251 75.6241 82.0783 0 0 0 0.0874692 0.996167
44.4291 76.3523 82.2084 0 0 0 0.088948 0.996036
44.533 77.0817 82.3886 0 0 0 0.0934862 0.995621
44.6369 77.8548 82.5381 0 0 0 0.0989392 0.995093
44.7408 78.6103 82.6914 0 0 0 0.104558 0.994519
44.8446 79.352 82.8435 0 0 0 0.111569 0.993757
44.9485 79.9874 83.0106 0 0 0 0.112448 0.993658
45.0524 80.7721 83.1898 0 0 0 0.121037 0.992648
45.1563 81.4558 83.3868 0 0 0 0.127807 0.991799
45.2601 82.1728 83.6022 0 0 0 0.134476 0.990917
45.364 82.8769 83.7953 0 0 0 0.140472 0.990085
45.4679 83.6077 84.0326 0 0 0 0.149129 0.988818
45.5718 84.3301 84.2618 0 0 0 0.153793 0.988103
45.6756 85.0667 84.5067 0 0 0 0.160468 0.987041
45.7795 85.7696 84.7366 0 0 0 0.165962 0.986132
45.8834 86.502 84.9681 0 0 0 0.172329 0.98504
45.9874 87.1545 85.2323 0 0 0 0.177624 0.984098
46.0913 87.8826 85.521 0 0 0 0.181163 0.983453
46.1953 88.5263 85.7735 0 0 0 0.18609 0.982533
46.2993 89.1924 86.0459 0 0 0 0.189383 0.981903
46.4031 89.8925 86.3208 0 0 0 0.19277 0.981244
46.507 90.613 86.6181 0 0 0 0.196443 0.980515
46.611 91.3275 86.9429 0 0 0 0.2008 0.979632
46.7149 92.0367 87.2558 0 0 0 0.203783 0.979016
46.8189 92.7515 87.5671 0 0 0 0.2103 0.977637
46.9229 93.3848 87.8261 0 0 0 0.209872 0.977729
47.0269 94.0685 88.1616 0 0 0 0.213909 0.976854
47.1309 94.7554 88.4538 0 0 0 0.216255 0.976337
47.2348 95.4739 88.7966 0 0 0 0.217892 0.975973
47.3386 96.1349 89.1268 0 0 0 0.220042 0.97549
47.4427 96.2472 89.1916 0 0 0 0.218638 0.975806
47.5465 96.8888 89.5259 0 0 0 0.223691 0.97466
47.6505 96.8806 89.4738 0 0 0 0.221505 0.975159
47.7544 97.8768 90.0121 0 0 0 0.224826 0.974399
47.8584 99.1425 90.7027 0 0 0 0.232568 0.97258
47.9623 99.7222 90.9876 0 0 0 0.234816 0.97204
48.0662 100.915 91.62 0 0 0 0.240258 0.970709
48.17 101.611 92.0121 0 0 0 0.242541 0.970141
48.274 101.648 92.0233 0 0 0 0.23994 0.970788
48.3779 102.383 92.4212 0 0 0 0.243314 0.969948
48.4819 103.023 92.7637 0 0 0 0.246132 0.969236
48.5858 103.154 92.9014 0 0 0 0.249055 0.968489
48.6897 103.369 93.0017 0 0 0 0.247267 0.968947
48.7937 103.697 93.2996 0 0 0 0.251532 0.967849
48.8975 104.103 93.5516 0 0 0 0.25026 0.968179
49.0015 104.946 93.9712 0 0 0 0.25352 0.96733
49.1054 105.5 94.3079 0 0 0 0.254341 0.967115
49.2094 106.265 94.7374 0 0 0 0.252576 0.967577
49.3133 108.153 95.7355 0 0 0 0.260978 0.965345
49.4173 109.312 96.3944 0 0 0 0.265334 0.964157
49.5211 109.93 96.7041 0 0 0 0.266829 0.963744
49.625 110.452 97.0489 0 0 0 0.2701 0.962832
49.729 110.97 97.3575 0 0 0 0.267313 0.96361
49.8329 111.495 97.6539 0 0 0 0.271315 0.96249
49.9368 112.078 98.0077 0 0 0 0.272113 0.962265
50.0408 112.545 98.3638 0 0 0 0.274472 0.961595
50.1446 113.042 98.6633 0 0 0 0.275577 0.961279
50.2485 113.624 98.9435 0 0 0 0.275887 0.96119
50.3524 113.949 99.2685 0 0 0 0.277857 0.960622
50.4563 114.41 99.5 0 0 0 0.277489 0.960729
50.5603 114.858 99.7894 0 0 0 0.277324 0.960777
50.664 115.207 100.004 0 0 0 0.280153 0.959955
50.7679 115.554 100.294 0 0 0 0.284087 0.958798
50.8718 115.934 100.479 0 0 0 0.285002 0.958527
50.9757 116.215 100.76 0 0 0 0.289759 0.9571
51.0795 116.555 100.948 0 0 0 0.291873 0.956457
51.1833 116.804 101.137 0 0 0 0.294639 0.955609
51.2871 117.059 101.285 0 0 0 0.298437 0.954429
51.3909 117.322 101.481 0 0 0 0.302639 0.953105
51.4947 117.579 101.677 0 0 0 0.309265 0.950976
51.5984 117.873 101.85 0 0 0 0.31496 0.949105
51.7021 118.015 102.046 0 0 0 0.322069 0.946716
51.8058 118.19 102.21 0 0 0 0.329987 0.943986
51.9095 118.416 102.365 0 0 0 0.339606 0.940568
52.0131 118.55 102.554 0 0 0 0.351617 0.936144
52.1169 118.728 102.729 0 0 0 0.361478 0.932381
52.2206 118.873 102.878 0 0 0 0.371295 0.928515
52.3244 118.995 103.022 0 0 0 0.382404 0.923995
52.4282 119.099 103.187 0 0 0 0.393463 0.91934
52.5318 119.236 103.336 0 0 0 0.405214 0.914222
52.6355 119.363 103.519 0 0 0 0.417207 0.908812
52.7393 119.477 103.676 0 0 0 0.430076 0.902793
52.8429 119.573 103.855 0 0 0 0.443363 0.896342
52.9467 119.655 104.033 0 0 0 0.4561 0.889929
53.0504 119.732 104.208 0 0 0 0.47061 0.882341
53.154 119.8 104.405 0 0 0 0.481526 0.876432
53.2578 119.892 104.554 0 0 0 0.496734 0.867903
53.3616 119.98 104.798 0 0 0 0.510299 0.859997
53.4653 120.028 105.022 0 0 0 0.523333 0.852128
53.569 120.113 105.241 0 0 0 0.538721 0.842484
53.6728 120.167 105.478 0 0 0 0.553947 0.832552
53.7764 120.227 105.691 0 0 0 0.571131 0.820859
53.88 120.27 105.974 0 0 0 0.588775 0.808297
53.9837 120.33 106.3 0 0 0 0.607902 0.794012
54.0874 120.363 106.579 0 0 0 0.624986 0.780636
54.191 120.417 106.891 0 0 0 0.644965 0.764212
54.2948 120.473 107.216 0 0 0 0.664423 0.747357
54.3984 120.429 107.569 0 0 0 0.683371 0.730071
54.5021 120.382 107.949 0 0 0 0.701863 0.712312
54.6059 120.38 108.268 0 0 0 0.721053 0.692879
54.7097 120.292 108.704 0 0 0 0.740091 0.672507
54.8134 120.159 109.047 0 0 0 0.756736 0.65372
54.9171 120.064 109.454 0 0 0 0.773649 0.633615
55.021 119.942 109.904 0 0 0 0.790154 0.612908
55.1248 119.748 110.338 0 0 0 0.804825 0.593512
55.2287 119.66 110.759 0 0 0 0.818998 0.573797
55.3325 119.442 111.202 0 0 0 0.832082 0.554653
55.4364 119.248 111.628 0 0 0 0.845263 0.53435
55.5404 118.986 112.102 0 0 0 0.857297 0.514822
55.6444 118.728 112.521 0 0 0 0.866599 0.499005
55.7486 118.387 112.987 0 0 0 0.875172 0.483812
55.8528 118.01 113.498 0 0 0 0.881173 0.472795
55.9571 117.643 114.034 0 0 0 0.886322 0.463069
56.0613 117.247 114.551 0 0 0 0.890204 0.455562
56.1657 116.868 115.061 0 0 0 0.893034 0.449989
56.2699 116.466 115.566 0 0 0 0.896031 0.443992
56.3742 116.043 116.102 0 0 0 0.898001 0.439993
56.4784 115.632 116.646 0 0 0 0.900106 0.43567
56.5827 115.172 117.23 0 0 0 0.901745 0.432268
56.6869 114.685 117.785 0 0 0 0.902749 0.430168
56.7911 114.236 118.411 0 0 0 0.903834 0.427883
56.8951 113.718 118.975 0 0 0 0.904974 0.425468
56.9995 113.245 119.554 0 0 0 0.904591 0.426281
57.1035 112.719 120.214 0 0 0 0.904719 0.426009
57.2076 112.207 120.853 0 0 0 0.904852 0.425727
57.3118 111.672 121.472 0 0 0 0.90557 0.424196
57.4159 111.165 122.094 0 0 0 0.905581 0.424172
57.52 110.6 122.757 0 0 0 0.904937 0.425546
57.6241 110.05 123.421 0 0 0 0.906149 0.422959
57.7281 109.472 124.076 0 0 0 0.906138 0.422982
57.8323 108.888 124.786 0 0 0 0.906516 0.422172
57.9363 108.284 125.473 0 0 0 0.907494 0.420065
58.0403 107.732 126.153 0 0 0 0.907591 0.419855
58.1443 107.115 126.823 0 0 0 0.90727 0.420548
58.2483 106.513 127.557 0 0 0 0.908009 0.41895
58.3523 105.938 128.252 0 0 0 0.908398 0.418107
58.4562 105.301 128.964 0 0 0 0.90828 0.418362
58.5602 104.677 129.701 0 0 0 0.908505 0.417874
58.6642 104.039 130.469 0 0 0 0.90824 0.418451
58.7682 103.417 131.189 0 0 0 0.908395 0.418114
58.872 102.771 131.941 0 0 0 0.908507 0.41787
58.976 102.142 132.679 0 0 0 0.907987 0.418998
59.0799 101.48 133.456 0 0 0 0.90845 0.417993
59.1839 100.844 134.231 0 0 0 0.908506 0.417871
59.2878 100.174 134.98 0 0 0 0.908811 0.417208
59.3918 99.5314 135.762 0 0 0 0.908975 0.416851
59.4958 98.8346 136.555 0 0 0 0.908959 0.416886
59.5996 98.2286 137.323 0 0 0 0.909281 0.416182
59.7036 97.5847 138.025 0 0 0 0.908857 0.417109
59.8079 96.9512 138.763 0 0 0 0.908486 0.417916
59.9113 96.2773 139.483 0 0 0 0.908737 0.41737
60.0153 95.6427 140.256 0 0 0 0.909516 0.415669
60.1191 94.98 141.028 0 0 0 0.909537 0.415624
60.223 94.3375 141.784 0 0 0 0.909738 0.415184
60.3269 93.6842 142.528 0 0 0 0.909504 0.415694
60.4308 93.0459 143.244 0 0 0 0.909634 0.415411
60.535 92.3692 144.033 0 0 0 0.90966 0.415355
60.6387 91.7702 144.796 0 0 0 0.908748 0.417344
60.7425 91.195 145.497 0 0 0 0.908401 0.4181
60.8464 90.5535 146.261 0 0 0 0.908142 0.418662
60.9504 89.9106 146.995 0 0 0 0.907892 0.419203
61.0546 89.2766 147.766 0 0 0 0.907287 0.420512
61.1582 88.6313 148.558 0 0 0 0.907543 0.419959
61.2625 88.032 149.298 0 0 0 0.90657 0.422054
61.3659 87.3725 150.13 0 0 0 0.906809 0.421542
61.4698 86.7637 150.817 0 0 0 0.9069 0.421345
61.5736 86.1334 151.549 0 0 0 0.907559 0.419924
61.6774 85.5066 152.329 0 0 0 0.907147 0.420814
61.7812 84.8717 153.091 0 0 0 0.907207 0.420684
61.8851 84.2439 153.855 0 0 0 0.906994 0.421143
61.9888 83.6582 154.549 0 0 0 0.907263 0.420563
62.0927 82.997 155.318 0 0 0 0.906831 0.421494
62.1964 82.3756 156.041 0 0 0 0.907661 0.419704
62.3002 81.7581 156.791 0 0 0 0.907957 0.419063
62.4041 81.1465 157.496 0 0 0 0.907649 0.419731
62.5078 80.4965 158.288 0 0 0 0.908076 0.418805
62.6115 79.887 159.029 0 0 0 0.908374 0.41816
62.7153 79.2461 159.778 0 0 0 0.908041 0.418882
62.8192 78.6416 160.492 0 0 0 0.90855 0.417776
62.9229 78.0282 161.204 0 0 0 0.908334 0.418245
63.0269 77.3686 161.934 0 0 0 0.907696 0.419628
63.1306 76.7579 162.655 0 0 0 0.907184 0.420733
63.2344 76.1662 163.346 0 0 0 0.907648 0.419732
63.3383 75.535 164.086 0 0 0 0.906971 0.421192
63.4421 74.9904 164.787 0 0 0 0.907197 0.420705
63.5459 74.4044 165.481 0 0 0 0.907964 0.419049
63.6498 73.7486 166.231 0 0 0 0.906908 0.421328
63.7537 73.2094 166.9 0 0 0 0.9067 0.421775
63.8575 72.6463 167.578 0 0 0 0.906532 0.422136
63.9613 72.067 168.256 0 0 0 0.907513 0.420024
64.0652 71.4789 168.983 0 0 0 0.906469 0.422273
64.1691 70.8811 169.749 0 0 0 0.905512 0.424321
64.2728 70.2625 170.485 0 0 0 0.905838 0.423624
64.3767 69.7629 171.085 0 0 0 0.905402 0.424556
64.4805 69.1699 171.798 0 0 0 0.905859 0.423579
64.5843 68.5776 172.503 0 0 0 0.905882 0.423529
64.6882 68.1013 173.121 0 0 0 0.905953 0.423378
64.7922 67.5158 173.764 0 0 0 0.906045 0.423181
64.8959 66.9549 174.437 0 0 0 0.905234 0.424914
64.9997 66.5064 174.982 0 0 0 0.907236 0.420622
65.1036 65.9715 175.622 0 0 0 0.906648 0.421887
65.2073 65.3801 176.287 0 0 0 0.906657 0.421869
65.3112 64.8649 176.935 0 0 0 0.906018 0.423238
65.4152 65.2509 176.347 0 0 0 0.904814 0.425807
65.5189 65.3856 176.176 0 0 0 0.905636 0.424056
65.623 65.5919 175.72 0 0 0 0.906716 0.421742
65.7265 65.4641 175.877 0 0 0 0.907084 0.420951
65.8311 65.0893 176.323 0 0 0 0.907857 0.419279
65.9343 65.2515 176.212 0 0 0 0.907134 0.420841
66.0382 64.6773 177.003 0 0 0 0.909072 0.416639
66.1421 64.0426 177.598 0 0 0 0.908312 0.418294
66.2459 63.3754 178.314 0 0 0 0.91315 0.407623
66.3497 62.4297 179.407 0 0 0 0.916288 0.400521
66.4534 61.7299 180.528 0 0 0 0.915556 0.402191
66.5572 61.4682 180.504 0 0 0 0.91665 0.399692
66.661 60.6105 181.407 0 0 0 0.924821 0.380404
66.7645 59.2242 183.563 0 0 0 0.924399 0.381427
66.8683 58.2192 184.55 0 0 0 0.929137 0.369735
66.9719 57.7038 185.006 0 0 0 0.933573 0.358387
67.0756 57.2229 185.299 0 0 0 0.938933 0.344101
67.1792 56.7287 185.711 0 0 0 0.944073 0.329736
67.2829 56.3424 186.008 0 0 0 0.949718 0.313107
67.3865 55.8859 186.224 0 0 0 0.954893 0.296951
67.4902 55.5277 186.508 0 0 0 0.961046 0.276387
67.5939 54.9283 186.694 0 0 0 0.966912 0.255111
67.6974 54.4555 186.793 0 0 0 0.971721 0.236133
67.8012 53.9579 187.045 0 0 0 0.978029 0.208467
67.9049 53.4635 187.08 0 0 0 0.98244 0.186579
68.0086 53.0004 187.252 0 0 0 0.986757 0.162203
68.1123 52.5322 187.281 0 0 0 0.990494 0.137555
68.2161 52.0817 187.394 0 0 0 0.99343 0.114438
68.3198 51.5394 187.421 0 0 0 0.996003 0.0893196
68.4236 51.0356 187.431 0 0 0 0.998002 0.0631808
68.5274 50.5574 187.388 0 0 0 0.999266 0.0383126
68.6312 50.0897 187.359 0 0 0 0.999933 0.0116072
68.7349 49.6051 187.368 0 0 0 0.999886 -0.0151068
68.8388 49.1715 187.265 0 0 0 0.999258 -0.0385207
68.9425 48.7246 187.203 0 0 0 0.997868 -0.0652629
69.0464 48.2762 187.084 0 0 0 0.996026 -0.0890667
69.1503 47.8489 186.971 0 0 0 0.993398 -0.114719
69.254 47.4422 186.811 0 0 0 0.990145 -0.140048
69.3579 47.0082 186.689 0 0 0 0.986501 -0.163752
69.4618 46.6073 186.49 0 0 0 0.982175 -0.187968
69.5658 46.2167 186.27 0 0 0 0.97768 -0.210101
69.6698 45.7755 186.028 0 0 0 0.972659 -0.23224
69.7738 45.3593 185.776 0 0 0 0.968161 -0.250329
69.878 44.9555 185.509 0 0 0 0.964285 -0.264865
69.9822 44.5627 185.231 0 0 0 0.960544 -0.278127
70.0864 44.1874 184.994 0 0 0 0.955377 -0.295391
70.1907 43.7907 184.644 0 0 0 0.953417 -0.301656
70.2951 43.4107 184.385 0 0 0 0.950236 -0.311529
70.3993 42.9784 184.051 0 0 0 0.948014 -0.318227
70.5037 42.5963 183.729 0 0 0 0.946573 -0.322488
70.608 42.1859 183.412 0 0 0 0.944574 -0.328298
70.7124 41.7885 183.082 0 0 0 0.943193 -0.332244
70.8167 41.3602 182.739 0 0 0 0.94194 -0.335782
70.9209 40.9063 182.368 0 0 0 0.941723 -0.336389
71.0253 40.5012 182.007 0 0 0 0.940825 -0.338894
71.1295 40.0911 181.639 0 0 0 0.940714 -0.3392
71.2338 39.6514 181.26 0 0 0 0.941035 -0.33831
71.338 39.1676 180.854 0 0 0 0.940183 -0.34067
71.4422 38.7056 180.451 0 0 0 0.940735 -0.339143
71.5464 38.2215 180.076 0 0 0 0.940508 -0.339772
71.6505 37.7293 179.669 0 0 0 0.940566 -0.339612
71.7546 37.2213 179.26 0 0 0 0.940228 -0.340547
71.8588 36.7017 178.821 0 0 0 0.940081 -0.34095
71.9628 36.1704 178.426 0 0 0 0.940758 -0.33908
72.0669 35.6308 177.936 0 0 0 0.941099 -0.338132
72.171 35.0655 177.454 0 0 0 0.94049 -0.339821
72.275 34.503 176.991 0 0 0 0.940472 -0.33987
72.379 33.9021 176.507 0 0 0 0.940471 -0.339873
72.4832 33.3074 175.997 0 0 0 0.940782 -0.339012
72.5872 32.7024 175.475 0 0 0 0.941438 -0.337185
72.6912 32.0581 174.952 0 0 0 0.94016 -0.340735
72.7952 31.4489 174.406 0 0 0 0.940977 -0.338471
72.8992 30.77 173.859 0 0 0 0.940623 -0.339453
73.0032 30.1258 173.322 0 0 0 0.940751 -0.339098
73.1072 29.4425 172.782 0 0 0 0.941076 -0.338195
73.2112 28.7798 172.212 0 0 0 0.940654 -0.339366
73.3152 28.0997 171.646 0 0 0 0.94067 -0.339322
73.4192 27.379 171.074 0 0 0 0.941065 -0.338225
73.5231 26.6864 170.547 0 0 0 0.94112 -0.338074
73.627 25.9897 169.971 0 0 0 0.941326 -0.337497
73.731 25.2759 169.363 0 0 0 0.941219 -0.337797
73.8351 24.5446 168.771 0 0 0 0.940859 -0.338797
73.9389 23.8107 168.169 0 0 0 0.94045 -0.339932
74.0429 23.0895 167.568 0 0 0 0.940852 -0.338819
74.1468 22.3926 166.996 0 0 0 0.941417 -0.337246
74.2508 21.644 166.401 0 0 0 0.940825 -0.338894
74.3547 20.9007 165.798 0 0 0 0.941046 -0.33828
74.4587 20.1721 165.192 0 0 0 0.941346 -0.337443
74.5625 19.4824 164.627 0 0 0 0.941601 -0.33673
74.6664 18.8051 164.085 0 0 0 0.941714 -0.336414
74.7704 18.0427 163.468 0 0 0 0.941168 -0.337938
74.8743 17.3105 162.893 0 0 0 0.94183 -0.33609
74.9785 16.562 162.312 0 0 0 0.942367 -0.33458
75.082 15.8518 161.713 0 0 0 0.942496 -0.334217
75.1859 15.195 161.177 0 0 0 0.942675 -0.333712
75.2908 14.4702 160.607 0 0 0 0.94273 -0.333558
75.3937 13.7467 160.006 0 0 0 0.943481 -0.331428
75.4977 13.011 159.449 0 0 0 0.944968 -0.327162
75.6017 12.2747 158.883 0 0 0 0.946178 -0.323645
75.7057 11.5868 158.382 0 0 0 0.948237 -0.317563
75.8097 10.8846 157.842 0 0 0 0.950518 -0.310668
75.9138 10.123 157.333 0 0 0 0.953532 -0.30129
76.0179 9.3419 156.805 0 0 0 0.956548 -0.291576
76.122 8.62361 156.371 0 0 0 0.960193 -0.279339
76.2262 7.91234 155.97 0 0 0 0.964316 -0.264754
76.3305 7.14769 155.529 0 0 0 0.968154 -0.250355
76.4347 6.38997 155.211 0 0 0 0.972724 -0.231965
76.5389 5.56223 154.811 0 0 0 0.976015 -0.217703
76.643 4.79176 154.508 0 0 0 0.979068 -0.203535
76.7473 4.03088 154.206 0 0 0 0.982767 -0.184847
76.8514 3.21877 153.934 0 0 0 0.985679 -0.168634
76.9556 2.40454 153.703 0 0 0 0.98823 -0.152974
77.0596 1.59612 153.462 0 0 0 0.990276 -0.139116
77.1636 0.756119 153.237 0 0 0 0.992094 -0.125499
77.2675 -0.088623 153.047 0 0 0 0.993457 -0.114209
77.3713 -0.983002 152.871 0 0 0 0.994318 -0.106448
77.4752 -1.84032 152.702 0 0 0 0.99537 -0.0961165
77.5791 -2.69371 152.541 0 0 0 0.996311 -0.0858196
77.6829 -3.57794 152.393 0 0 0 0.997016 -0.0771912
77.7867 -4.47462 152.286 0 0 0 0.9976 -0.0692472
77.8906 -5.37044 152.158 0 0 0 0.998056 -0.062328
77.9949 -6.29585 152.079 0 0 0 0.998313 -0.0580638
78.0981 -7.19588 151.97 0 0 0 0.998542 -0.0539753
78.2019 -8.161 152.262 0 0 0 0.999905 -0.0137618
78.3054 -9.25674 152.442 0 0 0 0.999993 -0.00374217
78.4092 -10.2507 152.695 0 0 0 0.999995 -0.00300319
78.5128 -11.0107 151.591 0 0 0 0.998711 -0.0507522
78.6166 -11.9648 151.463 0 0 0 0.998771 -0.0495668
78.7205 -12.9518 151.347 0 0 0 0.998718 -0.0506114
78.824 -13.9232 151.217 0 0 0 0.998734 -0.0503078
78.9278 -14.9109 151.117 0 0 0 0.998745 -0.0500796
79.0317 -15.961 151.032 0 0 0 0.998708 -0.0508192
79.1354 -17.0132 150.906 0 0 0 0.99862 -0.0525243
79.2392 -18.0246 150.8 0 0 0 0.998539 -0.0540446
79.3431 -19.0587 150.67 0 0 0 0.998604 -0.0528167
79.4468 -20.1084 150.553 0 0 0 0.998521 -0.0543689
79.5507 -21.1532 150.43 0 0 0 0.998558 -0.0536875
79.6545 -22.1981 150.314 0 0 0 0.998596 -0.0529768
79.7584 -23.2758 150.209 0 0 0 0.998603 -0.0528436
79.8625 -24.2909 150.08 0 0 0 0.998719 -0.0505907
79.966 -25.3537 149.984 0 0 0 0.998807 -0.0488421
80.0697 -26.4174 149.881 0 0 0 0.998764 -0.049695
80.1734 -27.4604 149.773 0 0 0 0.998662 -0.0517056
80.2772 -28.478 149.701 0 0 0 0.998748 -0.0500253
80.3811 -29.5559 149.597 0 0 0 0.998767 -0.049642
80.4848 -30.5871 149.436 0 0 0 0.998729 -0.050401
80.5885 -31.5915 149.326 0 0 0 0.998774 -0.0494991
80.6926 -32.6043 149.229 0 0 0 0.998849 -0.0479604
80.797 -33.656 149.122 0 0 0 0.998845 -0.0480446
80.9002 -34.6985 149.045 0 0 0 0.998906 -0.04677
81.0039 -35.7353 148.934 0 0 0 0.999025 -0.0441559
81.1077 -36.7695 148.826 0 0 0 0.999178 -0.0405403
81.2116 -37.8069 148.746 0 0 0 0.99921 -0.0397287
81.3153 -38.8138 148.669 0 0 0 0.999284 -0.0378468
81.4192 -39.7488 148.336 0 0 0 0.999896 -0.014403
81.5229 -40.5651 147.852 0 0 0 0.999982 0.00595371
81.6268 -41.9199 147.688 0 0 0 0.999939 0.0110622
81.731 -42.5367 147.467 0 0 0 0.999625 0.0273672
81.8345 -43.9335 148.276 0 0 0 0.999391 -0.0348976
81.9384 -44.8835 148.211 0 0 0 0.999335 -0.0364747
82.0421 -45.8838 148.14 0 0 0 0.999388 -0.0349699
82.1459 -46.8479 148.082 0 0 0 0.999376 -0.0353124
82.2499 -47.8447 148.022 0 0 0 0.999413 -0.034244
82.3537 -48.8568 147.951 0 0 0 0.999429 -0.033782
82.4574 -49.8391 147.895 0 0 0 0.999437 -0.0335563
82.5613 -50.7989 147.84 0 0 0 0.999416 -0.0341788
82.6653 -51.709 147.772 0 0 0 0.999371 -0.0354617
82.7691 -52.7101 147.684 0 0 0 0.999389 -0.0349481
82.8728 -53.7023 147.644 0 0 0 0.999378 -0.0352519
82.9767 -54.6385 147.586 0 0 0 0.999404 -0.0345168
83.0807 -55.6645 147.49 0 0 0 0.999382 -0.0351554
83.1845 -56.6374 147.421 0 0 0 0.99929 -0.0376695
83.2882 -57.6541 147.319 0 0 0 0.999178 -0.0405493
83.3921 -58.5975 147.249 0 0 0 0.999125 -0.0418195
83.4958 -59.4959 147.179 0 0 0 0.999097 -0.042478
83.5997 -60.4107 147.054 0 0 0 0.999078 -0.0429362
83.7036 -61.373 146.972 0 0 0 0.998984 -0.0450662
83.8074 -62.2396 146.89 0 0 0 0.999018 -0.04431
83.9114 -63.1229 146.801 0 0 0 0.998918 -0.0465104
84.0158 -63.9884 146.695 0 0 0 0.998909 -0.0466927
84.1195 -64.7165 146.623 0 0 0 0.998879 -0.0473412
84.2234 -65.0467 146.622 0 0 0 0.998732 -0.0503345
84.3274 -65.873 146.567 0 0 0 0.998157 -0.0606802
84.4314 -66.7595 146.474 0 0 0 0.998976 -0.0452511
84.5356 -67.5113 146.425 0 0 0 0.999095 -0.0425262
84.6396 -68.4242 146.385 0 0 0 0.99934 -0.0363178
84.7436 -69.3215 146.341 0 0 0 0.999482 -0.032173
84.8476 -70.5509 146.279 0 0 0 0.999747 -0.022487
84.9516 -71.3607 146.248 0 0 0 0.999862 -0.0166123
85.0555 -72.1069 146.241 0 0 0 0.99993 -0.011819
85.1595 -72.7925 146.241 0 0 0 0.999955 -0.00943368
85.2635 -73.0475 146.238 0 0 0 0.999927 -0.0121019
85.3675 -73.7455 146.24 0 0 0 0.999989 -0.00476163
85.4715 -73.9351 146.335 0 0 0 1 0.000879125
85.5753 -72.9581 146.482 0 0 0 0.999767 0.0215872
85.6793 -73.4397 146.525 0 0 0 0.99972 0.0236783
85.7833 -74.1144 146.482 0 0 0 0.999435 0.0336189
85.8873 -74.6038 146.639 0 0 0 0.998502 0.0547095
85.9912 -75.2155 146.687 0 0 0 0.998648 0.0519892
86.0953 -75.5502 146.724 0 0 0 0.998297 0.0583335
86.1991 -74.3624 146.811 0 0 0 0.997293 0.0735234
86.3031 -73.7878 146.898 0 0 0 0.996408 0.0846815
86.4071 -73.3637 146.938 0 0 0 0.995532 0.0944242
86.5129 -74.6115 147.092 0 0 0 0.992354 0.123426
86.6148 -74.47 147.19 0 0 0 0.991082 0.13325
86.7188 -74.8084 147.179 0 0 0 0.992286 0.123967
86.8241 -75.3554 147.214 0 0 0 0.993232 0.116151
86.9268 -75.2291 147.279 0 0 0 0.992745 0.120241
87.0316 -75.173 147.442 0 0 0 0.991194 0.132418
87.1347 -75.5169 147.382 0 0 0 0.992416 0.122922
87.2385 -75.2009 147.547 0 0 0 0.989729 0.142957
87.3425 -75.3643 147.57 0 0 0 0.989949 0.141423
87.4465 -75.9125 147.472 0 0 0 0.993077 0.117467
87.5503 -75.9229 147.515 0 0 0 0.992877 0.11914
87.6543 -76.1394 147.568 0 0 0 0.992852 0.11935
87.7582 -76.3906 147.628 0 0 0 0.992732 0.120343
87.8622 -76.4693 147.678 0 0 0 0.992834 0.119504
87.9661 -76.0405 147.944 0 0 0 0.988883 0.148699
88.0702 -76.0818 148.004 0 0 0 0.989224 0.146408
88.174 -76.8197 147.799 0 0 0 0.992975 0.118321
88.2779 -76.9735 147.819 0 0 0 0.993271 0.115813
88.3818 -77.0252 147.78 0 0 0 0.994399 0.10569
88.4859 -76.9785 147.818 0 0 0 0.994418 0.105515
88.59 -76.5579 147.9 0 0 0 0.992603 0.121408
88.694 -76.4734 147.895 0 0 0 0.992579 0.121603
88.798 -75.7983 148.11 0 0 0 0.989226 0.146394
88.9021 -76.284 147.963 0 0 0 0.991677 0.12875
89.006 -75.8569 148.171 0 0 0 0.989547 0.144214
89.1108 -76.5152 148.044 0 0 0 0.991213 0.132277
89.2142 -76.1802 147.887 0 0 0 0.993126 0.117049
89.3182 -76.2449 147.957 0 0 0 0.991675 0.128767
89.4223 -76.1191 148.086 0 0 0 0.990304 0.138919
89.5263 -75.5145 147.948 0 0 0 0.991826 0.127601
89.6303 -75.4092 148.085 0 0 0 0.990054 0.140684
89.7343 -75.3126 148.084 0 0 0 0.989618 0.143725
89.8384 -76.5209 148.017 0 0 0 0.991243 0.13205
89.9433 -76.4488 148.008 0 0 0 0.991095 0.133155
90.0472 -76.3023 148.01 0 0 0 0.99084 0.13504
90.1505 -76.7424 148.097 0 0 0 0.99145 0.130487
90.2544 -76.6306 148.104 0 0 0 0.990903 0.134579
90.3584 -76.2786 148.077 0 0 0 0.990211 0.13958
90.4624 -76.2689 148.079 0 0 0 0.990168 0.13988
90.5665 -76.1521 148.087 0 0 0 0.990215 0.13955
90.6706 -76.2233 148.079 0 0 0 0.990224 0.139485
90.7745 -76.2984 148.006 0 0 0 0.991568 0.129587
90.8785 -76.489 148.046 0 0 0 0.991716 0.128452
90.9825 -76.1766 147.952 0 0 0 0.992753 0.120176
91.0867 -76.7628 147.983 0 0 0 0.993176 0.116629
91.1907 -76.3732 148.093 0 0 0 0.990623 0.136624
91.2947 -76.4395 148.103 0 0 0 0.990949 0.134242
91.3988 -76.9809 147.964 0 0 0 0.993386 0.114822
91.503 -76.8089 148.094 0 0 0 0.992556 0.12179
91.6069 -76.9665 148.096 0 0 0 0.992553 0.121814
91.711 -77.1764 147.893 0 0 0 0.994195 0.107594
91.8177 -77.2284 147.863 0 0 0 0.993981 0.109551
91.919 -76.9716 147.898 0 0 0 0.993505 0.11379
92.0231 -76.7432 148.151 0 0 0 0.991442 0.13055
92.1271 -76.9391 148.128 0 0 0 0.992286 0.123973
92.232 -75.5774 148.118 0 0 0 0.990444 0.137913
92.3351 -75.7579 148.162 0 0 0 0.989562 0.144106
92.4392 -76.5266 147.962 0 0 0 0.991327 0.131422
92.5432 -76.6025 148.238 0 0 0 0.990303 0.138922
92.6472 -77.2467 147.915 0 0 0 0.994384 0.105835
92.7512 -77.3317 147.834 0 0 0 0.995535 0.0943972
92.8552 -76.8897 147.935 0 0 0 0.992916 0.118822
92.9592 -77.281 147.828 0 0 0 0.99463 0.103491
93.0633 -76.9402 147.918 0 0 0 0.994423 0.105463
93.1675 -77.2746 147.918 0 0 0 0.994583 0.103948
93.2717 -77.2583 147.777 0 0 0 0.995903 0.0904228
93.3753 -77.278 147.759 0 0 0 0.995656 0.0931132
93.4794 -77.2354 147.754 0 0 0 0.99589 0.0905714
93.5835 -77.2414 147.896 0 0 0 0.994218 0.107381
93.6876 -76.3562 148.013 0 0 0 0.99308 0.117438
93.7916 -77.2118 147.89 0 0 0 0.994221 0.107355
93.8957 -76.9949 147.93 0 0 0 0.993001 0.11811
93.9996 -76.7653 148.068 0 0 0 0.992054 0.125809
94.1037 -76.7975 148.073 0 0 0 0.991987 0.126338
94.2077 -76.3573 148.073 0 0 0 0.990617 0.136668
94.3117 -75.409 148.098 0 0 0 0.990193 0.139707
94.4157 -76.5669 148.084 0 0 0 0.991529 0.129887
94.5198 -75.5897 148.092 0 0 0 0.989567 0.144074
94.6239 -76.3103 148.021 0 0 0 0.992388 0.123153
94.7278 -76.1296 148.01 0 0 0 0.992398 0.123073
94.8318 -75.9865 148.019 0 0 0 0.992591 0.121501
94.9359 -75.8159 148.103 0 0 0 0.990234 0.139413
95.0398 -75.5893 148.138 0 0 0 0.991123 0.132948
95.1438 -75.4243 148.015 0 0 0 0.992276 0.124047
95.2478 -76.3873 148.028 0 0 0 0.993674 0.1123
95.3517 -77.3486 148.005 0 0 0 0.995654 0.0931269
95.4557 -77.4208 147.901 0 0 0 0.996705 0.0811152
95.5596 -77.3632 147.863 0 0 0 0.99692 0.0784277
95.6636 -76.7913 148.026 0 0 0 0.995693 0.0927143
95.7675 -77.6226 147.806 0 0 0 0.997986 0.0634316
95.8714 -77.4101 147.937 0 0 0 0.997707 0.0676758
95.9752 -76.3348 148.113 0 0 0 0.996163 0.0875173
96.0791 -77.8309 147.835 0 0 0 0.999178 0.0405492
96.183 -76.7706 148.081 0 0 0 0.998325 0.0578638
96.2868 -77.7576 147.942 0 0 0 0.999323 0.0367892
96.3907 -77.5798 148.017 0 0 0 0.999509 0.0313392
96.4951 -77.3371 147.962 0 0 0 0.999597 0.0283995
96.5983 -78.271 147.938 0 0 0 0.999985 0.00556271
96.7021 -77.2494 148.103 0 0 0 0.999863 0.0165464
96.8058 -77.712 147.963 0 0 0 0.999865 -0.0164502
96.9097 -78.3226 147.759 0 0 0 0.999421 -0.0340244
97.0134 -78.2003 147.835 0 0 0 0.998833 -0.048297
97.1171 -78.2356 147.867 0 0 0 0.998661 -0.0517317
97.2208 -78.5106 147.565 0 0 0 0.997742 -0.0671663
97.3245 -78.4181 147.643 0 0 0 0.99714 -0.0755754
97.4282 -78.7354 147.594 0 0 0 0.995124 -0.0986279
97.5318 -78.9928 147.631 0 0 0 0.992833 -0.119512
97.6354 -79.6071 147.297 0 0 0 0.989805 -0.142431
97.7391 -80.1088 146.795 0 0 0 0.988533 -0.151006
97.8427 -80.5702 146.002 0 0 0 0.985917 -0.167235
97.9465 -80.2843 145.745 0 0 0 0.986833 -0.161745
98.0502 -80.2823 145.729 0 0 0 0.9829 -0.184143
98.154 -79.9732 145.744 0 0 0 0.976809 -0.214111
98.2578 -78.8324 146.37 0 0 0 0.977371 -0.211532
98.3616 -78.8598 146.789 0 0 0 0.97438 -0.224908
98.4654 -79.11 146.424 0 0 0 0.97089 -0.239526
98.5693 -77.6983 146.91 0 0 0 0.975402 -0.220432
98.6731 -75.3766 146.327 0 0 0 0.9773 -0.211859
98.7769 -75.4112 146.596 0 0 0 0.987557 -0.157259
98.8808 -74.844 146.054 0 0 0 0.990628 -0.136587
98.9849 -73.959 146.153 0 0 0 0.994825 -0.101601
99.0888 -73.743 145.614 0 0 0 0.997935 -0.064235
99.193 -73.9521 145.342 0 0 0 0.998813 -0.0487122
99.2971 -74.367 145.202 0 0 0 0.998497 -0.0547974
99.4013 -75.2541 145.233 0 0 0 0.998202 -0.0599394
99.5057 -75.9367 145.09 0 0 0 0.99749 -0.0708147
99.6101 -76.2628 144.925 0 0 0 0.99772 -0.0674896
99.7145 -77.098 144.808 0 0 0 0.99702 -0.0771419
99.8188 -77.9577 144.632 0 0 0 0.995838 -0.0911411
99.923 -78.7325 144.378 0 0 0 0.995137 -0.0985038
100.027 -79.3559 144.251 0 0 0 0.99393 -0.110011
100.132 -79.0482 142.966 0 0 0 0.988737 -0.149662
100.236 -78.6142 142.775 0 0 0 0.988173 -0.153346
100.34 -79.0098 141.808 0 0 0 0.981061 -0.193697
100.445 -77.8326 141.503 0 0 0 0.984136 -0.177414
100.549 -78.3697 141.133 0 0 0 0.985049 -0.172275
100.653 -78.2473 142.741 0 0 0 0.989454 -0.144848
100.757 -79.0657 143.146 0 0 0 0.990891 -0.134668
100.861 -79.0475 142.402 0 0 0 0.98964 -0.143569
100.966 -77.9512 142.594 0 0 0 0.988138 -0.153568
101.07 -79.0414 142.305 0 0 0 0.988283 -0.152631
101.174 -80.4041 144.128 0 0 0 0.982701 -0.185197
101.278 -79.6232 144.088 0 0 0 0.98327 -0.182156
101.382 -76.8723 144.621 0 0 0 0.984998 -0.172565
101.486 -77.184 144.983 0 0 0 0.988093 -0.15386
101.59 -77.7856 144.341 0 0 0 0.985125 -0.171841
101.694 -78.8137 143.807 0 0 0 0.986813 -0.161863
101.798 -78.4174 143.169 0 0 0 0.981674 -0.190567
101.902 -79.0265 142.883 0 0 0 0.980213 -0.197946
102.006 -77.7851 142.21 0 0 0 0.974057 -0.226301
102.11 -77.6571 144.185 0 0 0 0.985481 -0.169786
102.214 -77.4669 144.489 0 0 0 0.993243 -0.116055
102.318 -76.0177 144.528 0 0 0 0.99238 -0.123211
102.422 -75.5715 143.421 0 0 0 0.987475 -0.157779
102.526 -76.9362 141.723 0 0 0 0.981824 -0.189793
102.63 -77.6371 141.165 0 0 0 0.987981 -0.154577
102.734 -78.8112 140.824 0 0 0 0.989015 -0.147815
102.838 -78.9762 140.904 0 0 0 0.996776 -0.0802361
102.942 -80.0661 140.769 0 0 0 0.996822 -0.0796616
103.046 -80.9403 140.951 0 0 0 0.996736 -0.0807272
103.15 -80.6068 143.586 0 0 0 0.997253 -0.0740753
103.254 -80.9371 144.46 0 0 0 0.996041 -0.0888945
103.358 -79.4049 144.882 0 0 0 0.995656 -0.093111
103.462 -78.2969 146.864 0 0 0 0.999606 -0.0280621
103.566 -78.5989 147.351 0 0 0 0.999424 -0.0339291
103.67 -76.3428 147.536 0 0 0 0.996223 -0.0868325
103.774 -75.4823 148.863 0 0 0 1 0.000232057
103.878 -75.6763 148.672 0 0 0 0.997612 0.0690732
103.982 -77.2625 148.576 0 0 0 0.994094 0.108526
104.086 -78.4935 148.544 0 0 0 0.993575 0.113179
104.19 -79.8187 149.016 0 0 0 0.991332 0.131383
104.293 -80.8335 148.675 0 0 0 0.99182 0.127647
104.397 -81.6351 148.91 0 0 0 0.988729 0.149713
104.501 -82.7419 149.409 0 0 0 0.986695 0.162584
104.605 -83.5743 149.913 0 0 0 0.991957 0.126578
104.709 -84.5422 149.951 0 0 0 0.991096 0.133152
104.812 -83.8289 150.832 0 0 0 0.988114 0.153725
104.916 -84.5912 154.414 0 0 0 0.974379 0.224911
105.02 -86.7837 154.852 0 0 0 0.963228 0.268685
105.124 -87.6423 155.66 0 0 0 0.956149 0.292882
105.227 -88.5263 156.051 0 0 0 0.952207 0.305454
105.331 -88.7162 156.232 0 0 0 0.956788 0.290786
105.435 -90.0605 157.002 0 0 0 0.955589 0.294701
105.539 -91.296 157.829 0 0 0 0.955114 0.296238
105.643 -93.8913 156.993 0 0 0 0.957813 0.287393
105.746 -94.9327 157.704 0 0 0 0.974384 0.224892
105.85 -96.2813 157.847 0 0 0 0.97852 0.206152
105.954 -96.4689 158.587 0 0 0 0.971682 0.236293
106.058 -98.6651 158.706 0 0 0 0.980149 0.19826
106.162 -98.7215 159.045 0 0 0 0.977463 0.211109
106.266 -99.4679 159.142 0 0 0 0.98813 0.153619
106.37 -100.109 158.968 0 0 0 0.99701 0.0772767
106.474 -101.063 159.08 0 0 0 0.997628 0.0688346
106.577 -101.711 158.894 0 0 0 0.99993 -0.0118028
106.681 -102.248 158.755 0 0 0 0.999748 -0.0224371
106.786 -103.551 158.175 0 0 0 0.999048 -0.0436195
106.889 -104.254 158.151 0 0 0 0.999332 -0.0365429
106.993 -105.704 158.045 0 0 0 0.999099 -0.0424473
107.097 -106.72 158.011 0 0 0 0.99867 -0.0515601
107.201 -107.819 158.694 0 0 0 0.999939 -0.0110521
107.304 -108.017 159.21 0 0 0 0.999999 -0.00149567
107.408 -109.345 158.702 0 0 0 0.999983 -0.00590007
107.512 -110.083 159.103 0 0 0 0.999883 -0.0152759
107.616 -111.692 157.419 0 0 0 0.996809 -0.0798243
107.72 -112.359 157.202 0 0 0 0.997151 -0.0754273
107.824 -113.262 157.25 0 0 0 0.997018 -0.0771674
107.927 -114.582 156.984 0 0 0 0.9973 -0.0734369
108.031 -116.365 156.819 0 0 0 0.997096 -0.0761522
108.135 -117.196 156.525 0 0 0 0.997315 -0.073232
108.239 -118.487 156.597 0 0 0 0.998754 -0.0499016
108.343 -120.75 153.806 0 0 0 0.988628 -0.15038
108.446 -122.485 155.74 0 0 0 0.996923 -0.0783915
108.55 -121.474 155.248 0 0 0 0.996748 -0.0805763
108.654 -121.765 162.445 0 0 0 0.998236 0.0593777
108.758 -127.245 156.563 0 0 0 0.998899 0.0469152
108.862 -128.046 152.345 0 0 0 0.99675 -0.0805542
108.966 -127.759 153.944 0 0 0 0.999922 -0.0125278
109.069 -132.229 145.582 0 0 0 0.991703 -0.128551
109.173 -122.687 164.792 0 0 0 0.965529 0.260296
109.277 -98.4256 187.814 0 0 0 0.862684 0.505744
109.381 -58.7022 206.593 0 0 0 0.81564 0.57856
109.485 -58.7022 206.593 0 0 0 0.81564 0.57856
109.589 -58.7022 206.593 0 0 0 0.81564 0.57856
109.693 -58.7022 206.593 0 0 0 0.81564 0.57856
109.797 -58.7022 206.593 0 0 0 0.81564 0.57856
109.901 -58.7022 206.593 0 0 0 0.81564 0.57856
110.005 -58.7022 206.593 0 0 0 0.81564 0.57856
110.109 -58.7022 206.593 0 0 0 0.81564 0.57856
110.213 -58.7022 206.593 0 0 0 0.81564 0.57856
110.317 -58.7022 206.593 0 0 0 0.81564 0.57856
110.42 -58.7022 206.593 0 0 0 0.81564 0.57856
110.524 -58.7022 206.593 0 0 0 0.81564 0.57856
110.628 -58.7022 206.593 0 0 0 0.81564 0.57856
110.732 -58.7022 206.593 0 0 0 0.81564 0.57856
110.836 -58.7022 206.593 0 0 0 0.81564 0.57856
110.94 -58.7022 206.593 0 0 0 0.81564 0.57856
111.044 -58.7022 206.593 0 0 0 0.81564 0.57856
111.148 -58.7022 206.593 0 0 0 0.81564 0.57856
111.252 -58.7022 206.593 0 0 0 0.81564 0.57856
111.356 -58.7022 206.593 0 0 0 0.81564 0.57856
111.46 -58.7022 206.593 0 0 0 0.81564 0.57856
111.564 -58.7022 206.593 0 0 0 0.81564 0.57856
111.668 -58.7022 206.593 0 0 0 0.81564 0.57856
111.772 -58.7022 206.593 0 0 0 0.81564 0.57856
111.876 -58.7022 206.593 0 0 0 0.81564 0.57856
111.98 -58.7022 206.593 0 0 0 0.81564 0.57856
112.084 -58.7022 206.593 0 0 0 0.81564 0.57856
112.187 -58.7022 206.593 0 0 0 0.81564 0.57856
112.292 -58.7022 206.593 0 0 0 0.81564 0.57856
112.395 -58.7022 206.593 0 0 0 0.81564 0.57856
112.499 -58.7022 206.593 0 0 0 0.81564 0.57856
112.607 -58.7022 206.593 0 0 0 0.81564 0.57856
112.706 -58.7022 206.593 0 0 0 0.81564 0.57856
112.813 -58.7022 206.593 0 0 0 0.81564 0.57856
112.914 -58.7022 206.593 0 0 0 0.81564 0.57856
113.018 -58.7022 206.593 0 0 0 0.81564 0.57856
113.121 -58.7022 206.593 0 0 0 0.81564 0.57856
113.225 -58.7022 206.593 0 0 0 0.81564 0.57856
113.329 -58.7022 206.593 0 0 0 0.81564 0.57856
113.432 -58.7022 206.593 0 0 0 0.81564 0.57856
113.536 -58.7022 206.593 0 0 0 0.81564 0.57856
113.64 -58.7022 206.593 0 0 0 0.81564 0.57856
113.743 -58.7022 206.593 0 0 0 0.81564 0.57856
113.847 -58.7022 206.593 0 0 0 0.81564 0.57856
113.951 -58.7022 206.593 0 0 0 0.81564 0.57856
114.054 -58.7022 206.593 0 0 0 0.81564 0.57856
114.158 -58.7022 206.593 0 0 0 0.81564 0.57856
114.262 -58.7022 206.593 0 0 0 0.81564 0.57856
114.366 -58.7022 206.593 0 0 0 0.81564 0.57856
114.469 -58.7022 206.593 0 0 0 0.81564 0.57856
114.573 -58.7022 206.593 0 0 0 0.81564 0.57856
114.677 -58.7022 206.593 0 0 0 0.81564 0.57856
114.781 -58.7022 206.593 0 0 0 0.81564 0.57856
114.885 -58.7022 206.593 0 0 0 0.81564 0.57856
114.989 -58.7022 206.593 0 0 0 0.81564 0.57856
115.092 -58.7022 206.593 0 0 0 0.81564 0.57856
115.196 -58.7022 206.593 0 0 0 0.81564 0.57856
115.3 -58.7022 206.593 0 0 0 0.81564 0.57856
115.405 -58.7022 206.593 0 0 0 0.81564 0.57856
115.509 -58.7022 206.593 0 0 0 0.81564 0.57856
115.613 -58.7022 206.593 0 0 0 0.81564 0.57856
115.717 -58.7022 206.593 0 0 0 0.81564 0.57856
115.821 -58.7022 206.593 0 0 0 0.81564 0.57856
115.925 -58.7022 206.593 0 0 0 0.81564 0.57856
116.03 -58.7022 206.593 0 0 0 0.81564 0.57856
116.134 -58.7022 206.593 0 0 0 0.81564 0.57856
116.238 -58.7022 206.593 0 0 0 0.81564 0.57856
116.342 -58.7022 206.593 0 0 0 0.81564 0.57856
116.446 -58.7022 206.593 0 0 0 0.81564 0.57856
116.551 -58.7022 206.593 0 0 0 0.81564 0.57856
116.655 -58.7022 206.593 0 0 0 0.81564 0.57856
116.759 -58.7022 206.593 0 0 0 0.81564 0.57856
116.863 -58.7022 206.593 0 0 0 0.81564 0.57856
116.967 -58.7022 206.593 0 0 0 0.81564 0.57856
117.071 -58.7022 206.593 0 0 0 0.81564 0.57856
117.176 -58.7022 206.593 0 0 0 0.81564 0.57856
117.28 -58.7022 206.593 0 0 0 0.81564 0.57856
117.384 -58.7022 206.593 0 0 0 0.81564 0.57856
117.488 -58.7022 206.593 0 0 0 0.81564 0.57856
117.592 -58.7022 206.593 0 0 0 0.81564 0.57856
117.696 -58.7022 206.593 0 0 0 0.81564 0.57856
117.8 -58.7022 206.593 0 0 0 0.81564 0.57856
117.904 -58.7022 206.593 0 0 0 0.81564 0.57856
118.008 -58.7022 206.593 0 0 0 0.81564 0.57856
118.112 -58.7022 206.593 0 0 0 0.81564 0.57856
118.216 -58.7022 206.593 0 0 0 0.81564 0.57856
118.32 -58.7022 206.593 0 0 0 0.81564 0.57856
118.424 -58.7022 206.593 0 0 0 0.81564 0.57856
118.528 -58.7022 206.593 0 0 0 0.81564 0.57856
118.632 -58.7022 206.593 0 0 0 0.81564 0.57856
118.736 -58.7022 206.593 0 0 0 0.81564 0.57856
118.84 -58.7022 206.593 0 0 0 0.81564 0.57856
118.944 -58.7022 206.593 0 0 0 0.81564 0.57856
119.048 -58.7022 206.593 0 0 0 0.81564 0.57856
119.152 -58.7022 206.593 0 0 0 0.81564 0.57856
119.256 -58.7022 206.593 0 0 0 0.81564 0.57856
119.36 -58.7022 206.593 0 0 0 0.81564 0.57856
119.464 -58.7022 206.593 0 0 0 0.81564 0.57856
119.568 -58.7022 206.593 0 0 0 0.81564 0.57856
119.672 -58.7022 206.593 0 0 0 0.81564 0.57856
119.776 -58.7022 206.593 0 0 0 0.81564 0.57856
119.88 -58.7022 206.593 0 0 0 0.81564 0.57856
119.984 -58.7022 206.593 0 0 0 0.81564 0.57856
120.088 -58.7022 206.593 0 0 0 0.81564 0.57856
120.192 -58.7022 206.593 0 0 0 0.81564 0.57856
120.296 -58.7022 206.593 0 0 0 0.81564 0.57856
120.4 -58.7022 206.593 0 0 0 0.81564 0.57856
120.504 -58.7022 206.593 0 0 0 0.81564 0.57856
120.608 -58.7022 206.593 0 0 0 0.81564 0.57856
120.712 -58.7022 206.593 0 0 0 0.81564 0.57856
120.816 -58.7022 206.593 0 0 0 0.81564 0.57856
120.92 -58.7022 206.593 0 0 0 0.81564 0.57856
121.024 -58.7022 206.593 0 0 0 0.81564 0.57856
121.127 -58.7022 206.593 0 0 0 0.81564 0.57856
121.231 -58.7022 206.593 0 0 0 0.81564 0.57856
121.335 -58.7022 206.593 0 0 0 0.81564 0.57856
121.439 -58.7022 206.593 0 0 0 0.81564 0.57856
121.543 -58.7022 206.593 0 0 0 0.81564 0.57856
121.647 -58.7022 206.593 0 0 0 0.81564 0.57856
121.751 -58.7022 206.593 0 0 0 0.81564 0.57856
121.855 -58.7022 206.593 0 0 0 0.81564 0.57856
121.959 -58.7022 206.593 0 0 0 0.81564 0.57856
122.063 -58.7022 206.593 0 0 0 0.81564 0.57856
122.167 -58.7022 206.593 0 0 0 0.81564 0.57856
122.271 -58.7022 206.593 0 0 0 0.81564 0.57856
122.375 -58.7022 206.593 0 0 0 0.81564 0.57856
122.479 -58.7022 206.593 0 0 0 0.81564 0.57856
122.583 -58.7022 206.593 0 0 0 0.81564 0.57856
122.687 -58.7022 206.593 0 0 0 0.81564 0.57856
122.791 -58.7022 206.593 0 0 0 0.81564 0.57856
122.894 -58.7022 206.593 0 0 0 0.81564 0.57856
122.998 -58.7022 206.593 0 0 0 0.81564 0.57856
123.102 -58.7022 206.593 0 0 0 0.81564 0.57856
123.206 -58.7022 206.593 0 0 0 0.81564 0.57856
123.31 -58.7022 206.593 0 0 0 0.81564 0.57856
123.414 -58.7022 206.593 0 0 0 0.81564 0.57856
123.518 -58.7022 206.593 0 0 0 0.81564 0.57856
123.622 -58.7022 206.593 0 0 0 0.81564 0.57856
123.726 -58.7022 206.593 0 0 0 0.81564 0.57856
123.83 -58.7022 206.593 0 0 0 0.81564 0.57856
123.934 -58.7022 206.593 0 0 0 0.81564 0.57856
124.038 -58.7022 206.593 0 0 0 0.81564 0.57856
124.142 -58.7022 206.593 0 0 0 0.81564 0.57856
124.251 -58.7022 206.593 0 0 0 0.81564 0.57856
124.351 -58.7022 206.593 0 0 0 0.81564 0.57856
124.455 -58.7022 206.593 0 0 0 0.81564 0.57856
124.558 -58.7022 206.593 0 0 0 0.81564 0.57856
124.662 -58.7022 206.593 0 0 0 0.81564 0.57856
124.766 -58.7022 206.593 0 0 0 0.81564 0.57856
124.87 -58.7022 206.593 0 0 0 0.81564 0.57856
124.974 -58.7022 206.593 0 0 0 0.81564 0.57856
125.079 -58.7022 206.593 0 0 0 0.81564 0.57856
125.182 -58.7022 206.593 0 0 0 0.81564 0.57856
125.286 -58.7022 206.593 0 0 0 0.81564 0.57856
125.39 -58.7022 206.593 0 0 0 0.81564 0.57856
125.494 -58.7022 206.593 0 0 0 0.81564 0.57856
125.598 -58.7022 206.593 0 0 0 0.81564 0.57856
125.702 -58.7022 206.593 0 0 0 0.81564 0.57856
125.806 -58.7022 206.593 0 0 0 0.81564 0.57856
125.91 -58.7022 206.593 0 0 0 0.81564 0.57856
126.014 -58.7022 206.593 0 0 0 0.81564 0.57856
126.118 -58.7022 206.593 0 0 0 0.81564 0.57856
126.221 -58.7022 206.593 0 0 0 0.81564 0.57856
126.326 -58.7022 206.593 0 0 0 0.81564 0.57856
126.429 -58.7022 206.593 0 0 0 0.81564 0.57856
126.533 -58.7022 206.593 0 0 0 0.81564 0.57856
126.638 -58.7022 206.593 0 0 0 0.81564 0.57856
126.741 -58.7022 206.593 0 0 0 0.81564 0.57856
126.845 -58.7022 206.593 0 0 0 0.81564 0.57856
126.949 -58.7022 206.593 0 0 0 0.81564 0.57856
127.053 -58.7022 206.593 0 0 0 0.81564 0.57856
127.157 -58.7022 206.593 0 0 0 0.81564 0.57856
127.261 -58.7022 206.593 0 0 0 0.81564 0.57856
127.365 -58.7022 206.593 0 0 0 0.81564 0.57856
127.469 -58.7022 206.593 0 0 0 0.81564 0.57856
127.573 -58.7022 206.593 0 0 0 0.81564 0.57856
127.677 -58.7022 206.593 0 0 0 0.81564 0.57856
127.781 -58.7022 206.593 0 0 0 0.81564 0.57856
127.885 -58.7022 206.593 0 0 0 0.81564 0.57856
127.989 -58.7022 206.593 0 0 0 0.81564 0.57856
128.093 -58.7022 206.593 0 0 0 0.81564 0.57856
128.197 -58.7022 206.593 0 0 0 0.81564 0.57856
128.301 -58.7022 206.593 0 0 0 0.81564 0.57856
128.405 -58.7022 206.593 0 0 0 0.81564 0.57856
128.509 -58.7022 206.593 0 0 0 0.81564 0.57856
128.613 -58.7022 206.593 0 0 0 0.81564 0.57856
128.717 -58.7022 206.593 0 0 0 0.81564 0.57856
128.821 -58.7022 206.593 0 0 0 0.81564 0.57856
128.925 -58.7022 206.593 0 0 0 0.81564 0.57856
129.029 -58.7022 206.593 0 0 0 0.81564 0.57856
129.133 -58.7022 206.593 0 0 0 0.81564 0.57856
129.237 -58.7022 206.593 0 0 0 0.81564 0.57856
129.341 -58.7022 206.593 0 0 0 0.81564 0.57856
129.445 -58.7022 206.593 0 0 0 0.81564 0.57856
129.549 -58.7022 206.593 0 0 0 0.81564 0.57856
129.653 -58.7022 206.593 0 0 0 0.81564 0.57856
129.757 -58.7022 206.593 0 0 0 0.81564 0.57856
129.861 -58.7022 206.593 0 0 0 0.81564 0.57856
129.964 -58.7022 206.593 0 0 0 0.81564 0.57856
130.068 -58.7022 206.593 0 0 0 0.81564 0.57856
130.172 -58.7022 206.593 0 0 0 0.81564 0.57856
130.276 -58.7022 206.593 0 0 0 0.81564 0.57856
130.38 -58.7022 206.593 0 0 0 0.81564 0.57856
130.484 -58.7022 206.593 0 0 0 0.81564 0.57856
130.588 -58.7022 206.593 0 0 0 0.81564 0.57856
130.692 -58.7022 206.593 0 0 0 0.81564 0.57856
130.796 -58.7022 206.593 0 0 0 0.81564 0.57856
130.899 -58.7022 206.593 0 0 0 0.81564 0.57856
131.003 -58.7022 206.593 0 0 0 0.81564 0.57856
131.107 -58.7022 206.593 0 0 0 0.81564 0.57856
131.21 -58.7022 206.593 0 0 0 0.81564 0.57856
131.314 -58.7022 206.593 0 0 0 0.81564 0.57856
131.418 -58.7022 206.593 0 0 0 0.81564 0.57856
131.521 -58.7022 206.593 0 0 0 0.81564 0.57856
131.625 -58.7022 206.593 0 0 0 0.81564 0.57856
131.729 -58.7022 206.593 0 0 0 0.81564 0.57856
131.833 -58.7022 206.593 0 0 0 0.81564 0.57856
131.936 -58.7022 206.593 0 0 0 0.81564 0.57856
132.04 -58.7022 206.593 0 0 0 0.81564 0.57856
132.144 -58.7022 206.593 0 0 0 0.81564 0.57856
132.248 -58.7022 206.593 0 0 0 0.81564 0.57856
132.352 -58.7022 206.593 0 0 0 0.81564 0.57856
132.457 -58.7022 206.593 0 0 0 0.81564 0.57856
132.561 -58.7022 206.593 0 0 0 0.81564 0.57856
132.665 -58.7022 206.593 0 0 0 0.81564 0.57856
132.769 -58.7022 206.593 0 0 0 0.81564 0.57856
132.873 -58.7022 206.593 0 0 0 0.81564 0.57856
132.977 -58.7022 206.593 0 0 0 0.81564 0.57856
133.082 -58.7022 206.593 0 0 0 0.81564 0.57856
133.186 -58.7022 206.593 0 0 0 0.81564 0.57856
133.29 -58.7022 206.593 0 0 0 0.81564 0.57856
133.394 -58.7022 206.593 0 0 0 0.81564 0.57856
133.498 -58.7022 206.593 0 0 0 0.81564 0.57856
133.602 -58.7022 206.593 0 0 0 0.81564 0.57856
133.706 -58.7022 206.593 0 0 0 0.81564 0.57856
133.81 -58.7022 206.593 0 0 0 0.81564 0.57856
133.914 -58.7022 206.593 0 0 0 0.81564 0.57856
134.018 -58.7022 206.593 0 0 0 0.81564 0.57856
134.122 -58.7022 206.593 0 0 0 0.81564 0.57856
134.226 -58.7022 206.593 0 0 0 0.81564 0.57856
