6 -0.0845947 -0.113403 0 0 0 5.07915e-05 1
6.5 -0.0845947 -0.113403 0 0 0 5.08465e-05 1
7 -0.0845947 -0.113403 0 0 0 5.08465e-05 1
7.5 -0.0845947 -0.113403 0 0 0 5.08465e-05 1
8 -0.0845947 -0.113403 0 0 0 5.08465e-05 1
8.5 -0.0845947 -0.113403 0 0 0 5.08465e-05 1
9 -0.0845947 -0.113403 0 0 0 5.08465e-05 1
9.5 -0.0845947 -0.113403 0 0 0 5.08465e-05 1
10 -0.0845947 -0.113403 0 0 0 5.08465e-05 1
10.5 -0.0845947 -0.113403 0 0 0 5.08465e-05 1
11 -0.0845947 -0.113403 0 0 0 5.08465e-05 1
11.5 -0.0845947 -0.113403 0 0 0 5.08465e-05 1
12 -0.0845947 -0.113403 0 0 0 5.08465e-05 1
12.5 -0.0845947 -0.113403 0 0 0 5.08465e-05 1
13 -0.0845947 -0.113403 0 0 0 5.08465e-05 1
13.5 -0.0845947 -0.113403 0 0 0 5.08465e-05 1
14 -0.0845947 -0.113403 0 0 0 5.08465e-05 1
14.5 -0.0845947 -0.113403 0 0 0 5.08465e-05 1
15 -0.0845947 -0.113403 0 0 0 5.08465e-05 1
15.5 -0.0845947 -0.113403 0 0 0 5.08465e-05 1
16 -0.0845947 -0.113403 0 0 0 5.08465e-05 1
16.5 -0.0845947 -0.113403 0 0 0 5.08465e-05 1
17 -0.0845947 -0.113403 0 0 0 5.08465e-05 1
17.5 -0.0845947 -0.113403 0 0 0 5.08465e-05 1
18 -0.0845947 -0.113403 0 0 0 5.08465e-05 1
18.5 -0.0845947 -0.113403 0 0 0 5.08465e-05 1
19 -0.0845947 -0.113403 0 0 0 5.08465e-05 1
19.5 -0.0845947 -0.113403 0 0 0 5.08465e-05 1
20 -0.0845947 -0.113403 0 0 0 5.08465e-05 1
20.104 0.705078 -0.0961304 0 0 0 7.20735e-06 1
20.2079 1.49664 -0.0951538 0 0 0 0.000103213 1
20.3117 2.2298 -0.0880737 0 0 0 0.00155713 0.999999
20.4157 3.00665 -0.112488 0 0 0 -0.0011479 0.999999
20.5196 3.66998 -0.101013 0 0 0 -0.000400694 1
20.6236 4.44 -0.116699 0 0 0 -0.00128642 0.999999
20.7276 5.13531 -0.12793 0 0 0 -0.00261083 0.999997
20.8316 5.78595 -0.146484 0 0 0 -0.00286284 0.999996
20.9355 6.38153 -0.131287 0 0 0 -0.00201574 0.999998
21.0395 7.03839 -0.158325 0 0 0 -0.00374784 0.999993
21.1435 7.56659 -0.157227 0 0 0 -0.00477733 0.999989
21.2474 8.12695 -0.160278 0 0 0 -0.00519479 0.999987
21.3514 8.60382 -0.155396 0 0 0 -0.0069016 0.999976
21.4554 9.12921 -0.162231 0 0 0 -0.00802428 0.999968
21.5594 9.55664 -0.160095 0 0 0 -0.00822741 0.999966
21.6634 9.98291 -0.170593 0 0 0 -0.00973296 0.999953
21.7674 10.4173 -0.201599 0 0 0 -0.0101862 0.999948
21.8714 10.7281 -0.181152 0 0 0 -0.0119723 0.999928
21.9754 11.0909 -0.164368 0 0 0 -0.012394 0.999923
22.0794 11.4265 -0.205505 0 0 0 -0.0157754 0.999876
22.1832 11.778 -0.205017 0 0 0 -0.0171306 0.999853
22.2872 12.0293 -0.255493 0 0 0 -0.0161909 0.999869
22.3912 12.2757 -0.312622 0 0 0 -0.0181881 0.999835
22.4951 12.4944 -0.286804 0 0 0 -0.0201847 0.999796
22.5991 12.6688 -0.277649 0 0 0 -0.019887 0.999802
22.7031 12.8214 -0.309204 0 0 0 -0.0220673 0.999757
22.8071 12.9839 -0.298157 0 0 0 -0.0247381 0.999694
22.911 13.1141 -0.31488 0 0 0 -0.0270092 0.999635
23.015 13.2518 -0.293945 0 0 0 -0.0231583 0.999732
23.119 13.4037 -0.323425 0 0 0 -0.0268093 0.999641
23.223 13.5565 -0.33783 0 0 0 -0.0268388 0.99964
23.327 13.6758 -0.323853 0 0 0 -0.0289289 0.999581
23.4309 13.7629 -0.350098 0 0 0 -0.028376 0.999597
23.5347 13.3128 -0.231628 0 0 0 -0.0282964 0.9996
23.6387 12.4175 -0.235291 0 0 0 -0.0286522 0.999589
23.7427 12.4467 -0.249939 0 0 0 -0.0294499 0.999566
23.8467 12.522 -0.262634 0 0 0 -0.0272954 0.999627
23.9506 12.5726 -0.272644 0 0 0 -0.0265254 0.999648
24.0546 12.6754 -0.242188 0 0 0 -0.024207 0.999707
24.1584 12.6463 -0.256165 0 0 0 -0.0215408 0.999768
24.2624 12.5842 -0.231384 0 0 0 -0.015861 0.999874
24.3662 12.6602 -0.244263 0 0 0 -0.0151451 0.999885
24.4701 12.5611 -0.226013 0 0 0 -0.0119775 0.999928
24.5741 12.5904 -0.20929 0 0 0 -0.0032238 0.999995
24.678 12.7922 -0.217896 0 0 0 0.00336072 0.999994
24.7817 12.7894 -0.233826 0 0 0 0.0136485 0.999907
24.8855 13.0531 -0.220703 0 0 0 0.01843 0.99983
24.9892 13.1797 -0.180481 0 0 0 0.0296329 0.999561
25.0929 13.4463 -0.11084 0 0 0 0.0415027 0.999138
25.1966 13.587 -0.107544 0 0 0 0.0575567 0.998342
25.3002 13.5153 0.00231934 0 0 0 0.0702362 0.99753
25.4037 13.7469 0.0674438 0 0 0 0.0871014 0.996199
25.5075 13.9581 0.140503 0 0 0 0.106404 0.994323
25.6111 14.1029 0.256226 0 0 0 0.126097 0.992018
25.7146 14.2849 0.372864 0 0 0 0.14699 0.989138
25.8182 14.5162 0.0895386 0 0 0 0.168899 0.985633
25.9218 14.6478 -0.0800171 0 0 0 0.191341 0.981524
26.0255 14.9611 0.0649414 0 0 0 0.217737 0.976007
26.1291 14.939 0.122559 0 0 0 0.240837 0.970566
26.2329 15.0938 0.403687 0 0 0 0.255648 0.96677
26.3365 15.287 1.33075 0 0 0 0.270146 0.962819
26.4404 15.0676 1.60498 0 0 0 0.275886 0.96119
26.544 15.4019 1.383 0 0 0 0.296025 0.95518
26.6478 14.6924 0.805054 0 0 0 0.298076 0.954542
26.7515 15.9091 2.56696 0 0 0 0.275202 0.961386
26.8553 16.2343 2.9295 0 0 0 0.30321 0.952924
26.959 16.4366 3.12225 0 0 0 0.320284 0.947321
27.0629 16.4042 3.05145 0 0 0 0.377998 0.925806
27.1667 16.8116 3.63605 0 0 0 0.403041 0.915182
27.2705 17.6064 4.38507 0 0 0 0.405906 0.913915
27.3743 17.806 4.68915 0 0 0 0.438112 0.89892
27.4781 18 5.1745 0 0 0 0.462901 0.88641
27.5819 18.0583 5.80255 0 0 0 0.508294 0.861184
27.6857 18.9641 6.00031 0 0 0 0.508595 0.861006
27.7897 17.6042 7.03534 0 0 0 0.536555 0.843865
27.8938 17.3859 6.81836 0 0 0 0.530837 0.847474
27.9977 17.2865 6.64355 0 0 0 0.539291 0.84212
28.1019 17.2549 6.88336 0 0 0 0.545581 0.838058
28.2061 16.9731 5.83112 0 0 0 0.557034 0.83049
28.3104 17.2661 6.50226 0 0 0 0.570484 0.821309
28.4146 17.4973 7.4256 0 0 0 0.577193 0.816607
28.5191 17.4836 7.67194 0 0 0 0.595459 0.803386
28.6235 15.004 8.70184 0 0 0 0.630602 0.776106
28.728 14.6032 8.43866 0 0 0 0.616508 0.787348
28.8324 14.9305 8.58234 0 0 0 0.63982 0.768525
