0.310908 0.346344 -0.0206604 0 0 0 -0.00060931 1
0.414483 0.61261 -0.0327759 0 0 0 9.89818e-05 1
0.51812 0.907288 -0.0240784 0 0 0 0.00314095 0.999995
0.621714 1.28497 -0.0310059 0 0 0 0.00895983 0.99996
0.725215 1.5932 0.0169067 0 0 0 0.0178941 0.99984
0.828918 1.92133 0.0381775 0 0 0 0.0251327 0.999684
0.932502 2.27133 0.0758667 0 0 0 0.0354003 0.999373
1.0361 2.66025 0.139069 0 0 0 0.0459527 0.998944
1.13987 3.03644 0.178284 0 0 0 0.0561426 0.998423
1.24351 3.42944 0.219879 0 0 0 0.0664606 0.997789
1.34735 3.83237 0.30014 0 0 0 0.0752286 0.997166
1.45112 4.23209 0.385406 0 0 0 0.0826975 0.996575
1.5551 4.63364 0.454681 0 0 0 0.0904517 0.995901
1.65923 5.07803 0.544128 0 0 0 0.0971546 0.995269
1.76289 5.50616 0.624847 0 0 0 0.101029 0.994883
1.86709 5.99603 0.726379 0 0 0 0.105138 0.994458
1.97096 6.43365 0.833801 0 0 0 0.107648 0.994189
2.07639 6.94498 0.957214 0 0 0 0.111941 0.993715
2.17912 7.41486 1.07318 0 0 0 0.116337 0.99321
2.2831 7.92807 1.18927 0 0 0 0.120712 0.992688
2.38707 8.45737 1.33667 0 0 0 0.124029 0.992279
2.49111 8.98691 1.47275 0 0 0 0.129239 0.991613
2.59523 9.52417 1.63232 0 0 0 0.132584 0.991172
2.69921 10.0526 1.78775 0 0 0 0.13697 0.990575
2.80319 10.6315 1.95758 0 0 0 0.14131 0.989965
2.90723 11.2512 2.11874 0 0 0 0.145252 0.989395
3.01125 11.8025 2.30536 0 0 0 0.150746 0.988573
3.11522 12.416 2.47934 0 0 0 0.15171 0.988425
3.21957 13.0293 2.68384 0 0 0 0.157238 0.987561
3.32357 13.6484 2.87988 0 0 0 0.159808 0.987148
3.42747 14.2848 3.10376 0 0 0 0.161743 0.986833
3.53159 14.9216 3.33243 0 0 0 0.164094 0.986445
3.63548 15.5771 3.59253 0 0 0 0.164341 0.986404
3.74203 16.2351 3.83148 0 0 0 0.167714 0.985836
3.84352 16.9448 4.06757 0 0 0 0.172278 0.985048
3.94736 17.5976 4.31363 0 0 0 0.173291 0.984871
4.05138 18.2445 4.58911 0 0 0 0.174366 0.984681
4.15529 18.973 4.82111 0 0 0 0.17666 0.984272
4.25927 19.716 5.086 0 0 0 0.180833 0.983514
4.36318 20.425 5.36417 0 0 0 0.184515 0.98283
4.4678 21.164 5.63885 0 0 0 0.186551 0.982445
4.57145 21.9106 5.94424 0 0 0 0.18979 0.981825
4.67637 22.636 6.2431 0 0 0 0.196995 0.980404
4.77876 23.3846 6.57617 0 0 0 0.199665 0.979864
4.88264 24.1194 6.89517 0 0 0 0.204632 0.978839
4.98648 24.8739 7.2298 0 0 0 0.209619 0.977783
5.09037 25.635 7.57745 0 0 0 0.213278 0.976991
5.19424 26.417 7.97339 0 0 0 0.216675 0.976244
5.29815 27.1986 8.34473 0 0 0 0.223221 0.974768
5.402 27.9907 8.73111 0 0 0 0.226657 0.973975
5.50589 28.7795 9.11392 0 0 0 0.230256 0.97313
5.60976 29.5755 9.5184 0 0 0 0.233325 0.972399
5.71362 30.3761 9.92682 0 0 0 0.236369 0.971663
5.81748 31.1965 10.3445 0 0 0 0.24076 0.970585
5.92135 31.9834 10.7571 0 0 0 0.244774 0.96958
6.02528 32.8289 11.2376 0 0 0 0.247141 0.96898
6.1291 33.6737 11.7089 0 0 0 0.24922 0.968447
6.23313 34.52 12.1733 0 0 0 0.252419 0.967618
6.33692 35.3845 12.64 0 0 0 0.254091 0.96718
6.44111 36.2492 13.1291 0 0 0 0.255576 0.966789
6.54551 37.114 13.6333 0 0 0 0.254282 0.96713
6.64873 38.019 14.148 0 0 0 0.254279 0.967131
6.75264 38.9326 14.6634 0 0 0 0.25513 0.966907
6.8565 39.8343 15.1673 0 0 0 0.253673 0.96729
6.9604 40.7314 15.6948 0 0 0 0.256539 0.966534
7.06431 41.6828 16.2078 0 0 0 0.257504 0.966277
7.16816 42.6033 16.7549 0 0 0 0.260029 0.965601
7.27186 43.5028 17.302 0 0 0 0.263876 0.964557
7.37575 44.429 17.8377 0 0 0 0.265047 0.964236
7.47948 45.3296 18.3694 0 0 0 0.270673 0.962671
7.58389 46.2136 18.9171 0 0 0 0.275395 0.961331
7.68703 47.1357 19.5179 0 0 0 0.28087 0.959746
7.79077 48.0435 20.1126 0 0 0 0.284423 0.958699
7.89462 48.9476 20.6977 0 0 0 0.290205 0.956965
7.99848 49.834 21.3037 0 0 0 0.29403 0.955796
8.1024 50.7089 21.8974 0 0 0 0.297036 0.954866
8.20623 51.568 22.5039 0 0 0 0.297937 0.954586
8.31011 52.4399 23.1109 0 0 0 0.302267 0.953223
8.41398 53.333 23.7532 0 0 0 0.302569 0.953127
8.51786 54.1897 24.344 0 0 0 0.307237 0.951633
8.62172 55.0676 24.9876 0 0 0 0.308755 0.951142
8.72574 55.9268 25.6299 0 0 0 0.310154 0.950686
8.82991 56.7985 26.2768 0 0 0 0.314165 0.949368
8.93355 57.6672 26.8892 0 0 0 0.316524 0.948585
9.03803 58.5207 27.5512 0 0 0 0.32012 0.947377
9.14111 59.3679 28.2135 0 0 0 0.325666 0.945485
9.24488 60.2337 28.8839 0 0 0 0.327008 0.945022
9.34878 61.065 29.5688 0 0 0 0.331416 0.943485
9.45254 61.9334 30.232 0 0 0 0.333621 0.942707
9.55632 62.7648 30.917 0 0 0 0.337723 0.941245
9.65997 63.6164 31.6201 0 0 0 0.343517 0.939146
9.76486 64.4716 32.3354 0 0 0 0.34501 0.938599
9.86901 65.3038 33.0796 0 0 0 0.350994 0.936378
9.97113 66.1421 33.8194 0 0 0 0.354204 0.935168
10.0749 66.9792 34.5556 0 0 0 0.358764 0.933428
10.1786 67.8117 35.3069 0 0 0 0.363403 0.931632
10.2824 68.6123 36.0705 0 0 0 0.368023 0.929817
10.3862 69.429 36.8436 0 0 0 0.370398 0.928873
10.4899 70.2617 37.6269 0 0 0 0.376234 0.926525
10.5936 71.052 38.4136 0 0 0 0.377331 0.926078
10.6974 71.8877 39.2329 0 0 0 0.38137 0.924423
10.8011 72.6953 40.0576 0 0 0 0.386075 0.922467
10.905 73.4988 40.8598 0 0 0 0.38941 0.921064
11.0088 74.2785 41.6898 0 0 0 0.391776 0.920061
11.1125 75.102 42.5396 0 0 0 0.394894 0.918727
11.2162 75.9096 43.3865 0 0 0 0.397834 0.917458
11.32 76.6924 44.2589 0 0 0 0.401686 0.915777
11.4238 77.5056 45.0996 0 0 0 0.404064 0.914731
11.5276 78.3002 46.013 0 0 0 0.406619 0.913598
11.6314 79.0882 46.8789 0 0 0 0.409789 0.91218
11.7351 79.8794 47.7332 0 0 0 0.410562 0.911833
11.8391 80.6674 48.6577 0 0 0 0.413235 0.910624
11.943 81.4669 49.5559 0 0 0 0.416006 0.909362
12.0463 82.2318 50.4414 0 0 0 0.419904 0.907569
12.1499 83.0016 51.3625 0 0 0 0.425134 0.90513
12.2536 83.8011 52.2473 0 0 0 0.428504 0.90354
12.3574 84.6031 53.2254 0 0 0 0.435082 0.900391
12.461 85.3633 54.2024 0 0 0 0.438956 0.898508
12.5647 86.0948 55.1304 0 0 0 0.443173 0.896436
12.6684 86.834 56.1299 0 0 0 0.450856 0.892597
12.7721 87.5557 57.1264 0 0 0 0.455657 0.890155
12.8757 88.258 58.1297 0 0 0 0.460522 0.887648
12.9795 88.9973 59.1326 0 0 0 0.466518 0.884512
13.0831 89.693 60.1615 0 0 0 0.471383 0.881928
13.1869 90.3938 61.2102 0 0 0 0.47568 0.879619
13.2907 91.0693 62.2755 0 0 0 0.481576 0.876404
13.3942 91.7267 63.3332 0 0 0 0.485595 0.874184
13.498 92.3855 64.4073 0 0 0 0.491907 0.870648
13.6017 93.0371 65.5024 0 0 0 0.495919 0.868369
13.7055 93.6951 66.6262 0 0 0 0.498957 0.866627
13.8092 94.344 67.74 0 0 0 0.503169 0.864188
13.9129 94.9734 68.8108 0 0 0 0.506602 0.86218
14.0167 95.6159 69.9502 0 0 0 0.509296 0.860592
14.1203 96.2192 71.0528 0 0 0 0.512449 0.858718
14.2245 96.8548 72.201 0 0 0 0.51652 0.856275
14.3276 97.4458 73.3017 0 0 0 0.517046 0.855958
14.4313 98.0299 74.4165 0 0 0 0.518199 0.85526
14.5384 98.6156 75.4951 0 0 0 0.522513 0.852631
14.6386 99.2063 76.7048 0 0 0 0.522535 0.852618
14.7424 99.5478 77.2666 0 0 0 0.523701 0.851902
14.8461 99.8393 77.8936 0 0 0 0.525117 0.85103
14.95 100.459 79.0554 0 0 0 0.526518 0.850164
15.0537 100.959 80.1585 0 0 0 0.528465 0.848955
15.1575 101.536 81.2784 0 0 0 0.528443 0.848969
15.2612 102.08 82.3702 0 0 0 0.529353 0.848402
15.365 102.607 83.455 0 0 0 0.530937 0.847411
15.4689 103.153 84.5423 0 0 0 0.533084 0.846062
15.5727 103.66 85.5821 0 0 0 0.533737 0.845651
15.6765 104.162 86.6346 0 0 0 0.532561 0.846392
15.7804 104.672 87.6955 0 0 0 0.535285 0.844672
15.8841 105.132 88.7304 0 0 0 0.532388 0.846501
15.988 105.63 89.7446 0 0 0 0.531034 0.84735
16.0919 106.15 90.7833 0 0 0 0.528515 0.848924
16.1957 106.659 91.7553 0 0 0 0.523059 0.852296
16.2995 107.139 92.7709 0 0 0 0.523447 0.852058
16.4034 107.63 93.7491 0 0 0 0.516756 0.856133
16.5073 108.184 94.7175 0 0 0 0.513819 0.857898
16.6111 108.722 95.6931 0 0 0 0.510953 0.859608
16.715 109.257 96.6507 0 0 0 0.506233 0.862397
16.8188 109.783 97.6052 0 0 0 0.500134 0.865948
16.9228 110.329 98.5427 0 0 0 0.49594 0.868357
17.0267 110.911 99.5036 0 0 0 0.489157 0.872196
17.1305 111.481 100.41 0 0 0 0.483193 0.875514
17.2342 112.088 101.341 0 0 0 0.477068 0.878867
17.3381 112.66 102.218 0 0 0 0.471134 0.882062
17.4424 113.266 103.081 0 0 0 0.465226 0.885192
17.5458 113.9 103.968 0 0 0 0.458043 0.88893
17.6494 114.504 104.8 0 0 0 0.453281 0.891368
17.7531 115.146 105.629 0 0 0 0.44718 0.894444
17.857 115.753 106.484 0 0 0 0.441174 0.897421
17.9605 116.375 107.263 0 0 0 0.435859 0.900015
18.0641 117.012 108.067 0 0 0 0.428685 0.903454
18.1679 117.648 108.838 0 0 0 0.423762 0.905773
18.2716 118.315 109.579 0 0 0 0.419388 0.907807
18.3754 118.95 110.336 0 0 0 0.414485 0.910056
18.4791 119.618 111.065 0 0 0 0.408252 0.912869
18.5829 120.27 111.805 0 0 0 0.402718 0.915324
18.6866 120.957 112.527 0 0 0 0.395844 0.918318
18.7903 121.589 113.203 0 0 0 0.39213 0.91991
18.8941 122.236 113.879 0 0 0 0.386523 0.92228
18.9978 122.909 114.519 0 0 0 0.381768 0.924258
19.1015 123.565 115.172 0 0 0 0.3786 0.92556
19.2053 124.209 115.794 0 0 0 0.373063 0.927806
19.3091 124.881 116.399 0 0 0 0.36808 0.929794
19.4129 125.537 117.019 0 0 0 0.363719 0.931509
19.5166 126.197 117.639 0 0 0 0.356535 0.934282
19.6205 126.875 118.225 0 0 0 0.349123 0.937077
19.7257 127.541 118.765 0 0 0 0.341697 0.93981
19.8283 128.18 119.318 0 0 0 0.335284 0.942117
19.932 128.858 119.829 0 0 0 0.327813 0.944742
20.0359 129.536 120.331 0 0 0 0.319438 0.947607
20.1398 130.204 120.849 0 0 0 0.313097 0.949721
20.2435 130.904 121.315 0 0 0 0.303226 0.952919
20.3474 131.578 121.783 0 0 0 0.296964 0.954889
20.4513 132.3 122.221 0 0 0 0.288626 0.957442
20.555 133.03 122.691 0 0 0 0.283236 0.95905
20.6588 133.702 123.105 0 0 0 0.274777 0.961508
20.7627 134.421 123.525 0 0 0 0.268512 0.963276
20.8686 135.167 123.936 0 0 0 0.262443 0.964947
20.97 135.881 124.393 0 0 0 0.255295 0.966863
21.074 136.595 124.809 0 0 0 0.251116 0.967957
21.1776 137.395 125.194 0 0 0 0.244021 0.96977
21.2818 138.156 125.617 0 0 0 0.239964 0.970782
21.385 138.94 125.978 0 0 0 0.234517 0.972112
21.4888 139.645 126.379 0 0 0 0.230852 0.972989
21.5925 140.489 126.749 0 0 0 0.226682 0.973969
21.6968 141.252 127.095 0 0 0 0.222371 0.974962
21.8 142.027 127.476 0 0 0 0.219736 0.975559
21.9037 142.829 127.921 0 0 0 0.216953 0.976182
22.0074 143.575 128.219 0 0 0 0.214711 0.976678
22.1111 144.398 128.72 0 0 0 0.21505 0.976603
22.215 145.348 129.084 0 0 0 0.20602 0.978548
22.3187 146.248 129.349 0 0 0 0.200771 0.979638
22.4226 147.124 129.733 0 0 0 0.196138 0.980576
22.5264 148.059 130.173 0 0 0 0.192855 0.981227
22.6301 148.992 130.528 0 0 0 0.188333 0.982105
22.7359 149.977 130.815 0 0 0 0.185019 0.982735
22.8379 150.868 131.212 0 0 0 0.174009 0.984744
22.9417 151.892 131.473 0 0 0 0.165393 0.986228
23.0458 152.942 131.871 0 0 0 0.157482 0.987522
23.1498 153.857 132.103 0 0 0 0.148194 0.988958
23.2536 155.028 132.458 0 0 0 0.13431 0.990939
23.3576 156.026 132.731 0 0 0 0.124617 0.992205
23.4616 157.143 132.972 0 0 0 0.114205 0.993457
23.5655 158.311 133.23 0 0 0 0.100871 0.9949
23.6695 159.475 133.429 0 0 0 0.0912122 0.995831
23.7734 160.545 133.598 0 0 0 0.0791174 0.996865
23.8773 161.706 133.736 0 0 0 0.069049 0.997613
23.9812 162.851 133.915 0 0 0 0.0566084 0.998396
24.0851 164.02 133.988 0 0 0 0.0475579 0.998868
24.189 165.138 134.118 0 0 0 0.0355333 0.999368
24.2929 166.35 134.151 0 0 0 0.0263744 0.999652
24.3966 167.571 134.204 0 0 0 0.0140179 0.999902
24.5005 168.81 134.222 0 0 0 0.00528279 0.999986
24.6042 170.025 134.221 0 0 0 -0.00384464 0.999993
24.7081 171.203 134.218 0 0 0 -0.0149267 0.999889
24.8119 172.503 134.11 0 0 0 -0.0256643 0.999671
24.9156 173.778 134.043 0 0 0 -0.0348482 0.999393
25.0194 175.027 133.93 0 0 0 -0.046043 0.998939
25.1231 176.308 133.799 0 0 0 -0.0516027 0.998668
25.2269 177.592 133.637 0 0 0 -0.0639909 0.99795
25.3305 178.859 133.482 0 0 0 -0.0706578 0.997501
25.4342 180.165 133.27 0 0 0 -0.0808908 0.996723
25.5379 181.464 133.068 0 0 0 -0.0880463 0.996116
25.6416 182.755 132.791 0 0 0 -0.0986205 0.995125
25.7454 184.147 132.489 0 0 0 -0.106128 0.994353
25.849 185.383 132.226 0 0 0 -0.117267 0.9931
25.9528 186.742 131.873 0 0 0 -0.124483 0.992222
26.0565 188.13 131.448 0 0 0 -0.13645 0.990647
26.1602 189.437 131.145 0 0 0 -0.141869 0.989885
26.264 190.807 130.67 0 0 0 -0.152723 0.988269
26.3677 192.058 130.25 0 0 0 -0.161844 0.986816
26.4715 193.497 129.737 0 0 0 -0.170043 0.985437
26.5753 194.19 129.652 0 0 0 -0.171113 0.985251
26.679 195.787 129.06 0 0 0 -0.180414 0.983591
26.7829 197.145 128.541 0 0 0 -0.187795 0.982208
26.8866 198.827 127.662 0 0 0 -0.207122 0.978315
26.9905 200.183 127.123 0 0 0 -0.216741 0.976229
27.0944 201.444 126.414 0 0 0 -0.235937 0.971768
27.1982 202.758 125.839 0 0 0 -0.245362 0.969432
27.3021 203.639 125.484 0 0 0 -0.250409 0.96814
27.406 203.719 125.657 0 0 0 -0.248393 0.968659
27.5099 204.488 125.063 0 0 0 -0.268165 0.963373
27.6136 205.646 124.288 0 0 0 -0.277981 0.960586
27.7175 206.286 123.724 0 0 0 -0.285961 0.958241
27.8213 207.338 123.671 0 0 0 -0.287411 0.957807
27.925 208.054 123.596 0 0 0 -0.293551 0.955943
28.0287 209.299 122.921 0 0 0 -0.302063 0.953288
28.1326 210.518 121.947 0 0 0 -0.314362 0.949303
28.2365 211.651 121.06 0 0 0 -0.326393 0.945234
28.34 212.893 120.051 0 0 0 -0.337055 0.941485
28.4438 214.095 119.097 0 0 0 -0.346377 0.938095
28.5475 215.261 118.083 0 0 0 -0.35577 0.934573
28.6511 216.41 117.013 0 0 0 -0.366808 0.930297
28.755 217.529 115.931 0 0 0 -0.375051 0.927004
28.8586 218.631 114.835 0 0 0 -0.383439 0.923566
28.9623 219.708 113.765 0 0 0 -0.394582 0.918861
29.0659 220.795 112.628 0 0 0 -0.403712 0.914886
29.1696 221.809 111.499 0 0 0 -0.415312 0.909679
29.2733 222.889 110.434 0 0 0 -0.427543 0.903995
29.3769 223.793 109.324 0 0 0 -0.434815 0.90052
29.4806 224.669 108.196 0 0 0 -0.446791 0.894638
29.5844 225.578 106.977 0 0 0 -0.457725 0.889094
29.688 226.411 105.818 0 0 0 -0.467975 0.883742
29.7918 227.177 104.645 0 0 0 -0.477886 0.878422
29.8955 227.947 103.381 0 0 0 -0.486506 0.873677
29.9993 228.65 102.183 0 0 0 -0.4977 0.867349
30.1029 229.309 100.981 0 0 0 -0.506376 0.862313
30.2067 229.991 99.7627 0 0 0 -0.518394 0.855142
30.3105 230.616 98.5177 0 0 0 -0.528917 0.848674
30.4142 230.838 98.1833 0 0 0 -0.539025 0.84229
30.5179 231.35 96.9569 0 0 0 -0.542516 0.840046
30.6219 231.911 95.703 0 0 0 -0.553211 0.833041
30.7254 232.401 94.5064 0 0 0 -0.559435 0.828874
30.8292 232.857 93.2631 0 0 0 -0.569548 0.821958
30.9329 233.287 92.1135 0 0 0 -0.576838 0.816858
31.0367 233.699 90.8701 0 0 0 -0.585333 0.810793
31.1404 234.094 89.6987 0 0 0 -0.594076 0.804409
31.2441 234.485 88.5117 0 0 0 -0.603341 0.797484
31.3479 234.814 87.2856 0 0 0 -0.609513 0.792776
31.4517 235.116 86.0805 0 0 0 -0.616692 0.787204
31.5554 235.419 84.8556 0 0 0 -0.624898 0.780706
31.6592 235.683 83.7138 0 0 0 -0.63303 0.774127
31.7629 235.937 82.5363 0 0 0 -0.640462 0.76799
31.8666 236.132 81.3465 0 0 0 -0.646587 0.76284
31.9704 236.288 80.1577 0 0 0 -0.652067 0.758162
32.0758 236.456 78.9817 0 0 0 -0.657771 0.753218
32.1778 236.587 77.8515 0 0 0 -0.662837 0.748764
32.2814 236.721 76.7478 0 0 0 -0.666608 0.745408
32.3852 236.823 75.6247 0 0 0 -0.669636 0.74269
32.4888 236.935 74.5105 0 0 0 -0.671464 0.741037
32.5925 237.032 73.4159 0 0 0 -0.672614 0.739993
32.6962 237.1 72.3263 0 0 0 -0.6764 0.736535
32.7999 237.236 71.2959 0 0 0 -0.677935 0.735122
32.9035 237.303 70.1925 0 0 0 -0.67836 0.734729
33.0073 237.381 69.153 0 0 0 -0.679125 0.734023
33.1109 237.467 68.1203 0 0 0 -0.680826 0.732445
33.2147 237.538 67.0422 0 0 0 -0.681447 0.731868
33.3184 237.609 65.9946 0 0 0 -0.680851 0.732422
33.422 237.678 64.9797 0 0 0 -0.680322 0.732914
33.5258 237.747 63.9817 0 0 0 -0.67992 0.733286
33.6294 237.832 62.9591 0 0 0 -0.677711 0.735328
33.7331 237.918 61.9537 0 0 0 -0.675853 0.737037
33.8369 238.028 60.9623 0 0 0 -0.673824 0.738892
33.9409 238.121 59.9776 0 0 0 -0.671321 0.741167
34.0448 238.204 58.9401 0 0 0 -0.670681 0.741746
34.1479 238.306 57.9323 0 0 0 -0.666677 0.745347
34.2516 238.404 56.9875 0 0 0 -0.663607 0.748081
34.3554 238.52 55.9655 0 0 0 -0.661697 0.749771
34.4591 238.646 55.017 0 0 0 -0.659447 0.751751
34.563 238.77 54.0299 0 0 0 -0.655054 0.755582
34.6668 238.927 53.0737 0 0 0 -0.65437 0.756175
34.7704 239.07 52.1034 0 0 0 -0.651536 0.758618
34.8742 239.225 51.1792 0 0 0 -0.648752 0.761
34.9779 239.377 50.2112 0 0 0 -0.645303 0.763926
35.0818 239.529 49.2837 0 0 0 -0.642353 0.766409
35.1855 239.702 48.3447 0 0 0 -0.641112 0.767447
35.2893 239.876 47.4026 0 0 0 -0.637437 0.770502
35.3931 240.079 46.4458 0 0 0 -0.634674 0.77278
35.4969 240.241 45.4817 0 0 0 -0.634496 0.772926
35.6007 240.429 44.545 0 0 0 -0.630698 0.776028
35.7044 240.658 43.6151 0 0 0 -0.628709 0.777641
35.8081 240.837 42.6937 0 0 0 -0.624987 0.780635
35.9119 241.077 41.7486 0 0 0 -0.62131 0.783565
36.0156 241.283 40.8389 0 0 0 -0.618799 0.785549
36.1194 241.492 39.9404 0 0 0 -0.61399 0.789314
36.2232 241.728 39.0224 0 0 0 -0.612108 0.790774
36.3268 241.992 38.1123 0 0 0 -0.608929 0.793224
36.4307 242.243 37.1828 0 0 0 -0.607315 0.794461
36.5344 242.497 36.2902 0 0 0 -0.607174 0.794569
36.6381 242.738 35.3526 0 0 0 -0.605082 0.796163
36.742 242.97 34.4253 0 0 0 -0.604178 0.796849
36.8458 243.217 33.5158 0 0 0 -0.603673 0.797232
36.9496 243.496 32.5685 0 0 0 -0.601761 0.798676
37.0533 243.761 31.6161 0 0 0 -0.600568 0.799574
37.157 244.027 30.6784 0 0 0 -0.599383 0.800463
37.2608 244.296 29.7428 0 0 0 -0.597431 0.80192
37.3645 244.577 28.8078 0 0 0 -0.59614 0.802881
37.4683 244.869 27.8399 0 0 0 -0.594441 0.804139
37.572 245.142 26.9314 0 0 0 -0.59188 0.806026
37.6758 245.441 25.9823 0 0 0 -0.590006 0.807399
37.7798 245.731 25.0466 0 0 0 -0.587101 0.809513
37.8843 246.037 24.0903 0 0 0 -0.583506 0.812109
37.9872 246.355 23.1674 0 0 0 -0.579726 0.814812
38.091 246.674 22.2273 0 0 0 -0.575617 0.817719
38.1946 247.005 21.3062 0 0 0 -0.57035 0.821402
38.2983 247.387 20.3518 0 0 0 -0.564552 0.825398
38.402 247.745 19.4507 0 0 0 -0.560305 0.828286
38.5057 248.118 18.5464 0 0 0 -0.555957 0.831211
38.6097 248.495 17.6353 0 0 0 -0.550889 0.834579
38.7133 248.905 16.7522 0 0 0 -0.546055 0.837749
38.8171 249.302 15.8517 0 0 0 -0.541347 0.840799
38.9208 249.701 14.946 0 0 0 -0.537435 0.843305
39.0247 250.132 14.0492 0 0 0 -0.534468 0.845189
39.1284 250.559 13.1664 0 0 0 -0.530601 0.847622
39.2321 250.983 12.2871 0 0 0 -0.526437 0.850214
39.3359 251.439 11.4013 0 0 0 -0.523357 0.852114
39.4397 251.871 10.5454 0 0 0 -0.519361 0.854555
39.5436 252.32 9.69385 0 0 0 -0.515932 0.856629
39.6473 252.771 8.82758 0 0 0 -0.511746 0.859137
39.7512 253.26 7.95889 0 0 0 -0.507963 0.861379
39.8549 253.716 7.14072 0 0 0 -0.504196 0.863589
39.9587 254.202 6.30234 0 0 0 -0.500823 0.865549
40.0633 254.685 5.45538 0 0 0 -0.496124 0.868252
40.1662 255.17 4.67242 0 0 0 -0.491504 0.870875
40.27 255.666 3.83789 0 0 0 -0.487997 0.872846
40.3738 256.162 3.03857 0 0 0 -0.483274 0.875469
40.4778 256.671 2.2724 0 0 0 -0.479187 0.877713
40.5813 257.179 1.46786 0 0 0 -0.474952 0.880012
40.685 257.705 0.691345 0 0 0 -0.470689 0.882299
40.7888 258.214 -0.0848694 0 0 0 -0.466883 0.884319
40.8925 258.754 -0.833679 0 0 0 -0.461645 0.887065
40.9963 259.287 -1.604 0 0 0 -0.459085 0.888393
41.1001 259.847 -2.37192 0 0 0 -0.454885 0.89055
41.2039 260.401 -3.13492 0 0 0 -0.453456 0.891278
41.3076 260.977 -3.89844 0 0 0 -0.450164 0.892946
41.4115 261.536 -4.68896 0 0 0 -0.44909 0.893486
41.5154 262.102 -5.43158 0 0 0 -0.448912 0.893576
41.6192 262.684 -6.20523 0 0 0 -0.447916 0.894076
41.7231 263.221 -6.96524 0 0 0 -0.447282 0.894393
41.8268 263.818 -7.73804 0 0 0 -0.446215 0.894926
41.9305 264.371 -8.48022 0 0 0 -0.444982 0.89554
42.0344 264.952 -9.25024 0 0 0 -0.444973 0.895544
42.1382 265.537 -10.0035 0 0 0 -0.443976 0.896039
42.2419 266.135 -10.7787 0 0 0 -0.442169 0.896932
42.3458 266.693 -11.5224 0 0 0 -0.442962 0.89654
42.4497 267.293 -12.3167 0 0 0 -0.441263 0.897378
42.5539 267.866 -13.0609 0 0 0 -0.441345 0.897338
42.6571 268.464 -13.8267 0 0 0 -0.441225 0.897396
42.7609 269.06 -14.6008 0 0 0 -0.440548 0.897729
42.8647 269.663 -15.3702 0 0 0 -0.44057 0.897718
42.9684 270.273 -16.1483 0 0 0 -0.438837 0.898567
43.0721 270.874 -16.9068 0 0 0 -0.440306 0.897848
43.1761 271.493 -17.7314 0 0 0 -0.439448 0.898268
43.2798 272.087 -18.4677 0 0 0 -0.438544 0.89871
43.3835 272.681 -19.2296 0 0 0 -0.438172 0.898891
43.4873 273.285 -19.9918 0 0 0 -0.43689 0.899515
43.5912 273.889 -20.7647 0 0 0 -0.435505 0.900186
43.6948 274.503 -21.5291 0 0 0 -0.435153 0.900356
43.7985 275.12 -22.2795 0 0 0 -0.433631 0.90109
43.9022 275.741 -23.0536 0 0 0 -0.432581 0.901595
44.0059 276.338 -23.7811 0 0 0 -0.429604 0.903017
44.1096 276.936 -24.5198 0 0 0 -0.426847 0.904324
44.2133 277.571 -25.2872 0 0 0 -0.421671 0.906749
44.3169 278.197 -26.0178 0 0 0 -0.418803 0.908077
44.4218 278.813 -26.7426 0 0 0 -0.415289 0.909689
44.5243 279.471 -27.4832 0 0 0 -0.413002 0.91073
44.628 280.091 -28.1864 0 0 0 -0.407526 0.913194
44.732 280.727 -28.8893 0 0 0 -0.404078 0.914724
44.8357 281.388 -29.6199 0 0 0 -0.399013 0.916945
44.9403 282.058 -30.3398 0 0 0 -0.393573 0.919293
45.0431 282.741 -31.038 0 0 0 -0.387621 0.921819
45.1485 283.407 -31.719 0 0 0 -0.382511 0.923951
45.2505 284.126 -32.4221 0 0 0 -0.377554 0.925987
45.3543 284.842 -33.1087 0 0 0 -0.371876 0.928283
45.458 285.541 -33.7787 0 0 0 -0.365106 0.930966
45.5618 286.285 -34.4628 0 0 0 -0.360222 0.932867
45.6655 287.032 -35.1432 0 0 0 -0.354039 0.935231
45.7693 287.793 -35.7967 0 0 0 -0.350447 0.936583
45.873 288.547 -36.4327 0 0 0 -0.34441 0.938819
45.9766 289.354 -37.1104 0 0 0 -0.336435 0.941707
46.0807 290.098 -37.7422 0 0 0 -0.331797 0.943351
46.1843 290.914 -38.3549 0 0 0 -0.325917 0.945398
46.2878 291.746 -38.9977 0 0 0 -0.318416 0.947951
46.3915 292.57 -39.6259 0 0 0 -0.312004 0.950081
46.4952 293.432 -40.2386 0 0 0 -0.303978 0.952679
46.5989 294.29 -40.856 0 0 0 -0.296877 0.954916
46.7026 295.164 -41.4547 0 0 0 -0.290708 0.956812
46.8064 296.017 -42.0404 0 0 0 -0.28572 0.958313
46.9101 296.951 -42.606 0 0 0 -0.278993 0.960293
47.0139 297.844 -43.174 0 0 0 -0.275553 0.961286
47.1177 298.767 -43.7317 0 0 0 -0.270105 0.962831
47.2216 299.665 -44.2842 0 0 0 -0.266136 0.963936
47.3255 300.596 -44.8338 0 0 0 -0.261347 0.965245
47.4292 301.547 -45.3783 0 0 0 -0.256672 0.966499
47.5329 302.502 -45.9009 0 0 0 -0.252751 0.967531
47.6368 303.446 -46.4467 0 0 0 -0.248088 0.968737
47.7406 304.429 -46.97 0 0 0 -0.244801 0.969573
47.8445 305.382 -47.4839 0 0 0 -0.241771 0.970333
47.9483 306.366 -48.0092 0 0 0 -0.239859 0.970808
48.0522 307.343 -48.5074 0 0 0 -0.239786 0.970826
48.156 308.315 -49.0128 0 0 0 -0.239824 0.970816
48.2599 309.304 -49.5194 0 0 0 -0.238898 0.971045
48.3643 310.316 -50.0638 0 0 0 -0.238025 0.971259
48.4676 311.272 -50.5746 0 0 0 -0.238354 0.971178
48.5714 312.291 -51.1194 0 0 0 -0.237881 0.971294
48.6752 313.303 -51.643 0 0 0 -0.237136 0.971477
48.779 314.33 -52.1777 0 0 0 -0.235588 0.971853
48.8826 315.314 -52.6789 0 0 0 -0.235167 0.971955
48.9864 316.338 -53.2074 0 0 0 -0.234062 0.972222
49.0901 317.355 -53.7375 0 0 0 -0.231712 0.972784
49.1938 318.364 -54.2415 0 0 0 -0.229309 0.973354
49.2976 319.376 -54.7465 0 0 0 -0.224096 0.974567
49.4012 320.396 -55.2495 0 0 0 -0.219118 0.975698
49.5049 321.442 -55.7267 0 0 0 -0.213042 0.977043
49.6086 322.495 -56.2097 0 0 0 -0.208098 0.978108
49.7123 323.496 -56.6431 0 0 0 -0.200361 0.979722
49.816 324.563 -57.0912 0 0 0 -0.194142 0.980974
49.9196 325.619 -57.5168 0 0 0 -0.187472 0.98227
50.0233 326.637 -57.8986 0 0 0 -0.180904 0.983501
50.127 327.704 -58.3161 0 0 0 -0.17399 0.984747
50.2308 328.751 -58.6971 0 0 0 -0.167149 0.985932
50.3345 329.809 -59.0391 0 0 0 -0.160694 0.987004
50.4383 330.879 -59.4033 0 0 0 -0.153651 0.988125
50.542 331.91 -59.7101 0 0 0 -0.147858 0.989009
50.6459 333.025 -60.035 0 0 0 -0.143108 0.989707
50.7498 334.055 -60.3387 0 0 0 -0.139258 0.990256
50.8536 335.113 -60.6379 0 0 0 -0.137241 0.990538
50.9574 336.187 -60.9373 0 0 0 -0.133205 0.991088
51.0613 337.281 -61.2458 0 0 0 -0.130879 0.991398
51.1651 338.332 -61.5415 0 0 0 -0.129461 0.991585
51.2689 339.373 -61.8045 0 0 0 -0.126347 0.991986
51.3726 340.471 -62.1091 0 0 0 -0.123897 0.992295
51.4764 341.512 -62.3625 0 0 0 -0.121926 0.992539
51.5801 342.586 -62.6272 0 0 0 -0.117859 0.99303
51.6839 343.66 -62.8777 0 0 0 -0.115681 0.993286
51.7876 344.716 -63.1223 0 0 0 -0.111072 0.993812
51.8913 345.782 -63.3719 0 0 0 -0.107312 0.994225
51.995 346.863 -63.5884 0 0 0 -0.105197 0.994451
52.0988 347.92 -63.8389 0 0 0 -0.101927 0.994792
52.2024 348.969 -64.0541 0 0 0 -0.100886 0.994898
52.3061 350.02 -64.2714 0 0 0 -0.10071 0.994916
52.41 351.043 -64.495 0 0 0 -0.100302 0.994957
52.5139 352.095 -64.7112 0 0 0 -0.103031 0.994678
52.6178 353.118 -64.9304 0 0 0 -0.1068 0.99428
52.7216 354.126 -65.1544 0 0 0 -0.113587 0.993528
52.8256 355.156 -65.3943 0 0 0 -0.118661 0.992935
52.9295 356.097 -65.6346 0 0 0 -0.123275 0.992373
53.0333 357.057 -65.9037 0 0 0 -0.128163 0.991753
53.137 357.995 -66.1524 0 0 0 -0.130258 0.99148
53.2406 358.913 -66.4172 0 0 0 -0.132391 0.991198
53.3444 359.833 -66.6704 0 0 0 -0.132952 0.991123
53.448 360.736 -66.9181 0 0 0 -0.130996 0.991383
53.5518 361.659 -67.1533 0 0 0 -0.126561 0.991959
53.6554 362.579 -67.406 0 0 0 -0.122874 0.992422
53.759 363.473 -67.6282 0 0 0 -0.116996 0.993132
53.8626 364.383 -67.8222 0 0 0 -0.109266 0.994013
53.9663 365.302 -68.0372 0 0 0 -0.101763 0.994809
54.0699 366.216 -68.2166 0 0 0 -0.0916715 0.995789
54.1735 367.109 -68.3603 0 0 0 -0.0801902 0.99678
54.2771 368.03 -68.4837 0 0 0 -0.0694159 0.997588
54.3808 368.925 -68.5905 0 0 0 -0.056685 0.998392
54.4844 369.84 -68.6826 0 0 0 -0.042959 0.999077
54.588 370.77 -68.7332 0 0 0 -0.0274132 0.999624
54.6916 371.689 -68.7646 0 0 0 -0.0136106 0.999907
54.7954 372.583 -68.7834 0 0 0 0.000390511 1
54.899 373.503 -68.759 0 0 0 0.0161046 0.99987
55.0028 374.423 -68.6992 0 0 0 0.0312563 0.999511
55.1065 375.372 -68.6536 0 0 0 0.0467271 0.998908
55.2103 376.254 -68.5432 0 0 0 0.0599568 0.998201
55.3141 377.162 -68.4006 0 0 0 0.073909 0.997265
55.418 378.072 -68.2428 0 0 0 0.0859491 0.9963
55.522 378.956 -68.0724 0 0 0 0.0929592 0.99567
55.626 379.881 -67.893 0 0 0 0.098485 0.995139
55.73 380.824 -67.6953 0 0 0 0.102081 0.994776
55.8341 381.713 -67.4751 0 0 0 0.102757 0.994706
55.9383 382.649 -67.2725 0 0 0 0.102231 0.994761
56.0423 383.604 -67.0716 0 0 0 0.102359 0.994748
56.1464 384.58 -66.8802 0 0 0 0.0999953 0.994988
56.2505 385.545 -66.6792 0 0 0 0.0995493 0.995033
56.3545 386.533 -66.4924 0 0 0 0.0967293 0.995311
56.4585 387.525 -66.29 0 0 0 0.0969175 0.995292
56.5625 388.514 -66.0916 0 0 0 0.0962392 0.995358
56.6664 389.516 -65.9114 0 0 0 0.0937887 0.995592
56.7704 390.595 -65.7122 0 0 0 0.0933329 0.995635
56.8743 391.634 -65.5209 0 0 0 0.0931332 0.995654
56.9781 392.694 -65.3234 0 0 0 0.0928426 0.995681
57.0819 393.749 -65.1284 0 0 0 0.0930041 0.995666
57.1858 394.804 -64.9357 0 0 0 0.0926005 0.995703
57.2895 395.881 -64.7339 0 0 0 0.0925034 0.995712
57.3933 396.938 -64.5255 0 0 0 0.0927356 0.995691
57.497 398.048 -64.3217 0 0 0 0.0937192 0.995599
57.6006 399.156 -64.1103 0 0 0 0.0962688 0.995355
57.7044 400.254 -63.9049 0 0 0 0.0973953 0.995246
57.808 401.361 -63.6812 0 0 0 0.101574 0.994828
57.9116 402.447 -63.4612 0 0 0 0.105392 0.994431
58.0154 403.546 -63.2333 0 0 0 0.110085 0.993922
58.119 404.624 -62.9727 0 0 0 0.115464 0.993312
58.2228 405.726 -62.7224 0 0 0 0.120141 0.992757
58.3265 406.825 -62.4421 0 0 0 0.126518 0.991964
58.4303 407.909 -62.1712 0 0 0 0.130883 0.991398
58.534 408.997 -61.8913 0 0 0 0.132623 0.991167
58.6379 410.066 -61.5864 0 0 0 0.138655 0.990341
58.7416 411.108 -61.267 0 0 0 0.143798 0.989607
58.8454 412.174 -60.9349 0 0 0 0.148462 0.988918
58.9492 413.233 -60.6168 0 0 0 0.152057 0.988372
59.0529 414.267 -60.2823 0 0 0 0.15414 0.988049
59.1567 415.3 -59.9455 0 0 0 0.158939 0.987288
59.2605 416.362 -59.5891 0 0 0 0.16105 0.986946
59.3643 417.401 -59.2458 0 0 0 0.164043 0.986453
59.468 418.453 -58.881 0 0 0 0.166876 0.985978
59.5718 419.481 -58.5456 0 0 0 0.170537 0.985351
59.6755 420.49 -58.1833 0 0 0 0.172679 0.984978
59.7794 421.551 -57.811 0 0 0 0.173807 0.98478
59.8831 422.601 -57.4256 0 0 0 0.178679 0.983907
59.987 423.642 -57.0592 0 0 0 0.178361 0.983965
60.0908 424.677 -56.6576 0 0 0 0.178691 0.983905
60.1947 425.695 -56.2751 0 0 0 0.1795 0.983758
60.2984 426.757 -55.9021 0 0 0 0.180217 0.983627
60.4023 427.778 -55.5125 0 0 0 0.181323 0.983424
60.5061 428.827 -55.1181 0 0 0 0.1812 0.983446
60.6099 429.856 -54.7508 0 0 0 0.181743 0.983346
60.7138 430.924 -54.3321 0 0 0 0.181584 0.983375
60.8175 431.958 -53.954 0 0 0 0.182951 0.983122
60.9213 432.999 -53.5687 0 0 0 0.183513 0.983017
61.0253 434.046 -53.1523 0 0 0 0.183801 0.982963
61.129 435.06 -52.7556 0 0 0 0.183509 0.983018
61.2327 436.123 -52.3601 0 0 0 0.184121 0.982904
61.3365 437.161 -51.949 0 0 0 0.184382 0.982855
61.4402 438.202 -51.5376 0 0 0 0.184755 0.982785
61.5439 439.261 -51.1424 0 0 0 0.184129 0.982902
61.6478 440.289 -50.7397 0 0 0 0.183666 0.982989
61.7516 441.34 -50.3487 0 0 0 0.182431 0.983219
61.8553 442.395 -49.9469 0 0 0 0.181069 0.98347
61.959 443.427 -49.5607 0 0 0 0.182062 0.983287
62.0628 444.462 -49.1843 0 0 0 0.180002 0.983666
62.1666 445.466 -48.8023 0 0 0 0.180863 0.983508
62.2704 446.491 -48.4224 0 0 0 0.178444 0.98395
62.374 447.529 -48.0161 0 0 0 0.180196 0.983631
62.4778 448.519 -47.6747 0 0 0 0.17979 0.983705
62.5816 449.539 -47.2773 0 0 0 0.17877 0.983891
62.6853 450.536 -46.9079 0 0 0 0.177862 0.984055
62.789 451.54 -46.558 0 0 0 0.177516 0.984118
62.8928 452.602 -46.1653 0 0 0 0.177421 0.984135
62.9966 453.597 -45.8206 0 0 0 0.175861 0.984415
63.1004 454.583 -45.4709 0 0 0 0.176065 0.984379
63.204 455.56 -45.1073 0 0 0 0.17562 0.984458
63.3077 456.563 -44.7412 0 0 0 0.176495 0.984301
63.4114 457.52 -44.3868 0 0 0 0.177043 0.984203
63.5153 458.477 -44.0354 0 0 0 0.176203 0.984354
63.6188 459.46 -43.6799 0 0 0 0.177185 0.984178
63.7225 460.404 -43.335 0 0 0 0.175762 0.984433
63.8262 461.39 -42.9936 0 0 0 0.17642 0.984315
63.9299 462.341 -42.6338 0 0 0 0.176464 0.984307
64.0336 463.253 -42.2886 0 0 0 0.176491 0.984302
64.1373 464.228 -41.9441 0 0 0 0.175947 0.9844
64.241 465.178 -41.5818 0 0 0 0.175916 0.984405
64.3448 466.099 -41.2597 0 0 0 0.176251 0.984345
64.4486 467.033 -40.9137 0 0 0 0.176348 0.984328
64.5524 467.961 -40.6029 0 0 0 0.176575 0.984287
64.6562 468.875 -40.2564 0 0 0 0.17625 0.984345
64.7599 469.81 -39.9088 0 0 0 0.176247 0.984346
64.8637 470.702 -39.5939 0 0 0 0.174683 0.984625
64.9675 471.633 -39.2342 0 0 0 0.175237 0.984526
65.0712 472.523 -38.8934 0 0 0 0.177753 0.984075
65.1749 473.416 -38.5995 0 0 0 0.178676 0.983908
65.2789 474.294 -38.2664 0 0 0 0.180346 0.983603
65.3824 475.173 -37.9489 0 0 0 0.180618 0.983553
65.4861 476.055 -37.6313 0 0 0 0.180816 0.983517
65.5898 476.938 -37.2925 0 0 0 0.180731 0.983533
65.6936 477.787 -36.993 0 0 0 0.182795 0.983151
65.7973 478.662 -36.671 0 0 0 0.182738 0.983162
65.901 479.51 -36.3438 0 0 0 0.181564 0.983379
66.0048 480.358 -36.0653 0 0 0 0.18018 0.983634
66.1085 481.189 -35.7442 0 0 0 0.180846 0.983511
66.2122 482.006 -35.4314 0 0 0 0.181686 0.983357
66.3159 482.8 -35.1376 0 0 0 0.181052 0.983474
66.4197 483.639 -34.8444 0 0 0 0.179742 0.983714
66.5234 484.421 -34.5776 0 0 0 0.179776 0.983707
66.6271 485.207 -34.291 0 0 0 0.178156 0.984002
66.7308 485.965 -34.0284 0 0 0 0.17752 0.984117
66.8346 486.72 -33.7494 0 0 0 0.176925 0.984224
66.9383 487.492 -33.507 0 0 0 0.176479 0.984304
67.042 488.254 -33.2318 0 0 0 0.176264 0.984343
67.1459 488.989 -32.9469 0 0 0 0.176117 0.984369
67.2496 489.739 -32.6828 0 0 0 0.174 0.984746
67.3535 490.524 -32.4517 0 0 0 0.170011 0.985442
67.4573 491.273 -32.2009 0 0 0 0.165601 0.986193
67.5611 491.989 -31.9523 0 0 0 0.161319 0.986902
67.6649 492.751 -31.704 0 0 0 0.154861 0.987936
67.7692 493.515 -31.5125 0 0 0 0.148214 0.988955
67.8728 494.259 -31.3084 0 0 0 0.140149 0.99013
67.9767 494.987 -31.0859 0 0 0 0.131312 0.991341
68.0807 495.767 -30.9179 0 0 0 0.119996 0.992774
68.1847 496.577 -30.7655 0 0 0 0.106334 0.99433
68.2887 497.298 -30.5874 0 0 0 0.0980261 0.995184
68.3927 498.116 -30.4822 0 0 0 0.0820067 0.996632
68.4967 498.893 -30.4165 0 0 0 0.0683261 0.997663
68.6005 499.676 -30.2887 0 0 0 0.0566697 0.998393
68.7045 500.453 -30.2844 0 0 0 0.0407098 0.999171
68.8084 501.212 -30.1849 0 0 0 0.0309225 0.999522
68.9122 502.029 -30.2225 0 0 0 0.0153998 0.999881
69.016 502.8 -30.2042 0 0 0 0.00282746 0.999996
69.1198 503.647 -30.4242 0 0 0 -0.0146097 0.999893
69.2237 504.445 -30.2899 0 0 0 -0.0220995 0.999756
69.3274 504.882 -31.6039 0 0 0 -0.0600176 0.998197
69.4313 505.068 -31.5556 0 0 0 -0.0711268 0.997467
69.535 504.69 -32.4389 0 0 0 -0.106826 0.994278
69.6389 504.903 -33.373 0 0 0 -0.122646 0.99245
69.7425 506.15 -33.7076 0 0 0 -0.131935 0.991258
69.8462 508.847 -32.7232 0 0 0 -0.1195 0.992834
69.9501 514.304 12.6355 0 0 0 -0.124625 0.992204
70.0539 514.304 12.6355 0 0 0 -0.124625 0.992204
70.1574 514.304 12.6355 0 0 0 -0.124625 0.992204
70.2612 514.304 12.6355 0 0 0 -0.124625 0.992204
70.365 514.304 12.6355 0 0 0 -0.124625 0.992204
70.4686 514.304 12.6355 0 0 0 -0.124625 0.992204
70.5724 514.304 12.6355 0 0 0 -0.124625 0.992204
70.676 514.304 12.6355 0 0 0 -0.124625 0.992204
70.7797 514.304 12.6355 0 0 0 -0.124625 0.992204
70.8833 514.304 12.6355 0 0 0 -0.124625 0.992204
70.987 514.304 12.6355 0 0 0 -0.124625 0.992204
71.0907 514.304 12.6355 0 0 0 -0.124625 0.992204
71.1944 514.304 12.6355 0 0 0 -0.124625 0.992204
71.2982 514.304 12.6355 0 0 0 -0.124625 0.992204
71.402 514.304 12.6355 0 0 0 -0.124625 0.992204
71.5057 514.304 12.6355 0 0 0 -0.124625 0.992204
71.6095 514.304 12.6355 0 0 0 -0.124625 0.992204
71.7134 514.304 12.6355 0 0 0 -0.124625 0.992204
71.817 514.304 12.6355 0 0 0 -0.124625 0.992204
71.9209 514.304 12.6355 0 0 0 -0.124625 0.992204
72.0247 514.304 12.6355 0 0 0 -0.124625 0.992204
72.1283 514.304 12.6355 0 0 0 -0.124625 0.992204
72.2321 514.304 12.6355 0 0 0 -0.124625 0.992204
72.3357 514.304 12.6355 0 0 0 -0.124625 0.992204
72.4394 514.304 12.6355 0 0 0 -0.124625 0.992204
72.5431 514.304 12.6355 0 0 0 -0.124625 0.992204
72.6467 514.304 12.6355 0 0 0 -0.124625 0.992204
72.7504 514.304 12.6355 0 0 0 -0.124625 0.992204
72.854 514.304 12.6355 0 0 0 -0.124625 0.992204
72.9577 514.304 12.6355 0 0 0 -0.124625 0.992204
73.0614 488.185 24.8052 0 0 0 0.170468 0.985363
73.1652 489.027 25.0774 0 0 0 0.159914 0.987131
73.2689 489.858 25.3628 0 0 0 0.151758 0.988418
73.3727 490.716 25.5908 0 0 0 0.139704 0.990193
73.4764 491.587 25.8115 0 0 0 0.1292 0.991619
73.5803 492.436 26.024 0 0 0 0.118012 0.993012
73.6839 493.319 26.202 0 0 0 0.105008 0.994471
73.7878 494.197 26.3515 0 0 0 0.0922574 0.995735
73.8915 495.08 26.4781 0 0 0 0.0786934 0.996899
73.9953 496.011 26.6071 0 0 0 0.0651945 0.997873
74.099 496.9 26.6926 0 0 0 0.0527111 0.99861
74.2028 497.853 26.7489 0 0 0 0.0378215 0.999285
74.3065 498.774 26.8161 0 0 0 0.0263623 0.999652
74.4104 499.708 26.8431 0 0 0 0.0143654 0.999897
74.5142 500.659 26.8132 0 0 0 -0.00164977 0.999999
74.6179 501.6 26.7791 0 0 0 -0.0135433 0.999908
74.7215 502.57 26.7812 0 0 0 -0.0256176 0.999672
74.8252 503.568 26.6892 0 0 0 -0.0391823 0.999232
74.9289 504.47 26.5893 0 0 0 -0.0526506 0.998613
75.0326 505.474 26.448 0 0 0 -0.0659151 0.997825
75.1363 505.6 26.1878 0 0 0 -0.0751862 0.997169
75.2401 506.185 25.2722 0 0 0 -0.107369 0.994219
75.3437 506.807 25.239 0 0 0 -0.10586 0.994381
75.4475 507.905 24.4416 0 0 0 -0.1393 0.99025
75.5511 509.547 24.9397 0 0 0 -0.133053 0.991109
75.6547 510.234 24.0782 0 0 0 -0.156678 0.98765
75.7585 510.848 24.0209 0 0 0 -0.161325 0.986901
75.8622 512.739 24.417 0 0 0 -0.160198 0.987085
75.9658 513.583 22.5476 0 0 0 -0.206363 0.978476
76.0695 513.969 22.1836 0 0 0 -0.221189 0.975231
76.1732 515.59 23.5775 0 0 0 -0.1949 0.980823
76.277 515.964 22.6595 0 0 0 -0.211833 0.977306
76.3806 514.173 15.8258 0 0 0 -0.285527 0.958371
76.4844 498.625 -2.98666 0 0 0 -0.186834 0.982391
76.5881 499.615 -3.30817 0 0 0 -0.195252 0.980753
76.6917 500.555 -3.76074 0 0 0 -0.206983 0.978345
76.7953 501.55 -4.28607 0 0 0 -0.218332 0.975875
76.8991 502.54 -4.68579 0 0 0 -0.226533 0.974003
77.0028 502.331 -4.10944 0 0 0 -0.188746 0.982026
77.1064 501.159 -3.09552 0 0 0 -0.13468 0.990889
77.2102 501.607 -3.09122 0 0 0 -0.133277 0.991079
77.3138 501.471 -2.54523 0 0 0 -0.112096 0.993697
77.4174 500.111 -2.16934 0 0 0 -0.130456 0.991454
77.5212 499.96 -1.99854 0 0 0 -0.136586 0.990628
77.6249 499.65 -1.58221 0 0 0 -0.142347 0.989817
77.7285 499.92 -1.62265 0 0 0 -0.148669 0.988887
77.8321 499.838 -1.53961 0 0 0 -0.153907 0.988085
77.9357 499.545 -1.36847 0 0 0 -0.154645 0.98797
78.0394 499.106 -1.12946 0 0 0 -0.151763 0.988417
78.1429 500.149 -1.51108 0 0 0 -0.157498 0.987519
78.2467 501.329 -1.90186 0 0 0 -0.157298 0.987551
78.3503 502.375 -2.22623 0 0 0 -0.157226 0.987563
78.454 503.399 -2.64249 0 0 0 -0.161905 0.986806
78.5579 504.597 -3.00595 0 0 0 -0.157528 0.987514
78.6615 505.87 -3.33551 0 0 0 -0.153352 0.988172
78.7656 507.024 -3.83545 0 0 0 -0.159404 0.987213
78.8688 508.032 -4.0231 0 0 0 -0.155283 0.98787
78.9724 509.2 -4.53412 0 0 0 -0.16138 0.986892
79.0818 510.454 -4.69473 0 0 0 -0.15283 0.988253
79.1799 511.295 -5.18912 0 0 0 -0.15917 0.987251
79.2836 513.838 -6.6452 0 0 0 -0.176135 0.984366
79.3873 514.35 -6.31137 0 0 0 -0.162155 0.986765
79.4911 514.842 -6.67804 0 0 0 -0.169128 0.985594
79.5949 515.896 -7.22321 0 0 0 -0.171764 0.985138
79.6986 515.502 -6.97485 0 0 0 -0.172675 0.984979
79.8023 516.299 -7.19122 0 0 0 -0.171492 0.985186
79.9061 516.78 -7.48209 0 0 0 -0.176074 0.984377
80.0098 514.14 -4.16641 0 0 0 -0.117119 0.993118
80.1134 510.423 2.30475 0 0 0 -0.0621837 0.998065
80.2172 510.937 0.677338 0 0 0 -0.0982031 0.995166
80.321 510.948 2.71152 0 0 0 -0.0748938 0.997191
80.4247 510.613 3.11176 0 0 0 -0.0634848 0.997983
80.5284 512.425 5.45718 0 0 0 0.0431406 0.999069
80.6322 519.698 -0.521576 0 0 0 0.186478 0.982459
80.7358 -961.101 1893.88 0 0 0 0.283629 0.958934
80.8396 -961.101 1893.88 0 0 0 0.283629 0.958934
80.9435 -961.101 1893.88 0 0 0 0.283629 0.958934
81.0471 -961.101 1893.88 0 0 0 0.283629 0.958934
81.1508 -961.101 1893.88 0 0 0 0.283629 0.958934
81.2545 -961.101 1893.88 0 0 0 0.283629 0.958934
81.3584 -961.101 1893.88 0 0 0 0.283629 0.958934
81.4621 -961.101 1893.88 0 0 0 0.283629 0.958934
81.5659 -961.101 1893.88 0 0 0 0.283629 0.958934
81.6696 -961.101 1893.88 0 0 0 0.283629 0.958934
81.7734 -961.101 1893.88 0 0 0 0.283629 0.958934
81.877 -961.101 1893.88 0 0 0 0.283629 0.958934
81.9807 -961.101 1893.88 0 0 0 0.283629 0.958934
82.0844 -961.101 1893.88 0 0 0 0.283629 0.958934
82.1882 -961.101 1893.88 0 0 0 0.283629 0.958934
82.2918 -961.101 1893.88 0 0 0 0.283629 0.958934
82.3956 -961.101 1893.88 0 0 0 0.283629 0.958934
82.4993 -961.101 1893.88 0 0 0 0.283629 0.958934
82.6031 -961.101 1893.88 0 0 0 0.283629 0.958934
82.7069 -961.101 1893.88 0 0 0 0.283629 0.958934
82.8104 -961.101 1893.88 0 0 0 0.283629 0.958934
82.9142 -961.101 1893.88 0 0 0 0.283629 0.958934
83.018 -961.101 1893.88 0 0 0 0.283629 0.958934
83.1217 -961.101 1893.88 0 0 0 0.283629 0.958934
83.2255 -961.101 1893.88 0 0 0 0.283629 0.958934
83.3292 -961.101 1893.88 0 0 0 0.283629 0.958934
83.4329 -961.101 1893.88 0 0 0 0.283629 0.958934
83.5368 -961.101 1893.88 0 0 0 0.283629 0.958934
83.6404 -961.101 1893.88 0 0 0 0.283629 0.958934
83.7442 -961.101 1893.88 0 0 0 0.283629 0.958934
83.8479 -961.101 1893.88 0 0 0 0.283629 0.958934
83.9517 -961.101 1893.88 0 0 0 0.283629 0.958934
84.0556 -961.101 1893.88 0 0 0 0.283629 0.958934
84.1592 -961.101 1893.88 0 0 0 0.283629 0.958934
84.2628 -961.101 1893.88 0 0 0 0.283629 0.958934
84.3666 -961.101 1893.88 0 0 0 0.283629 0.958934
84.4703 -961.101 1893.88 0 0 0 0.283629 0.958934
84.5741 -961.101 1893.88 0 0 0 0.283629 0.958934
84.6779 -961.101 1893.88 0 0 0 0.283629 0.958934
84.7818 -961.101 1893.88 0 0 0 0.283629 0.958934
84.8855 -961.101 1893.88 0 0 0 0.283629 0.958934
84.9895 -961.101 1893.88 0 0 0 0.283629 0.958934
85.093 -961.101 1893.88 0 0 0 0.283629 0.958934
85.1968 -961.101 1893.88 0 0 0 0.283629 0.958934
85.3004 -961.101 1893.88 0 0 0 0.283629 0.958934
85.4041 -961.101 1893.88 0 0 0 0.283629 0.958934
85.5079 -961.101 1893.88 0 0 0 0.283629 0.958934
85.6114 -961.101 1893.88 0 0 0 0.283629 0.958934
85.7152 -961.101 1893.88 0 0 0 0.283629 0.958934
85.8189 -961.101 1893.88 0 0 0 0.283629 0.958934
85.9227 -961.101 1893.88 0 0 0 0.283629 0.958934
86.0263 -961.101 1893.88 0 0 0 0.283629 0.958934
86.1301 -961.101 1893.88 0 0 0 0.283629 0.958934
86.2338 -961.101 1893.88 0 0 0 0.283629 0.958934
86.3376 -961.101 1893.88 0 0 0 0.283629 0.958934
86.4413 -961.101 1893.88 0 0 0 0.283629 0.958934
86.545 -961.101 1893.88 0 0 0 0.283629 0.958934
86.6487 -961.101 1893.88 0 0 0 0.283629 0.958934
86.7523 -961.101 1893.88 0 0 0 0.283629 0.958934
86.8561 -961.101 1893.88 0 0 0 0.283629 0.958934
86.9598 -961.101 1893.88 0 0 0 0.283629 0.958934
87.0635 -961.101 1893.88 0 0 0 0.283629 0.958934
87.1672 -961.101 1893.88 0 0 0 0.283629 0.958934
87.2708 -961.101 1893.88 0 0 0 0.283629 0.958934
87.3746 -961.101 1893.88 0 0 0 0.283629 0.958934
87.4782 -961.101 1893.88 0 0 0 0.283629 0.958934
87.5818 -961.101 1893.88 0 0 0 0.283629 0.958934
87.6855 -961.101 1893.88 0 0 0 0.283629 0.958934
87.7892 -961.101 1893.88 0 0 0 0.283629 0.958934
87.8929 -961.101 1893.88 0 0 0 0.283629 0.958934
87.9967 -961.101 1893.88 0 0 0 0.283629 0.958934
88.1003 -961.101 1893.88 0 0 0 0.283629 0.958934
88.204 -961.101 1893.88 0 0 0 0.283629 0.958934
88.3078 -961.101 1893.88 0 0 0 0.283629 0.958934
88.4114 -961.101 1893.88 0 0 0 0.283629 0.958934
88.5151 -961.101 1893.88 0 0 0 0.283629 0.958934
88.6188 -961.101 1893.88 0 0 0 0.283629 0.958934
88.7224 -961.101 1893.88 0 0 0 0.283629 0.958934
88.8262 -961.101 1893.88 0 0 0 0.283629 0.958934
88.9299 -961.101 1893.88 0 0 0 0.283629 0.958934
89.0337 -961.101 1893.88 0 0 0 0.283629 0.958934
89.1374 -961.101 1893.88 0 0 0 0.283629 0.958934
89.2411 -961.101 1893.88 0 0 0 0.283629 0.958934
89.3448 -961.101 1893.88 0 0 0 0.283629 0.958934
89.4485 -961.101 1893.88 0 0 0 0.283629 0.958934
89.5522 -961.101 1893.88 0 0 0 0.283629 0.958934
89.6558 -961.101 1893.88 0 0 0 0.283629 0.958934
89.7596 -961.101 1893.88 0 0 0 0.283629 0.958934
89.8632 -961.101 1893.88 0 0 0 0.283629 0.958934
89.9669 -961.101 1893.88 0 0 0 0.283629 0.958934
90.0707 -961.101 1893.88 0 0 0 0.283629 0.958934
90.1743 -961.101 1893.88 0 0 0 0.283629 0.958934
90.2781 -961.101 1893.88 0 0 0 0.283629 0.958934
90.3818 -961.101 1893.88 0 0 0 0.283629 0.958934
90.4855 -961.101 1893.88 0 0 0 0.283629 0.958934
90.5893 -961.101 1893.88 0 0 0 0.283629 0.958934
90.6931 -961.101 1893.88 0 0 0 0.283629 0.958934
90.7968 -961.101 1893.88 0 0 0 0.283629 0.958934
90.9006 -961.101 1893.88 0 0 0 0.283629 0.958934
91.0043 -961.101 1893.88 0 0 0 0.283629 0.958934
91.1081 -961.101 1893.88 0 0 0 0.283629 0.958934
91.2117 -961.101 1893.88 0 0 0 0.283629 0.958934
91.3155 -961.101 1893.88 0 0 0 0.283629 0.958934
91.4192 -961.101 1893.88 0 0 0 0.283629 0.958934
91.5229 -961.101 1893.88 0 0 0 0.283629 0.958934
91.6267 -961.101 1893.88 0 0 0 0.283629 0.958934
91.7303 -961.101 1893.88 0 0 0 0.283629 0.958934
91.8341 -961.101 1893.88 0 0 0 0.283629 0.958934
91.9378 -961.101 1893.88 0 0 0 0.283629 0.958934
92.0415 -961.101 1893.88 0 0 0 0.283629 0.958934
92.1453 -961.101 1893.88 0 0 0 0.283629 0.958934
92.2492 -961.101 1893.88 0 0 0 0.283629 0.958934
92.353 -961.101 1893.88 0 0 0 0.283629 0.958934
92.4568 -961.101 1893.88 0 0 0 0.283629 0.958934
92.5606 -961.101 1893.88 0 0 0 0.283629 0.958934
92.6644 -961.101 1893.88 0 0 0 0.283629 0.958934
92.7683 -961.101 1893.88 0 0 0 0.283629 0.958934
92.8721 -961.101 1893.88 0 0 0 0.283629 0.958934
92.9759 -961.101 1893.88 0 0 0 0.283629 0.958934
93.0797 -961.101 1893.88 0 0 0 0.283629 0.958934
93.1836 -961.101 1893.88 0 0 0 0.283629 0.958934
93.2874 -961.101 1893.88 0 0 0 0.283629 0.958934
93.3913 -961.101 1893.88 0 0 0 0.283629 0.958934
93.4952 -961.101 1893.88 0 0 0 0.283629 0.958934
93.599 -961.101 1893.88 0 0 0 0.283629 0.958934
93.7028 -961.101 1893.88 0 0 0 0.283629 0.958934
93.8067 -961.101 1893.88 0 0 0 0.283629 0.958934
93.9104 -961.101 1893.88 0 0 0 0.283629 0.958934
94.0143 -961.101 1893.88 0 0 0 0.283629 0.958934
94.1181 -961.101 1893.88 0 0 0 0.283629 0.958934
94.2219 -961.101 1893.88 0 0 0 0.283629 0.958934
94.3257 -961.101 1893.88 0 0 0 0.283629 0.958934
94.4296 -961.101 1893.88 0 0 0 0.283629 0.958934
94.5333 -961.101 1893.88 0 0 0 0.283629 0.958934
94.6372 -961.101 1893.88 0 0 0 0.283629 0.958934
94.7411 -961.101 1893.88 0 0 0 0.283629 0.958934
94.8449 -961.101 1893.88 0 0 0 0.283629 0.958934
94.9488 -961.101 1893.88 0 0 0 0.283629 0.958934
95.0527 -961.101 1893.88 0 0 0 0.283629 0.958934
95.1565 -961.101 1893.88 0 0 0 0.283629 0.958934
95.2606 -961.101 1893.88 0 0 0 0.283629 0.958934
95.3644 -961.101 1893.88 0 0 0 0.283629 0.958934
95.4683 -961.101 1893.88 0 0 0 0.283629 0.958934
95.5723 -961.101 1893.88 0 0 0 0.283629 0.958934
95.6762 -961.101 1893.88 0 0 0 0.283629 0.958934
95.7802 -961.101 1893.88 0 0 0 0.283629 0.958934
95.8841 -961.101 1893.88 0 0 0 0.283629 0.958934
95.9881 -961.101 1893.88 0 0 0 0.283629 0.958934
96.0921 -961.101 1893.88 0 0 0 0.283629 0.958934
96.1961 -961.101 1893.88 0 0 0 0.283629 0.958934
96.3001 -961.101 1893.88 0 0 0 0.283629 0.958934
96.4042 -961.101 1893.88 0 0 0 0.283629 0.958934
96.5083 -961.101 1893.88 0 0 0 0.283629 0.958934
96.6124 -961.101 1893.88 0 0 0 0.283629 0.958934
96.7166 -961.101 1893.88 0 0 0 0.283629 0.958934
96.8208 -961.101 1893.88 0 0 0 0.283629 0.958934
96.9249 -961.101 1893.88 0 0 0 0.283629 0.958934
97.0291 -961.101 1893.88 0 0 0 0.283629 0.958934
97.1332 -961.101 1893.88 0 0 0 0.283629 0.958934
97.2373 -961.101 1893.88 0 0 0 0.283629 0.958934
97.3414 -961.101 1893.88 0 0 0 0.283629 0.958934
97.4454 -961.101 1893.88 0 0 0 0.283629 0.958934
97.5495 -961.101 1893.88 0 0 0 0.283629 0.958934
97.6536 -961.101 1893.88 0 0 0 0.283629 0.958934
97.7576 -961.101 1893.88 0 0 0 0.283629 0.958934
97.8616 -961.101 1893.88 0 0 0 0.283629 0.958934
97.9654 -961.101 1893.88 0 0 0 0.283629 0.958934
98.0693 -961.101 1893.88 0 0 0 0.283629 0.958934
98.1731 -961.101 1893.88 0 0 0 0.283629 0.958934
98.2768 -961.101 1893.88 0 0 0 0.283629 0.958934
98.3806 -961.101 1893.88 0 0 0 0.283629 0.958934
98.4842 -961.101 1893.88 0 0 0 0.283629 0.958934
98.5878 -961.101 1893.88 0 0 0 0.283629 0.958934
98.6916 -961.101 1893.88 0 0 0 0.283629 0.958934
98.7953 -961.101 1893.88 0 0 0 0.283629 0.958934
98.8991 -961.101 1893.88 0 0 0 0.283629 0.958934
99.0028 -961.101 1893.88 0 0 0 0.283629 0.958934
99.1066 -961.101 1893.88 0 0 0 0.283629 0.958934
99.2103 -961.101 1893.88 0 0 0 0.283629 0.958934
99.3142 -961.101 1893.88 0 0 0 0.283629 0.958934
99.4182 -961.101 1893.88 0 0 0 0.283629 0.958934
99.5222 -961.101 1893.88 0 0 0 0.283629 0.958934
99.6262 -961.101 1893.88 0 0 0 0.283629 0.958934
99.7301 -961.101 1893.88 0 0 0 0.283629 0.958934
99.8341 -961.101 1893.88 0 0 0 0.283629 0.958934
99.9381 -961.101 1893.88 0 0 0 0.283629 0.958934
100.042 -961.101 1893.88 0 0 0 0.283629 0.958934
100.146 -961.101 1893.88 0 0 0 0.283629 0.958934
100.25 -961.101 1893.88 0 0 0 0.283629 0.958934
100.354 -961.101 1893.88 0 0 0 0.283629 0.958934
100.458 -961.101 1893.88 0 0 0 0.283629 0.958934
100.562 -961.101 1893.88 0 0 0 0.283629 0.958934
100.666 -961.101 1893.88 0 0 0 0.283629 0.958934
100.77 -961.101 1893.88 0 0 0 0.283629 0.958934
100.874 -961.101 1893.88 0 0 0 0.283629 0.958934
100.978 -961.101 1893.88 0 0 0 0.283629 0.958934
101.081 -961.101 1893.88 0 0 0 0.283629 0.958934
101.185 -961.101 1893.88 0 0 0 0.283629 0.958934
101.289 -961.101 1893.88 0 0 0 0.283629 0.958934
101.392 -961.101 1893.88 0 0 0 0.283629 0.958934
101.496 -961.101 1893.88 0 0 0 0.283629 0.958934
101.6 -961.101 1893.88 0 0 0 0.283629 0.958934
101.703 -961.101 1893.88 0 0 0 0.283629 0.958934
101.807 -961.101 1893.88 0 0 0 0.283629 0.958934
101.911 -961.101 1893.88 0 0 0 0.283629 0.958934
102.015 -961.101 1893.88 0 0 0 0.283629 0.958934
102.118 -961.101 1893.88 0 0 0 0.283629 0.958934
102.222 -961.101 1893.88 0 0 0 0.283629 0.958934
102.326 -961.101 1893.88 0 0 0 0.283629 0.958934
102.43 -961.101 1893.88 0 0 0 0.283629 0.958934
102.534 -961.101 1893.88 0 0 0 0.283629 0.958934
102.637 -961.101 1893.88 0 0 0 0.283629 0.958934
102.741 -961.101 1893.88 0 0 0 0.283629 0.958934
102.845 -961.101 1893.88 0 0 0 0.283629 0.958934
102.949 -961.101 1893.88 0 0 0 0.283629 0.958934
103.052 -961.101 1893.88 0 0 0 0.283629 0.958934
103.156 -961.101 1893.88 0 0 0 0.283629 0.958934
103.26 -961.101 1893.88 0 0 0 0.283629 0.958934
103.364 -961.101 1893.88 0 0 0 0.283629 0.958934
103.467 -961.101 1893.88 0 0 0 0.283629 0.958934
103.571 -961.101 1893.88 0 0 0 0.283629 0.958934
103.675 -961.101 1893.88 0 0 0 0.283629 0.958934
103.778 -961.101 1893.88 0 0 0 0.283629 0.958934
103.882 -961.101 1893.88 0 0 0 0.283629 0.958934
103.986 -961.101 1893.88 0 0 0 0.283629 0.958934
104.09 -961.101 1893.88 0 0 0 0.283629 0.958934
104.193 -961.101 1893.88 0 0 0 0.283629 0.958934
104.297 -961.101 1893.88 0 0 0 0.283629 0.958934
104.401 -961.101 1893.88 0 0 0 0.283629 0.958934
104.504 -961.101 1893.88 0 0 0 0.283629 0.958934
104.608 -961.101 1893.88 0 0 0 0.283629 0.958934
104.712 -961.101 1893.88 0 0 0 0.283629 0.958934
104.815 -961.101 1893.88 0 0 0 0.283629 0.958934
104.919 -961.101 1893.88 0 0 0 0.283629 0.958934
105.023 -961.101 1893.88 0 0 0 0.283629 0.958934
105.127 -961.101 1893.88 0 0 0 0.283629 0.958934
105.23 -961.101 1893.88 0 0 0 0.283629 0.958934
105.334 -961.101 1893.88 0 0 0 0.283629 0.958934
105.438 -961.101 1893.88 0 0 0 0.283629 0.958934
105.542 -961.101 1893.88 0 0 0 0.283629 0.958934
105.645 -961.101 1893.88 0 0 0 0.283629 0.958934
105.749 -961.101 1893.88 0 0 0 0.283629 0.958934
105.853 -961.101 1893.88 0 0 0 0.283629 0.958934
105.957 -961.101 1893.88 0 0 0 0.283629 0.958934
106.061 -961.101 1893.88 0 0 0 0.283629 0.958934
106.164 -961.101 1893.88 0 0 0 0.283629 0.958934
106.268 -961.101 1893.88 0 0 0 0.283629 0.958934
106.372 -961.101 1893.88 0 0 0 0.283629 0.958934
106.476 -961.101 1893.88 0 0 0 0.283629 0.958934
106.579 -961.101 1893.88 0 0 0 0.283629 0.958934
106.683 -961.101 1893.88 0 0 0 0.283629 0.958934
106.787 -961.101 1893.88 0 0 0 0.283629 0.958934
106.891 -961.101 1893.88 0 0 0 0.283629 0.958934
106.994 -961.101 1893.88 0 0 0 0.283629 0.958934
107.098 -961.101 1893.88 0 0 0 0.283629 0.958934
107.202 -961.101 1893.88 0 0 0 0.283629 0.958934
107.306 -961.101 1893.88 0 0 0 0.283629 0.958934
107.409 -961.101 1893.88 0 0 0 0.283629 0.958934
107.513 -961.101 1893.88 0 0 0 0.283629 0.958934
107.617 -961.101 1893.88 0 0 0 0.283629 0.958934
107.721 -961.101 1893.88 0 0 0 0.283629 0.958934
107.824 -961.101 1893.88 0 0 0 0.283629 0.958934
107.928 -961.101 1893.88 0 0 0 0.283629 0.958934
108.032 -961.101 1893.88 0 0 0 0.283629 0.958934
108.135 -961.101 1893.88 0 0 0 0.283629 0.958934
108.239 -961.101 1893.88 0 0 0 0.283629 0.958934
108.343 -961.101 1893.88 0 0 0 0.283629 0.958934
108.446 -961.101 1893.88 0 0 0 0.283629 0.958934
108.55 -961.101 1893.88 0 0 0 0.283629 0.958934
108.654 -961.101 1893.88 0 0 0 0.283629 0.958934
108.758 -961.101 1893.88 0 0 0 0.283629 0.958934
108.862 -961.101 1893.88 0 0 0 0.283629 0.958934
108.965 -961.101 1893.88 0 0 0 0.283629 0.958934
109.069 -961.101 1893.88 0 0 0 0.283629 0.958934
109.173 -961.101 1893.88 0 0 0 0.283629 0.958934
109.277 -961.101 1893.88 0 0 0 0.283629 0.958934
109.381 -961.101 1893.88 0 0 0 0.283629 0.958934
109.484 -961.101 1893.88 0 0 0 0.283629 0.958934
109.588 -961.101 1893.88 0 0 0 0.283629 0.958934
109.692 -961.101 1893.88 0 0 0 0.283629 0.958934
109.795 -961.101 1893.88 0 0 0 0.283629 0.958934
109.9 -961.101 1893.88 0 0 0 0.283629 0.958934
110.003 -961.101 1893.88 0 0 0 0.283629 0.958934
110.107 -961.101 1893.88 0 0 0 0.283629 0.958934
110.211 -961.101 1893.88 0 0 0 0.283629 0.958934
110.314 -961.101 1893.88 0 0 0 0.283629 0.958934
110.418 -961.101 1893.88 0 0 0 0.283629 0.958934
110.522 -961.101 1893.88 0 0 0 0.283629 0.958934
110.626 -961.101 1893.88 0 0 0 0.283629 0.958934
110.729 -961.101 1893.88 0 0 0 0.283629 0.958934
110.833 -961.101 1893.88 0 0 0 0.283629 0.958934
110.937 -961.101 1893.88 0 0 0 0.283629 0.958934
111.041 -961.101 1893.88 0 0 0 0.283629 0.958934
111.145 -961.101 1893.88 0 0 0 0.283629 0.958934
111.248 -961.101 1893.88 0 0 0 0.283629 0.958934
111.352 -961.101 1893.88 0 0 0 0.283629 0.958934
111.456 -961.101 1893.88 0 0 0 0.283629 0.958934
111.56 -961.101 1893.88 0 0 0 0.283629 0.958934
111.664 -961.101 1893.88 0 0 0 0.283629 0.958934
111.768 -961.101 1893.88 0 0 0 0.283629 0.958934
111.871 -961.101 1893.88 0 0 0 0.283629 0.958934
111.975 -961.101 1893.88 0 0 0 0.283629 0.958934
112.079 -961.101 1893.88 0 0 0 0.283629 0.958934
112.182 -961.101 1893.88 0 0 0 0.283629 0.958934
112.288 -961.101 1893.88 0 0 0 0.283629 0.958934
112.39 -961.101 1893.88 0 0 0 0.283629 0.958934
112.494 -961.101 1893.88 0 0 0 0.283629 0.958934
112.597 -961.101 1893.88 0 0 0 0.283629 0.958934
112.701 -961.101 1893.88 0 0 0 0.283629 0.958934
112.805 -961.101 1893.88 0 0 0 0.283629 0.958934
112.909 -961.101 1893.88 0 0 0 0.283629 0.958934
113.012 -961.101 1893.88 0 0 0 0.283629 0.958934
113.116 -961.101 1893.88 0 0 0 0.283629 0.958934
113.22 -961.101 1893.88 0 0 0 0.283629 0.958934
113.324 -961.101 1893.88 0 0 0 0.283629 0.958934
113.428 -961.101 1893.88 0 0 0 0.283629 0.958934
113.531 -961.101 1893.88 0 0 0 0.283629 0.958934
113.635 -961.101 1893.88 0 0 0 0.283629 0.958934
113.739 -961.101 1893.88 0 0 0 0.283629 0.958934
113.843 -961.101 1893.88 0 0 0 0.283629 0.958934
113.947 -961.101 1893.88 0 0 0 0.283629 0.958934
114.051 -961.101 1893.88 0 0 0 0.283629 0.958934
114.155 -961.101 1893.88 0 0 0 0.283629 0.958934
114.259 -961.101 1893.88 0 0 0 0.283629 0.958934
114.363 -961.101 1893.88 0 0 0 0.283629 0.958934
114.467 -961.101 1893.88 0 0 0 0.283629 0.958934
114.571 -961.101 1893.88 0 0 0 0.283629 0.958934
114.675 -961.101 1893.88 0 0 0 0.283629 0.958934
114.78 -961.101 1893.88 0 0 0 0.283629 0.958934
114.884 -961.101 1893.88 0 0 0 0.283629 0.958934
114.988 -961.101 1893.88 0 0 0 0.283629 0.958934
115.092 -961.101 1893.88 0 0 0 0.283629 0.958934
115.197 -961.101 1893.88 0 0 0 0.283629 0.958934
115.301 -961.101 1893.88 0 0 0 0.283629 0.958934
115.405 -961.101 1893.88 0 0 0 0.283629 0.958934
115.509 -961.101 1893.88 0 0 0 0.283629 0.958934
115.613 -961.101 1893.88 0 0 0 0.283629 0.958934
115.717 -961.101 1893.88 0 0 0 0.283629 0.958934
115.821 -961.101 1893.88 0 0 0 0.283629 0.958934
115.925 -961.101 1893.88 0 0 0 0.283629 0.958934
116.029 -961.101 1893.88 0 0 0 0.283629 0.958934
116.133 -961.101 1893.88 0 0 0 0.283629 0.958934
116.238 -961.101 1893.88 0 0 0 0.283629 0.958934
116.341 -961.101 1893.88 0 0 0 0.283629 0.958934
116.445 -961.101 1893.88 0 0 0 0.283629 0.958934
116.549 -961.101 1893.88 0 0 0 0.283629 0.958934
116.652 -961.101 1893.88 0 0 0 0.283629 0.958934
116.756 -961.101 1893.88 0 0 0 0.283629 0.958934
116.86 -961.101 1893.88 0 0 0 0.283629 0.958934
116.963 -961.101 1893.88 0 0 0 0.283629 0.958934
117.067 -961.101 1893.88 0 0 0 0.283629 0.958934
117.171 -961.101 1893.88 0 0 0 0.283629 0.958934
117.274 -961.101 1893.88 0 0 0 0.283629 0.958934
117.378 -961.101 1893.88 0 0 0 0.283629 0.958934
117.482 -961.101 1893.88 0 0 0 0.283629 0.958934
117.585 -961.101 1893.88 0 0 0 0.283629 0.958934
117.689 -961.101 1893.88 0 0 0 0.283629 0.958934
117.793 -961.101 1893.88 0 0 0 0.283629 0.958934
117.896 -961.101 1893.88 0 0 0 0.283629 0.958934
118 -961.101 1893.88 0 0 0 0.283629 0.958934
118.103 -961.101 1893.88 0 0 0 0.283629 0.958934
118.207 -961.101 1893.88 0 0 0 0.283629 0.958934
118.311 -961.101 1893.88 0 0 0 0.283629 0.958934
118.414 -961.101 1893.88 0 0 0 0.283629 0.958934
118.518 -961.101 1893.88 0 0 0 0.283629 0.958934
118.622 -961.101 1893.88 0 0 0 0.283629 0.958934
118.726 -961.101 1893.88 0 0 0 0.283629 0.958934
118.829 -961.101 1893.88 0 0 0 0.283629 0.958934
118.933 -961.101 1893.88 0 0 0 0.283629 0.958934
119.037 -961.101 1893.88 0 0 0 0.283629 0.958934
119.141 -961.101 1893.88 0 0 0 0.283629 0.958934
119.244 -961.101 1893.88 0 0 0 0.283629 0.958934
119.348 -961.101 1893.88 0 0 0 0.283629 0.958934
119.452 -961.101 1893.88 0 0 0 0.283629 0.958934
119.555 -961.101 1893.88 0 0 0 0.283629 0.958934
119.659 -961.101 1893.88 0 0 0 0.283629 0.958934
119.763 -961.101 1893.88 0 0 0 0.283629 0.958934
119.867 -961.101 1893.88 0 0 0 0.283629 0.958934
119.97 -961.101 1893.88 0 0 0 0.283629 0.958934
120.074 -961.101 1893.88 0 0 0 0.283629 0.958934
120.177 -961.101 1893.88 0 0 0 0.283629 0.958934
120.281 -961.101 1893.88 0 0 0 0.283629 0.958934
120.385 -961.101 1893.88 0 0 0 0.283629 0.958934
120.489 -961.101 1893.88 0 0 0 0.283629 0.958934
120.592 -961.101 1893.88 0 0 0 0.283629 0.958934
120.696 -961.101 1893.88 0 0 0 0.283629 0.958934
120.799 -961.101 1893.88 0 0 0 0.283629 0.958934
120.903 -961.101 1893.88 0 0 0 0.283629 0.958934
121.007 -961.101 1893.88 0 0 0 0.283629 0.958934
121.11 -961.101 1893.88 0 0 0 0.283629 0.958934
121.214 -961.101 1893.88 0 0 0 0.283629 0.958934
121.318 -961.101 1893.88 0 0 0 0.283629 0.958934
121.422 -961.101 1893.88 0 0 0 0.283629 0.958934
121.525 -961.101 1893.88 0 0 0 0.283629 0.958934
121.629 -961.101 1893.88 0 0 0 0.283629 0.958934
121.733 -961.101 1893.88 0 0 0 0.283629 0.958934
121.837 -961.101 1893.88 0 0 0 0.283629 0.958934
121.94 -961.101 1893.88 0 0 0 0.283629 0.958934
122.044 -961.101 1893.88 0 0 0 0.283629 0.958934
122.148 -961.101 1893.88 0 0 0 0.283629 0.958934
122.252 -961.101 1893.88 0 0 0 0.283629 0.958934
122.355 -961.101 1893.88 0 0 0 0.283629 0.958934
122.459 -961.101 1893.88 0 0 0 0.283629 0.958934
122.563 -961.101 1893.88 0 0 0 0.283629 0.958934
122.667 -961.101 1893.88 0 0 0 0.283629 0.958934
122.771 -961.101 1893.88 0 0 0 0.283629 0.958934
122.875 -961.101 1893.88 0 0 0 0.283629 0.958934
122.979 -961.101 1893.88 0 0 0 0.283629 0.958934
123.082 -961.101 1893.88 0 0 0 0.283629 0.958934
123.186 -961.101 1893.88 0 0 0 0.283629 0.958934
123.29 -961.101 1893.88 0 0 0 0.283629 0.958934
123.394 -961.101 1893.88 0 0 0 0.283629 0.958934
123.498 -961.101 1893.88 0 0 0 0.283629 0.958934
123.602 -961.101 1893.88 0 0 0 0.283629 0.958934
123.705 -961.101 1893.88 0 0 0 0.283629 0.958934
123.809 -961.101 1893.88 0 0 0 0.283629 0.958934
123.913 -961.101 1893.88 0 0 0 0.283629 0.958934
124.017 -961.101 1893.88 0 0 0 0.283629 0.958934
124.12 -961.101 1893.88 0 0 0 0.283629 0.958934
124.224 -961.101 1893.88 0 0 0 0.283629 0.958934
124.328 -961.101 1893.88 0 0 0 0.283629 0.958934
124.432 -961.101 1893.88 0 0 0 0.283629 0.958934
124.536 -961.101 1893.88 0 0 0 0.283629 0.958934
124.639 -961.101 1893.88 0 0 0 0.283629 0.958934
124.743 -961.101 1893.88 0 0 0 0.283629 0.958934
124.847 -961.101 1893.88 0 0 0 0.283629 0.958934
124.951 -961.101 1893.88 0 0 0 0.283629 0.958934
125.054 -961.101 1893.88 0 0 0 0.283629 0.958934
125.158 -961.101 1893.88 0 0 0 0.283629 0.958934
125.262 -961.101 1893.88 0 0 0 0.283629 0.958934
125.366 -961.101 1893.88 0 0 0 0.283629 0.958934
125.469 -961.101 1893.88 0 0 0 0.283629 0.958934
125.573 -961.101 1893.88 0 0 0 0.283629 0.958934
125.677 -961.101 1893.88 0 0 0 0.283629 0.958934
125.781 -961.101 1893.88 0 0 0 0.283629 0.958934
125.884 -961.101 1893.88 0 0 0 0.283629 0.958934
125.988 -961.101 1893.88 0 0 0 0.283629 0.958934
126.092 -961.101 1893.88 0 0 0 0.283629 0.958934
126.196 -961.101 1893.88 0 0 0 0.283629 0.958934
126.299 -961.101 1893.88 0 0 0 0.283629 0.958934
126.403 -961.101 1893.88 0 0 0 0.283629 0.958934
126.507 -961.101 1893.88 0 0 0 0.283629 0.958934
126.61 -961.101 1893.88 0 0 0 0.283629 0.958934
126.714 -961.101 1893.88 0 0 0 0.283629 0.958934
126.818 -961.101 1893.88 0 0 0 0.283629 0.958934
126.922 -961.101 1893.88 0 0 0 0.283629 0.958934
127.025 -961.101 1893.88 0 0 0 0.283629 0.958934
127.129 -961.101 1893.88 0 0 0 0.283629 0.958934
127.233 -961.101 1893.88 0 0 0 0.283629 0.958934
127.337 -961.101 1893.88 0 0 0 0.283629 0.958934
127.44 -961.101 1893.88 0 0 0 0.283629 0.958934
127.544 -961.101 1893.88 0 0 0 0.283629 0.958934
127.648 -961.101 1893.88 0 0 0 0.283629 0.958934
127.751 -961.101 1893.88 0 0 0 0.283629 0.958934
127.855 -961.101 1893.88 0 0 0 0.283629 0.958934
127.959 -961.101 1893.88 0 0 0 0.283629 0.958934
128.062 -961.101 1893.88 0 0 0 0.283629 0.958934
128.166 -961.101 1893.88 0 0 0 0.283629 0.958934
128.27 -961.101 1893.88 0 0 0 0.283629 0.958934
128.373 -961.101 1893.88 0 0 0 0.283629 0.958934
128.477 -961.101 1893.88 0 0 0 0.283629 0.958934
128.581 -961.101 1893.88 0 0 0 0.283629 0.958934
128.684 -961.101 1893.88 0 0 0 0.283629 0.958934
128.788 -961.101 1893.88 0 0 0 0.283629 0.958934
128.892 -961.101 1893.88 0 0 0 0.283629 0.958934
128.995 -961.101 1893.88 0 0 0 0.283629 0.958934
129.099 -961.101 1893.88 0 0 0 0.283629 0.958934
129.203 -961.101 1893.88 0 0 0 0.283629 0.958934
129.307 -961.101 1893.88 0 0 0 0.283629 0.958934
129.41 -961.101 1893.88 0 0 0 0.283629 0.958934
129.514 -961.101 1893.88 0 0 0 0.283629 0.958934
129.618 -961.101 1893.88 0 0 0 0.283629 0.958934
129.722 -961.101 1893.88 0 0 0 0.283629 0.958934
129.825 -961.101 1893.88 0 0 0 0.283629 0.958934
129.929 -961.101 1893.88 0 0 0 0.283629 0.958934
130.033 -961.101 1893.88 0 0 0 0.283629 0.958934
130.137 -961.101 1893.88 0 0 0 0.283629 0.958934
130.24 -961.101 1893.88 0 0 0 0.283629 0.958934
130.344 -961.101 1893.88 0 0 0 0.283629 0.958934
130.448 -961.101 1893.88 0 0 0 0.283629 0.958934
130.551 -961.101 1893.88 0 0 0 0.283629 0.958934
130.655 -961.101 1893.88 0 0 0 0.283629 0.958934
130.759 -961.101 1893.88 0 0 0 0.283629 0.958934
130.863 -961.101 1893.88 0 0 0 0.283629 0.958934
130.966 -961.101 1893.88 0 0 0 0.283629 0.958934
131.07 -961.101 1893.88 0 0 0 0.283629 0.958934
131.174 -961.101 1893.88 0 0 0 0.283629 0.958934
131.277 -961.101 1893.88 0 0 0 0.283629 0.958934
131.381 -961.101 1893.88 0 0 0 0.283629 0.958934
131.485 -961.101 1893.88 0 0 0 0.283629 0.958934
131.589 -961.101 1893.88 0 0 0 0.283629 0.958934
131.692 -961.101 1893.88 0 0 0 0.283629 0.958934
131.796 -961.101 1893.88 0 0 0 0.283629 0.958934
131.9 -961.101 1893.88 0 0 0 0.283629 0.958934
132.003 -961.101 1893.88 0 0 0 0.283629 0.958934
132.107 -961.101 1893.88 0 0 0 0.283629 0.958934
132.211 -961.101 1893.88 0 0 0 0.283629 0.958934
132.314 -961.101 1893.88 0 0 0 0.283629 0.958934
132.418 -961.101 1893.88 0 0 0 0.283629 0.958934
132.522 -961.101 1893.88 0 0 0 0.283629 0.958934
132.626 -961.101 1893.88 0 0 0 0.283629 0.958934
132.729 -961.101 1893.88 0 0 0 0.283629 0.958934
132.833 -961.101 1893.88 0 0 0 0.283629 0.958934
132.936 -961.101 1893.88 0 0 0 0.283629 0.958934
133.04 -961.101 1893.88 0 0 0 0.283629 0.958934
133.144 -961.101 1893.88 0 0 0 0.283629 0.958934
133.247 -961.101 1893.88 0 0 0 0.283629 0.958934
133.351 -961.101 1893.88 0 0 0 0.283629 0.958934
133.455 -961.101 1893.88 0 0 0 0.283629 0.958934
133.559 -961.101 1893.88 0 0 0 0.283629 0.958934
133.662 -961.101 1893.88 0 0 0 0.283629 0.958934
133.766 -961.101 1893.88 0 0 0 0.283629 0.958934
133.87 -961.101 1893.88 0 0 0 0.283629 0.958934
133.973 -961.101 1893.88 0 0 0 0.283629 0.958934
134.077 -961.101 1893.88 0 0 0 0.283629 0.958934
134.181 -961.101 1893.88 0 0 0 0.283629 0.958934
134.285 -961.101 1893.88 0 0 0 0.283629 0.958934
134.388 -961.101 1893.88 0 0 0 0.283629 0.958934
134.492 -961.101 1893.88 0 0 0 0.283629 0.958934
134.596 -961.101 1893.88 0 0 0 0.283629 0.958934
134.699 -961.101 1893.88 0 0 0 0.283629 0.958934
134.803 -961.101 1893.88 0 0 0 0.283629 0.958934
134.907 -961.101 1893.88 0 0 0 0.283629 0.958934
135.011 -961.101 1893.88 0 0 0 0.283629 0.958934
135.114 -961.101 1893.88 0 0 0 0.283629 0.958934
135.218 -961.101 1893.88 0 0 0 0.283629 0.958934
135.322 -961.101 1893.88 0 0 0 0.283629 0.958934
135.426 -961.101 1893.88 0 0 0 0.283629 0.958934
135.529 -961.101 1893.88 0 0 0 0.283629 0.958934
135.633 -961.101 1893.88 0 0 0 0.283629 0.958934
135.737 -961.101 1893.88 0 0 0 0.283629 0.958934
135.841 -961.101 1893.88 0 0 0 0.283629 0.958934
135.944 -961.101 1893.88 0 0 0 0.283629 0.958934
136.048 -961.101 1893.88 0 0 0 0.283629 0.958934
136.152 -961.101 1893.88 0 0 0 0.283629 0.958934
136.255 -961.101 1893.88 0 0 0 0.283629 0.958934
136.359 -961.101 1893.88 0 0 0 0.283629 0.958934
136.463 -961.101 1893.88 0 0 0 0.283629 0.958934
136.566 -961.101 1893.88 0 0 0 0.283629 0.958934
136.67 -961.101 1893.88 0 0 0 0.283629 0.958934
136.774 -961.101 1893.88 0 0 0 0.283629 0.958934
136.878 -961.101 1893.88 0 0 0 0.283629 0.958934
136.981 -961.101 1893.88 0 0 0 0.283629 0.958934
137.085 -961.101 1893.88 0 0 0 0.283629 0.958934
137.189 -961.101 1893.88 0 0 0 0.283629 0.958934
137.292 -961.101 1893.88 0 0 0 0.283629 0.958934
137.396 -961.101 1893.88 0 0 0 0.283629 0.958934
137.5 -961.101 1893.88 0 0 0 0.283629 0.958934
137.604 -961.101 1893.88 0 0 0 0.283629 0.958934
137.707 -961.101 1893.88 0 0 0 0.283629 0.958934
137.811 -961.101 1893.88 0 0 0 0.283629 0.958934
137.915 -961.101 1893.88 0 0 0 0.283629 0.958934
138.018 -961.101 1893.88 0 0 0 0.283629 0.958934
138.122 -961.101 1893.88 0 0 0 0.283629 0.958934
138.226 -961.101 1893.88 0 0 0 0.283629 0.958934
138.33 -961.101 1893.88 0 0 0 0.283629 0.958934
138.433 -961.101 1893.88 0 0 0 0.283629 0.958934
138.537 -961.101 1893.88 0 0 0 0.283629 0.958934
138.641 -961.101 1893.88 0 0 0 0.283629 0.958934
138.745 -961.101 1893.88 0 0 0 0.283629 0.958934
138.848 -961.101 1893.88 0 0 0 0.283629 0.958934
138.952 -961.101 1893.88 0 0 0 0.283629 0.958934
139.056 -961.101 1893.88 0 0 0 0.283629 0.958934
139.16 -961.101 1893.88 0 0 0 0.283629 0.958934
139.264 -961.101 1893.88 0 0 0 0.283629 0.958934
139.367 -961.101 1893.88 0 0 0 0.283629 0.958934
139.471 -961.101 1893.88 0 0 0 0.283629 0.958934
139.575 -961.101 1893.88 0 0 0 0.283629 0.958934
139.678 -961.101 1893.88 0 0 0 0.283629 0.958934
139.782 -961.101 1893.88 0 0 0 0.283629 0.958934
139.886 -961.101 1893.88 0 0 0 0.283629 0.958934
139.99 -961.101 1893.88 0 0 0 0.283629 0.958934
140.094 -961.101 1893.88 0 0 0 0.283629 0.958934
140.197 -961.101 1893.88 0 0 0 0.283629 0.958934
140.301 -961.101 1893.88 0 0 0 0.283629 0.958934
140.405 -961.101 1893.88 0 0 0 0.283629 0.958934
140.508 -961.101 1893.88 0 0 0 0.283629 0.958934
140.612 -961.101 1893.88 0 0 0 0.283629 0.958934
140.716 -961.101 1893.88 0 0 0 0.283629 0.958934
140.819 -961.101 1893.88 0 0 0 0.283629 0.958934
140.923 -961.101 1893.88 0 0 0 0.283629 0.958934
141.027 -961.101 1893.88 0 0 0 0.283629 0.958934
141.13 -961.101 1893.88 0 0 0 0.283629 0.958934
141.234 -961.101 1893.88 0 0 0 0.283629 0.958934
141.338 -961.101 1893.88 0 0 0 0.283629 0.958934
141.442 -961.101 1893.88 0 0 0 0.283629 0.958934
141.546 -961.101 1893.88 0 0 0 0.283629 0.958934
141.649 -961.101 1893.88 0 0 0 0.283629 0.958934
141.753 -961.101 1893.88 0 0 0 0.283629 0.958934
141.857 -961.101 1893.88 0 0 0 0.283629 0.958934
141.96 -961.101 1893.88 0 0 0 0.283629 0.958934
142.064 -961.101 1893.88 0 0 0 0.283629 0.958934
142.168 -961.101 1893.88 0 0 0 0.283629 0.958934
142.271 -961.101 1893.88 0 0 0 0.283629 0.958934
142.375 -961.101 1893.88 0 0 0 0.283629 0.958934
142.479 -961.101 1893.88 0 0 0 0.283629 0.958934
142.583 -961.101 1893.88 0 0 0 0.283629 0.958934
142.686 -961.101 1893.88 0 0 0 0.283629 0.958934
142.79 -961.101 1893.88 0 0 0 0.283629 0.958934
142.894 -961.101 1893.88 0 0 0 0.283629 0.958934
142.997 -961.101 1893.88 0 0 0 0.283629 0.958934
143.101 -961.101 1893.88 0 0 0 0.283629 0.958934
143.205 -961.101 1893.88 0 0 0 0.283629 0.958934
143.309 -961.101 1893.88 0 0 0 0.283629 0.958934
143.412 -961.101 1893.88 0 0 0 0.283629 0.958934
143.516 -961.101 1893.88 0 0 0 0.283629 0.958934
143.62 -961.101 1893.88 0 0 0 0.283629 0.958934
143.723 -961.101 1893.88 0 0 0 0.283629 0.958934
143.827 -961.101 1893.88 0 0 0 0.283629 0.958934
143.931 -961.101 1893.88 0 0 0 0.283629 0.958934
144.034 -961.101 1893.88 0 0 0 0.283629 0.958934
144.138 -961.101 1893.88 0 0 0 0.283629 0.958934
144.242 -961.101 1893.88 0 0 0 0.283629 0.958934
144.345 -961.101 1893.88 0 0 0 0.283629 0.958934
144.449 -961.101 1893.88 0 0 0 0.283629 0.958934
144.553 -961.101 1893.88 0 0 0 0.283629 0.958934
144.656 -961.101 1893.88 0 0 0 0.283629 0.958934
144.76 -961.101 1893.88 0 0 0 0.283629 0.958934
144.864 -961.101 1893.88 0 0 0 0.283629 0.958934
144.968 -961.101 1893.88 0 0 0 0.283629 0.958934
145.072 -961.101 1893.88 0 0 0 0.283629 0.958934
145.175 -961.101 1893.88 0 0 0 0.283629 0.958934
145.279 -961.101 1893.88 0 0 0 0.283629 0.958934
145.383 -961.101 1893.88 0 0 0 0.283629 0.958934
145.487 -961.101 1893.88 0 0 0 0.283629 0.958934
145.59 -961.101 1893.88 0 0 0 0.283629 0.958934
145.694 -961.101 1893.88 0 0 0 0.283629 0.958934
145.798 -961.101 1893.88 0 0 0 0.283629 0.958934
145.901 -961.101 1893.88 0 0 0 0.283629 0.958934
146.005 -961.101 1893.88 0 0 0 0.283629 0.958934
146.109 -961.101 1893.88 0 0 0 0.283629 0.958934
146.212 -961.101 1893.88 0 0 0 0.283629 0.958934
146.316 -961.101 1893.88 0 0 0 0.283629 0.958934
146.42 -961.101 1893.88 0 0 0 0.283629 0.958934
146.523 -961.101 1893.88 0 0 0 0.283629 0.958934
146.627 -961.101 1893.88 0 0 0 0.283629 0.958934
146.731 -961.101 1893.88 0 0 0 0.283629 0.958934
146.835 -961.101 1893.88 0 0 0 0.283629 0.958934
146.938 -961.101 1893.88 0 0 0 0.283629 0.958934
147.042 -961.101 1893.88 0 0 0 0.283629 0.958934
147.146 -961.101 1893.88 0 0 0 0.283629 0.958934
147.249 -961.101 1893.88 0 0 0 0.283629 0.958934
147.353 -961.101 1893.88 0 0 0 0.283629 0.958934
147.457 -961.101 1893.88 0 0 0 0.283629 0.958934
147.561 -961.101 1893.88 0 0 0 0.283629 0.958934
147.664 -961.101 1893.88 0 0 0 0.283629 0.958934
147.768 -961.101 1893.88 0 0 0 0.283629 0.958934
147.872 -961.101 1893.88 0 0 0 0.283629 0.958934
147.975 -961.101 1893.88 0 0 0 0.283629 0.958934
148.079 -961.101 1893.88 0 0 0 0.283629 0.958934
148.183 -961.101 1893.88 0 0 0 0.283629 0.958934
148.287 -961.101 1893.88 0 0 0 0.283629 0.958934
148.39 -961.101 1893.88 0 0 0 0.283629 0.958934
148.494 -961.101 1893.88 0 0 0 0.283629 0.958934
148.598 -961.101 1893.88 0 0 0 0.283629 0.958934
148.702 -961.101 1893.88 0 0 0 0.283629 0.958934
148.805 -961.101 1893.88 0 0 0 0.283629 0.958934
148.909 -961.101 1893.88 0 0 0 0.283629 0.958934
149.013 -961.101 1893.88 0 0 0 0.283629 0.958934
149.116 -961.101 1893.88 0 0 0 0.283629 0.958934
149.22 -961.101 1893.88 0 0 0 0.283629 0.958934
149.324 -961.101 1893.88 0 0 0 0.283629 0.958934
149.428 -961.101 1893.88 0 0 0 0.283629 0.958934
149.531 -961.101 1893.88 0 0 0 0.283629 0.958934
149.635 -961.101 1893.88 0 0 0 0.283629 0.958934
149.739 -961.101 1893.88 0 0 0 0.283629 0.958934
149.842 -961.101 1893.88 0 0 0 0.283629 0.958934
149.946 -961.101 1893.88 0 0 0 0.283629 0.958934
150.05 -961.101 1893.88 0 0 0 0.283629 0.958934
150.154 -961.101 1893.88 0 0 0 0.283629 0.958934
150.257 -961.101 1893.88 0 0 0 0.283629 0.958934
150.361 -961.101 1893.88 0 0 0 0.283629 0.958934
150.465 -961.101 1893.88 0 0 0 0.283629 0.958934
150.568 -961.101 1893.88 0 0 0 0.283629 0.958934
150.672 -961.101 1893.88 0 0 0 0.283629 0.958934
150.776 -961.101 1893.88 0 0 0 0.283629 0.958934
150.88 -961.101 1893.88 0 0 0 0.283629 0.958934
150.983 -961.101 1893.88 0 0 0 0.283629 0.958934
151.087 -961.101 1893.88 0 0 0 0.283629 0.958934
151.191 -961.101 1893.88 0 0 0 0.283629 0.958934
151.294 -961.101 1893.88 0 0 0 0.283629 0.958934
151.398 -961.101 1893.88 0 0 0 0.283629 0.958934
151.502 -961.101 1893.88 0 0 0 0.283629 0.958934
151.605 -961.101 1893.88 0 0 0 0.283629 0.958934
151.709 -961.101 1893.88 0 0 0 0.283629 0.958934
151.813 -961.101 1893.88 0 0 0 0.283629 0.958934
151.917 -961.101 1893.88 0 0 0 0.283629 0.958934
152.02 -961.101 1893.88 0 0 0 0.283629 0.958934
152.124 -961.101 1893.88 0 0 0 0.283629 0.958934
152.228 -961.101 1893.88 0 0 0 0.283629 0.958934
152.331 -961.101 1893.88 0 0 0 0.283629 0.958934
152.435 -961.101 1893.88 0 0 0 0.283629 0.958934
152.539 -961.101 1893.88 0 0 0 0.283629 0.958934
152.643 -961.101 1893.88 0 0 0 0.283629 0.958934
152.746 -961.101 1893.88 0 0 0 0.283629 0.958934
152.85 -961.101 1893.88 0 0 0 0.283629 0.958934
152.954 -961.101 1893.88 0 0 0 0.283629 0.958934
153.057 -961.101 1893.88 0 0 0 0.283629 0.958934
153.161 -961.101 1893.88 0 0 0 0.283629 0.958934
153.264 -961.101 1893.88 0 0 0 0.283629 0.958934
153.368 -961.101 1893.88 0 0 0 0.283629 0.958934
153.472 -961.101 1893.88 0 0 0 0.283629 0.958934
153.576 -961.101 1893.88 0 0 0 0.283629 0.958934
153.679 -961.101 1893.88 0 0 0 0.283629 0.958934
153.783 -961.101 1893.88 0 0 0 0.283629 0.958934
153.887 -961.101 1893.88 0 0 0 0.283629 0.958934
153.99 -961.101 1893.88 0 0 0 0.283629 0.958934
154.094 -961.101 1893.88 0 0 0 0.283629 0.958934
154.198 -961.101 1893.88 0 0 0 0.283629 0.958934
154.302 -961.101 1893.88 0 0 0 0.283629 0.958934
154.406 -961.101 1893.88 0 0 0 0.283629 0.958934
154.509 -961.101 1893.88 0 0 0 0.283629 0.958934
154.613 -961.101 1893.88 0 0 0 0.283629 0.958934
154.717 -961.101 1893.88 0 0 0 0.283629 0.958934
154.821 -961.101 1893.88 0 0 0 0.283629 0.958934
154.925 -961.101 1893.88 0 0 0 0.283629 0.958934
155.029 -961.101 1893.88 0 0 0 0.283629 0.958934
155.133 -961.101 1893.88 0 0 0 0.283629 0.958934
155.237 -961.101 1893.88 0 0 0 0.283629 0.958934
155.341 -961.101 1893.88 0 0 0 0.283629 0.958934
155.445 -961.101 1893.88 0 0 0 0.283629 0.958934
155.549 -961.101 1893.88 0 0 0 0.283629 0.958934
155.653 -961.101 1893.88 0 0 0 0.283629 0.958934
155.757 -961.101 1893.88 0 0 0 0.283629 0.958934
155.861 -961.101 1893.88 0 0 0 0.283629 0.958934
155.965 -961.101 1893.88 0 0 0 0.283629 0.958934
156.07 -961.101 1893.88 0 0 0 0.283629 0.958934
156.174 -961.101 1893.88 0 0 0 0.283629 0.958934
156.278 -961.101 1893.88 0 0 0 0.283629 0.958934
156.382 -961.101 1893.88 0 0 0 0.283629 0.958934
156.486 -961.101 1893.88 0 0 0 0.283629 0.958934
156.59 -961.101 1893.88 0 0 0 0.283629 0.958934
156.695 -961.101 1893.88 0 0 0 0.283629 0.958934
156.799 -961.101 1893.88 0 0 0 0.283629 0.958934
156.903 -961.101 1893.88 0 0 0 0.283629 0.958934
157.007 -961.101 1893.88 0 0 0 0.283629 0.958934
157.111 -961.101 1893.88 0 0 0 0.283629 0.958934
157.215 -961.101 1893.88 0 0 0 0.283629 0.958934
157.319 -961.101 1893.88 0 0 0 0.283629 0.958934
157.423 -961.101 1893.88 0 0 0 0.283629 0.958934
157.527 -961.101 1893.88 0 0 0 0.283629 0.958934
157.63 -961.101 1893.88 0 0 0 0.283629 0.958934
157.734 -961.101 1893.88 0 0 0 0.283629 0.958934
157.838 -961.101 1893.88 0 0 0 0.283629 0.958934
157.942 -961.101 1893.88 0 0 0 0.283629 0.958934
158.046 -961.101 1893.88 0 0 0 0.283629 0.958934
158.15 -961.101 1893.88 0 0 0 0.283629 0.958934
158.253 -961.101 1893.88 0 0 0 0.283629 0.958934
158.357 -961.101 1893.88 0 0 0 0.283629 0.958934
158.461 -961.101 1893.88 0 0 0 0.283629 0.958934
158.565 -961.101 1893.88 0 0 0 0.283629 0.958934
158.669 -961.101 1893.88 0 0 0 0.283629 0.958934
158.772 -961.101 1893.88 0 0 0 0.283629 0.958934
158.876 -961.101 1893.88 0 0 0 0.283629 0.958934
158.98 -961.101 1893.88 0 0 0 0.283629 0.958934
159.083 -961.101 1893.88 0 0 0 0.283629 0.958934
159.187 -961.101 1893.88 0 0 0 0.283629 0.958934
159.291 -961.101 1893.88 0 0 0 0.283629 0.958934
159.395 -961.101 1893.88 0 0 0 0.283629 0.958934
159.498 -961.101 1893.88 0 0 0 0.283629 0.958934
159.602 -961.101 1893.88 0 0 0 0.283629 0.958934
159.705 -961.101 1893.88 0 0 0 0.283629 0.958934
159.809 -961.101 1893.88 0 0 0 0.283629 0.958934
159.913 -961.101 1893.88 0 0 0 0.283629 0.958934
160.016 -961.101 1893.88 0 0 0 0.283629 0.958934
160.12 -961.101 1893.88 0 0 0 0.283629 0.958934
160.223 -961.101 1893.88 0 0 0 0.283629 0.958934
160.327 -961.101 1893.88 0 0 0 0.283629 0.958934
160.43 -961.101 1893.88 0 0 0 0.283629 0.958934
160.534 -961.101 1893.88 0 0 0 0.283629 0.958934
160.638 -961.101 1893.88 0 0 0 0.283629 0.958934
160.742 -961.101 1893.88 0 0 0 0.283629 0.958934
160.845 -961.101 1893.88 0 0 0 0.283629 0.958934
160.949 -961.101 1893.88 0 0 0 0.283629 0.958934
161.053 -961.101 1893.88 0 0 0 0.283629 0.958934
161.156 -961.101 1893.88 0 0 0 0.283629 0.958934
161.26 -961.101 1893.88 0 0 0 0.283629 0.958934
161.364 -961.101 1893.88 0 0 0 0.283629 0.958934
161.467 -961.101 1893.88 0 0 0 0.283629 0.958934
161.571 -961.101 1893.88 0 0 0 0.283629 0.958934
161.675 -961.101 1893.88 0 0 0 0.283629 0.958934
161.779 -961.101 1893.88 0 0 0 0.283629 0.958934
161.883 -961.101 1893.88 0 0 0 0.283629 0.958934
161.986 -961.101 1893.88 0 0 0 0.283629 0.958934
162.09 -961.101 1893.88 0 0 0 0.283629 0.958934
162.194 -961.101 1893.88 0 0 0 0.283629 0.958934
162.297 -961.101 1893.88 0 0 0 0.283629 0.958934
162.401 -961.101 1893.88 0 0 0 0.283629 0.958934
162.505 -961.101 1893.88 0 0 0 0.283629 0.958934
162.608 -961.101 1893.88 0 0 0 0.283629 0.958934
162.712 -961.101 1893.88 0 0 0 0.283629 0.958934
162.816 -961.101 1893.88 0 0 0 0.283629 0.958934
162.919 -961.101 1893.88 0 0 0 0.283629 0.958934
163.023 -961.101 1893.88 0 0 0 0.283629 0.958934
163.127 -961.101 1893.88 0 0 0 0.283629 0.958934
163.231 -961.101 1893.88 0 0 0 0.283629 0.958934
163.335 -961.101 1893.88 0 0 0 0.283629 0.958934
163.438 -961.101 1893.88 0 0 0 0.283629 0.958934
163.542 -961.101 1893.88 0 0 0 0.283629 0.958934
163.646 -961.101 1893.88 0 0 0 0.283629 0.958934
163.749 -961.101 1893.88 0 0 0 0.283629 0.958934
163.853 -961.101 1893.88 0 0 0 0.283629 0.958934
163.957 -961.101 1893.88 0 0 0 0.283629 0.958934
164.061 -961.101 1893.88 0 0 0 0.283629 0.958934
164.164 -961.101 1893.88 0 0 0 0.283629 0.958934
164.268 -961.101 1893.88 0 0 0 0.283629 0.958934
164.372 -961.101 1893.88 0 0 0 0.283629 0.958934
164.476 -961.101 1893.88 0 0 0 0.283629 0.958934
164.579 -961.101 1893.88 0 0 0 0.283629 0.958934
164.683 -961.101 1893.88 0 0 0 0.283629 0.958934
164.787 -961.101 1893.88 0 0 0 0.283629 0.958934
164.891 -961.101 1893.88 0 0 0 0.283629 0.958934
