4 -0.0512695 -0.0993652 0 0 0 0.00130057 0.999999
4.5 -0.0540161 -0.0993652 0 0 0 0.00138954 0.999999
5 -0.0540161 -0.0993652 0 0 0 0.00138949 0.999999
5.5 -0.0540161 -0.0993652 0 0 0 0.00138957 0.999999
6 -0.0540161 -0.0993652 0 0 0 0.00138956 0.999999
6.5 -0.0540161 -0.0993652 0 0 0 0.00138949 0.999999
7 -0.0540161 -0.0993652 0 0 0 0.00138949 0.999999
7.5 -0.0540161 -0.0993652 0 0 0 0.00138949 0.999999
8 -0.0540161 -0.0993652 0 0 0 0.00138957 0.999999
8.5 -0.0540161 -0.0993652 0 0 0 0.00138956 0.999999
9 -0.0540161 -0.0993652 0 0 0 0.00138949 0.999999
9.5 -0.0540161 -0.0993652 0 0 0 0.00138949 0.999999
10 -0.0540161 -0.0993652 0 0 0 0.00138949 0.999999
10.5 -0.0540161 -0.0993652 0 0 0 0.00138957 0.999999
11 -0.0540161 -0.0993652 0 0 0 0.00138956 0.999999
11.5 -0.0540161 -0.0993652 0 0 0 0.00138949 0.999999
12 -0.0540161 -0.0993652 0 0 0 0.00138949 0.999999
12.5 -0.0540161 -0.0993652 0 0 0 0.00138949 0.999999
13 -0.0540161 -0.0993652 0 0 0 0.00138957 0.999999
13.5 -0.0540161 -0.0993652 0 0 0 0.00138956 0.999999
14 -0.0540161 -0.0993652 0 0 0 0.00138949 0.999999
14.5 -0.0540161 -0.0993652 0 0 0 0.00138949 0.999999
15 -0.0540161 -0.0993652 0 0 0 0.00138949 0.999999
15.5 -0.0540161 -0.0993652 0 0 0 0.00138957 0.999999
16 -0.0540161 -0.0993652 0 0 0 0.00138956 0.999999
16.5 -0.0540161 -0.0993652 0 0 0 0.00138949 0.999999
17 -0.0540161 -0.0993652 0 0 0 0.00138949 0.999999
17.5 -0.0540161 -0.0993652 0 0 0 0.00138949 0.999999
18 -0.0540161 -0.0993652 0 0 0 0.00138957 0.999999
18.5 -0.0540161 -0.0993652 0 0 0 0.00138956 0.999999
19 -0.0540161 -0.0993652 0 0 0 0.00138949 0.999999
19.5 -0.0540161 -0.0993652 0 0 0 0.00138949 0.999999
20 -0.0540161 -0.0993652 0 0 0 0.00138949 0.999999
20.1038 0.299866 -0.134949 0 0 0 -0.00576961 0.999983
20.2074 0.508972 -0.137268 0 0 0 -0.00964046 0.999954
20.3109 0.857727 -0.188232 0 0 0 -0.00895694 0.99996
20.4145 1.12982 -0.174377 0 0 0 -0.00907877 0.999959
20.5181 1.46405 -0.191467 0 0 0 -0.0038723 0.999992
20.6217 1.80267 -0.175354 0 0 0 -0.000862034 1
20.7252 2.11151 -0.149902 0 0 0 0.00827555 0.999966
20.8289 2.44043 -0.116028 0 0 0 0.0190029 0.999819
20.9325 2.80219 -0.0869751 0 0 0 0.028173 0.999603
21.0361 3.18115 -0.0446167 0 0 0 0.0379188 0.999281
21.1399 3.54266 -0.0178223 0 0 0 0.0489962 0.998799
21.2435 3.9516 0.0380859 0 0 0 0.0585906 0.998282
21.3473 4.32306 0.102722 0 0 0 0.066339 0.997797
21.4511 4.73627 0.173584 0 0 0 0.0750417 0.99718
21.5551 5.14166 0.257935 0 0 0 0.0815762 0.996667
21.6592 5.56293 0.342834 0 0 0 0.0881956 0.996103
21.7629 6.01978 0.420776 0 0 0 0.0942255 0.995551
21.8671 6.45416 0.520569 0 0 0 0.0982626 0.995161
21.971 6.91962 0.626404 0 0 0 0.100704 0.994916
22.0764 7.43549 0.726501 0 0 0 0.104693 0.994505
22.1791 7.92621 0.846619 0 0 0 0.10907 0.994034
22.2831 8.46014 0.928101 0 0 0 0.114184 0.99346
22.3871 8.96674 1.07239 0 0 0 0.119097 0.992883
22.4911 9.53351 1.20508 0 0 0 0.121847 0.992549
22.5952 10.0358 1.33612 0 0 0 0.126158 0.99201
22.6992 10.5687 1.50317 0 0 0 0.131158 0.991361
22.8032 11.1548 1.65039 0 0 0 0.134517 0.990911
22.9072 11.7167 1.81274 0 0 0 0.138901 0.990306
23.0112 12.3095 1.99573 0 0 0 0.143739 0.989616
23.1152 12.8824 2.16626 0 0 0 0.147194 0.989108
23.2196 13.5037 2.36365 0 0 0 0.151353 0.98848
23.3236 14.1299 2.54669 0 0 0 0.153722 0.988114
23.4275 14.7453 2.7569 0 0 0 0.159438 0.987208
23.5316 15.3732 2.92871 0 0 0 0.158878 0.987298
23.6355 16.0127 3.16956 0 0 0 0.158626 0.987339
23.742 16.656 3.44 0 0 0 0.161577 0.98686
23.8435 17.2876 3.69867 0 0 0 0.164064 0.98645
23.9474 17.9664 3.91583 0 0 0 0.165409 0.986225
24.0514 18.6526 4.17194 0 0 0 0.168438 0.985712
24.1553 19.3881 4.39111 0 0 0 0.172552 0.985
24.2593 20.1091 4.65009 0 0 0 0.17382 0.984778
24.3632 20.8317 4.91522 0 0 0 0.177279 0.984161
24.4678 21.577 5.18475 0 0 0 0.181316 0.983425
24.5714 22.3217 5.4942 0 0 0 0.184714 0.982792
24.6764 23.0558 5.80902 0 0 0 0.192487 0.9813
24.7788 23.8074 6.1474 0 0 0 0.195082 0.980787
24.8826 24.5488 6.4729 0 0 0 0.203456 0.979084
24.9865 25.2886 6.7995 0 0 0 0.204991 0.978764
25.0904 26.0338 7.19287 0 0 0 0.21245 0.977172
25.1942 26.78 7.51404 0 0 0 0.215441 0.976517
25.2982 27.5662 7.88232 0 0 0 0.223796 0.974636
25.402 28.3868 8.26288 0 0 0 0.224296 0.974521
25.5059 29.1605 8.66022 0 0 0 0.228647 0.973509
25.6098 29.9367 9.05865 0 0 0 0.232962 0.972486
25.7136 30.6057 9.4632 0 0 0 0.24481 0.969571
25.8175 31.585 9.90045 0 0 0 0.238658 0.971104
25.9214 32.3773 10.3419 0 0 0 0.243093 0.970003
26.0253 32.5595 10.7624 0 0 0 0.242224 0.97022
26.1291 33.0912 11.0529 0 0 0 0.246822 0.969061
26.2331 33.201 11.494 0 0 0 0.25985 0.965649
26.3369 33.3539 11.6552 0 0 0 0.269563 0.962983
26.4411 32.9874 11.4521 0 0 0 0.267725 0.963495
26.5455 32.597 11.4722 0 0 0 0.259659 0.9657
26.6487 32.3018 11.589 0 0 0 0.24335 0.969939
26.7526 32.5786 11.5554 0 0 0 0.256613 0.966514
26.8565 32.5067 11.7162 0 0 0 0.264801 0.964303
26.9604 32.9354 11.6293 0 0 0 0.246249 0.969207
27.0643 32.8013 11.5964 0 0 0 0.245889 0.969298
27.1682 32.6472 11.4153 0 0 0 0.242458 0.970162
27.2719 32.3656 11.9104 0 0 0 0.241628 0.970369
27.3757 32.9334 11.9642 0 0 0 0.253124 0.967434
27.4795 32.95 12.0781 0 0 0 0.249931 0.968264
27.5839 32.4863 12.0456 0 0 0 0.248674 0.968587
27.687 32.2799 12.1159 0 0 0 0.246521 0.969138
27.7908 32.0962 12.3979 0 0 0 0.231691 0.97279
27.8946 32.588 12.5555 0 0 0 0.221984 0.97505
27.9985 33.2908 12.582 0 0 0 0.213458 0.976952
28.1024 33.2573 12.5016 0 0 0 0.206013 0.978549
28.2062 33.4152 12.7402 0 0 0 0.193192 0.981161
28.3101 33.9126 12.2685 0 0 0 0.185438 0.982656
28.414 34.7229 12.0516 0 0 0 0.178423 0.983954
28.5179 35.68 12.5193 0 0 0 0.192138 0.981368
28.6217 36.4987 12.8118 0 0 0 0.216818 0.976212
28.7257 37.2543 13.3102 0 0 0 0.22462 0.974446
28.8299 36.9591 13.6848 0 0 0 0.247098 0.968991
28.9335 37.0745 14.3931 0 0 0 0.242611 0.970124
29.038 37.1078 13.6202 0 0 0 0.249784 0.968302
29.1411 36.89 14.0654 0 0 0 0.252356 0.967635
29.2449 36.6074 13.8521 0 0 0 0.262087 0.965044
29.3488 37.3541 14.2563 0 0 0 0.26743 0.963577
29.4525 38.1505 14.5632 0 0 0 0.275562 0.961283
29.5563 38.3618 14.9099 0 0 0 0.272767 0.96208
29.66 38.5624 14.9087 0 0 0 0.277937 0.960599
29.7649 38.9372 14.8865 0 0 0 0.292776 0.956181
29.869 39.4709 15.1422 0 0 0 0.290243 0.956953
29.9711 38.8925 15.1017 0 0 0 0.265096 0.964222
30.0749 39.1215 15.0714 0 0 0 0.260549 0.965461
30.1786 39.1708 15.2446 0 0 0 0.260804 0.965392
30.2824 39.2894 15.6113 0 0 0 0.258575 0.965991
30.3862 39.0746 15.4443 0 0 0 0.281849 0.959459
30.4899 38.4576 15.0208 0 0 0 0.276621 0.960979
30.5936 38.5057 14.5255 0 0 0 0.266287 0.963894
30.6974 39.0579 14.783 0 0 0 0.270203 0.962803
30.8011 38.6632 14.6899 0 0 0 0.254063 0.967188
30.905 38.5997 14.6773 0 0 0 0.260066 0.965591
31.0088 39.0033 14.9999 0 0 0 0.267183 0.963646
31.1125 38.8047 14.3954 0 0 0 0.262418 0.964954
31.2162 38.5592 14.433 0 0 0 0.26019 0.965558
31.32 38.8986 14.6472 0 0 0 0.253744 0.967271
31.4238 38.5319 14.5729 0 0 0 0.260263 0.965538
31.5277 38.4406 14.6288 0 0 0 0.253336 0.967378
31.6314 38.5855 14.2506 0 0 0 0.247864 0.968795
31.7351 38.8613 14.4884 0 0 0 0.251528 0.96785
31.8391 38.9842 14.1294 0 0 0 0.251207 0.967933
31.943 38.9951 14.2762 0 0 0 0.250343 0.968157
32.0463 39.0988 14.3932 0 0 0 0.248592 0.968608
32.1499 38.8162 14.4158 0 0 0 0.250294 0.96817
32.2536 39.0587 14.2905 0 0 0 0.24886 0.96854
32.3574 39.1398 14.2272 0 0 0 0.25635 0.966584
32.461 38.9794 14.5781 0 0 0 0.256226 0.966617
32.5647 39.6476 15.0584 0 0 0 0.262296 0.964987
32.6684 39.6 15.2068 0 0 0 0.250988 0.96799
32.7721 40.5136 15.8458 0 0 0 0.259672 0.965697
32.8757 40.8586 15.9877 0 0 0 0.266355 0.963875
32.9795 40.3641 15.3818 0 0 0 0.253791 0.967259
33.0831 40.7338 15.4888 0 0 0 0.24981 0.968295
33.1869 40.7581 15.6185 0 0 0 0.247785 0.968815
33.2907 40.4316 15.381 0 0 0 0.252192 0.967677
33.3942 39.7115 15.3147 0 0 0 0.266499 0.963835
33.498 39.8087 15.0637 0 0 0 0.276564 0.960996
33.6017 39.6386 14.8533 0 0 0 0.281815 0.959469
33.7055 39.754 15.1461 0 0 0 0.282351 0.959311
33.8092 39.68 15.1432 0 0 0 0.276852 0.960913
33.9129 38.9648 14.855 0 0 0 0.274381 0.961621
34.0167 39.014 14.9779 0 0 0 0.277556 0.960709
34.1203 39.1988 14.9296 0 0 0 0.279687 0.960091
34.2245 39.2999 15.1028 0 0 0 0.274365 0.961626
34.3276 39.5072 14.5377 0 0 0 0.278247 0.960509
34.4313 40.5001 14.6927 0 0 0 0.289033 0.957319
34.5384 40.6675 14.7886 0 0 0 0.299421 0.954121
34.6386 40.7461 14.6525 0 0 0 0.304572 0.952489
34.7424 40.8785 14.8886 0 0 0 0.309674 0.950843
34.8461 40.6284 14.9468 0 0 0 0.298012 0.954562
34.95 40.3119 14.8309 0 0 0 0.295245 0.955422
35.0537 40.3994 14.8919 0 0 0 0.293735 0.955887
35.1575 40.0283 15.2197 0 0 0 0.267264 0.963623
35.2612 40.1647 14.5995 0 0 0 0.284905 0.958556
35.365 40.2059 15.111 0 0 0 0.297723 0.954652
35.4688 40.7955 15.4469 0 0 0 0.287864 0.957671
35.5727 41.4171 15.9164 0 0 0 0.292362 0.956308
35.6765 41.5462 15.945 0 0 0 0.301204 0.95356
35.7804 41.8636 16.3676 0 0 0 0.304904 0.952383
35.8841 41.7627 16.1805 0 0 0 0.303644 0.952785
35.988 41.7801 16.2527 0 0 0 0.291939 0.956437
36.0919 41.6454 16.7141 0 0 0 0.294021 0.955799
36.1957 41.7286 16.8462 0 0 0 0.292268 0.956336
36.2995 41.66 17.3976 0 0 0 0.301264 0.953541
36.4034 41.6166 17.681 0 0 0 0.304588 0.952484
36.5073 41.0726 17.5491 0 0 0 0.300402 0.953813
36.6111 40.8462 17.6639 0 0 0 0.298016 0.954561
36.715 40.2476 17.4357 0 0 0 0.313099 0.949721
36.8189 40.6637 18.5248 0 0 0 0.339166 0.940726
36.9227 40.6272 18.649 0 0 0 0.35647 0.934307
37.0267 40.4028 19.0309 0 0 0 0.354653 0.934998
37.1305 40.4124 19.0737 0 0 0 0.351507 0.936185
37.2342 40.7772 19.302 0 0 0 0.362655 0.931924
37.3381 41.5994 19.1705 0 0 0 0.356021 0.934478
37.4424 41.8601 19.6244 0 0 0 0.358012 0.933717
37.5458 41.9791 19.0749 0 0 0 0.342869 0.939383
37.6494 42.2539 19.1937 0 0 0 0.3369 0.94154
37.7531 42.7628 18.9879 0 0 0 0.340596 0.94021
37.8571 43.1761 18.9752 0 0 0 0.340587 0.940213
37.9605 42.9457 19.0181 0 0 0 0.34978 0.936832
38.0641 43.6584 19.341 0 0 0 0.357675 0.933846
38.1679 43.8936 19.3319 0 0 0 0.364399 0.931243
38.2716 44.2223 19.7032 0 0 0 0.365788 0.930698
38.3754 45.019 20.3914 0 0 0 0.354495 0.935058
38.4791 45.7374 20.9186 0 0 0 0.350181 0.936682
38.5829 46.448 21.5179 0 0 0 0.350014 0.936745
38.6866 46.8093 22.1675 0 0 0 0.357748 0.933818
38.7903 47.3607 22.8365 0 0 0 0.354496 0.935058
38.8941 48.0338 23.4954 0 0 0 0.349368 0.936986
38.9978 49.2052 23.4254 0 0 0 0.340084 0.940395
39.1015 49.8356 24.0513 0 0 0 0.334271 0.942477
39.2053 49.8923 24.2439 0 0 0 0.320742 0.947167
39.3091 49.2598 24.1091 0 0 0 0.31659 0.948563
39.4129 50.0315 24.5182 0 0 0 0.311288 0.950316
39.5166 50.7805 25.0668 0 0 0 0.305404 0.952223
39.6205 51.6564 25.4529 0 0 0 0.298343 0.954459
39.7257 52.2603 26.023 0 0 0 0.296332 0.955085
39.8283 53.2437 26.4206 0 0 0 0.287766 0.957701
39.932 53.0532 26.9764 0 0 0 0.307183 0.95165
40.0359 54.2828 27.0162 0 0 0 0.28568 0.958325
40.1398 54.422 27.1078 0 0 0 0.279671 0.960096
40.2435 55.1673 27.2452 0 0 0 0.244782 0.969578
40.3474 55.5723 26.6517 0 0 0 0.243107 0.969999
40.4513 56.2582 26.9425 0 0 0 0.24003 0.970765
40.555 56.5137 26.8023 0 0 0 0.225946 0.97414
40.6587 56.6972 26.7705 0 0 0 0.242201 0.970226
40.7627 56.9769 27.1545 0 0 0 0.23177 0.972771
40.8686 57.4422 27.2782 0 0 0 0.21179 0.977315
40.97 58.0123 27.6302 0 0 0 0.204938 0.978775
41.074 58.6976 27.0152 0 0 0 0.187169 0.982328
41.1776 58.2369 25.964 0 0 0 0.1617 0.98684
41.2818 58.7032 26.3152 0 0 0 0.159385 0.987217
41.385 59.1743 26.1586 0 0 0 0.164156 0.986434
41.4888 59.8586 26.1826 0 0 0 0.173209 0.984885
41.5925 59.6962 26.7256 0 0 0 0.190001 0.981784
41.6968 59.8839 27.2158 0 0 0 0.205001 0.978762
41.8 60.3651 27.5167 0 0 0 0.211338 0.977413
41.9037 61.0839 27.7429 0 0 0 0.199059 0.979987
42.0074 61.2479 28.1898 0 0 0 0.205971 0.978558
42.1111 62.2015 28.6914 0 0 0 0.205361 0.978686
42.215 62.7435 28.783 0 0 0 0.20611 0.978529
42.3187 63.184 29.1962 0 0 0 0.209846 0.977734
42.4226 63.2643 31.2574 0 0 0 0.230447 0.973085
42.5264 64.4244 31.5143 0 0 0 0.212242 0.977217
42.6301 64.1176 31.4581 0 0 0 0.229367 0.97334
42.7359 63.8125 32.726 0 0 0 0.223013 0.974815
42.8379 64.1639 32.4443 0 0 0 0.216588 0.976263
42.9417 64.4398 31.9675 0 0 0 0.226911 0.973916
43.0458 64.5177 31.8813 0 0 0 0.226029 0.974121
