2 0.0397949 1.53961 0 0 0 -0.0317419 0.999496
2.5 0.050415 1.55939 0 0 0 -0.0326992 0.999465
3 0.0510864 1.47772 0 0 0 -0.033434 0.999441
3.5 0.0592651 1.47638 0 0 0 -0.0335598 0.999437
4 0.0510864 1.47766 0 0 0 -0.033434 0.999441
4.5 0.0592651 1.47638 0 0 0 -0.0335598 0.999437
5 0.0510864 1.47766 0 0 0 -0.033434 0.999441
5.5 0.0592651 1.47638 0 0 0 -0.0335598 0.999437
6 0.0510864 1.47766 0 0 0 -0.033434 0.999441
6.5 0.0592651 1.47638 0 0 0 -0.0335598 0.999437
7 0.0510864 1.47766 0 0 0 -0.033434 0.999441
7.5 0.0592651 1.47638 0 0 0 -0.0335598 0.999437
8 0.0510864 1.47766 0 0 0 -0.033434 0.999441
8.5 0.0592651 1.47638 0 0 0 -0.0335598 0.999437
9 0.0510864 1.47766 0 0 0 -0.033434 0.999441
9.5 0.0592651 1.47638 0 0 0 -0.0335598 0.999437
10 0.0510864 1.47766 0 0 0 -0.033434 0.999441
10.5 0.0592651 1.47638 0 0 0 -0.0335598 0.999437
11 0.0510864 1.47766 0 0 0 -0.033434 0.999441
11.5 0.0592651 1.47638 0 0 0 -0.0335598 0.999437
12 0.0510864 1.47766 0 0 0 -0.033434 0.999441
12.5 0.0592651 1.47638 0 0 0 -0.0335598 0.999437
13 0.0510864 1.47766 0 0 0 -0.033434 0.999441
13.5 0.0592651 1.47638 0 0 0 -0.0335598 0.999437
14 0.0510864 1.47766 0 0 0 -0.033434 0.999441
14.5 0.0592651 1.47638 0 0 0 -0.0335598 0.999437
15 0.0510864 1.47766 0 0 0 -0.033434 0.999441
15.5 0.0592651 1.47638 0 0 0 -0.0335598 0.999437
16 0.0510864 1.47766 0 0 0 -0.033434 0.999441
16.5 0.0592651 1.47638 0 0 0 -0.0335598 0.999437
17 0.0510864 1.47766 0 0 0 -0.033434 0.999441
17.5 0.0592651 1.47638 0 0 0 -0.0335598 0.999437
18 0.0510864 1.47766 0 0 0 -0.033434 0.999441
18.5 0.0592651 1.47638 0 0 0 -0.0335598 0.999437
19 0.0510864 1.47766 0 0 0 -0.033434 0.999441
19.5 0.0592651 1.47638 0 0 0 -0.0335598 0.999437
20 0.0510864 1.47766 0 0 0 -0.033434 0.999441
20.1038 0.210449 1.48358 0 0 0 -0.038946 0.999241
20.2074 0.400452 1.55609 0 0 0 -0.0411517 0.999153
20.3109 0.686707 1.50299 0 0 0 -0.0389243 0.999242
20.4145 1.30237 1.30475 0 0 0 -0.0440659 0.999029
20.5181 1.50714 1.302 0 0 0 -0.0392981 0.999228
20.6217 1.72626 1.23059 0 0 0 -0.0382012 0.99927
20.7252 2.1286 1.3114 0 0 0 -0.0294318 0.999567
20.8289 2.6524 1.22729 0 0 0 -0.0187109 0.999825
20.9325 2.78027 1.23041 0 0 0 -0.0102262 0.999948
21.0361 3.11163 1.29999 0 0 0 0.000166936 1
21.1399 3.6618 1.2674 0 0 0 0.0108215 0.999941
21.2435 4.1109 1.37518 0 0 0 0.0208758 0.999782
21.3473 4.5238 1.36969 0 0 0 0.0283435 0.999598
21.4511 4.93732 1.40662 0 0 0 0.0398043 0.999207
21.5551 5.29608 1.41687 0 0 0 0.0446438 0.999003
21.6592 5.70892 1.50543 0 0 0 0.0503471 0.998732
21.7629 6.05841 1.60168 0 0 0 0.0578831 0.998323
21.8671 6.71118 1.65704 0 0 0 0.0588774 0.998265
21.971 6.77264 1.01819 0 0 0 0.0716166 0.997432
22.0764 7.80566 1.08551 0 0 0 0.0755201 0.997144
22.1791 7.75922 0.76178 0 0 0 0.109581 0.993978
22.2831 8.24841 0.779541 0 0 0 0.113862 0.993497
22.3871 8.80658 0.922791 0 0 0 0.118027 0.99301
22.4911 9.31732 1.06952 0 0 0 0.121894 0.992543
22.5952 9.82922 1.24017 0 0 0 0.125835 0.992051
22.6992 10.4431 1.37848 0 0 0 0.128758 0.991676
22.8032 10.9957 1.55743 0 0 0 0.135394 0.990792
22.9072 11.5453 1.72943 0 0 0 0.139071 0.990282
23.0112 12.1073 1.91565 0 0 0 0.144854 0.989453
23.1152 12.7958 2.0459 0 0 0 0.143945 0.989586
23.2196 13.3674 2.18707 0 0 0 0.147887 0.989004
23.3236 13.9869 2.34747 0 0 0 0.152436 0.988313
23.4275 14.5901 2.62762 0 0 0 0.155474 0.98784
23.5316 15.1627 2.89453 0 0 0 0.155758 0.987795
23.6355 15.8511 3.03082 0 0 0 0.157486 0.987521
23.742 16.5035 3.297 0 0 0 0.160495 0.987037
23.8435 17.1801 3.62646 0 0 0 0.155326 0.987863
23.9474 17.8523 3.83759 0 0 0 0.161144 0.986931
24.0514 18.5567 4.05981 0 0 0 0.163913 0.986475
24.1553 19.1925 4.26984 0 0 0 0.165374 0.986231
24.2593 19.9333 4.51782 0 0 0 0.170301 0.985392
24.3632 20.6445 4.85718 0 0 0 0.177406 0.984138
24.4678 21.3834 5.11859 0 0 0 0.183145 0.983086
24.5714 22.1448 5.36383 0 0 0 0.182208 0.98326
24.6764 22.9402 5.70294 0 0 0 0.190569 0.981674
24.7788 23.6446 6.01648 0 0 0 0.193727 0.981055
24.8826 24.4015 6.34833 0 0 0 0.198154 0.980171
24.9865 25.1842 6.7077 0 0 0 0.204373 0.978893
25.0904 25.9071 7.00928 0 0 0 0.206931 0.978356
25.1942 26.6505 7.3855 0 0 0 0.210153 0.977669
25.2982 27.4479 7.74335 0 0 0 0.220081 0.975482
25.402 28.2199 8.16101 0 0 0 0.221374 0.975189
25.5059 29.0451 8.54919 0 0 0 0.227461 0.973787
25.6098 29.7918 8.92963 0 0 0 0.233974 0.972243
25.7136 30.6194 9.34955 0 0 0 0.236078 0.971734
25.8175 31.4644 9.7738 0 0 0 0.238915 0.97104
25.9214 32.241 10.2064 0 0 0 0.243704 0.96985
26.0253 33.0767 10.6707 0 0 0 0.246868 0.969049
26.1291 33.937 11.1202 0 0 0 0.250438 0.968133
26.2331 34.7709 11.5792 0 0 0 0.253385 0.967366
26.3369 35.6332 12.0553 0 0 0 0.255346 0.96685
26.4411 36.5039 12.5533 0 0 0 0.256926 0.966431
26.5455 37.3386 13.0438 0 0 0 0.256204 0.966623
26.6487 38.1731 13.5617 0 0 0 0.257583 0.966256
26.7526 39.1249 14.0497 0 0 0 0.257495 0.96628
26.8565 40.0335 14.6031 0 0 0 0.257709 0.966223
26.9604 40.9698 15.1294 0 0 0 0.260487 0.965477
27.0643 41.8804 15.6171 0 0 0 0.260905 0.965364
27.1682 42.827 16.1489 0 0 0 0.263453 0.964672
27.2719 43.7726 16.7361 0 0 0 0.26504 0.964237
27.3757 44.6674 17.2776 0 0 0 0.267334 0.963604
27.4795 45.5833 17.8388 0 0 0 0.27234 0.962201
27.5839 46.4745 18.3954 0 0 0 0.280211 0.959938
27.687 47.3606 18.9821 0 0 0 0.286083 0.958205
27.7908 48.2527 19.5842 0 0 0 0.291125 0.956685
27.8946 49.1462 20.1739 0 0 0 0.295033 0.955487
27.9985 50.0094 20.8063 0 0 0 0.29859 0.954381
28.1024 50.8793 21.4189 0 0 0 0.300606 0.953748
28.2062 51.7149 22.0449 0 0 0 0.303717 0.952762
28.3101 52.5999 22.6802 0 0 0 0.306929 0.951732
28.414 53.4446 23.322 0 0 0 0.309007 0.95106
28.5179 54.3329 23.9127 0 0 0 0.310085 0.950709
28.6217 55.2088 24.5845 0 0 0 0.315185 0.94903
28.7257 56.0228 25.2402 0 0 0 0.31509 0.949062
28.8299 56.8915 25.9117 0 0 0 0.319207 0.947685
28.9335 57.7648 26.5763 0 0 0 0.323317 0.946291
29.038 58.5995 27.2281 0 0 0 0.326772 0.945103
29.1411 59.4264 27.9086 0 0 0 0.331758 0.943365
29.2449 60.2715 28.6107 0 0 0 0.333546 0.942734
29.3488 61.0776 29.3052 0 0 0 0.339733 0.940522
29.4525 61.9271 30.02 0 0 0 0.341841 0.939758
29.5563 62.7774 30.7288 0 0 0 0.347095 0.93783
29.66 63.5844 31.4806 0 0 0 0.352093 0.935965
29.7649 64.3906 32.2141 0 0 0 0.355211 0.934786
29.869 65.2398 32.9477 0 0 0 0.359366 0.933197
29.9711 66.0413 33.729 0 0 0 0.365044 0.93099
30.0749 66.8312 34.4549 0 0 0 0.368873 0.92948
30.1786 67.6475 35.2325 0 0 0 0.371227 0.928542
30.2824 68.4174 36.034 0 0 0 0.376336 0.926483
30.3862 69.22 36.8197 0 0 0 0.380576 0.92475
30.4899 70.0438 37.6044 0 0 0 0.384203 0.923249
30.5936 70.8176 38.4297 0 0 0 0.386474 0.9223
30.6974 71.6138 39.2822 0 0 0 0.392095 0.919925
30.8011 72.4136 40.1003 0 0 0 0.394341 0.918964
30.905 73.1754 40.9304 0 0 0 0.397895 0.917431
31.0088 73.9648 41.7784 0 0 0 0.401661 0.915788
31.1125 74.7337 42.653 0 0 0 0.404496 0.91454
31.2162 75.5048 43.4919 0 0 0 0.407886 0.913033
31.32 76.2968 44.3895 0 0 0 0.410522 0.911851
31.4238 77.0585 45.2507 0 0 0 0.413221 0.910631
31.5277 77.8484 46.1608 0 0 0 0.415416 0.909632
31.6314 78.5727 47.0833 0 0 0 0.419059 0.907959
31.7351 79.3271 47.9364 0 0 0 0.419595 0.907711
31.8391 80.0757 48.906 0 0 0 0.424435 0.905458
31.943 80.8588 49.7869 0 0 0 0.427272 0.904123
32.0463 81.6155 50.7055 0 0 0 0.431683 0.902025
32.1499 82.3884 51.6509 0 0 0 0.434836 0.90051
32.2536 83.1783 52.6271 0 0 0 0.439774 0.898108
32.3574 83.9105 53.5707 0 0 0 0.444009 0.896023
32.461 84.624 54.5729 0 0 0 0.449868 0.893095
32.5647 85.3552 55.5643 0 0 0 0.45501 0.890486
32.6684 86.0696 56.5715 0 0 0 0.462172 0.88679
32.7721 86.7199 57.5819 0 0 0 0.468115 0.883668
32.8757 87.4222 58.6028 0 0 0 0.472827 0.881155
32.9795 88.1148 59.6129 0 0 0 0.478033 0.878342
33.0831 88.7953 60.6328 0 0 0 0.484701 0.87468
33.1869 89.4542 61.7433 0 0 0 0.489666 0.87191
33.2907 90.1038 62.7839 0 0 0 0.495547 0.868581
33.3942 90.7401 63.8602 0 0 0 0.499949 0.866055
33.498 91.3856 65.0284 0 0 0 0.506849 0.862035
33.6017 91.971 66.1538 0 0 0 0.510522 0.859865
33.7055 92.5562 67.1979 0 0 0 0.513741 0.857946
33.8092 93.1921 68.3566 0 0 0 0.516125 0.856513
33.9129 93.7517 69.5042 0 0 0 0.520629 0.853783
34.0167 94.354 70.6256 0 0 0 0.524912 0.851156
34.1203 94.9569 71.7759 0 0 0 0.527691 0.849437
34.2245 95.5068 72.9271 0 0 0 0.531108 0.847304
34.3276 96.0891 74.0113 0 0 0 0.532549 0.846399
34.4313 96.6095 75.1751 0 0 0 0.534841 0.844952
34.5384 97.2189 76.3284 0 0 0 0.53469 0.845048
34.6386 97.6782 77.4193 0 0 0 0.536626 0.84382
34.7424 98.2462 78.5832 0 0 0 0.537917 0.842998
34.8461 98.81 79.7332 0 0 0 0.538652 0.842528
34.95 99.3489 80.8657 0 0 0 0.540682 0.841227
35.0537 99.825 81.9865 0 0 0 0.540898 0.841088
35.1575 100.313 83.087 0 0 0 0.540494 0.841348
35.2612 100.833 84.1777 0 0 0 0.541752 0.840539
35.365 101.36 85.2476 0 0 0 0.543664 0.839303
35.4688 101.811 86.3199 0 0 0 0.544905 0.838497
35.5727 102.278 87.335 0 0 0 0.545681 0.837993
35.6765 102.804 88.4647 0 0 0 0.545021 0.838423
35.7804 103.214 89.4717 0 0 0 0.545215 0.838296
35.8841 103.681 90.5835 0 0 0 0.544767 0.838587
35.988 104.112 91.5445 0 0 0 0.54345 0.839441
36.0919 104.615 92.6279 0 0 0 0.540067 0.841622
36.1957 105.088 93.6117 0 0 0 0.537566 0.843222
36.2995 105.539 94.5989 0 0 0 0.535023 0.844838
36.4034 106.007 95.6479 0 0 0 0.529508 0.848305
36.5073 106.523 96.5842 0 0 0 0.5245 0.851411
36.6111 107.034 97.6209 0 0 0 0.520394 0.853926
36.715 107.525 98.5556 0 0 0 0.517457 0.855709
36.8189 108.05 99.5359 0 0 0 0.510244 0.86003
36.9227 108.579 100.455 0 0 0 0.507247 0.861801
37.0267 109.144 101.453 0 0 0 0.500929 0.865488
37.1305 109.648 102.387 0 0 0 0.494395 0.869237
37.2342 110.252 103.38 0 0 0 0.48937 0.872076
37.3381 110.833 104.25 0 0 0 0.483902 0.875122
37.4424 111.371 105.13 0 0 0 0.476858 0.87898
37.5458 112.033 106.064 0 0 0 0.471576 0.881826
37.6494 112.605 106.844 0 0 0 0.464692 0.885472
37.7531 113.202 107.745 0 0 0 0.45897 0.888452
37.8571 113.764 108.596 0 0 0 0.453164 0.891427
37.9605 114.386 109.433 0 0 0 0.445589 0.895238
38.0641 115.011 110.245 0 0 0 0.441422 0.8973
38.1679 115.639 110.971 0 0 0 0.433369 0.901216
38.2716 116.229 111.812 0 0 0 0.432666 0.901554
38.3754 116.873 112.485 0 0 0 0.424656 0.905355
38.4791 117.503 113.322 0 0 0 0.41921 0.907889
38.5829 118.213 114.101 0 0 0 0.411504 0.911408
38.6866 118.837 114.789 0 0 0 0.407827 0.913059
38.7903 119.418 115.495 0 0 0 0.403957 0.914778
38.8941 120.083 116.197 0 0 0 0.39765 0.917537
38.9978 120.053 116.514 0 0 0 0.400091 0.916476
39.1015 120.523 117.001 0 0 0 0.393763 0.919212
39.2053 120.969 117.52 0 0 0 0.394665 0.918825
39.3091 121.181 117.905 0 0 0 0.398208 0.917295
39.4129 122.294 118.941 0 0 0 0.384388 0.923172
39.5166 122.232 119.018 0 0 0 0.385839 0.922566
39.6205 122.845 119.556 0 0 0 0.377564 0.925983
39.7257 123.765 120.474 0 0 0 0.374648 0.927167
39.8283 124.037 120.879 0 0 0 0.362915 0.931822
39.932 124.848 121.462 0 0 0 0.353373 0.935483
40.0359 125.592 122.006 0 0 0 0.34775 0.937587
40.1398 126.534 122.957 0 0 0 0.347249 0.937773
40.2435 126.766 122.811 0 0 0 0.330798 0.943701
40.3474 127.461 123.261 0 0 0 0.329288 0.944229
40.4513 128.117 123.824 0 0 0 0.317419 0.948285
40.555 129.083 124.767 0 0 0 0.313174 0.949696
40.6587 129.439 124.691 0 0 0 0.300954 0.953639
40.7627 130.164 125.576 0 0 0 0.306521 0.951864
40.8686 130.754 125.893 0 0 0 0.29379 0.95587
40.97 131.448 125.956 0 0 0 0.282602 0.959237
41.074 132.194 125.704 0 0 0 0.250133 0.968212
41.1776 133.065 126.282 0 0 0 0.237543 0.971377
41.2818 133.565 126.448 0 0 0 0.211564 0.977364
41.385 134.255 126.563 0 0 0 0.214064 0.97682
41.4888 135.143 127.089 0 0 0 0.204239 0.978921
41.5925 136.189 127.5 0 0 0 0.194424 0.980918
41.6968 136.954 127.852 0 0 0 0.204528 0.978861
41.8 137.928 128.475 0 0 0 0.210353 0.977625
41.9037 138.518 128.578 0 0 0 0.20917 0.977879
42.0074 138.905 128.685 0 0 0 0.206072 0.978537
42.1111 138.416 129.196 0 0 0 0.221563 0.975146
42.215 139.481 128.22 0 0 0 0.2072 0.978298
42.3187 140.831 128.099 0 0 0 0.192284 0.981339
42.4226 141.771 128.693 0 0 0 0.193522 0.981096
42.5264 142.953 129.196 0 0 0 0.187198 0.982322
42.6301 144.645 128.616 0 0 0 0.148416 0.988925
42.7359 145.721 129.225 0 0 0 0.128746 0.991678
42.8379 146.364 128.874 0 0 0 0.130959 0.991388
42.9417 148.093 128.413 0 0 0 0.115931 0.993257
43.0458 148.433 128.787 0 0 0 0.100433 0.994944
43.1498 149.891 128.97 0 0 0 0.103675 0.994611
43.2536 150.727 128.993 0 0 0 0.0924949 0.995713
43.3576 152.059 129.714 0 0 0 0.0745758 0.997215
43.4616 152.877 129.507 0 0 0 0.0647974 0.997898
43.5655 154.025 129.631 0 0 0 0.0581737 0.998306
43.6695 155.004 129.486 0 0 0 0.0483939 0.998828
43.7734 156.397 129.735 0 0 0 0.0317723 0.999495
43.8773 157.126 128.886 0 0 0 0.0143766 0.999897
43.9812 158.369 128.867 0 0 0 0.0191584 0.999816
44.0851 159.706 129.51 0 0 0 0.00314612 0.999995
44.189 160.324 129.199 0 0 0 0.00278647 0.999996
44.2929 161.703 128.996 0 0 0 -0.0186475 0.999826
44.3966 164.79 128.928 0 0 0 -0.0746118 0.997213
44.5005 164.448 129.218 0 0 0 -0.0355969 0.999366
44.6042 165.854 129.065 0 0 0 -0.0471262 0.998889
44.7081 166.596 127.479 0 0 0 -0.0406293 0.999174
44.8119 171.611 127.654 0 0 0 -0.195045 0.980794
44.9156 173.258 126.588 0 0 0 -0.241318 0.970446
45.0194 174.518 124.94 0 0 0 -0.296622 0.954995
45.1231 174.039 123.883 0 0 0 -0.301262 0.953541
45.2269 175.432 122.532 0 0 0 -0.341019 0.940056
45.3305 176.36 121.688 0 0 0 -0.340839 0.940122
45.4342 177.039 122.308 0 0 0 -0.28196 0.959426
45.5379 177.924 121.516 0 0 0 -0.281036 0.959697
45.6416 177.969 121.962 0 0 0 -0.254694 0.967022
45.7454 178.774 121.644 0 0 0 -0.254978 0.966947
45.849 181.368 119.407 0 0 0 -0.343009 0.939332
45.9528 184.35 117.918 0 0 0 -0.399488 0.916738
46.0565 184.353 119.818 0 0 0 -0.332236 0.943196
46.1602 186.685 118.602 0 0 0 -0.408965 0.91255
46.264 187.688 117.795 0 0 0 -0.416975 0.908918
46.3677 187.936 119.531 0 0 0 -0.428353 0.903612
46.4715 187.554 119.264 0 0 0 -0.413594 0.910462
46.5753 186.803 119.372 0 0 0 -0.429694 0.902975
46.679 187.383 118.858 0 0 0 -0.428155 0.903705
46.7829 186.606 120.417 0 0 0 -0.432309 0.901725
46.8866 186.652 119.875 0 0 0 -0.397804 0.91747
46.9905 185.904 119.681 0 0 0 -0.418942 0.908013
47.0944 184.857 119.755 0 0 0 -0.421263 0.906939
47.1982 185.363 119.224 0 0 0 -0.509124 0.860693
47.3021 184.395 116.236 0 0 0 -0.52502 0.85109
47.406 184.107 114.594 0 0 0 -0.572414 0.819964
47.5099 184.948 113.046 0 0 0 -0.583079 0.812416
47.6137 186.725 111.757 0 0 0 -0.60695 0.79474
47.7175 187.63 111.706 0 0 0 -0.633191 0.773996
47.8213 188.378 112.927 0 0 0 -0.638777 0.769392
47.925 188.94 113.107 0 0 0 -0.684169 0.729324
48.0288 188.804 111.974 0 0 0 -0.694159 0.719822
48.1326 188.902 112.164 0 0 0 -0.721465 0.692451
48.2365 187.521 111.863 0 0 0 -0.738603 0.674141
48.34 187.608 109.397 0 0 0 -0.743129 0.669148
48.4437 188.551 109.549 0 0 0 -0.724288 0.689497
48.5475 187.787 107.938 0 0 0 -0.742452 0.6699
48.6511 187.665 106.581 0 0 0 -0.756537 0.653951
48.755 187.821 104.038 0 0 0 -0.748577 0.663048
48.8586 187.588 103.902 0 0 0 -0.777272 0.629165
48.9623 186.761 103.397 0 0 0 -0.818526 0.57447
49.0659 187.457 100.309 0 0 0 -0.824401 0.566006
49.1696 187.6 98.9865 0 0 0 -0.835907 0.548872
49.2733 187.232 97.4644 0 0 0 -0.858277 0.513186
49.3769 183.867 94.6063 0 0 0 0.870057 -0.492951
49.4806 175.896 90.2087 0 0 0 0.936611 -0.350371
49.5844 157.957 74.6597 0 0 0 0.990617 -0.136666
49.688 157.957 74.6597 0 0 0 0.990617 -0.136666
49.7918 157.957 74.6597 0 0 0 0.990617 -0.136666
49.8955 157.957 74.6597 0 0 0 0.990617 -0.136666
49.9993 157.957 74.6597 0 0 0 0.990617 -0.136666
50.1029 157.957 74.6597 0 0 0 0.990617 -0.136666
50.2067 157.957 74.6597 0 0 0 0.990617 -0.136666
50.3105 157.957 74.6597 0 0 0 0.990617 -0.136666
50.4142 157.957 74.6597 0 0 0 0.990617 -0.136666
50.5179 157.957 74.6597 0 0 0 0.990617 -0.136666
50.6219 157.957 74.6597 0 0 0 0.990617 -0.136666
50.7254 157.957 74.6597 0 0 0 0.990617 -0.136666
50.8292 157.957 74.6597 0 0 0 0.990617 -0.136666
50.9329 157.957 74.6597 0 0 0 0.990617 -0.136666
51.0367 157.957 74.6597 0 0 0 0.990617 -0.136666
51.1404 157.957 74.6597 0 0 0 0.990617 -0.136666
51.2441 157.957 74.6597 0 0 0 0.990617 -0.136666
51.3479 157.957 74.6597 0 0 0 0.990617 -0.136666
51.4517 157.957 74.6597 0 0 0 0.990617 -0.136666
51.5554 157.957 74.6597 0 0 0 0.990617 -0.136666
51.6592 157.957 74.6597 0 0 0 0.990617 -0.136666
51.7629 157.957 74.6597 0 0 0 0.990617 -0.136666
51.8666 157.957 74.6597 0 0 0 0.990617 -0.136666
51.9704 157.957 74.6597 0 0 0 0.990617 -0.136666
52.0758 157.957 74.6597 0 0 0 0.990617 -0.136666
52.1778 157.957 74.6597 0 0 0 0.990617 -0.136666
52.2814 157.957 74.6597 0 0 0 0.990617 -0.136666
52.3852 157.957 74.6597 0 0 0 0.990617 -0.136666
52.4888 157.957 74.6597 0 0 0 0.990617 -0.136666
52.5925 157.957 74.6597 0 0 0 0.990617 -0.136666
52.6962 157.957 74.6597 0 0 0 0.990617 -0.136666
52.7999 157.957 74.6597 0 0 0 0.990617 -0.136666
52.9035 157.957 74.6597 0 0 0 0.990617 -0.136666
53.0073 157.957 74.6597 0 0 0 0.990617 -0.136666
53.1109 157.957 74.6597 0 0 0 0.990617 -0.136666
53.2147 157.957 74.6597 0 0 0 0.990617 -0.136666
53.3184 157.957 74.6597 0 0 0 0.990617 -0.136666
53.422 157.957 74.6597 0 0 0 0.990617 -0.136666
53.5258 157.957 74.6597 0 0 0 0.990617 -0.136666
53.6294 157.957 74.6597 0 0 0 0.990617 -0.136666
53.7331 157.957 74.6597 0 0 0 0.990617 -0.136666
53.8369 157.957 74.6597 0 0 0 0.990617 -0.136666
53.9409 157.957 74.6597 0 0 0 0.990617 -0.136666
54.0448 157.957 74.6597 0 0 0 0.990617 -0.136666
54.1479 157.957 74.6597 0 0 0 0.990617 -0.136666
54.2516 157.957 74.6597 0 0 0 0.990617 -0.136666
54.3554 157.957 74.6597 0 0 0 0.990617 -0.136666
54.4591 157.957 74.6597 0 0 0 0.990617 -0.136666
54.563 157.957 74.6597 0 0 0 0.990617 -0.136666
54.6668 157.957 74.6597 0 0 0 0.990617 -0.136666
54.7704 157.957 74.6597 0 0 0 0.990617 -0.136666
54.8742 157.957 74.6597 0 0 0 0.990617 -0.136666
54.9779 157.957 74.6597 0 0 0 0.990617 -0.136666
55.0818 157.957 74.6597 0 0 0 0.990617 -0.136666
55.1855 157.957 74.6597 0 0 0 0.990617 -0.136666
55.2893 157.957 74.6597 0 0 0 0.990617 -0.136666
55.3931 157.957 74.6597 0 0 0 0.990617 -0.136666
55.4969 157.957 74.6597 0 0 0 0.990617 -0.136666
55.6007 157.957 74.6597 0 0 0 0.990617 -0.136666
55.7044 157.957 74.6597 0 0 0 0.990617 -0.136666
55.8081 157.957 74.6597 0 0 0 0.990617 -0.136666
55.9119 157.957 74.6597 0 0 0 0.990617 -0.136666
56.0156 157.957 74.6597 0 0 0 0.990617 -0.136666
56.1194 157.957 74.6597 0 0 0 0.990617 -0.136666
56.2232 157.957 74.6597 0 0 0 0.990617 -0.136666
56.3268 157.957 74.6597 0 0 0 0.990617 -0.136666
56.4307 157.957 74.6597 0 0 0 0.990617 -0.136666
56.5344 157.957 74.6597 0 0 0 0.990617 -0.136666
56.6381 157.957 74.6597 0 0 0 0.990617 -0.136666
56.742 157.957 74.6597 0 0 0 0.990617 -0.136666
56.8458 157.957 74.6597 0 0 0 0.990617 -0.136666
56.9496 157.957 74.6597 0 0 0 0.990617 -0.136666
57.0533 157.957 74.6597 0 0 0 0.990617 -0.136666
57.157 157.957 74.6597 0 0 0 0.990617 -0.136666
57.2608 157.957 74.6597 0 0 0 0.990617 -0.136666
57.3645 157.957 74.6597 0 0 0 0.990617 -0.136666
57.4683 157.957 74.6597 0 0 0 0.990617 -0.136666
57.572 157.957 74.6597 0 0 0 0.990617 -0.136666
57.6758 157.957 74.6597 0 0 0 0.990617 -0.136666
57.7798 157.957 74.6597 0 0 0 0.990617 -0.136666
57.8843 157.957 74.6597 0 0 0 0.990617 -0.136666
57.9872 157.957 74.6597 0 0 0 0.990617 -0.136666
58.091 157.957 74.6597 0 0 0 0.990617 -0.136666
58.1946 157.957 74.6597 0 0 0 0.990617 -0.136666
58.2983 157.957 74.6597 0 0 0 0.990617 -0.136666
58.402 157.957 74.6597 0 0 0 0.990617 -0.136666
58.5057 157.957 74.6597 0 0 0 0.990617 -0.136666
58.6097 157.957 74.6597 0 0 0 0.990617 -0.136666
58.7133 157.957 74.6597 0 0 0 0.990617 -0.136666
58.8171 157.957 74.6597 0 0 0 0.990617 -0.136666
58.9208 157.957 74.6597 0 0 0 0.990617 -0.136666
59.0247 157.957 74.6597 0 0 0 0.990617 -0.136666
59.1284 157.957 74.6597 0 0 0 0.990617 -0.136666
59.2321 157.957 74.6597 0 0 0 0.990617 -0.136666
59.3359 157.957 74.6597 0 0 0 0.990617 -0.136666
59.4397 157.957 74.6597 0 0 0 0.990617 -0.136666
59.5436 157.957 74.6597 0 0 0 0.990617 -0.136666
59.6473 157.957 74.6597 0 0 0 0.990617 -0.136666
59.7512 157.957 74.6597 0 0 0 0.990617 -0.136666
59.8549 157.957 74.6597 0 0 0 0.990617 -0.136666
59.9587 157.957 74.6597 0 0 0 0.990617 -0.136666
60.0633 157.957 74.6597 0 0 0 0.990617 -0.136666
60.1662 157.957 74.6597 0 0 0 0.990617 -0.136666
60.27 157.957 74.6597 0 0 0 0.990617 -0.136666
60.3738 157.957 74.6597 0 0 0 0.990617 -0.136666
60.4778 157.957 74.6597 0 0 0 0.990617 -0.136666
60.5813 157.957 74.6597 0 0 0 0.990617 -0.136666
60.685 157.957 74.6597 0 0 0 0.990617 -0.136666
60.7888 157.957 74.6597 0 0 0 0.990617 -0.136666
60.8925 157.957 74.6597 0 0 0 0.990617 -0.136666
60.9963 157.957 74.6597 0 0 0 0.990617 -0.136666
61.1001 157.957 74.6597 0 0 0 0.990617 -0.136666
61.2039 157.957 74.6597 0 0 0 0.990617 -0.136666
61.3076 157.957 74.6597 0 0 0 0.990617 -0.136666
61.4115 157.957 74.6597 0 0 0 0.990617 -0.136666
61.5154 157.957 74.6597 0 0 0 0.990617 -0.136666
61.6192 157.957 74.6597 0 0 0 0.990617 -0.136666
61.7231 157.957 74.6597 0 0 0 0.990617 -0.136666
61.8268 157.957 74.6597 0 0 0 0.990617 -0.136666
61.9305 157.957 74.6597 0 0 0 0.990617 -0.136666
62.0344 157.957 74.6597 0 0 0 0.990617 -0.136666
62.1382 157.957 74.6597 0 0 0 0.990617 -0.136666
62.2419 157.957 74.6597 0 0 0 0.990617 -0.136666
62.3458 157.957 74.6597 0 0 0 0.990617 -0.136666
62.4497 157.957 74.6597 0 0 0 0.990617 -0.136666
62.5539 157.957 74.6597 0 0 0 0.990617 -0.136666
62.6571 157.957 74.6597 0 0 0 0.990617 -0.136666
62.7609 157.957 74.6597 0 0 0 0.990617 -0.136666
62.8647 157.957 74.6597 0 0 0 0.990617 -0.136666
62.9684 157.957 74.6597 0 0 0 0.990617 -0.136666
63.0721 157.957 74.6597 0 0 0 0.990617 -0.136666
63.1761 157.957 74.6597 0 0 0 0.990617 -0.136666
63.2798 157.957 74.6597 0 0 0 0.990617 -0.136666
63.3835 157.957 74.6597 0 0 0 0.990617 -0.136666
63.4873 157.957 74.6597 0 0 0 0.990617 -0.136666
63.5912 157.957 74.6597 0 0 0 0.990617 -0.136666
63.6948 157.957 74.6597 0 0 0 0.990617 -0.136666
63.7985 157.957 74.6597 0 0 0 0.990617 -0.136666
63.9022 157.957 74.6597 0 0 0 0.990617 -0.136666
64.0059 157.957 74.6597 0 0 0 0.990617 -0.136666
64.1096 157.957 74.6597 0 0 0 0.990617 -0.136666
64.2133 157.957 74.6597 0 0 0 0.990617 -0.136666
64.3169 157.957 74.6597 0 0 0 0.990617 -0.136666
64.4218 157.957 74.6597 0 0 0 0.990617 -0.136666
64.5243 157.957 74.6597 0 0 0 0.990617 -0.136666
64.628 157.957 74.6597 0 0 0 0.990617 -0.136666
64.732 157.957 74.6597 0 0 0 0.990617 -0.136666
64.8357 157.957 74.6597 0 0 0 0.990617 -0.136666
64.9403 157.957 74.6597 0 0 0 0.990617 -0.136666
65.0431 157.957 74.6597 0 0 0 0.990617 -0.136666
65.1485 157.957 74.6597 0 0 0 0.990617 -0.136666
65.2505 157.957 74.6597 0 0 0 0.990617 -0.136666
65.3543 157.957 74.6597 0 0 0 0.990617 -0.136666
65.4581 157.957 74.6597 0 0 0 0.990617 -0.136666
65.5618 157.957 74.6597 0 0 0 0.990617 -0.136666
65.6655 157.957 74.6597 0 0 0 0.990617 -0.136666
65.7693 157.957 74.6597 0 0 0 0.990617 -0.136666
65.873 157.957 74.6597 0 0 0 0.990617 -0.136666
65.9766 157.957 74.6597 0 0 0 0.990617 -0.136666
66.0807 157.957 74.6597 0 0 0 0.990617 -0.136666
66.1843 157.957 74.6597 0 0 0 0.990617 -0.136666
66.2878 157.957 74.6597 0 0 0 0.990617 -0.136666
66.3915 157.957 74.6597 0 0 0 0.990617 -0.136666
66.4952 157.957 74.6597 0 0 0 0.990617 -0.136666
66.5989 157.957 74.6597 0 0 0 0.990617 -0.136666
66.7027 157.957 74.6597 0 0 0 0.990617 -0.136666
66.8064 157.957 74.6597 0 0 0 0.990617 -0.136666
66.9101 157.957 74.6597 0 0 0 0.990617 -0.136666
67.0139 157.957 74.6597 0 0 0 0.990617 -0.136666
67.1177 157.957 74.6597 0 0 0 0.990617 -0.136666
67.2216 157.957 74.6597 0 0 0 0.990617 -0.136666
67.3255 157.957 74.6597 0 0 0 0.990617 -0.136666
67.4292 157.957 74.6597 0 0 0 0.990617 -0.136666
67.5329 157.957 74.6597 0 0 0 0.990617 -0.136666
67.6368 157.957 74.6597 0 0 0 0.990617 -0.136666
67.7406 157.957 74.6597 0 0 0 0.990617 -0.136666
67.8445 157.957 74.6597 0 0 0 0.990617 -0.136666
67.9483 157.957 74.6597 0 0 0 0.990617 -0.136666
68.0521 157.957 74.6597 0 0 0 0.990617 -0.136666
68.156 157.957 74.6597 0 0 0 0.990617 -0.136666
68.2599 157.957 74.6597 0 0 0 0.990617 -0.136666
68.3643 157.957 74.6597 0 0 0 0.990617 -0.136666
68.4676 157.957 74.6597 0 0 0 0.990617 -0.136666
68.5714 157.957 74.6597 0 0 0 0.990617 -0.136666
68.6752 157.957 74.6597 0 0 0 0.990617 -0.136666
68.779 157.957 74.6597 0 0 0 0.990617 -0.136666
68.8827 157.957 74.6597 0 0 0 0.990617 -0.136666
68.9864 157.957 74.6597 0 0 0 0.990617 -0.136666
69.0901 157.957 74.6597 0 0 0 0.990617 -0.136666
69.1938 157.957 74.6597 0 0 0 0.990617 -0.136666
69.2975 157.957 74.6597 0 0 0 0.990617 -0.136666
69.4012 157.957 74.6597 0 0 0 0.990617 -0.136666
69.5049 157.957 74.6597 0 0 0 0.990617 -0.136666
69.6086 157.957 74.6597 0 0 0 0.990617 -0.136666
69.7123 157.957 74.6597 0 0 0 0.990617 -0.136666
69.816 157.957 74.6597 0 0 0 0.990617 -0.136666
69.9196 157.957 74.6597 0 0 0 0.990617 -0.136666
70.0233 157.957 74.6597 0 0 0 0.990617 -0.136666
70.127 157.957 74.6597 0 0 0 0.990617 -0.136666
70.2308 157.957 74.6597 0 0 0 0.990617 -0.136666
70.3345 157.957 74.6597 0 0 0 0.990617 -0.136666
70.4383 157.957 74.6597 0 0 0 0.990617 -0.136666
70.542 157.957 74.6597 0 0 0 0.990617 -0.136666
70.6459 157.957 74.6597 0 0 0 0.990617 -0.136666
70.7498 157.957 74.6597 0 0 0 0.990617 -0.136666
70.8536 157.957 74.6597 0 0 0 0.990617 -0.136666
70.9574 157.957 74.6597 0 0 0 0.990617 -0.136666
71.0613 157.957 74.6597 0 0 0 0.990617 -0.136666
71.1651 157.957 74.6597 0 0 0 0.990617 -0.136666
71.2689 157.957 74.6597 0 0 0 0.990617 -0.136666
71.3726 157.957 74.6597 0 0 0 0.990617 -0.136666
71.4764 157.957 74.6597 0 0 0 0.990617 -0.136666
71.5801 157.957 74.6597 0 0 0 0.990617 -0.136666
71.6839 157.957 74.6597 0 0 0 0.990617 -0.136666
71.7876 157.957 74.6597 0 0 0 0.990617 -0.136666
71.8913 157.957 74.6597 0 0 0 0.990617 -0.136666
71.995 157.957 74.6597 0 0 0 0.990617 -0.136666
72.0988 157.957 74.6597 0 0 0 0.990617 -0.136666
72.2024 157.957 74.6597 0 0 0 0.990617 -0.136666
72.3061 157.957 74.6597 0 0 0 0.990617 -0.136666
72.41 157.957 74.6597 0 0 0 0.990617 -0.136666
72.5139 157.957 74.6597 0 0 0 0.990617 -0.136666
72.6178 157.957 74.6597 0 0 0 0.990617 -0.136666
72.7216 157.957 74.6597 0 0 0 0.990617 -0.136666
72.8256 157.957 74.6597 0 0 0 0.990617 -0.136666
72.9295 157.957 74.6597 0 0 0 0.990617 -0.136666
73.0333 157.957 74.6597 0 0 0 0.990617 -0.136666
73.137 157.957 74.6597 0 0 0 0.990617 -0.136666
73.2406 157.957 74.6597 0 0 0 0.990617 -0.136666
73.3444 157.957 74.6597 0 0 0 0.990617 -0.136666
73.448 157.957 74.6597 0 0 0 0.990617 -0.136666
73.5518 157.957 74.6597 0 0 0 0.990617 -0.136666
73.6554 157.957 74.6597 0 0 0 0.990617 -0.136666
73.759 157.957 74.6597 0 0 0 0.990617 -0.136666
73.8626 157.957 74.6597 0 0 0 0.990617 -0.136666
73.9663 157.957 74.6597 0 0 0 0.990617 -0.136666
74.0699 157.957 74.6597 0 0 0 0.990617 -0.136666
74.1735 157.957 74.6597 0 0 0 0.990617 -0.136666
74.2771 157.957 74.6597 0 0 0 0.990617 -0.136666
74.3808 157.957 74.6597 0 0 0 0.990617 -0.136666
74.4844 157.957 74.6597 0 0 0 0.990617 -0.136666
74.588 157.957 74.6597 0 0 0 0.990617 -0.136666
74.6916 157.957 74.6597 0 0 0 0.990617 -0.136666
74.7954 157.957 74.6597 0 0 0 0.990617 -0.136666
74.899 157.957 74.6597 0 0 0 0.990617 -0.136666
75.0028 157.957 74.6597 0 0 0 0.990617 -0.136666
75.1065 157.957 74.6597 0 0 0 0.990617 -0.136666
75.2103 157.957 74.6597 0 0 0 0.990617 -0.136666
75.3141 157.957 74.6597 0 0 0 0.990617 -0.136666
75.418 157.957 74.6597 0 0 0 0.990617 -0.136666
75.522 157.957 74.6597 0 0 0 0.990617 -0.136666
75.626 157.957 74.6597 0 0 0 0.990617 -0.136666
75.73 157.957 74.6597 0 0 0 0.990617 -0.136666
75.8341 157.957 74.6597 0 0 0 0.990617 -0.136666
75.9383 157.957 74.6597 0 0 0 0.990617 -0.136666
76.0423 157.957 74.6597 0 0 0 0.990617 -0.136666
76.1464 157.957 74.6597 0 0 0 0.990617 -0.136666
76.2505 157.957 74.6597 0 0 0 0.990617 -0.136666
76.3545 157.957 74.6597 0 0 0 0.990617 -0.136666
76.4585 157.957 74.6597 0 0 0 0.990617 -0.136666
76.5625 157.957 74.6597 0 0 0 0.990617 -0.136666
76.6664 157.957 74.6597 0 0 0 0.990617 -0.136666
76.7704 157.957 74.6597 0 0 0 0.990617 -0.136666
76.8743 157.957 74.6597 0 0 0 0.990617 -0.136666
76.9781 157.957 74.6597 0 0 0 0.990617 -0.136666
77.0819 157.957 74.6597 0 0 0 0.990617 -0.136666
77.1858 157.957 74.6597 0 0 0 0.990617 -0.136666
77.2895 157.957 74.6597 0 0 0 0.990617 -0.136666
77.3933 157.957 74.6597 0 0 0 0.990617 -0.136666
77.497 157.957 74.6597 0 0 0 0.990617 -0.136666
77.6006 157.957 74.6597 0 0 0 0.990617 -0.136666
77.7044 157.957 74.6597 0 0 0 0.990617 -0.136666
77.808 157.957 74.6597 0 0 0 0.990617 -0.136666
77.9116 157.957 74.6597 0 0 0 0.990617 -0.136666
78.0154 157.957 74.6597 0 0 0 0.990617 -0.136666
78.119 157.957 74.6597 0 0 0 0.990617 -0.136666
78.2228 157.957 74.6597 0 0 0 0.990617 -0.136666
78.3265 157.957 74.6597 0 0 0 0.990617 -0.136666
78.4303 157.957 74.6597 0 0 0 0.990617 -0.136666
78.534 157.957 74.6597 0 0 0 0.990617 -0.136666
78.6379 157.957 74.6597 0 0 0 0.990617 -0.136666
78.7417 157.957 74.6597 0 0 0 0.990617 -0.136666
78.8454 157.957 74.6597 0 0 0 0.990617 -0.136666
78.9492 157.957 74.6597 0 0 0 0.990617 -0.136666
79.0529 157.957 74.6597 0 0 0 0.990617 -0.136666
79.1566 157.957 74.6597 0 0 0 0.990617 -0.136666
79.2605 157.957 74.6597 0 0 0 0.990617 -0.136666
79.3643 157.957 74.6597 0 0 0 0.990617 -0.136666
79.468 174.058 46.7051 0 0 0 0.999312 -0.0370864
79.5718 174.058 46.7051 0 0 0 0.999312 -0.0370864
79.6755 174.058 46.7051 0 0 0 0.999312 -0.0370864
79.7794 174.058 46.7051 0 0 0 0.999312 -0.0370864
79.8831 174.058 46.7051 0 0 0 0.999312 -0.0370864
79.987 174.058 46.7051 0 0 0 0.999312 -0.0370864
80.0908 174.058 46.7051 0 0 0 0.999312 -0.0370864
80.1947 174.058 46.7051 0 0 0 0.999312 -0.0370864
80.2984 174.058 46.7051 0 0 0 0.999312 -0.0370864
80.4023 174.058 46.7051 0 0 0 0.999312 -0.0370864
80.5061 174.058 46.7051 0 0 0 0.999312 -0.0370864
80.6099 174.058 46.7051 0 0 0 0.999312 -0.0370864
80.7138 174.058 46.7051 0 0 0 0.999312 -0.0370864
80.8175 174.058 46.7051 0 0 0 0.999312 -0.0370864
80.9213 174.058 46.7051 0 0 0 0.999312 -0.0370864
81.0253 174.058 46.7051 0 0 0 0.999312 -0.0370864
81.129 174.058 46.7051 0 0 0 0.999312 -0.0370864
81.2327 174.058 46.7051 0 0 0 0.999312 -0.0370864
81.3365 174.058 46.7051 0 0 0 0.999312 -0.0370864
81.4401 174.058 46.7051 0 0 0 0.999312 -0.0370864
81.5439 174.058 46.7051 0 0 0 0.999312 -0.0370864
81.6478 174.058 46.7051 0 0 0 0.999312 -0.0370864
81.7516 174.058 46.7051 0 0 0 0.999312 -0.0370864
81.8553 174.058 46.7051 0 0 0 0.999312 -0.0370864
81.9591 174.058 46.7051 0 0 0 0.999312 -0.0370864
82.0628 174.058 46.7051 0 0 0 0.999312 -0.0370864
82.1666 174.058 46.7051 0 0 0 0.999312 -0.0370864
82.2703 174.058 46.7051 0 0 0 0.999312 -0.0370864
82.374 174.058 46.7051 0 0 0 0.999312 -0.0370864
82.4778 174.058 46.7051 0 0 0 0.999312 -0.0370864
82.5816 174.058 46.7051 0 0 0 0.999312 -0.0370864
82.6853 174.058 46.7051 0 0 0 0.999312 -0.0370864
82.789 174.058 46.7051 0 0 0 0.999312 -0.0370864
82.8928 174.058 46.7051 0 0 0 0.999312 -0.0370864
82.9966 174.058 46.7051 0 0 0 0.999312 -0.0370864
83.1004 174.058 46.7051 0 0 0 0.999312 -0.0370864
83.204 174.058 46.7051 0 0 0 0.999312 -0.0370864
83.3077 174.058 46.7051 0 0 0 0.999312 -0.0370864
83.4114 174.058 46.7051 0 0 0 0.999312 -0.0370864
83.5153 174.058 46.7051 0 0 0 0.999312 -0.0370864
83.6188 174.058 46.7051 0 0 0 0.999312 -0.0370864
83.7225 174.058 46.7051 0 0 0 0.999312 -0.0370864
83.8262 174.058 46.7051 0 0 0 0.999312 -0.0370864
83.9299 174.058 46.7051 0 0 0 0.999312 -0.0370864
84.0336 174.058 46.7051 0 0 0 0.999312 -0.0370864
84.1373 174.058 46.7051 0 0 0 0.999312 -0.0370864
84.241 174.058 46.7051 0 0 0 0.999312 -0.0370864
84.3448 174.058 46.7051 0 0 0 0.999312 -0.0370864
84.4486 174.058 46.7051 0 0 0 0.999312 -0.0370864
84.5524 174.058 46.7051 0 0 0 0.999312 -0.0370864
84.6562 174.058 46.7051 0 0 0 0.999312 -0.0370864
84.7599 174.058 46.7051 0 0 0 0.999312 -0.0370864
84.8637 174.058 46.7051 0 0 0 0.999312 -0.0370864
84.9675 174.058 46.7051 0 0 0 0.999312 -0.0370864
85.0712 174.058 46.7051 0 0 0 0.999312 -0.0370864
85.1749 174.058 46.7051 0 0 0 0.999312 -0.0370864
85.2789 174.058 46.7051 0 0 0 0.999312 -0.0370864
85.3824 174.058 46.7051 0 0 0 0.999312 -0.0370864
85.4861 174.058 46.7051 0 0 0 0.999312 -0.0370864
85.5898 174.058 46.7051 0 0 0 0.999312 -0.0370864
85.6936 174.058 46.7051 0 0 0 0.999312 -0.0370864
85.7973 174.058 46.7051 0 0 0 0.999312 -0.0370864
85.901 174.058 46.7051 0 0 0 0.999312 -0.0370864
86.0048 174.058 46.7051 0 0 0 0.999312 -0.0370864
86.1085 174.058 46.7051 0 0 0 0.999312 -0.0370864
86.2122 174.058 46.7051 0 0 0 0.999312 -0.0370864
86.3159 174.058 46.7051 0 0 0 0.999312 -0.0370864
86.4197 174.058 46.7051 0 0 0 0.999312 -0.0370864
86.5234 174.058 46.7051 0 0 0 0.999312 -0.0370864
86.6271 174.058 46.7051 0 0 0 0.999312 -0.0370864
86.7308 174.058 46.7051 0 0 0 0.999312 -0.0370864
86.8346 174.058 46.7051 0 0 0 0.999312 -0.0370864
86.9383 174.058 46.7051 0 0 0 0.999312 -0.0370864
87.042 174.058 46.7051 0 0 0 0.999312 -0.0370864
87.1459 174.058 46.7051 0 0 0 0.999312 -0.0370864
87.2496 174.058 46.7051 0 0 0 0.999312 -0.0370864
87.3535 174.058 46.7051 0 0 0 0.999312 -0.0370864
87.4573 174.058 46.7051 0 0 0 0.999312 -0.0370864
87.5611 174.058 46.7051 0 0 0 0.999312 -0.0370864
87.6649 174.058 46.7051 0 0 0 0.999312 -0.0370864
87.7692 174.058 46.7051 0 0 0 0.999312 -0.0370864
87.8728 174.058 46.7051 0 0 0 0.999312 -0.0370864
87.9767 174.058 46.7051 0 0 0 0.999312 -0.0370864
88.0807 174.058 46.7051 0 0 0 0.999312 -0.0370864
88.1847 174.058 46.7051 0 0 0 0.999312 -0.0370864
88.2887 174.058 46.7051 0 0 0 0.999312 -0.0370864
88.3927 174.058 46.7051 0 0 0 0.999312 -0.0370864
88.4967 174.058 46.7051 0 0 0 0.999312 -0.0370864
88.6005 174.058 46.7051 0 0 0 0.999312 -0.0370864
88.7045 174.058 46.7051 0 0 0 0.999312 -0.0370864
88.8084 174.058 46.7051 0 0 0 0.999312 -0.0370864
88.9122 174.058 46.7051 0 0 0 0.999312 -0.0370864
89.016 174.058 46.7051 0 0 0 0.999312 -0.0370864
89.1198 174.058 46.7051 0 0 0 0.999312 -0.0370864
89.2237 174.058 46.7051 0 0 0 0.999312 -0.0370864
89.3274 174.058 46.7051 0 0 0 0.999312 -0.0370864
89.4313 174.058 46.7051 0 0 0 0.999312 -0.0370864
89.535 174.058 46.7051 0 0 0 0.999312 -0.0370864
89.6389 174.058 46.7051 0 0 0 0.999312 -0.0370864
89.7425 174.058 46.7051 0 0 0 0.999312 -0.0370864
89.8462 174.058 46.7051 0 0 0 0.999312 -0.0370864
89.9501 174.058 46.7051 0 0 0 0.999312 -0.0370864
90.0539 174.058 46.7051 0 0 0 0.999312 -0.0370864
90.1574 174.058 46.7051 0 0 0 0.999312 -0.0370864
90.2612 174.058 46.7051 0 0 0 0.999312 -0.0370864
90.365 174.058 46.7051 0 0 0 0.999312 -0.0370864
90.4686 174.058 46.7051 0 0 0 0.999312 -0.0370864
90.5724 174.058 46.7051 0 0 0 0.999312 -0.0370864
90.676 174.058 46.7051 0 0 0 0.999312 -0.0370864
90.7797 174.058 46.7051 0 0 0 0.999312 -0.0370864
90.8833 174.058 46.7051 0 0 0 0.999312 -0.0370864
90.987 174.058 46.7051 0 0 0 0.999312 -0.0370864
91.0907 174.058 46.7051 0 0 0 0.999312 -0.0370864
91.1944 174.058 46.7051 0 0 0 0.999312 -0.0370864
91.2982 174.058 46.7051 0 0 0 0.999312 -0.0370864
91.402 174.058 46.7051 0 0 0 0.999312 -0.0370864
91.5057 174.058 46.7051 0 0 0 0.999312 -0.0370864
91.6095 174.058 46.7051 0 0 0 0.999312 -0.0370864
91.7134 174.058 46.7051 0 0 0 0.999312 -0.0370864
91.817 174.058 46.7051 0 0 0 0.999312 -0.0370864
91.9209 174.058 46.7051 0 0 0 0.999312 -0.0370864
92.0247 174.058 46.7051 0 0 0 0.999312 -0.0370864
92.1283 174.058 46.7051 0 0 0 0.999312 -0.0370864
92.2321 174.058 46.7051 0 0 0 0.999312 -0.0370864
92.3357 174.058 46.7051 0 0 0 0.999312 -0.0370864
92.4394 174.058 46.7051 0 0 0 0.999312 -0.0370864
92.5431 174.058 46.7051 0 0 0 0.999312 -0.0370864
92.6467 174.058 46.7051 0 0 0 0.999312 -0.0370864
92.7504 174.058 46.7051 0 0 0 0.999312 -0.0370864
92.854 174.058 46.7051 0 0 0 0.999312 -0.0370864
92.9577 174.058 46.7051 0 0 0 0.999312 -0.0370864
93.0614 174.058 46.7051 0 0 0 0.999312 -0.0370864
93.1652 174.058 46.7051 0 0 0 0.999312 -0.0370864
93.2689 174.058 46.7051 0 0 0 0.999312 -0.0370864
93.3727 174.058 46.7051 0 0 0 0.999312 -0.0370864
93.4764 174.058 46.7051 0 0 0 0.999312 -0.0370864
93.5803 174.058 46.7051 0 0 0 0.999312 -0.0370864
93.6839 174.058 46.7051 0 0 0 0.999312 -0.0370864
93.7878 174.058 46.7051 0 0 0 0.999312 -0.0370864
93.8915 174.058 46.7051 0 0 0 0.999312 -0.0370864
93.9953 174.058 46.7051 0 0 0 0.999312 -0.0370864
94.099 174.058 46.7051 0 0 0 0.999312 -0.0370864
94.2028 174.058 46.7051 0 0 0 0.999312 -0.0370864
94.3065 174.058 46.7051 0 0 0 0.999312 -0.0370864
94.4104 174.058 46.7051 0 0 0 0.999312 -0.0370864
94.5142 174.058 46.7051 0 0 0 0.999312 -0.0370864
94.6179 174.058 46.7051 0 0 0 0.999312 -0.0370864
94.7215 174.058 46.7051 0 0 0 0.999312 -0.0370864
94.8252 174.058 46.7051 0 0 0 0.999312 -0.0370864
94.9289 174.058 46.7051 0 0 0 0.999312 -0.0370864
95.0326 174.058 46.7051 0 0 0 0.999312 -0.0370864
95.1363 174.058 46.7051 0 0 0 0.999312 -0.0370864
95.2401 174.058 46.7051 0 0 0 0.999312 -0.0370864
95.3437 174.058 46.7051 0 0 0 0.999312 -0.0370864
95.4475 174.058 46.7051 0 0 0 0.999312 -0.0370864
95.5511 174.058 46.7051 0 0 0 0.999312 -0.0370864
95.6547 174.058 46.7051 0 0 0 0.999312 -0.0370864
95.7585 174.058 46.7051 0 0 0 0.999312 -0.0370864
95.8622 174.058 46.7051 0 0 0 0.999312 -0.0370864
95.9658 174.058 46.7051 0 0 0 0.999312 -0.0370864
96.0695 174.058 46.7051 0 0 0 0.999312 -0.0370864
96.1732 174.058 46.7051 0 0 0 0.999312 -0.0370864
96.277 174.058 46.7051 0 0 0 0.999312 -0.0370864
96.3806 174.058 46.7051 0 0 0 0.999312 -0.0370864
96.4844 174.058 46.7051 0 0 0 0.999312 -0.0370864
96.5881 174.058 46.7051 0 0 0 0.999312 -0.0370864
96.6917 174.058 46.7051 0 0 0 0.999312 -0.0370864
96.7953 174.058 46.7051 0 0 0 0.999312 -0.0370864
96.8991 174.058 46.7051 0 0 0 0.999312 -0.0370864
97.0028 174.058 46.7051 0 0 0 0.999312 -0.0370864
97.1064 174.058 46.7051 0 0 0 0.999312 -0.0370864
97.2102 174.058 46.7051 0 0 0 0.999312 -0.0370864
97.3138 174.058 46.7051 0 0 0 0.999312 -0.0370864
97.4174 174.058 46.7051 0 0 0 0.999312 -0.0370864
97.5212 174.058 46.7051 0 0 0 0.999312 -0.0370864
97.6249 174.058 46.7051 0 0 0 0.999312 -0.0370864
97.7285 174.058 46.7051 0 0 0 0.999312 -0.0370864
97.8321 174.058 46.7051 0 0 0 0.999312 -0.0370864
97.9357 174.058 46.7051 0 0 0 0.999312 -0.0370864
98.0394 174.058 46.7051 0 0 0 0.999312 -0.0370864
98.1429 174.058 46.7051 0 0 0 0.999312 -0.0370864
98.2467 174.058 46.7051 0 0 0 0.999312 -0.0370864
98.3503 174.058 46.7051 0 0 0 0.999312 -0.0370864
98.454 174.058 46.7051 0 0 0 0.999312 -0.0370864
98.5579 174.058 46.7051 0 0 0 0.999312 -0.0370864
98.6615 174.058 46.7051 0 0 0 0.999312 -0.0370864
98.7656 174.058 46.7051 0 0 0 0.999312 -0.0370864
98.8688 174.058 46.7051 0 0 0 0.999312 -0.0370864
98.9724 174.058 46.7051 0 0 0 0.999312 -0.0370864
99.0818 174.058 46.7051 0 0 0 0.999312 -0.0370864
99.1799 174.058 46.7051 0 0 0 0.999312 -0.0370864
99.2836 174.058 46.7051 0 0 0 0.999312 -0.0370864
99.3873 174.058 46.7051 0 0 0 0.999312 -0.0370864
99.4911 174.058 46.7051 0 0 0 0.999312 -0.0370864
99.5949 174.058 46.7051 0 0 0 0.999312 -0.0370864
99.6986 174.058 46.7051 0 0 0 0.999312 -0.0370864
99.8023 174.058 46.7051 0 0 0 0.999312 -0.0370864
99.9061 174.058 46.7051 0 0 0 0.999312 -0.0370864
100.01 174.058 46.7051 0 0 0 0.999312 -0.0370864
100.113 174.058 46.7051 0 0 0 0.999312 -0.0370864
100.217 174.058 46.7051 0 0 0 0.999312 -0.0370864
100.321 174.058 46.7051 0 0 0 0.999312 -0.0370864
100.425 174.058 46.7051 0 0 0 0.999312 -0.0370864
100.528 174.058 46.7051 0 0 0 0.999312 -0.0370864
100.632 174.058 46.7051 0 0 0 0.999312 -0.0370864
100.736 174.058 46.7051 0 0 0 0.999312 -0.0370864
100.84 174.058 46.7051 0 0 0 0.999312 -0.0370864
100.944 174.058 46.7051 0 0 0 0.999312 -0.0370864
101.047 174.058 46.7051 0 0 0 0.999312 -0.0370864
101.151 174.058 46.7051 0 0 0 0.999312 -0.0370864
101.255 174.058 46.7051 0 0 0 0.999312 -0.0370864
101.358 174.058 46.7051 0 0 0 0.999312 -0.0370864
101.462 174.058 46.7051 0 0 0 0.999312 -0.0370864
101.566 174.058 46.7051 0 0 0 0.999312 -0.0370864
101.67 174.058 46.7051 0 0 0 0.999312 -0.0370864
101.773 174.058 46.7051 0 0 0 0.999312 -0.0370864
101.877 174.058 46.7051 0 0 0 0.999312 -0.0370864
101.981 174.058 46.7051 0 0 0 0.999312 -0.0370864
102.084 174.058 46.7051 0 0 0 0.999312 -0.0370864
102.188 174.058 46.7051 0 0 0 0.999312 -0.0370864
102.292 174.058 46.7051 0 0 0 0.999312 -0.0370864
102.396 174.058 46.7051 0 0 0 0.999312 -0.0370864
102.499 174.058 46.7051 0 0 0 0.999312 -0.0370864
102.603 174.058 46.7051 0 0 0 0.999312 -0.0370864
102.707 174.058 46.7051 0 0 0 0.999312 -0.0370864
102.81 174.058 46.7051 0 0 0 0.999312 -0.0370864
102.914 174.058 46.7051 0 0 0 0.999312 -0.0370864
103.018 174.058 46.7051 0 0 0 0.999312 -0.0370864
103.122 174.058 46.7051 0 0 0 0.999312 -0.0370864
103.225 174.058 46.7051 0 0 0 0.999312 -0.0370864
103.329 174.058 46.7051 0 0 0 0.999312 -0.0370864
103.433 174.058 46.7051 0 0 0 0.999312 -0.0370864
103.537 174.058 46.7051 0 0 0 0.999312 -0.0370864
103.64 174.058 46.7051 0 0 0 0.999312 -0.0370864
103.744 174.058 46.7051 0 0 0 0.999312 -0.0370864
103.848 174.058 46.7051 0 0 0 0.999312 -0.0370864
103.952 174.058 46.7051 0 0 0 0.999312 -0.0370864
104.056 174.058 46.7051 0 0 0 0.999312 -0.0370864
104.159 174.058 46.7051 0 0 0 0.999312 -0.0370864
104.263 174.058 46.7051 0 0 0 0.999312 -0.0370864
104.367 174.058 46.7051 0 0 0 0.999312 -0.0370864
104.47 174.058 46.7051 0 0 0 0.999312 -0.0370864
104.574 174.058 46.7051 0 0 0 0.999312 -0.0370864
104.678 174.058 46.7051 0 0 0 0.999312 -0.0370864
104.782 174.058 46.7051 0 0 0 0.999312 -0.0370864
104.885 174.058 46.7051 0 0 0 0.999312 -0.0370864
104.99 174.058 46.7051 0 0 0 0.999312 -0.0370864
105.093 174.058 46.7051 0 0 0 0.999312 -0.0370864
105.197 174.058 46.7051 0 0 0 0.999312 -0.0370864
105.3 174.058 46.7051 0 0 0 0.999312 -0.0370864
105.404 174.058 46.7051 0 0 0 0.999312 -0.0370864
105.508 174.058 46.7051 0 0 0 0.999312 -0.0370864
105.611 174.058 46.7051 0 0 0 0.999312 -0.0370864
105.715 174.058 46.7051 0 0 0 0.999312 -0.0370864
105.819 174.058 46.7051 0 0 0 0.999312 -0.0370864
105.923 174.058 46.7051 0 0 0 0.999312 -0.0370864
106.026 174.058 46.7051 0 0 0 0.999312 -0.0370864
106.13 174.058 46.7051 0 0 0 0.999312 -0.0370864
106.234 174.058 46.7051 0 0 0 0.999312 -0.0370864
106.338 174.058 46.7051 0 0 0 0.999312 -0.0370864
106.441 174.058 46.7051 0 0 0 0.999312 -0.0370864
106.545 174.058 46.7051 0 0 0 0.999312 -0.0370864
106.649 174.058 46.7051 0 0 0 0.999312 -0.0370864
106.752 174.058 46.7051 0 0 0 0.999312 -0.0370864
106.856 174.058 46.7051 0 0 0 0.999312 -0.0370864
106.96 174.058 46.7051 0 0 0 0.999312 -0.0370864
107.063 174.058 46.7051 0 0 0 0.999312 -0.0370864
107.167 174.058 46.7051 0 0 0 0.999312 -0.0370864
107.271 174.058 46.7051 0 0 0 0.999312 -0.0370864
107.375 174.058 46.7051 0 0 0 0.999312 -0.0370864
107.478 174.058 46.7051 0 0 0 0.999312 -0.0370864
107.582 174.058 46.7051 0 0 0 0.999312 -0.0370864
107.686 174.058 46.7051 0 0 0 0.999312 -0.0370864
107.789 174.058 46.7051 0 0 0 0.999312 -0.0370864
107.893 174.058 46.7051 0 0 0 0.999312 -0.0370864
107.997 174.058 46.7051 0 0 0 0.999312 -0.0370864
108.1 174.058 46.7051 0 0 0 0.999312 -0.0370864
108.204 174.058 46.7051 0 0 0 0.999312 -0.0370864
108.308 174.058 46.7051 0 0 0 0.999312 -0.0370864
108.411 174.058 46.7051 0 0 0 0.999312 -0.0370864
108.515 174.058 46.7051 0 0 0 0.999312 -0.0370864
108.619 174.058 46.7051 0 0 0 0.999312 -0.0370864
108.722 174.058 46.7051 0 0 0 0.999312 -0.0370864
108.826 174.058 46.7051 0 0 0 0.999312 -0.0370864
108.93 174.058 46.7051 0 0 0 0.999312 -0.0370864
109.034 174.058 46.7051 0 0 0 0.999312 -0.0370864
109.137 174.058 46.7051 0 0 0 0.999312 -0.0370864
109.241 174.058 46.7051 0 0 0 0.999312 -0.0370864
109.345 174.058 46.7051 0 0 0 0.999312 -0.0370864
109.449 174.058 46.7051 0 0 0 0.999312 -0.0370864
109.552 174.058 46.7051 0 0 0 0.999312 -0.0370864
109.656 174.058 46.7051 0 0 0 0.999312 -0.0370864
109.76 174.058 46.7051 0 0 0 0.999312 -0.0370864
109.863 174.058 46.7051 0 0 0 0.999312 -0.0370864
109.967 174.058 46.7051 0 0 0 0.999312 -0.0370864
110.071 174.058 46.7051 0 0 0 0.999312 -0.0370864
110.174 174.058 46.7051 0 0 0 0.999312 -0.0370864
110.278 174.058 46.7051 0 0 0 0.999312 -0.0370864
110.382 174.058 46.7051 0 0 0 0.999312 -0.0370864
110.486 174.058 46.7051 0 0 0 0.999312 -0.0370864
110.589 174.058 46.7051 0 0 0 0.999312 -0.0370864
110.693 174.058 46.7051 0 0 0 0.999312 -0.0370864
110.797 174.058 46.7051 0 0 0 0.999312 -0.0370864
110.901 174.058 46.7051 0 0 0 0.999312 -0.0370864
111.004 174.058 46.7051 0 0 0 0.999312 -0.0370864
111.108 174.058 46.7051 0 0 0 0.999312 -0.0370864
111.212 174.058 46.7051 0 0 0 0.999312 -0.0370864
111.315 174.058 46.7051 0 0 0 0.999312 -0.0370864
111.419 174.058 46.7051 0 0 0 0.999312 -0.0370864
111.523 174.058 46.7051 0 0 0 0.999312 -0.0370864
111.627 174.058 46.7051 0 0 0 0.999312 -0.0370864
111.73 174.058 46.7051 0 0 0 0.999312 -0.0370864
111.834 174.058 46.7051 0 0 0 0.999312 -0.0370864
111.938 174.058 46.7051 0 0 0 0.999312 -0.0370864
112.042 174.058 46.7051 0 0 0 0.999312 -0.0370864
112.145 174.058 46.7051 0 0 0 0.999312 -0.0370864
112.249 174.058 46.7051 0 0 0 0.999312 -0.0370864
112.353 174.058 46.7051 0 0 0 0.999312 -0.0370864
112.457 174.058 46.7051 0 0 0 0.999312 -0.0370864
112.561 174.058 46.7051 0 0 0 0.999312 -0.0370864
112.664 174.058 46.7051 0 0 0 0.999312 -0.0370864
112.768 174.058 46.7051 0 0 0 0.999312 -0.0370864
112.872 174.058 46.7051 0 0 0 0.999312 -0.0370864
112.976 174.058 46.7051 0 0 0 0.999312 -0.0370864
113.08 174.058 46.7051 0 0 0 0.999312 -0.0370864
113.184 174.058 46.7051 0 0 0 0.999312 -0.0370864
113.287 174.058 46.7051 0 0 0 0.999312 -0.0370864
113.391 174.058 46.7051 0 0 0 0.999312 -0.0370864
113.495 174.058 46.7051 0 0 0 0.999312 -0.0370864
113.599 174.058 46.7051 0 0 0 0.999312 -0.0370864
113.703 174.058 46.7051 0 0 0 0.999312 -0.0370864
113.807 174.058 46.7051 0 0 0 0.999312 -0.0370864
113.91 174.058 46.7051 0 0 0 0.999312 -0.0370864
114.014 174.058 46.7051 0 0 0 0.999312 -0.0370864
114.118 174.058 46.7051 0 0 0 0.999312 -0.0370864
114.222 174.058 46.7051 0 0 0 0.999312 -0.0370864
114.326 174.058 46.7051 0 0 0 0.999312 -0.0370864
114.43 174.058 46.7051 0 0 0 0.999312 -0.0370864
114.533 174.058 46.7051 0 0 0 0.999312 -0.0370864
114.637 174.058 46.7051 0 0 0 0.999312 -0.0370864
114.741 174.058 46.7051 0 0 0 0.999312 -0.0370864
114.845 174.058 46.7051 0 0 0 0.999312 -0.0370864
114.949 174.058 46.7051 0 0 0 0.999312 -0.0370864
115.053 174.058 46.7051 0 0 0 0.999312 -0.0370864
115.157 174.058 46.7051 0 0 0 0.999312 -0.0370864
115.261 174.058 46.7051 0 0 0 0.999312 -0.0370864
115.364 174.058 46.7051 0 0 0 0.999312 -0.0370864
115.468 174.058 46.7051 0 0 0 0.999312 -0.0370864
115.572 174.058 46.7051 0 0 0 0.999312 -0.0370864
115.676 174.058 46.7051 0 0 0 0.999312 -0.0370864
115.78 174.058 46.7051 0 0 0 0.999312 -0.0370864
115.884 174.058 46.7051 0 0 0 0.999312 -0.0370864
115.988 174.058 46.7051 0 0 0 0.999312 -0.0370864
116.092 174.058 46.7051 0 0 0 0.999312 -0.0370864
116.196 174.058 46.7051 0 0 0 0.999312 -0.0370864
116.3 174.058 46.7051 0 0 0 0.999312 -0.0370864
116.404 174.058 46.7051 0 0 0 0.999312 -0.0370864
116.508 174.058 46.7051 0 0 0 0.999312 -0.0370864
116.612 174.058 46.7051 0 0 0 0.999312 -0.0370864
116.717 174.058 46.7051 0 0 0 0.999312 -0.0370864
116.821 174.058 46.7051 0 0 0 0.999312 -0.0370864
116.925 174.058 46.7051 0 0 0 0.999312 -0.0370864
117.029 174.058 46.7051 0 0 0 0.999312 -0.0370864
117.133 174.058 46.7051 0 0 0 0.999312 -0.0370864
117.237 174.058 46.7051 0 0 0 0.999312 -0.0370864
117.341 174.058 46.7051 0 0 0 0.999312 -0.0370864
117.445 174.058 46.7051 0 0 0 0.999312 -0.0370864
117.549 174.058 46.7051 0 0 0 0.999312 -0.0370864
117.654 174.058 46.7051 0 0 0 0.999312 -0.0370864
117.758 174.058 46.7051 0 0 0 0.999312 -0.0370864
117.862 174.058 46.7051 0 0 0 0.999312 -0.0370864
117.965 174.058 46.7051 0 0 0 0.999312 -0.0370864
118.069 174.058 46.7051 0 0 0 0.999312 -0.0370864
118.173 174.058 46.7051 0 0 0 0.999312 -0.0370864
118.277 174.058 46.7051 0 0 0 0.999312 -0.0370864
118.381 174.058 46.7051 0 0 0 0.999312 -0.0370864
118.484 174.058 46.7051 0 0 0 0.999312 -0.0370864
118.588 174.058 46.7051 0 0 0 0.999312 -0.0370864
118.692 174.058 46.7051 0 0 0 0.999312 -0.0370864
118.795 174.058 46.7051 0 0 0 0.999312 -0.0370864
118.899 174.058 46.7051 0 0 0 0.999312 -0.0370864
119.003 174.058 46.7051 0 0 0 0.999312 -0.0370864
119.107 174.058 46.7051 0 0 0 0.999312 -0.0370864
119.21 174.058 46.7051 0 0 0 0.999312 -0.0370864
119.314 174.058 46.7051 0 0 0 0.999312 -0.0370864
119.418 174.058 46.7051 0 0 0 0.999312 -0.0370864
119.522 174.058 46.7051 0 0 0 0.999312 -0.0370864
119.626 174.058 46.7051 0 0 0 0.999312 -0.0370864
119.73 174.058 46.7051 0 0 0 0.999312 -0.0370864
119.834 174.058 46.7051 0 0 0 0.999312 -0.0370864
119.938 174.058 46.7051 0 0 0 0.999312 -0.0370864
120.042 174.058 46.7051 0 0 0 0.999312 -0.0370864
120.146 174.058 46.7051 0 0 0 0.999312 -0.0370864
120.25 174.058 46.7051 0 0 0 0.999312 -0.0370864
120.354 174.058 46.7051 0 0 0 0.999312 -0.0370864
120.458 174.058 46.7051 0 0 0 0.999312 -0.0370864
120.562 174.058 46.7051 0 0 0 0.999312 -0.0370864
120.666 174.058 46.7051 0 0 0 0.999312 -0.0370864
120.77 174.058 46.7051 0 0 0 0.999312 -0.0370864
120.874 174.058 46.7051 0 0 0 0.999312 -0.0370864
120.978 174.058 46.7051 0 0 0 0.999312 -0.0370864
121.081 174.058 46.7051 0 0 0 0.999312 -0.0370864
121.185 174.058 46.7051 0 0 0 0.999312 -0.0370864
121.289 174.058 46.7051 0 0 0 0.999312 -0.0370864
121.392 174.058 46.7051 0 0 0 0.999312 -0.0370864
121.496 174.058 46.7051 0 0 0 0.999312 -0.0370864
121.6 174.058 46.7051 0 0 0 0.999312 -0.0370864
121.703 174.058 46.7051 0 0 0 0.999312 -0.0370864
121.807 174.058 46.7051 0 0 0 0.999312 -0.0370864
121.911 174.058 46.7051 0 0 0 0.999312 -0.0370864
122.015 174.058 46.7051 0 0 0 0.999312 -0.0370864
122.118 174.058 46.7051 0 0 0 0.999312 -0.0370864
122.222 174.058 46.7051 0 0 0 0.999312 -0.0370864
122.326 174.058 46.7051 0 0 0 0.999312 -0.0370864
122.43 174.058 46.7051 0 0 0 0.999312 -0.0370864
122.534 174.058 46.7051 0 0 0 0.999312 -0.0370864
122.637 174.058 46.7051 0 0 0 0.999312 -0.0370864
122.741 174.058 46.7051 0 0 0 0.999312 -0.0370864
122.845 174.058 46.7051 0 0 0 0.999312 -0.0370864
122.949 174.058 46.7051 0 0 0 0.999312 -0.0370864
123.052 174.058 46.7051 0 0 0 0.999312 -0.0370864
123.156 174.058 46.7051 0 0 0 0.999312 -0.0370864
123.26 174.058 46.7051 0 0 0 0.999312 -0.0370864
123.364 174.058 46.7051 0 0 0 0.999312 -0.0370864
123.467 174.058 46.7051 0 0 0 0.999312 -0.0370864
123.571 174.058 46.7051 0 0 0 0.999312 -0.0370864
123.675 174.058 46.7051 0 0 0 0.999312 -0.0370864
123.778 174.058 46.7051 0 0 0 0.999312 -0.0370864
123.882 174.058 46.7051 0 0 0 0.999312 -0.0370864
123.986 174.058 46.7051 0 0 0 0.999312 -0.0370864
124.09 174.058 46.7051 0 0 0 0.999312 -0.0370864
124.193 174.058 46.7051 0 0 0 0.999312 -0.0370864
124.297 174.058 46.7051 0 0 0 0.999312 -0.0370864
124.401 174.058 46.7051 0 0 0 0.999312 -0.0370864
124.504 174.058 46.7051 0 0 0 0.999312 -0.0370864
124.608 174.058 46.7051 0 0 0 0.999312 -0.0370864
124.712 174.058 46.7051 0 0 0 0.999312 -0.0370864
124.815 174.058 46.7051 0 0 0 0.999312 -0.0370864
124.919 174.058 46.7051 0 0 0 0.999312 -0.0370864
125.023 174.058 46.7051 0 0 0 0.999312 -0.0370864
125.127 174.058 46.7051 0 0 0 0.999312 -0.0370864
125.23 174.058 46.7051 0 0 0 0.999312 -0.0370864
125.334 174.058 46.7051 0 0 0 0.999312 -0.0370864
125.438 174.058 46.7051 0 0 0 0.999312 -0.0370864
125.542 174.058 46.7051 0 0 0 0.999312 -0.0370864
125.645 174.058 46.7051 0 0 0 0.999312 -0.0370864
125.749 174.058 46.7051 0 0 0 0.999312 -0.0370864
125.853 174.058 46.7051 0 0 0 0.999312 -0.0370864
125.957 174.058 46.7051 0 0 0 0.999312 -0.0370864
126.061 174.058 46.7051 0 0 0 0.999312 -0.0370864
126.164 174.058 46.7051 0 0 0 0.999312 -0.0370864
126.268 174.058 46.7051 0 0 0 0.999312 -0.0370864
126.372 174.058 46.7051 0 0 0 0.999312 -0.0370864
126.476 174.058 46.7051 0 0 0 0.999312 -0.0370864
126.579 174.058 46.7051 0 0 0 0.999312 -0.0370864
126.683 174.058 46.7051 0 0 0 0.999312 -0.0370864
126.787 174.058 46.7051 0 0 0 0.999312 -0.0370864
126.891 174.058 46.7051 0 0 0 0.999312 -0.0370864
126.994 174.058 46.7051 0 0 0 0.999312 -0.0370864
127.098 174.058 46.7051 0 0 0 0.999312 -0.0370864
127.202 174.058 46.7051 0 0 0 0.999312 -0.0370864
127.306 174.058 46.7051 0 0 0 0.999312 -0.0370864
127.409 174.058 46.7051 0 0 0 0.999312 -0.0370864
127.513 174.058 46.7051 0 0 0 0.999312 -0.0370864
127.617 174.058 46.7051 0 0 0 0.999312 -0.0370864
127.721 174.058 46.7051 0 0 0 0.999312 -0.0370864
127.824 174.058 46.7051 0 0 0 0.999312 -0.0370864
127.928 174.058 46.7051 0 0 0 0.999312 -0.0370864
128.032 174.058 46.7051 0 0 0 0.999312 -0.0370864
128.135 174.058 46.7051 0 0 0 0.999312 -0.0370864
128.239 174.058 46.7051 0 0 0 0.999312 -0.0370864
128.343 174.058 46.7051 0 0 0 0.999312 -0.0370864
128.446 174.058 46.7051 0 0 0 0.999312 -0.0370864
128.55 174.058 46.7051 0 0 0 0.999312 -0.0370864
128.654 174.058 46.7051 0 0 0 0.999312 -0.0370864
128.758 174.058 46.7051 0 0 0 0.999312 -0.0370864
128.861 174.058 46.7051 0 0 0 0.999312 -0.0370864
128.965 174.058 46.7051 0 0 0 0.999312 -0.0370864
129.069 174.058 46.7051 0 0 0 0.999312 -0.0370864
129.173 174.058 46.7051 0 0 0 0.999312 -0.0370864
129.277 174.058 46.7051 0 0 0 0.999312 -0.0370864
129.38 174.058 46.7051 0 0 0 0.999312 -0.0370864
129.484 174.058 46.7051 0 0 0 0.999312 -0.0370864
129.588 174.058 46.7051 0 0 0 0.999312 -0.0370864
129.692 174.058 46.7051 0 0 0 0.999312 -0.0370864
129.795 174.058 46.7051 0 0 0 0.999312 -0.0370864
129.9 174.058 46.7051 0 0 0 0.999312 -0.0370864
130.003 174.058 46.7051 0 0 0 0.999312 -0.0370864
130.107 174.058 46.7051 0 0 0 0.999312 -0.0370864
130.211 174.058 46.7051 0 0 0 0.999312 -0.0370864
130.314 174.058 46.7051 0 0 0 0.999312 -0.0370864
130.418 174.058 46.7051 0 0 0 0.999312 -0.0370864
130.522 174.058 46.7051 0 0 0 0.999312 -0.0370864
130.626 174.058 46.7051 0 0 0 0.999312 -0.0370864
130.73 174.058 46.7051 0 0 0 0.999312 -0.0370864
130.833 174.058 46.7051 0 0 0 0.999312 -0.0370864
130.937 174.058 46.7051 0 0 0 0.999312 -0.0370864
131.041 174.058 46.7051 0 0 0 0.999312 -0.0370864
131.145 174.058 46.7051 0 0 0 0.999312 -0.0370864
131.249 174.058 46.7051 0 0 0 0.999312 -0.0370864
131.352 174.058 46.7051 0 0 0 0.999312 -0.0370864
131.456 174.058 46.7051 0 0 0 0.999312 -0.0370864
131.56 174.058 46.7051 0 0 0 0.999312 -0.0370864
131.664 174.058 46.7051 0 0 0 0.999312 -0.0370864
131.768 174.058 46.7051 0 0 0 0.999312 -0.0370864
131.871 174.058 46.7051 0 0 0 0.999312 -0.0370864
131.975 174.058 46.7051 0 0 0 0.999312 -0.0370864
132.079 174.058 46.7051 0 0 0 0.999312 -0.0370864
132.182 174.058 46.7051 0 0 0 0.999312 -0.0370864
132.288 174.058 46.7051 0 0 0 0.999312 -0.0370864
132.39 174.058 46.7051 0 0 0 0.999312 -0.0370864
132.494 174.058 46.7051 0 0 0 0.999312 -0.0370864
132.597 174.058 46.7051 0 0 0 0.999312 -0.0370864
132.701 174.058 46.7051 0 0 0 0.999312 -0.0370864
132.805 174.058 46.7051 0 0 0 0.999312 -0.0370864
132.909 174.058 46.7051 0 0 0 0.999312 -0.0370864
133.012 174.058 46.7051 0 0 0 0.999312 -0.0370864
133.116 174.058 46.7051 0 0 0 0.999312 -0.0370864
133.22 174.058 46.7051 0 0 0 0.999312 -0.0370864
133.324 174.058 46.7051 0 0 0 0.999312 -0.0370864
133.428 174.058 46.7051 0 0 0 0.999312 -0.0370864
133.531 174.058 46.7051 0 0 0 0.999312 -0.0370864
133.635 174.058 46.7051 0 0 0 0.999312 -0.0370864
133.739 174.058 46.7051 0 0 0 0.999312 -0.0370864
133.843 174.058 46.7051 0 0 0 0.999312 -0.0370864
133.947 174.058 46.7051 0 0 0 0.999312 -0.0370864
134.051 174.058 46.7051 0 0 0 0.999312 -0.0370864
134.155 174.058 46.7051 0 0 0 0.999312 -0.0370864
134.259 174.058 46.7051 0 0 0 0.999312 -0.0370864
134.363 174.058 46.7051 0 0 0 0.999312 -0.0370864
134.467 174.058 46.7051 0 0 0 0.999312 -0.0370864
134.571 174.058 46.7051 0 0 0 0.999312 -0.0370864
134.675 174.058 46.7051 0 0 0 0.999312 -0.0370864
134.78 174.058 46.7051 0 0 0 0.999312 -0.0370864
134.884 174.058 46.7051 0 0 0 0.999312 -0.0370864
134.988 174.058 46.7051 0 0 0 0.999312 -0.0370864
135.092 174.058 46.7051 0 0 0 0.999312 -0.0370864
135.197 174.058 46.7051 0 0 0 0.999312 -0.0370864
135.301 174.058 46.7051 0 0 0 0.999312 -0.0370864
135.405 174.058 46.7051 0 0 0 0.999312 -0.0370864
135.51 174.058 46.7051 0 0 0 0.999312 -0.0370864
135.613 174.058 46.7051 0 0 0 0.999312 -0.0370864
135.717 174.058 46.7051 0 0 0 0.999312 -0.0370864
135.821 174.058 46.7051 0 0 0 0.999312 -0.0370864
135.925 174.058 46.7051 0 0 0 0.999312 -0.0370864
136.029 174.058 46.7051 0 0 0 0.999312 -0.0370864
136.133 174.058 46.7051 0 0 0 0.999312 -0.0370864
136.238 174.058 46.7051 0 0 0 0.999312 -0.0370864
136.341 174.058 46.7051 0 0 0 0.999312 -0.0370864
136.445 174.058 46.7051 0 0 0 0.999312 -0.0370864
136.549 174.058 46.7051 0 0 0 0.999312 -0.0370864
136.652 174.058 46.7051 0 0 0 0.999312 -0.0370864
136.756 174.058 46.7051 0 0 0 0.999312 -0.0370864
136.86 174.058 46.7051 0 0 0 0.999312 -0.0370864
136.963 174.058 46.7051 0 0 0 0.999312 -0.0370864
137.067 174.058 46.7051 0 0 0 0.999312 -0.0370864
137.171 174.058 46.7051 0 0 0 0.999312 -0.0370864
137.274 174.058 46.7051 0 0 0 0.999312 -0.0370864
137.378 174.058 46.7051 0 0 0 0.999312 -0.0370864
137.482 174.058 46.7051 0 0 0 0.999312 -0.0370864
137.585 174.058 46.7051 0 0 0 0.999312 -0.0370864
137.689 174.058 46.7051 0 0 0 0.999312 -0.0370864
137.792 174.058 46.7051 0 0 0 0.999312 -0.0370864
137.896 174.058 46.7051 0 0 0 0.999312 -0.0370864
138 174.058 46.7051 0 0 0 0.999312 -0.0370864
138.103 174.058 46.7051 0 0 0 0.999312 -0.0370864
138.207 174.058 46.7051 0 0 0 0.999312 -0.0370864
138.311 174.058 46.7051 0 0 0 0.999312 -0.0370864
138.414 174.058 46.7051 0 0 0 0.999312 -0.0370864
138.518 174.058 46.7051 0 0 0 0.999312 -0.0370864
138.622 174.058 46.7051 0 0 0 0.999312 -0.0370864
138.725 174.058 46.7051 0 0 0 0.999312 -0.0370864
138.829 174.058 46.7051 0 0 0 0.999312 -0.0370864
138.933 174.058 46.7051 0 0 0 0.999312 -0.0370864
139.037 174.058 46.7051 0 0 0 0.999312 -0.0370864
139.141 174.058 46.7051 0 0 0 0.999312 -0.0370864
139.244 174.058 46.7051 0 0 0 0.999312 -0.0370864
139.348 174.058 46.7051 0 0 0 0.999312 -0.0370864
139.452 174.058 46.7051 0 0 0 0.999312 -0.0370864
139.555 174.058 46.7051 0 0 0 0.999312 -0.0370864
139.659 174.058 46.7051 0 0 0 0.999312 -0.0370864
139.763 174.058 46.7051 0 0 0 0.999312 -0.0370864
139.867 174.058 46.7051 0 0 0 0.999312 -0.0370864
139.97 174.058 46.7051 0 0 0 0.999312 -0.0370864
140.074 174.058 46.7051 0 0 0 0.999312 -0.0370864
140.178 174.058 46.7051 0 0 0 0.999312 -0.0370864
140.281 174.058 46.7051 0 0 0 0.999312 -0.0370864
140.385 174.058 46.7051 0 0 0 0.999312 -0.0370864
140.488 174.058 46.7051 0 0 0 0.999312 -0.0370864
140.592 174.058 46.7051 0 0 0 0.999312 -0.0370864
140.696 174.058 46.7051 0 0 0 0.999312 -0.0370864
140.799 174.058 46.7051 0 0 0 0.999312 -0.0370864
140.903 174.058 46.7051 0 0 0 0.999312 -0.0370864
141.007 174.058 46.7051 0 0 0 0.999312 -0.0370864
141.111 174.058 46.7051 0 0 0 0.999312 -0.0370864
141.214 174.058 46.7051 0 0 0 0.999312 -0.0370864
141.318 174.058 46.7051 0 0 0 0.999312 -0.0370864
141.422 174.058 46.7051 0 0 0 0.999312 -0.0370864
141.525 174.058 46.7051 0 0 0 0.999312 -0.0370864
141.629 174.058 46.7051 0 0 0 0.999312 -0.0370864
141.733 174.058 46.7051 0 0 0 0.999312 -0.0370864
141.837 174.058 46.7051 0 0 0 0.999312 -0.0370864
141.94 174.058 46.7051 0 0 0 0.999312 -0.0370864
142.044 174.058 46.7051 0 0 0 0.999312 -0.0370864
142.148 174.058 46.7051 0 0 0 0.999312 -0.0370864
142.252 174.058 46.7051 0 0 0 0.999312 -0.0370864
142.355 174.058 46.7051 0 0 0 0.999312 -0.0370864
142.459 174.058 46.7051 0 0 0 0.999312 -0.0370864
142.563 174.058 46.7051 0 0 0 0.999312 -0.0370864
142.667 174.058 46.7051 0 0 0 0.999312 -0.0370864
142.771 174.058 46.7051 0 0 0 0.999312 -0.0370864
142.875 174.058 46.7051 0 0 0 0.999312 -0.0370864
142.979 174.058 46.7051 0 0 0 0.999312 -0.0370864
143.082 174.058 46.7051 0 0 0 0.999312 -0.0370864
143.186 174.058 46.7051 0 0 0 0.999312 -0.0370864
143.29 174.058 46.7051 0 0 0 0.999312 -0.0370864
143.394 174.058 46.7051 0 0 0 0.999312 -0.0370864
143.498 174.058 46.7051 0 0 0 0.999312 -0.0370864
143.602 174.058 46.7051 0 0 0 0.999312 -0.0370864
143.705 174.058 46.7051 0 0 0 0.999312 -0.0370864
143.809 174.058 46.7051 0 0 0 0.999312 -0.0370864
143.913 174.058 46.7051 0 0 0 0.999312 -0.0370864
144.017 174.058 46.7051 0 0 0 0.999312 -0.0370864
144.12 174.058 46.7051 0 0 0 0.999312 -0.0370864
144.224 174.058 46.7051 0 0 0 0.999312 -0.0370864
144.328 174.058 46.7051 0 0 0 0.999312 -0.0370864
144.432 174.058 46.7051 0 0 0 0.999312 -0.0370864
144.536 174.058 46.7051 0 0 0 0.999312 -0.0370864
144.639 174.058 46.7051 0 0 0 0.999312 -0.0370864
144.743 174.058 46.7051 0 0 0 0.999312 -0.0370864
144.847 174.058 46.7051 0 0 0 0.999312 -0.0370864
144.951 174.058 46.7051 0 0 0 0.999312 -0.0370864
145.054 174.058 46.7051 0 0 0 0.999312 -0.0370864
145.158 174.058 46.7051 0 0 0 0.999312 -0.0370864
145.262 174.058 46.7051 0 0 0 0.999312 -0.0370864
145.366 174.058 46.7051 0 0 0 0.999312 -0.0370864
145.469 174.058 46.7051 0 0 0 0.999312 -0.0370864
145.573 174.058 46.7051 0 0 0 0.999312 -0.0370864
145.677 174.058 46.7051 0 0 0 0.999312 -0.0370864
145.781 174.058 46.7051 0 0 0 0.999312 -0.0370864
145.884 174.058 46.7051 0 0 0 0.999312 -0.0370864
145.988 174.058 46.7051 0 0 0 0.999312 -0.0370864
146.092 174.058 46.7051 0 0 0 0.999312 -0.0370864
146.195 174.058 46.7051 0 0 0 0.999312 -0.0370864
146.299 174.058 46.7051 0 0 0 0.999312 -0.0370864
146.403 174.058 46.7051 0 0 0 0.999312 -0.0370864
146.507 174.058 46.7051 0 0 0 0.999312 -0.0370864
146.61 174.058 46.7051 0 0 0 0.999312 -0.0370864
146.714 174.058 46.7051 0 0 0 0.999312 -0.0370864
146.818 174.058 46.7051 0 0 0 0.999312 -0.0370864
146.922 174.058 46.7051 0 0 0 0.999312 -0.0370864
147.025 174.058 46.7051 0 0 0 0.999312 -0.0370864
147.129 174.058 46.7051 0 0 0 0.999312 -0.0370864
147.233 174.058 46.7051 0 0 0 0.999312 -0.0370864
147.337 174.058 46.7051 0 0 0 0.999312 -0.0370864
147.44 174.058 46.7051 0 0 0 0.999312 -0.0370864
147.544 174.058 46.7051 0 0 0 0.999312 -0.0370864
147.648 174.058 46.7051 0 0 0 0.999312 -0.0370864
147.751 174.058 46.7051 0 0 0 0.999312 -0.0370864
147.855 174.058 46.7051 0 0 0 0.999312 -0.0370864
147.959 174.058 46.7051 0 0 0 0.999312 -0.0370864
148.062 174.058 46.7051 0 0 0 0.999312 -0.0370864
148.166 174.058 46.7051 0 0 0 0.999312 -0.0370864
148.27 174.058 46.7051 0 0 0 0.999312 -0.0370864
148.373 174.058 46.7051 0 0 0 0.999312 -0.0370864
148.477 174.058 46.7051 0 0 0 0.999312 -0.0370864
148.581 174.058 46.7051 0 0 0 0.999312 -0.0370864
148.684 174.058 46.7051 0 0 0 0.999312 -0.0370864
148.788 174.058 46.7051 0 0 0 0.999312 -0.0370864
148.892 174.058 46.7051 0 0 0 0.999312 -0.0370864
148.995 174.058 46.7051 0 0 0 0.999312 -0.0370864
149.099 174.058 46.7051 0 0 0 0.999312 -0.0370864
149.203 174.058 46.7051 0 0 0 0.999312 -0.0370864
149.307 174.058 46.7051 0 0 0 0.999312 -0.0370864
149.41 174.058 46.7051 0 0 0 0.999312 -0.0370864
149.514 174.058 46.7051 0 0 0 0.999312 -0.0370864
149.618 174.058 46.7051 0 0 0 0.999312 -0.0370864
149.722 174.058 46.7051 0 0 0 0.999312 -0.0370864
149.825 174.058 46.7051 0 0 0 0.999312 -0.0370864
149.929 174.058 46.7051 0 0 0 0.999312 -0.0370864
150.033 174.058 46.7051 0 0 0 0.999312 -0.0370864
150.137 174.058 46.7051 0 0 0 0.999312 -0.0370864
150.24 174.058 46.7051 0 0 0 0.999312 -0.0370864
150.344 174.058 46.7051 0 0 0 0.999312 -0.0370864
150.448 174.058 46.7051 0 0 0 0.999312 -0.0370864
150.551 174.058 46.7051 0 0 0 0.999312 -0.0370864
150.655 174.058 46.7051 0 0 0 0.999312 -0.0370864
150.759 174.058 46.7051 0 0 0 0.999312 -0.0370864
150.863 174.058 46.7051 0 0 0 0.999312 -0.0370864
150.966 174.058 46.7051 0 0 0 0.999312 -0.0370864
151.07 174.058 46.7051 0 0 0 0.999312 -0.0370864
151.174 174.058 46.7051 0 0 0 0.999312 -0.0370864
151.277 174.058 46.7051 0 0 0 0.999312 -0.0370864
151.381 174.058 46.7051 0 0 0 0.999312 -0.0370864
151.485 174.058 46.7051 0 0 0 0.999312 -0.0370864
151.589 174.058 46.7051 0 0 0 0.999312 -0.0370864
151.692 174.058 46.7051 0 0 0 0.999312 -0.0370864
151.796 174.058 46.7051 0 0 0 0.999312 -0.0370864
151.9 174.058 46.7051 0 0 0 0.999312 -0.0370864
152.003 174.058 46.7051 0 0 0 0.999312 -0.0370864
152.107 174.058 46.7051 0 0 0 0.999312 -0.0370864
152.211 174.058 46.7051 0 0 0 0.999312 -0.0370864
152.314 174.058 46.7051 0 0 0 0.999312 -0.0370864
152.418 174.058 46.7051 0 0 0 0.999312 -0.0370864
152.522 174.058 46.7051 0 0 0 0.999312 -0.0370864
152.626 174.058 46.7051 0 0 0 0.999312 -0.0370864
152.729 174.058 46.7051 0 0 0 0.999312 -0.0370864
152.833 174.058 46.7051 0 0 0 0.999312 -0.0370864
152.936 174.058 46.7051 0 0 0 0.999312 -0.0370864
153.04 174.058 46.7051 0 0 0 0.999312 -0.0370864
153.144 174.058 46.7051 0 0 0 0.999312 -0.0370864
153.247 174.058 46.7051 0 0 0 0.999312 -0.0370864
153.351 174.058 46.7051 0 0 0 0.999312 -0.0370864
153.455 174.058 46.7051 0 0 0 0.999312 -0.0370864
153.559 174.058 46.7051 0 0 0 0.999312 -0.0370864
153.662 174.058 46.7051 0 0 0 0.999312 -0.0370864
153.766 174.058 46.7051 0 0 0 0.999312 -0.0370864
153.87 174.058 46.7051 0 0 0 0.999312 -0.0370864
153.973 174.058 46.7051 0 0 0 0.999312 -0.0370864
154.077 174.058 46.7051 0 0 0 0.999312 -0.0370864
154.181 174.058 46.7051 0 0 0 0.999312 -0.0370864
154.285 174.058 46.7051 0 0 0 0.999312 -0.0370864
154.388 174.058 46.7051 0 0 0 0.999312 -0.0370864
154.492 174.058 46.7051 0 0 0 0.999312 -0.0370864
154.596 174.058 46.7051 0 0 0 0.999312 -0.0370864
154.699 174.058 46.7051 0 0 0 0.999312 -0.0370864
154.803 174.058 46.7051 0 0 0 0.999312 -0.0370864
154.907 174.058 46.7051 0 0 0 0.999312 -0.0370864
155.011 174.058 46.7051 0 0 0 0.999312 -0.0370864
155.114 174.058 46.7051 0 0 0 0.999312 -0.0370864
155.218 174.058 46.7051 0 0 0 0.999312 -0.0370864
155.322 174.058 46.7051 0 0 0 0.999312 -0.0370864
155.426 174.058 46.7051 0 0 0 0.999312 -0.0370864
155.529 174.058 46.7051 0 0 0 0.999312 -0.0370864
155.633 174.058 46.7051 0 0 0 0.999312 -0.0370864
155.737 174.058 46.7051 0 0 0 0.999312 -0.0370864
155.841 174.058 46.7051 0 0 0 0.999312 -0.0370864
155.944 174.058 46.7051 0 0 0 0.999312 -0.0370864
156.048 174.058 46.7051 0 0 0 0.999312 -0.0370864
156.152 174.058 46.7051 0 0 0 0.999312 -0.0370864
156.255 174.058 46.7051 0 0 0 0.999312 -0.0370864
156.359 174.058 46.7051 0 0 0 0.999312 -0.0370864
156.463 174.058 46.7051 0 0 0 0.999312 -0.0370864
156.566 174.058 46.7051 0 0 0 0.999312 -0.0370864
156.67 174.058 46.7051 0 0 0 0.999312 -0.0370864
156.774 174.058 46.7051 0 0 0 0.999312 -0.0370864
156.878 174.058 46.7051 0 0 0 0.999312 -0.0370864
156.981 174.058 46.7051 0 0 0 0.999312 -0.0370864
157.085 174.058 46.7051 0 0 0 0.999312 -0.0370864
157.189 174.058 46.7051 0 0 0 0.999312 -0.0370864
157.292 174.058 46.7051 0 0 0 0.999312 -0.0370864
157.396 174.058 46.7051 0 0 0 0.999312 -0.0370864
157.5 174.058 46.7051 0 0 0 0.999312 -0.0370864
157.604 174.058 46.7051 0 0 0 0.999312 -0.0370864
157.707 174.058 46.7051 0 0 0 0.999312 -0.0370864
157.811 174.058 46.7051 0 0 0 0.999312 -0.0370864
157.915 174.058 46.7051 0 0 0 0.999312 -0.0370864
158.018 174.058 46.7051 0 0 0 0.999312 -0.0370864
158.122 174.058 46.7051 0 0 0 0.999312 -0.0370864
158.226 174.058 46.7051 0 0 0 0.999312 -0.0370864
158.33 174.058 46.7051 0 0 0 0.999312 -0.0370864
158.433 174.058 46.7051 0 0 0 0.999312 -0.0370864
158.537 174.058 46.7051 0 0 0 0.999312 -0.0370864
158.641 174.058 46.7051 0 0 0 0.999312 -0.0370864
158.745 174.058 46.7051 0 0 0 0.999312 -0.0370864
158.848 174.058 46.7051 0 0 0 0.999312 -0.0370864
158.952 174.058 46.7051 0 0 0 0.999312 -0.0370864
159.056 174.058 46.7051 0 0 0 0.999312 -0.0370864
159.16 174.058 46.7051 0 0 0 0.999312 -0.0370864
159.264 174.058 46.7051 0 0 0 0.999312 -0.0370864
159.367 174.058 46.7051 0 0 0 0.999312 -0.0370864
159.471 174.058 46.7051 0 0 0 0.999312 -0.0370864
159.575 174.058 46.7051 0 0 0 0.999312 -0.0370864
159.678 174.058 46.7051 0 0 0 0.999312 -0.0370864
159.782 174.058 46.7051 0 0 0 0.999312 -0.0370864
159.886 174.058 46.7051 0 0 0 0.999312 -0.0370864
159.99 174.058 46.7051 0 0 0 0.999312 -0.0370864
160.094 174.058 46.7051 0 0 0 0.999312 -0.0370864
160.197 174.058 46.7051 0 0 0 0.999312 -0.0370864
160.301 174.058 46.7051 0 0 0 0.999312 -0.0370864
160.405 174.058 46.7051 0 0 0 0.999312 -0.0370864
160.508 174.058 46.7051 0 0 0 0.999312 -0.0370864
160.612 174.058 46.7051 0 0 0 0.999312 -0.0370864
160.716 174.058 46.7051 0 0 0 0.999312 -0.0370864
160.819 174.058 46.7051 0 0 0 0.999312 -0.0370864
160.923 174.058 46.7051 0 0 0 0.999312 -0.0370864
161.027 174.058 46.7051 0 0 0 0.999312 -0.0370864
161.13 174.058 46.7051 0 0 0 0.999312 -0.0370864
161.234 174.058 46.7051 0 0 0 0.999312 -0.0370864
161.338 174.058 46.7051 0 0 0 0.999312 -0.0370864
161.442 174.058 46.7051 0 0 0 0.999312 -0.0370864
161.546 174.058 46.7051 0 0 0 0.999312 -0.0370864
161.649 174.058 46.7051 0 0 0 0.999312 -0.0370864
161.753 174.058 46.7051 0 0 0 0.999312 -0.0370864
161.857 174.058 46.7051 0 0 0 0.999312 -0.0370864
161.96 174.058 46.7051 0 0 0 0.999312 -0.0370864
162.064 174.058 46.7051 0 0 0 0.999312 -0.0370864
162.168 174.058 46.7051 0 0 0 0.999312 -0.0370864
162.271 174.058 46.7051 0 0 0 0.999312 -0.0370864
162.375 174.058 46.7051 0 0 0 0.999312 -0.0370864
162.479 174.058 46.7051 0 0 0 0.999312 -0.0370864
162.583 174.058 46.7051 0 0 0 0.999312 -0.0370864
162.686 174.058 46.7051 0 0 0 0.999312 -0.0370864
162.79 174.058 46.7051 0 0 0 0.999312 -0.0370864
162.894 174.058 46.7051 0 0 0 0.999312 -0.0370864
162.997 174.058 46.7051 0 0 0 0.999312 -0.0370864
163.101 174.058 46.7051 0 0 0 0.999312 -0.0370864
163.205 174.058 46.7051 0 0 0 0.999312 -0.0370864
163.309 174.058 46.7051 0 0 0 0.999312 -0.0370864
163.412 174.058 46.7051 0 0 0 0.999312 -0.0370864
163.516 174.058 46.7051 0 0 0 0.999312 -0.0370864
163.62 174.058 46.7051 0 0 0 0.999312 -0.0370864
163.723 174.058 46.7051 0 0 0 0.999312 -0.0370864
163.827 174.058 46.7051 0 0 0 0.999312 -0.0370864
163.931 174.058 46.7051 0 0 0 0.999312 -0.0370864
164.034 174.058 46.7051 0 0 0 0.999312 -0.0370864
164.138 174.058 46.7051 0 0 0 0.999312 -0.0370864
164.242 174.058 46.7051 0 0 0 0.999312 -0.0370864
164.345 174.058 46.7051 0 0 0 0.999312 -0.0370864
164.449 174.058 46.7051 0 0 0 0.999312 -0.0370864
164.553 174.058 46.7051 0 0 0 0.999312 -0.0370864
164.656 174.058 46.7051 0 0 0 0.999312 -0.0370864
164.76 174.058 46.7051 0 0 0 0.999312 -0.0370864
164.864 174.058 46.7051 0 0 0 0.999312 -0.0370864
164.968 174.058 46.7051 0 0 0 0.999312 -0.0370864
165.072 174.058 46.7051 0 0 0 0.999312 -0.0370864
165.175 174.058 46.7051 0 0 0 0.999312 -0.0370864
165.279 174.058 46.7051 0 0 0 0.999312 -0.0370864
165.383 174.058 46.7051 0 0 0 0.999312 -0.0370864
165.487 174.058 46.7051 0 0 0 0.999312 -0.0370864
165.59 174.058 46.7051 0 0 0 0.999312 -0.0370864
165.694 174.058 46.7051 0 0 0 0.999312 -0.0370864
165.798 174.058 46.7051 0 0 0 0.999312 -0.0370864
165.901 174.058 46.7051 0 0 0 0.999312 -0.0370864
166.005 174.058 46.7051 0 0 0 0.999312 -0.0370864
166.109 174.058 46.7051 0 0 0 0.999312 -0.0370864
166.212 174.058 46.7051 0 0 0 0.999312 -0.0370864
166.316 174.058 46.7051 0 0 0 0.999312 -0.0370864
166.42 174.058 46.7051 0 0 0 0.999312 -0.0370864
166.523 174.058 46.7051 0 0 0 0.999312 -0.0370864
166.627 174.058 46.7051 0 0 0 0.999312 -0.0370864
166.731 174.058 46.7051 0 0 0 0.999312 -0.0370864
166.835 174.058 46.7051 0 0 0 0.999312 -0.0370864
166.938 174.058 46.7051 0 0 0 0.999312 -0.0370864
167.042 174.058 46.7051 0 0 0 0.999312 -0.0370864
167.146 174.058 46.7051 0 0 0 0.999312 -0.0370864
167.249 174.058 46.7051 0 0 0 0.999312 -0.0370864
167.353 174.058 46.7051 0 0 0 0.999312 -0.0370864
167.457 174.058 46.7051 0 0 0 0.999312 -0.0370864
167.561 174.058 46.7051 0 0 0 0.999312 -0.0370864
167.664 174.058 46.7051 0 0 0 0.999312 -0.0370864
167.768 174.058 46.7051 0 0 0 0.999312 -0.0370864
167.872 174.058 46.7051 0 0 0 0.999312 -0.0370864
167.975 174.058 46.7051 0 0 0 0.999312 -0.0370864
168.079 174.058 46.7051 0 0 0 0.999312 -0.0370864
168.183 174.058 46.7051 0 0 0 0.999312 -0.0370864
168.287 174.058 46.7051 0 0 0 0.999312 -0.0370864
168.39 174.058 46.7051 0 0 0 0.999312 -0.0370864
168.494 174.058 46.7051 0 0 0 0.999312 -0.0370864
168.598 174.058 46.7051 0 0 0 0.999312 -0.0370864
168.702 174.058 46.7051 0 0 0 0.999312 -0.0370864
168.805 174.058 46.7051 0 0 0 0.999312 -0.0370864
168.909 174.058 46.7051 0 0 0 0.999312 -0.0370864
169.013 174.058 46.7051 0 0 0 0.999312 -0.0370864
169.116 174.058 46.7051 0 0 0 0.999312 -0.0370864
169.22 174.058 46.7051 0 0 0 0.999312 -0.0370864
169.324 174.058 46.7051 0 0 0 0.999312 -0.0370864
169.428 174.058 46.7051 0 0 0 0.999312 -0.0370864
169.531 174.058 46.7051 0 0 0 0.999312 -0.0370864
169.635 174.058 46.7051 0 0 0 0.999312 -0.0370864
169.739 174.058 46.7051 0 0 0 0.999312 -0.0370864
169.842 174.058 46.7051 0 0 0 0.999312 -0.0370864
169.946 174.058 46.7051 0 0 0 0.999312 -0.0370864
170.05 174.058 46.7051 0 0 0 0.999312 -0.0370864
170.154 174.058 46.7051 0 0 0 0.999312 -0.0370864
170.257 174.058 46.7051 0 0 0 0.999312 -0.0370864
170.361 174.058 46.7051 0 0 0 0.999312 -0.0370864
170.465 174.058 46.7051 0 0 0 0.999312 -0.0370864
170.568 174.058 46.7051 0 0 0 0.999312 -0.0370864
170.672 174.058 46.7051 0 0 0 0.999312 -0.0370864
170.776 174.058 46.7051 0 0 0 0.999312 -0.0370864
170.88 174.058 46.7051 0 0 0 0.999312 -0.0370864
170.983 174.058 46.7051 0 0 0 0.999312 -0.0370864
171.087 174.058 46.7051 0 0 0 0.999312 -0.0370864
171.191 174.058 46.7051 0 0 0 0.999312 -0.0370864
171.294 174.058 46.7051 0 0 0 0.999312 -0.0370864
171.398 174.058 46.7051 0 0 0 0.999312 -0.0370864
171.502 174.058 46.7051 0 0 0 0.999312 -0.0370864
171.605 174.058 46.7051 0 0 0 0.999312 -0.0370864
171.709 174.058 46.7051 0 0 0 0.999312 -0.0370864
171.813 174.058 46.7051 0 0 0 0.999312 -0.0370864
171.917 174.058 46.7051 0 0 0 0.999312 -0.0370864
172.02 174.058 46.7051 0 0 0 0.999312 -0.0370864
172.124 174.058 46.7051 0 0 0 0.999312 -0.0370864
172.228 174.058 46.7051 0 0 0 0.999312 -0.0370864
172.331 174.058 46.7051 0 0 0 0.999312 -0.0370864
172.435 174.058 46.7051 0 0 0 0.999312 -0.0370864
172.539 174.058 46.7051 0 0 0 0.999312 -0.0370864
172.643 174.058 46.7051 0 0 0 0.999312 -0.0370864
172.746 174.058 46.7051 0 0 0 0.999312 -0.0370864
172.85 174.058 46.7051 0 0 0 0.999312 -0.0370864
172.954 174.058 46.7051 0 0 0 0.999312 -0.0370864
173.057 174.058 46.7051 0 0 0 0.999312 -0.0370864
173.161 174.058 46.7051 0 0 0 0.999312 -0.0370864
173.264 174.058 46.7051 0 0 0 0.999312 -0.0370864
173.368 174.058 46.7051 0 0 0 0.999312 -0.0370864
173.472 174.058 46.7051 0 0 0 0.999312 -0.0370864
173.576 174.058 46.7051 0 0 0 0.999312 -0.0370864
173.679 174.058 46.7051 0 0 0 0.999312 -0.0370864
173.783 174.058 46.7051 0 0 0 0.999312 -0.0370864
173.887 174.058 46.7051 0 0 0 0.999312 -0.0370864
173.99 174.058 46.7051 0 0 0 0.999312 -0.0370864
174.094 174.058 46.7051 0 0 0 0.999312 -0.0370864
174.198 174.058 46.7051 0 0 0 0.999312 -0.0370864
174.302 174.058 46.7051 0 0 0 0.999312 -0.0370864
174.406 174.058 46.7051 0 0 0 0.999312 -0.0370864
174.509 174.058 46.7051 0 0 0 0.999312 -0.0370864
174.613 174.058 46.7051 0 0 0 0.999312 -0.0370864
174.717 174.058 46.7051 0 0 0 0.999312 -0.0370864
174.821 174.058 46.7051 0 0 0 0.999312 -0.0370864
174.925 174.058 46.7051 0 0 0 0.999312 -0.0370864
175.029 174.058 46.7051 0 0 0 0.999312 -0.0370864
175.133 174.058 46.7051 0 0 0 0.999312 -0.0370864
175.237 174.058 46.7051 0 0 0 0.999312 -0.0370864
175.341 174.058 46.7051 0 0 0 0.999312 -0.0370864
175.445 174.058 46.7051 0 0 0 0.999312 -0.0370864
175.549 174.058 46.7051 0 0 0 0.999312 -0.0370864
175.653 174.058 46.7051 0 0 0 0.999312 -0.0370864
175.757 174.058 46.7051 0 0 0 0.999312 -0.0370864
175.861 174.058 46.7051 0 0 0 0.999312 -0.0370864
175.965 174.058 46.7051 0 0 0 0.999312 -0.0370864
176.07 174.058 46.7051 0 0 0 0.999312 -0.0370864
176.174 174.058 46.7051 0 0 0 0.999312 -0.0370864
176.278 174.058 46.7051 0 0 0 0.999312 -0.0370864
176.382 174.058 46.7051 0 0 0 0.999312 -0.0370864
176.486 174.058 46.7051 0 0 0 0.999312 -0.0370864
176.59 174.058 46.7051 0 0 0 0.999312 -0.0370864
176.695 174.058 46.7051 0 0 0 0.999312 -0.0370864
176.799 174.058 46.7051 0 0 0 0.999312 -0.0370864
176.903 174.058 46.7051 0 0 0 0.999312 -0.0370864
177.007 174.058 46.7051 0 0 0 0.999312 -0.0370864
177.111 174.058 46.7051 0 0 0 0.999312 -0.0370864
177.215 174.058 46.7051 0 0 0 0.999312 -0.0370864
177.319 174.058 46.7051 0 0 0 0.999312 -0.0370864
177.423 174.058 46.7051 0 0 0 0.999312 -0.0370864
177.527 174.058 46.7051 0 0 0 0.999312 -0.0370864
177.63 174.058 46.7051 0 0 0 0.999312 -0.0370864
177.734 174.058 46.7051 0 0 0 0.999312 -0.0370864
177.838 174.058 46.7051 0 0 0 0.999312 -0.0370864
177.942 174.058 46.7051 0 0 0 0.999312 -0.0370864
178.046 174.058 46.7051 0 0 0 0.999312 -0.0370864
178.15 174.058 46.7051 0 0 0 0.999312 -0.0370864
178.253 174.058 46.7051 0 0 0 0.999312 -0.0370864
178.357 174.058 46.7051 0 0 0 0.999312 -0.0370864
178.461 174.058 46.7051 0 0 0 0.999312 -0.0370864
178.565 174.058 46.7051 0 0 0 0.999312 -0.0370864
178.669 174.058 46.7051 0 0 0 0.999312 -0.0370864
178.772 174.058 46.7051 0 0 0 0.999312 -0.0370864
178.876 174.058 46.7051 0 0 0 0.999312 -0.0370864
178.98 174.058 46.7051 0 0 0 0.999312 -0.0370864
179.083 174.058 46.7051 0 0 0 0.999312 -0.0370864
179.187 174.058 46.7051 0 0 0 0.999312 -0.0370864
179.291 174.058 46.7051 0 0 0 0.999312 -0.0370864
179.395 174.058 46.7051 0 0 0 0.999312 -0.0370864
179.498 174.058 46.7051 0 0 0 0.999312 -0.0370864
179.602 174.058 46.7051 0 0 0 0.999312 -0.0370864
179.705 174.058 46.7051 0 0 0 0.999312 -0.0370864
179.809 174.058 46.7051 0 0 0 0.999312 -0.0370864
179.913 174.058 46.7051 0 0 0 0.999312 -0.0370864
180.016 174.058 46.7051 0 0 0 0.999312 -0.0370864
180.12 174.058 46.7051 0 0 0 0.999312 -0.0370864
180.223 174.058 46.7051 0 0 0 0.999312 -0.0370864
180.327 174.058 46.7051 0 0 0 0.999312 -0.0370864
180.43 174.058 46.7051 0 0 0 0.999312 -0.0370864
180.534 174.058 46.7051 0 0 0 0.999312 -0.0370864
180.638 174.058 46.7051 0 0 0 0.999312 -0.0370864
180.742 174.058 46.7051 0 0 0 0.999312 -0.0370864
180.845 174.058 46.7051 0 0 0 0.999312 -0.0370864
180.949 174.058 46.7051 0 0 0 0.999312 -0.0370864
181.053 174.058 46.7051 0 0 0 0.999312 -0.0370864
181.156 174.058 46.7051 0 0 0 0.999312 -0.0370864
181.26 174.058 46.7051 0 0 0 0.999312 -0.0370864
181.364 174.058 46.7051 0 0 0 0.999312 -0.0370864
181.467 174.058 46.7051 0 0 0 0.999312 -0.0370864
181.571 174.058 46.7051 0 0 0 0.999312 -0.0370864
181.675 174.058 46.7051 0 0 0 0.999312 -0.0370864
181.779 174.058 46.7051 0 0 0 0.999312 -0.0370864
181.883 174.058 46.7051 0 0 0 0.999312 -0.0370864
181.986 174.058 46.7051 0 0 0 0.999312 -0.0370864
182.09 174.058 46.7051 0 0 0 0.999312 -0.0370864
182.194 174.058 46.7051 0 0 0 0.999312 -0.0370864
182.297 174.058 46.7051 0 0 0 0.999312 -0.0370864
182.401 174.058 46.7051 0 0 0 0.999312 -0.0370864
182.505 174.058 46.7051 0 0 0 0.999312 -0.0370864
182.608 174.058 46.7051 0 0 0 0.999312 -0.0370864
182.712 174.058 46.7051 0 0 0 0.999312 -0.0370864
182.816 174.058 46.7051 0 0 0 0.999312 -0.0370864
182.919 174.058 46.7051 0 0 0 0.999312 -0.0370864
183.023 174.058 46.7051 0 0 0 0.999312 -0.0370864
183.127 174.058 46.7051 0 0 0 0.999312 -0.0370864
183.231 174.058 46.7051 0 0 0 0.999312 -0.0370864
183.335 174.058 46.7051 0 0 0 0.999312 -0.0370864
183.438 174.058 46.7051 0 0 0 0.999312 -0.0370864
183.542 174.058 46.7051 0 0 0 0.999312 -0.0370864
183.646 174.058 46.7051 0 0 0 0.999312 -0.0370864
183.749 174.058 46.7051 0 0 0 0.999312 -0.0370864
183.853 174.058 46.7051 0 0 0 0.999312 -0.0370864
183.957 174.058 46.7051 0 0 0 0.999312 -0.0370864
184.061 174.058 46.7051 0 0 0 0.999312 -0.0370864
184.164 174.058 46.7051 0 0 0 0.999312 -0.0370864
184.268 174.058 46.7051 0 0 0 0.999312 -0.0370864
184.372 174.058 46.7051 0 0 0 0.999312 -0.0370864
184.476 174.058 46.7051 0 0 0 0.999312 -0.0370864
184.579 174.058 46.7051 0 0 0 0.999312 -0.0370864
184.683 174.058 46.7051 0 0 0 0.999312 -0.0370864
184.787 174.058 46.7051 0 0 0 0.999312 -0.0370864
184.891 174.058 46.7051 0 0 0 0.999312 -0.0370864
