0.310908 0.267303 -0.0153503 0 0 0 -0.0019733 0.999998
0.414483 0.618927 -0.0267639 0 0 0 -0.00203458 0.999998
0.51812 0.907623 -0.0354614 0 0 0 0.00262406 0.999997
0.621714 1.30582 -0.0484619 0 0 0 0.00804226 0.999968
0.725215 1.62698 0.0278931 0 0 0 0.0164882 0.999864
0.828918 1.96857 0.0401917 0 0 0 0.0243134 0.999704
0.932502 2.28955 0.0902405 0 0 0 0.0344986 0.999405
1.0361 2.60361 0.154144 0 0 0 0.0451405 0.998981
1.13987 2.98026 0.212463 0 0 0 0.0548506 0.998495
1.24351 3.38284 0.246033 0 0 0 0.0654351 0.997857
1.34735 3.83334 0.305023 0 0 0 0.0726754 0.997356
1.45112 4.24771 0.393738 0 0 0 0.0807146 0.996737
1.5551 4.65256 0.451141 0 0 0 0.0873878 0.996174
1.65923 5.08914 0.531799 0 0 0 0.0933509 0.995633
1.76289 5.50714 0.622192 0 0 0 0.0994059 0.995047
1.86709 5.95682 0.71106 0 0 0 0.102257 0.994758
1.97096 6.37408 0.847534 0 0 0 0.105517 0.994418
2.07639 6.85736 0.950256 0 0 0 0.110453 0.993881
2.17912 7.28754 1.09509 0 0 0 0.11563 0.993292
2.2831 7.92929 1.1546 0 0 0 0.11704 0.993127
2.38707 8.42584 1.30579 0 0 0 0.121303 0.992616
2.49111 8.95715 1.44598 0 0 0 0.123727 0.992316
2.59523 9.44937 1.61948 0 0 0 0.129402 0.991592
2.69921 9.98349 1.75504 0 0 0 0.135405 0.99079
2.80319 10.5877 1.92542 0 0 0 0.138435 0.990372
2.90723 11.1967 2.1105 0 0 0 0.141615 0.989922
3.01125 11.7468 2.27274 0 0 0 0.147754 0.989024
3.11522 12.3751 2.47659 0 0 0 0.14954 0.988756
3.21957 12.995 2.65591 0 0 0 0.154821 0.987943
3.32357 13.6264 2.82071 0 0 0 0.161196 0.986922
3.42747 14.2103 3.10275 0 0 0 0.159034 0.987273
3.53159 14.8906 3.35406 0 0 0 0.160073 0.987105
3.63548 14.7747 3.3541 0 0 0 0.160517 0.987033
3.74203 14.2319 3.33282 0 0 0 0.145497 0.989359
3.84352 14.5159 3.61771 0 0 0 0.135328 0.990801
3.94736 15.316 3.77747 0 0 0 0.137302 0.990529
4.05138 16.0221 3.98737 0 0 0 0.13748 0.990505
4.15529 16.7032 4.09006 0 0 0 0.14184 0.98989
4.25927 17.5591 4.30658 0 0 0 0.145627 0.989339
4.36318 18.3287 4.59232 0 0 0 0.14695 0.989144
4.4678 19.0677 4.83017 0 0 0 0.150987 0.988536
4.57145 19.8475 5.09821 0 0 0 0.155347 0.98786
4.67637 20.5781 5.367 0 0 0 0.15721 0.987565
4.77876 23.4622 6.51627 0 0 0 0.183093 0.983096
4.88264 24.1911 6.68988 0 0 0 0.194125 0.980977
4.98648 25.0678 7.00388 0 0 0 0.200484 0.979697
5.09037 25.817 7.37885 0 0 0 0.203284 0.97912
5.19424 26.5638 7.72897 0 0 0 0.206621 0.978421
5.29815 27.3868 8.10794 0 0 0 0.21101 0.977484
5.402 28.1879 8.51001 0 0 0 0.21389 0.976858
5.50589 29.011 8.85953 0 0 0 0.221203 0.975228
5.60976 29.7991 9.26212 0 0 0 0.221394 0.975185
5.71362 30.6345 9.67059 0 0 0 0.223818 0.974631
5.81748 31.5341 10.1097 0 0 0 0.226271 0.974064
5.92135 32.3458 10.498 0 0 0 0.231257 0.972893
6.02528 33.1801 10.9423 0 0 0 0.233857 0.972271
6.1291 34.0883 11.4005 0 0 0 0.234241 0.972179
6.23313 34.9545 11.8493 0 0 0 0.235768 0.971809
6.33692 35.8407 12.2897 0 0 0 0.238844 0.971058
6.44111 36.6709 12.7512 0 0 0 0.239561 0.970881
6.54551 37.5783 13.2206 0 0 0 0.240487 0.970652
6.64873 38.5266 13.7181 0 0 0 0.240725 0.970593
6.75264 39.5223 14.2263 0 0 0 0.2401 0.970748
6.8565 40.4091 14.6458 0 0 0 0.239728 0.97084
6.9604 41.3068 15.1898 0 0 0 0.240224 0.970717
7.06431 42.2536 15.6669 0 0 0 0.242734 0.970093
7.16816 43.2448 16.1802 0 0 0 0.245717 0.969342
7.27186 44.2064 16.6973 0 0 0 0.246751 0.969079
7.37575 45.1333 17.2094 0 0 0 0.249087 0.968481
7.47948 46.0728 17.7469 0 0 0 0.254343 0.967114
7.58389 46.9702 18.2736 0 0 0 0.260941 0.965355
7.68703 47.9172 18.8288 0 0 0 0.26541 0.964136
7.79077 48.848 19.3791 0 0 0 0.269727 0.962937
7.89462 49.7802 19.9791 0 0 0 0.27411 0.961698
7.99848 50.6484 20.5116 0 0 0 0.275411 0.961326
8.1024 51.5533 21.081 0 0 0 0.279999 0.96
8.20623 52.3708 21.6465 0 0 0 0.282582 0.959243
8.31011 53.2656 22.1913 0 0 0 0.285691 0.958322
8.41398 54.1638 22.7794 0 0 0 0.28735 0.957826
8.51786 55.0854 23.375 0 0 0 0.288545 0.957466
8.62172 55.9664 23.9387 0 0 0 0.292788 0.956178
8.72574 56.8425 24.5704 0 0 0 0.293665 0.955908
8.82991 57.7408 25.1688 0 0 0 0.296507 0.955031
8.93355 58.5939 25.7818 0 0 0 0.298456 0.954423
9.03803 59.4884 26.3785 0 0 0 0.301685 0.953408
9.14111 60.3444 27.0083 0 0 0 0.304952 0.952368
9.24488 61.2592 27.6361 0 0 0 0.309445 0.950917
9.34878 62.1343 28.3237 0 0 0 0.314538 0.949245
9.45254 63.0112 28.9601 0 0 0 0.31752 0.948252
9.55632 63.8884 29.5874 0 0 0 0.320923 0.947105
9.65997 64.7659 30.2908 0 0 0 0.325419 0.94557
9.76486 65.636 30.96 0 0 0 0.33016 0.943925
9.86901 66.5068 31.6776 0 0 0 0.33308 0.942899
9.97113 67.3733 32.3922 0 0 0 0.339409 0.940639
10.0749 68.2621 33.0295 0 0 0 0.340639 0.940194
10.1786 69.0873 33.7774 0 0 0 0.345895 0.938273
10.2824 69.9241 34.5193 0 0 0 0.352287 0.935892
10.3862 70.7487 35.2589 0 0 0 0.354216 0.935164
10.4899 71.6379 35.9925 0 0 0 0.360632 0.932708
10.5936 72.4732 36.7823 0 0 0 0.361883 0.932224
10.6974 73.3376 37.5472 0 0 0 0.365872 0.930665
10.8011 74.1346 38.3177 0 0 0 0.367246 0.930124
10.905 74.9996 39.1093 0 0 0 0.372834 0.927898
11.0088 75.785 39.8873 0 0 0 0.375243 0.926927
11.1125 76.6595 40.7061 0 0 0 0.379205 0.925313
11.2162 77.4426 41.5278 0 0 0 0.380862 0.924632
11.32 78.296 42.3787 0 0 0 0.386144 0.922439
11.4238 79.1074 43.2094 0 0 0 0.3874 0.921912
11.5276 79.9747 44.0168 0 0 0 0.389709 0.920938
11.6314 80.7695 44.8871 0 0 0 0.392891 0.919585
11.7351 81.5494 45.7048 0 0 0 0.392908 0.919578
11.8391 82.3854 46.6057 0 0 0 0.395521 0.918457
11.943 83.2308 47.4756 0 0 0 0.39871 0.917077
12.0463 84.0297 48.3393 0 0 0 0.403316 0.915061
12.1499 84.8854 49.2696 0 0 0 0.407303 0.913293
12.2536 85.6958 50.1505 0 0 0 0.411658 0.911339
12.3574 86.5069 51.0818 0 0 0 0.415563 0.909564
12.461 87.3064 52.0375 0 0 0 0.419477 0.907766
12.5647 88.0837 52.9389 0 0 0 0.424232 0.905554
12.6684 88.8821 53.8822 0 0 0 0.431341 0.902189
12.7721 89.6593 54.8221 0 0 0 0.437216 0.899356
12.8757 90.4324 55.7915 0 0 0 0.442024 0.897003
12.9795 91.2015 56.8085 0 0 0 0.447106 0.894481
13.0831 91.9688 57.8049 0 0 0 0.451534 0.892254
13.1869 92.6795 58.8206 0 0 0 0.455124 0.890428
13.2907 93.3734 59.7821 0 0 0 0.462311 0.886718
13.3942 94.1067 60.845 0 0 0 0.468124 0.883663
13.498 94.8133 61.8784 0 0 0 0.471656 0.881783
13.6017 95.5109 62.9568 0 0 0 0.476655 0.87909
13.7055 96.2402 64.0034 0 0 0 0.478825 0.87791
13.8092 96.9462 65.0784 0 0 0 0.483417 0.87539
13.9129 97.6367 66.1313 0 0 0 0.487185 0.873299
14.0167 98.3502 67.2738 0 0 0 0.490557 0.871409
14.1203 98.9793 68.3357 0 0 0 0.492869 0.870104
14.2245 99.6677 69.4617 0 0 0 0.497799 0.867292
14.3276 100.342 70.5659 0 0 0 0.499307 0.866425
14.4313 100.979 71.6578 0 0 0 0.501029 0.86543
14.5384 101.601 72.7413 0 0 0 0.502141 0.864786
14.6386 102.186 73.8087 0 0 0 0.50139 0.865221
14.7424 102.834 74.9529 0 0 0 0.504663 0.863317
14.8461 103.452 76.0184 0 0 0 0.50468 0.863307
14.95 104.06 77.1472 0 0 0 0.506095 0.862478
15.0537 104.656 78.1791 0 0 0 0.506678 0.862135
15.1575 105.255 79.2379 0 0 0 0.507045 0.861919
15.2612 105.88 80.3154 0 0 0 0.50864 0.860979
15.365 106.492 81.3608 0 0 0 0.509318 0.860579
15.4689 107.113 82.4398 0 0 0 0.510026 0.860159
15.5727 107.63 83.4348 0 0 0 0.511247 0.859434
15.6765 108.255 84.499 0 0 0 0.510315 0.859987
15.7804 108.764 85.4648 0 0 0 0.510581 0.859829
15.8841 109.295 86.517 0 0 0 0.511484 0.859293
15.988 109.813 87.5149 0 0 0 0.512432 0.858728
16.0919 110.386 88.5421 0 0 0 0.509969 0.860193
16.1957 110.957 89.509 0 0 0 0.505391 0.862891
16.2995 111.538 90.4836 0 0 0 0.502762 0.864425
16.4034 112.063 91.4767 0 0 0 0.498177 0.867075
16.5073 112.642 92.3862 0 0 0 0.492505 0.87031
16.6111 113.211 93.3546 0 0 0 0.490448 0.87147
16.715 113.753 94.2681 0 0 0 0.4849 0.874569
16.8188 114.319 95.2296 0 0 0 0.478161 0.878272
16.9228 114.881 96.106 0 0 0 0.473782 0.880642
17.0267 115.491 97.0727 0 0 0 0.469224 0.883079
17.1305 116.09 97.8975 0 0 0 0.461312 0.887238
17.2342 116.75 98.7892 0 0 0 0.454338 0.890829
17.3381 117.417 99.6517 0 0 0 0.448768 0.893648
17.4424 118.023 100.491 0 0 0 0.443521 0.896264
17.5458 118.68 101.334 0 0 0 0.439478 0.898253
17.6494 119.319 102.11 0 0 0 0.433622 0.901095
17.7531 119.976 102.967 0 0 0 0.42655 0.904464
17.857 120.587 103.763 0 0 0 0.421777 0.9067
17.9605 121.284 104.544 0 0 0 0.415279 0.909694
18.0641 121.94 105.291 0 0 0 0.408746 0.912648
18.1679 122.628 106.033 0 0 0 0.403018 0.915192
18.2716 123.294 106.768 0 0 0 0.39946 0.916751
18.3754 123.94 107.443 0 0 0 0.394915 0.918718
18.4791 124.652 108.184 0 0 0 0.387235 0.921981
18.5829 125.38 108.918 0 0 0 0.380911 0.924612
18.6866 126.08 109.589 0 0 0 0.375372 0.926874
18.7903 126.746 110.248 0 0 0 0.370652 0.928772
18.8941 127.414 110.915 0 0 0 0.364592 0.931167
18.9978 128.068 111.556 0 0 0 0.359976 0.932962
19.1015 128.786 112.191 0 0 0 0.356519 0.934288
19.2053 129.51 112.763 0 0 0 0.35106 0.936353
19.3091 130.194 113.363 0 0 0 0.345125 0.938557
19.4129 130.794 113.939 0 0 0 0.342744 0.939429
19.5166 131.503 114.468 0 0 0 0.333976 0.942581
19.6205 132.16 115.002 0 0 0 0.328549 0.944487
19.7257 132.884 115.539 0 0 0 0.319502 0.947586
19.8283 133.539 116.056 0 0 0 0.315065 0.94907
19.932 134.211 116.556 0 0 0 0.305766 0.952107
20.0359 134.944 116.994 0 0 0 0.297143 0.954833
20.1398 135.597 117.492 0 0 0 0.29146 0.956583
20.2435 136.339 117.872 0 0 0 0.281612 0.959528
20.3474 137.057 118.273 0 0 0 0.274689 0.961533
20.4513 137.75 118.727 0 0 0 0.269119 0.963107
20.555 138.488 119.118 0 0 0 0.259823 0.965656
20.6588 139.212 119.602 0 0 0 0.252477 0.967603
20.7627 139.945 119.994 0 0 0 0.248063 0.968744
20.8686 140.735 120.364 0 0 0 0.239943 0.970787
20.97 141.426 120.797 0 0 0 0.235335 0.971914
21.074 142.154 121.16 0 0 0 0.228856 0.97346
21.1776 142.954 121.443 0 0 0 0.223088 0.974798
21.2818 143.763 121.847 0 0 0 0.217398 0.976083
21.385 144.595 122.2 0 0 0 0.211258 0.97743
21.4888 145.36 122.569 0 0 0 0.209064 0.977902
21.5925 146.163 122.9 0 0 0 0.20458 0.97885
21.6968 146.949 123.284 0 0 0 0.201894 0.979407
21.8 147.687 123.656 0 0 0 0.20024 0.979747
21.9037 148.515 123.976 0 0 0 0.196441 0.980516
22.0074 149.288 124.175 0 0 0 0.195385 0.980727
22.1111 150.188 124.697 0 0 0 0.191671 0.981459
22.215 151.114 124.848 0 0 0 0.188297 0.982112
22.3187 152.015 125.377 0 0 0 0.180813 0.983518
22.4226 152.91 125.62 0 0 0 0.174821 0.9846
22.5264 153.997 125.861 0 0 0 0.171441 0.985194
22.6301 154.879 126.248 0 0 0 0.168464 0.985708
22.7359 155.775 126.501 0 0 0 0.163695 0.986511
22.8379 156.792 126.895 0 0 0 0.155212 0.987881
22.9417 157.839 127.208 0 0 0 0.143888 0.989594
23.0458 158.864 127.454 0 0 0 0.135415 0.990789
23.1498 159.849 127.708 0 0 0 0.12733 0.99186
23.2536 160.986 127.979 0 0 0 0.115096 0.993354
23.3576 162.07 128.193 0 0 0 0.101492 0.994836
23.4616 163.247 128.436 0 0 0 0.0896159 0.995976
23.5655 164.227 128.69 0 0 0 0.0809085 0.996722
23.6695 165.362 128.739 0 0 0 0.0693478 0.997593
23.7734 166.636 128.888 0 0 0 0.0578161 0.998327
23.8773 167.636 129.001 0 0 0 0.0475 0.998871
23.9812 168.876 129.031 0 0 0 0.0368882 0.999319
24.0851 170.013 129.063 0 0 0 0.0256796 0.99967
24.189 171.106 129.176 0 0 0 0.0161592 0.999869
24.2929 172.324 129.172 0 0 0 0.00544273 0.999985
24.3966 173.62 129.148 0 0 0 -0.00544155 0.999985
24.5005 174.944 129.101 0 0 0 -0.0146619 0.999893
24.6042 176.151 129.085 0 0 0 -0.0249883 0.999688
24.7081 177.306 128.951 0 0 0 -0.0344105 0.999408
24.8119 178.584 128.898 0 0 0 -0.0455197 0.998963
24.9156 179.865 128.806 0 0 0 -0.0563563 0.998411
25.0194 181.11 128.606 0 0 0 -0.0665294 0.997784
25.1231 182.307 128.472 0 0 0 -0.0746246 0.997212
25.2269 183.628 128.185 0 0 0 -0.0859063 0.996303
25.3305 184.856 127.964 0 0 0 -0.100224 0.994965
25.4342 186.196 127.716 0 0 0 -0.104368 0.994539
25.5379 187.421 127.465 0 0 0 -0.11367 0.993519
25.6416 188.803 127.099 0 0 0 -0.124499 0.99222
25.7454 190.167 126.751 0 0 0 -0.135362 0.990796
25.849 191.379 126.337 0 0 0 -0.142516 0.989793
25.9528 192.769 125.914 0 0 0 -0.153979 0.988074
26.0565 194.056 125.474 0 0 0 -0.163906 0.986476
26.1602 195.393 125.093 0 0 0 -0.170214 0.985407
26.264 196.66 124.549 0 0 0 -0.180965 0.983489
26.3677 197.96 123.997 0 0 0 -0.189619 0.981858
26.4715 199.292 123.428 0 0 0 -0.199399 0.979918
26.5753 200.602 122.775 0 0 0 -0.2093 0.977851
26.679 201.878 122.231 0 0 0 -0.216958 0.976181
26.7829 203.186 121.637 0 0 0 -0.225024 0.974353
26.8866 204.491 120.982 0 0 0 -0.238775 0.971075
26.9905 205.873 120.265 0 0 0 -0.250367 0.968151
27.0944 207.123 119.527 0 0 0 -0.261677 0.965156
27.1982 208.392 118.817 0 0 0 -0.274682 0.961535
27.3021 209.752 117.902 0 0 0 -0.290054 0.95701
27.406 210.794 117.225 0 0 0 -0.302676 0.953094
27.5099 212.166 116.288 0 0 0 -0.312911 0.949782
27.6136 213.23 115.432 0 0 0 -0.328463 0.944517
27.7175 214.371 114.569 0 0 0 -0.338991 0.94079
27.8213 215.472 113.707 0 0 0 -0.351482 0.936195
27.925 216.642 112.612 0 0 0 -0.363276 0.931682
28.0287 217.685 111.615 0 0 0 -0.373004 0.92783
28.1326 218.727 110.533 0 0 0 -0.385909 0.922537
28.2365 219.702 109.472 0 0 0 -0.396351 0.918099
28.34 220.854 108.247 0 0 0 -0.406967 0.913443
28.4438 221.827 107.073 0 0 0 -0.41728 0.908778
28.5475 222.743 105.919 0 0 0 -0.423207 0.906033
28.6511 223.739 104.708 0 0 0 -0.432962 0.901412
28.755 224.76 103.502 0 0 0 -0.444138 0.895958
28.8586 225.737 102.206 0 0 0 -0.451715 0.892162
28.9623 226.563 100.937 0 0 0 -0.46197 0.886896
29.0659 227.464 99.6346 0 0 0 -0.471885 0.88166
29.1696 228.262 98.4945 0 0 0 -0.480006 0.877265
29.2733 229.121 97.1794 0 0 0 -0.489932 0.871761
29.3769 229.904 95.8525 0 0 0 -0.49659 0.867985
29.4806 230.647 94.6367 0 0 0 -0.509405 0.860527
29.5844 231.296 93.4 0 0 0 -0.519834 0.854267
29.688 231.967 92.0469 0 0 0 -0.529109 0.848554
29.7918 232.521 90.818 0 0 0 -0.536664 0.843796
29.8955 233.176 89.4127 0 0 0 -0.549345 0.835596
29.9993 233.65 88.1812 0 0 0 -0.555403 0.831582
30.1029 234.201 86.8267 0 0 0 -0.56697 0.823738
30.2067 234.69 85.5013 0 0 0 -0.577276 0.816549
30.3105 235.091 84.235 0 0 0 -0.585141 0.810932
30.4142 235.519 82.9135 0 0 0 -0.595526 0.803336
30.5179 235.874 81.6331 0 0 0 -0.60261 0.798036
30.6219 236.208 80.3512 0 0 0 -0.613013 0.790073
30.7254 236.46 79.1349 0 0 0 -0.622028 0.782995
30.8292 236.76 77.855 0 0 0 -0.628507 0.777804
30.9329 237.037 76.6202 0 0 0 -0.635157 0.772383
31.0367 237.261 75.4462 0 0 0 -0.643537 0.765415
31.1404 237.494 74.1398 0 0 0 -0.650168 0.75979
31.2441 237.682 72.9604 0 0 0 -0.658041 0.752982
31.3479 237.81 71.7561 0 0 0 -0.665903 0.746038
31.4517 237.944 70.5438 0 0 0 -0.673343 0.73933
31.5554 238.08 69.3007 0 0 0 -0.680402 0.732839
31.6592 238.226 68.1498 0 0 0 -0.688598 0.725144
31.7629 238.275 66.9103 0 0 0 -0.695719 0.718314
31.8666 238.295 65.7971 0 0 0 -0.70266 0.711526
31.9704 238.325 64.6091 0 0 0 -0.70656 0.707654
32.0758 238.336 63.3646 0 0 0 -0.709603 0.704602
32.1778 238.326 62.2476 0 0 0 -0.713332 0.700826
32.2814 238.282 61.1246 0 0 0 -0.717488 0.696571
32.3852 238.229 60.0044 0 0 0 -0.720934 0.693004
32.4888 238.192 58.8758 0 0 0 -0.72133 0.692592
32.5925 238.133 57.7817 0 0 0 -0.722961 0.690888
32.6962 238.061 56.7108 0 0 0 -0.726083 0.687607
32.7999 238.031 55.6743 0 0 0 -0.727608 0.685993
32.9035 237.931 54.5801 0 0 0 -0.727946 0.685634
33.0073 237.897 53.5515 0 0 0 -0.729558 0.683919
33.1109 237.774 52.5113 0 0 0 -0.730219 0.683213
33.2147 237.667 51.46 0 0 0 -0.729778 0.683684
33.3184 237.651 50.3816 0 0 0 -0.730031 0.683414
33.422 237.576 49.3876 0 0 0 -0.72918 0.684321
33.5258 237.477 48.371 0 0 0 -0.728204 0.685361
33.6294 237.421 47.3495 0 0 0 -0.726929 0.686713
33.7331 237.357 46.3359 0 0 0 -0.724619 0.689149
33.8369 237.315 45.3531 0 0 0 -0.722903 0.69095
33.9409 237.268 44.3339 0 0 0 -0.719943 0.694033
34.0448 237.189 43.2554 0 0 0 -0.717348 0.696715
34.1479 237.124 42.2634 0 0 0 -0.715579 0.698532
34.2516 237.125 41.2866 0 0 0 -0.712359 0.701815
34.3554 237.135 40.2802 0 0 0 -0.709177 0.705031
34.4591 237.17 39.312 0 0 0 -0.708455 0.705756
34.563 237.158 38.3269 0 0 0 -0.705751 0.70846
34.6668 237.143 37.3517 0 0 0 -0.702121 0.712058
34.7704 237.188 36.3433 0 0 0 -0.700807 0.713351
34.8742 237.22 35.4425 0 0 0 -0.699167 0.714958
34.9779 237.238 34.4368 0 0 0 -0.696633 0.717427
35.0818 237.267 33.4645 0 0 0 -0.693079 0.720862
35.1855 237.281 32.5404 0 0 0 -0.691279 0.722588
35.2893 237.359 31.576 0 0 0 -0.689463 0.72432
35.3931 237.411 30.6184 0 0 0 -0.687074 0.726588
35.4969 237.447 29.6758 0 0 0 -0.685093 0.728456
35.6007 237.492 28.7366 0 0 0 -0.682609 0.730784
35.7044 237.572 27.7836 0 0 0 -0.680007 0.733205
35.8081 237.622 26.819 0 0 0 -0.676668 0.736288
35.9119 237.719 25.8832 0 0 0 -0.672871 0.739759
36.0156 237.823 24.9631 0 0 0 -0.670498 0.741911
36.1194 237.89 24.0055 0 0 0 -0.666795 0.745241
36.2232 238.026 23.0561 0 0 0 -0.664041 0.747696
36.3268 238.132 22.1352 0 0 0 -0.661894 0.749597
36.4307 238.25 21.1748 0 0 0 -0.659628 0.751592
36.5344 238.374 20.2782 0 0 0 -0.659179 0.751986
36.6381 238.492 19.3289 0 0 0 -0.658192 0.75285
36.742 238.604 18.3702 0 0 0 -0.656982 0.753906
36.8458 238.735 17.4372 0 0 0 -0.656799 0.754065
36.9496 238.88 16.4847 0 0 0 -0.656023 0.754741
37.0533 239.024 15.4741 0 0 0 -0.654815 0.755789
37.157 239.152 14.5709 0 0 0 -0.653838 0.756635
37.2608 239.286 13.5082 0 0 0 -0.651693 0.758483
37.3645 239.425 12.5549 0 0 0 -0.649573 0.760299
37.4683 239.581 11.5678 0 0 0 -0.647748 0.761855
37.572 239.715 10.6809 0 0 0 -0.646744 0.762707
37.6758 239.896 9.63824 0 0 0 -0.644419 0.764672
37.7798 240.075 8.67386 0 0 0 -0.63946 0.768824
37.8843 240.248 7.70898 0 0 0 -0.637796 0.770206
37.9872 240.416 6.71616 0 0 0 -0.635197 0.77235
38.091 240.594 5.79999 0 0 0 -0.630265 0.77638
38.1946 240.804 4.76559 0 0 0 -0.625376 0.780324
38.2983 241.061 3.78384 0 0 0 -0.620436 0.784257
38.402 241.269 2.86807 0 0 0 -0.615802 0.787901
38.5057 241.501 1.88785 0 0 0 -0.611906 0.790931
38.6097 241.732 0.969696 0 0 0 -0.607214 0.794539
38.7133 242.015 -0.000976562 0 0 0 -0.602897 0.797819
38.8171 242.296 -0.967926 0 0 0 -0.598555 0.801082
38.9208 242.549 -1.85687 0 0 0 -0.59543 0.803408
39.0247 242.839 -2.82739 0 0 0 -0.5925 0.805571
39.1284 243.139 -3.77814 0 0 0 -0.588366 0.808595
39.2321 243.44 -4.71225 0 0 0 -0.584738 0.811222
39.3359 243.76 -5.63525 0 0 0 -0.582675 0.812705
39.4397 244.069 -6.56296 0 0 0 -0.578002 0.816036
39.5436 244.396 -7.45245 0 0 0 -0.573849 0.818961
39.6473 244.721 -8.36215 0 0 0 -0.569481 0.822005
39.7512 245.101 -9.29987 0 0 0 -0.567024 0.823701
39.8549 245.446 -10.2079 0 0 0 -0.563728 0.825961
39.9587 245.815 -11.12 0 0 0 -0.560231 0.828336
40.0633 246.163 -11.9944 0 0 0 -0.556049 0.831149
40.1662 246.528 -12.8511 0 0 0 -0.552509 0.833507
40.27 246.899 -13.7213 0 0 0 -0.548385 0.836226
40.3738 247.286 -14.5904 0 0 0 -0.544577 0.838711
40.4778 247.652 -15.428 0 0 0 -0.539668 0.841878
40.5813 248.055 -16.2942 0 0 0 -0.537049 0.843551
40.685 248.449 -17.1363 0 0 0 -0.532122 0.846667
40.7888 248.877 -18.0008 0 0 0 -0.528516 0.848923
40.8925 249.265 -18.8106 0 0 0 -0.524249 0.851565
40.9963 249.72 -19.6633 0 0 0 -0.521066 0.853517
41.1001 250.149 -20.478 0 0 0 -0.51793 0.855423
41.2039 250.586 -21.2961 0 0 0 -0.51507 0.857148
41.3076 251.066 -22.136 0 0 0 -0.513416 0.85814
41.4115 251.498 -22.9799 0 0 0 -0.511719 0.859153
41.5154 251.948 -23.7935 0 0 0 -0.511458 0.859308
41.6192 252.404 -24.6438 0 0 0 -0.50968 0.860364
41.7231 252.856 -25.4846 0 0 0 -0.509876 0.860248
41.8268 253.314 -26.3211 0 0 0 -0.508831 0.860866
41.9305 253.754 -27.101 0 0 0 -0.507564 0.861614
42.0344 254.224 -27.9279 0 0 0 -0.507237 0.861806
42.1382 254.676 -28.771 0 0 0 -0.506352 0.862327
42.2419 255.141 -29.6381 0 0 0 -0.505482 0.862837
42.3458 255.623 -30.4646 0 0 0 -0.50476 0.86326
42.4497 256.096 -31.3229 0 0 0 -0.503476 0.864009
42.5539 256.559 -32.156 0 0 0 -0.503626 0.863922
42.6571 257.03 -32.9797 0 0 0 -0.504264 0.86355
42.7609 257.491 -33.8166 0 0 0 -0.504155 0.863613
42.8647 257.995 -34.6833 0 0 0 -0.502945 0.864318
42.9684 258.5 -35.5564 0 0 0 -0.504034 0.863684
43.0721 258.968 -36.3683 0 0 0 -0.503286 0.86412
43.1761 259.468 -37.224 0 0 0 -0.503084 0.864238
43.2798 259.948 -38.0509 0 0 0 -0.501764 0.865004
43.3835 260.439 -38.9168 0 0 0 -0.501719 0.86503
43.4873 260.909 -39.7527 0 0 0 -0.500956 0.865473
43.5912 261.378 -40.6145 0 0 0 -0.500481 0.865748
43.6948 261.862 -41.4391 0 0 0 -0.498476 0.866904
43.7985 262.394 -42.3164 0 0 0 -0.49833 0.866987
43.9022 262.86 -43.1389 0 0 0 -0.495785 0.868445
44.0059 263.354 -43.9842 0 0 0 -0.493387 0.86981
44.1096 263.839 -44.8029 0 0 0 -0.489783 0.871844
44.2133 264.344 -45.6335 0 0 0 -0.485682 0.874136
44.3169 264.853 -46.4161 0 0 0 -0.483837 0.875158
44.4218 265.362 -47.2336 0 0 0 -0.479171 0.877722
44.5243 265.925 -48.0675 0 0 0 -0.476716 0.879058
44.628 266.423 -48.8241 0 0 0 -0.471084 0.882088
44.732 266.956 -49.6262 0 0 0 -0.469981 0.882677
44.8357 267.489 -50.4124 0 0 0 -0.463454 0.886121
44.9403 268.027 -51.219 0 0 0 -0.458891 0.888493
45.0431 268.603 -52.0225 0 0 0 -0.453267 0.891375
45.1485 269.166 -52.8005 0 0 0 -0.447292 0.894388
45.2505 269.759 -53.5922 0 0 0 -0.442696 0.896672
45.3543 270.406 -54.3821 0 0 0 -0.437668 0.899136
45.458 270.976 -55.1363 0 0 0 -0.431653 0.90204
45.5618 271.624 -55.9492 0 0 0 -0.426406 0.904532
45.6655 272.29 -56.7308 0 0 0 -0.420207 0.907428
45.7693 272.899 -57.4478 0 0 0 -0.413483 0.910512
45.873 273.551 -58.1996 0 0 0 -0.409643 0.912246
45.9766 274.233 -58.9655 0 0 0 -0.403519 0.914971
46.0807 274.89 -59.7233 0 0 0 -0.395871 0.918306
46.1843 275.601 -60.4483 0 0 0 -0.392011 0.91996
46.2878 276.29 -61.1836 0 0 0 -0.385146 0.922856
46.3915 277.032 -61.9113 0 0 0 -0.379897 0.925029
46.4952 277.782 -62.6368 0 0 0 -0.371852 0.928292
46.5989 278.547 -63.3607 0 0 0 -0.364558 0.931181
46.7026 279.347 -64.0701 0 0 0 -0.357543 0.933897
46.8064 280.13 -64.7682 0 0 0 -0.351582 0.936157
46.9101 280.966 -65.4527 0 0 0 -0.344854 0.938656
47.0139 281.769 -66.1503 0 0 0 -0.341614 0.93984
47.1177 282.589 -66.8412 0 0 0 -0.336641 0.941633
47.2216 283.411 -67.5186 0 0 0 -0.332433 0.943127
47.3255 284.231 -68.1633 0 0 0 -0.327663 0.944795
47.4292 285.109 -68.8355 0 0 0 -0.323429 0.946252
47.5329 285.953 -69.4737 0 0 0 -0.319016 0.947749
47.6368 286.808 -70.1483 0 0 0 -0.314185 0.949362
47.7406 287.705 -70.7762 0 0 0 -0.310116 0.950699
47.8445 288.592 -71.4434 0 0 0 -0.308769 0.951137
47.9483 289.483 -72.075 0 0 0 -0.306475 0.951879
48.0522 290.388 -72.7147 0 0 0 -0.307068 0.951688
48.156 291.291 -73.3771 0 0 0 -0.306836 0.951762
48.2599 292.195 -74.005 0 0 0 -0.306587 0.951843
48.3643 293.08 -74.6407 0 0 0 -0.307356 0.951595
48.4676 293.99 -75.3518 0 0 0 -0.306136 0.951988
48.5714 294.896 -76.0375 0 0 0 -0.305152 0.952304
48.6752 295.834 -76.6869 0 0 0 -0.305667 0.952139
48.779 296.727 -77.3189 0 0 0 -0.30446 0.952525
48.8826 297.656 -77.9704 0 0 0 -0.304011 0.952668
48.9864 298.571 -78.6288 0 0 0 -0.301624 0.953427
49.0901 299.505 -79.289 0 0 0 -0.299819 0.953996
49.1938 300.394 -79.9147 0 0 0 -0.29764 0.954678
49.2976 301.31 -80.5522 0 0 0 -0.293076 0.956089
49.4012 302.262 -81.1992 0 0 0 -0.287319 0.957835
49.5049 303.216 -81.8273 0 0 0 -0.281636 0.959521
49.6086 304.181 -82.421 0 0 0 -0.276926 0.960891
49.7123 305.116 -83.0007 0 0 0 -0.270646 0.962679
49.816 306.144 -83.6248 0 0 0 -0.263687 0.964608
49.9196 307.114 -84.1904 0 0 0 -0.256919 0.966433
50.0233 308.087 -84.7281 0 0 0 -0.251209 0.967933
50.127 309.089 -85.3115 0 0 0 -0.243924 0.969794
50.2308 310.086 -85.8376 0 0 0 -0.236349 0.971668
50.3345 311.009 -86.2983 0 0 0 -0.230576 0.973054
50.4383 311.995 -86.7818 0 0 0 -0.22344 0.974718
50.542 313.013 -87.2508 0 0 0 -0.217842 0.975984
50.6459 314.06 -87.7267 0 0 0 -0.213698 0.9769
50.7498 315.075 -88.1839 0 0 0 -0.209018 0.977912
50.8536 316.065 -88.6501 0 0 0 -0.208094 0.978109
50.9574 317.04 -89.0895 0 0 0 -0.204697 0.978825
51.0613 318.059 -89.5286 0 0 0 -0.202232 0.979338
51.1651 319.052 -89.968 0 0 0 -0.200309 0.979733
51.2689 320.082 -90.3888 0 0 0 -0.195637 0.980676
51.3726 321.08 -90.8252 0 0 0 -0.194036 0.980994
51.4764 322.122 -91.2242 0 0 0 -0.191976 0.9814
51.5801 323.13 -91.6423 0 0 0 -0.187691 0.982228
51.6839 324.168 -92.0242 0 0 0 -0.185116 0.982717
51.7876 325.219 -92.4487 0 0 0 -0.180377 0.983597
51.8913 326.19 -92.8136 0 0 0 -0.177876 0.984053
51.995 327.213 -93.1863 0 0 0 -0.176555 0.984291
52.0988 328.231 -93.5913 0 0 0 -0.17315 0.984896
52.2024 329.176 -93.947 0 0 0 -0.172051 0.985088
52.3061 330.191 -94.3154 0 0 0 -0.171388 0.985204
52.41 331.191 -94.6854 0 0 0 -0.172323 0.98504
52.5139 332.242 -95.0369 0 0 0 -0.174816 0.984601
52.6178 333.177 -95.406 0 0 0 -0.179149 0.983822
52.7216 334.129 -95.7634 0 0 0 -0.184978 0.982743
52.8256 335.115 -96.1707 0 0 0 -0.190566 0.981674
52.9295 335.994 -96.5395 0 0 0 -0.194676 0.980868
53.0333 336.934 -96.9395 0 0 0 -0.198485 0.980104
53.137 337.821 -97.3434 0 0 0 -0.202099 0.979365
53.2406 338.697 -97.7502 0 0 0 -0.203923 0.978987
53.3444 339.555 -98.136 0 0 0 -0.204282 0.978912
53.448 340.446 -98.5399 0 0 0 -0.202187 0.979347
53.5518 341.328 -98.9147 0 0 0 -0.19817 0.980168
53.6554 342.169 -99.2748 0 0 0 -0.195618 0.98068
53.759 343.061 -99.6126 0 0 0 -0.190045 0.981775
53.8626 343.919 -99.9616 0 0 0 -0.183122 0.98309
53.9663 344.816 -100.264 0 0 0 -0.173977 0.98475
54.0699 345.684 -100.601 0 0 0 -0.164732 0.986338
54.1735 346.545 -100.872 0 0 0 -0.154066 0.988061
54.2771 347.466 -101.145 0 0 0 -0.143884 0.989595
54.3808 348.34 -101.39 0 0 0 -0.129936 0.991522
54.4844 349.195 -101.609 0 0 0 -0.116548 0.993185
54.588 350.127 -101.818 0 0 0 -0.102016 0.994783
54.6916 351.018 -101.971 0 0 0 -0.087007 0.996208
54.7954 351.874 -102.138 0 0 0 -0.0728708 0.997341
54.899 352.842 -102.266 0 0 0 -0.0585471 0.998285
55.0028 353.735 -102.339 0 0 0 -0.0437667 0.999042
55.1065 354.749 -102.366 0 0 0 -0.0271808 0.999631
55.2103 355.621 -102.435 0 0 0 -0.012724 0.999919
55.3141 356.547 -102.451 0 0 0 0.00122011 0.999999
55.418 357.467 -102.417 0 0 0 0.0112847 0.999936
55.522 358.349 -102.376 0 0 0 0.0198574 0.999803
55.626 359.299 -102.337 0 0 0 0.0244546 0.999701
55.73 360.237 -102.267 0 0 0 0.0293567 0.999569
55.8341 361.136 -102.206 0 0 0 0.0293168 0.99957
55.9383 362.062 -102.157 0 0 0 0.0298099 0.999556
56.0423 363.05 -102.084 0 0 0 0.0295176 0.999564
56.1464 364.019 -102.01 0 0 0 0.026646 0.999645
56.2505 365.059 -101.968 0 0 0 0.0264999 0.999649
56.3545 366.046 -101.901 0 0 0 0.023906 0.999714
56.4585 367.051 -101.851 0 0 0 0.023424 0.999726
56.5625 368.033 -101.814 0 0 0 0.0220598 0.999757
56.6664 369.045 -101.792 0 0 0 0.0211333 0.999777
56.7704 370.177 -101.744 0 0 0 0.020283 0.999794
56.8743 371.216 -101.728 0 0 0 0.0207535 0.999785
56.9781 372.288 -101.686 0 0 0 0.0211225 0.999777
57.0819 373.351 -101.637 0 0 0 0.0198342 0.999803
57.1858 374.409 -101.615 0 0 0 0.0194986 0.99981
57.2895 375.497 -101.566 0 0 0 0.0194123 0.999812
57.3933 376.607 -101.532 0 0 0 0.0199374 0.999801
57.497 377.686 -101.488 0 0 0 0.0210769 0.999778
57.6006 378.795 -101.445 0 0 0 0.0227858 0.99974
57.7044 379.888 -101.378 0 0 0 0.025971 0.999663
57.808 381.032 -101.323 0 0 0 0.0283557 0.999598
57.9116 382.129 -101.256 0 0 0 0.0304617 0.999536
58.0154 383.205 -101.179 0 0 0 0.0379725 0.999279
58.119 384.284 -101.062 0 0 0 0.0440198 0.999031
58.2228 385.399 -100.977 0 0 0 0.0486779 0.998815
58.3265 386.507 -100.842 0 0 0 0.0545885 0.998509
58.4303 387.596 -100.746 0 0 0 0.0596513 0.998219
58.534 388.705 -100.617 0 0 0 0.0620283 0.998074
58.6379 389.791 -100.443 0 0 0 0.0674629 0.997722
58.7416 390.847 -100.306 0 0 0 0.0724702 0.997371
58.8454 391.986 -100.154 0 0 0 0.0752542 0.997164
58.9492 393.075 -99.9692 0 0 0 0.0788422 0.996887
59.0529 394.156 -99.8077 0 0 0 0.0825441 0.996587
59.1567 395.197 -99.6286 0 0 0 0.0847457 0.996403
59.2605 396.31 -99.4565 0 0 0 0.0877781 0.99614
59.3643 397.415 -99.2426 0 0 0 0.092212 0.995739
59.468 398.52 -99.0487 0 0 0 0.0945338 0.995522
59.5718 399.607 -98.8846 0 0 0 0.0964448 0.995338
59.6755 400.639 -98.6749 0 0 0 0.0992276 0.995065
59.7794 401.772 -98.4402 0 0 0 0.101203 0.994866
59.8831 402.859 -98.2039 0 0 0 0.106384 0.994325
59.987 403.951 -97.9887 0 0 0 0.106412 0.994322
60.0908 405.06 -97.7422 0 0 0 0.107004 0.994259
60.1947 406.124 -97.5372 0 0 0 0.108135 0.994136
60.2984 407.181 -97.2982 0 0 0 0.108547 0.994091
60.4023 408.269 -97.056 0 0 0 0.109875 0.993945
60.5061 409.348 -96.8143 0 0 0 0.109437 0.993994
60.6099 410.474 -96.5785 0 0 0 0.110564 0.993869
60.7138 411.533 -96.3777 0 0 0 0.108476 0.994099
60.8175 412.666 -96.1233 0 0 0 0.109905 0.993942
60.9213 413.799 -95.9613 0 0 0 0.111852 0.993725
61.0253 414.846 -95.6592 0 0 0 0.111311 0.993786
61.129 415.916 -95.4398 0 0 0 0.11245 0.993657
61.2327 416.993 -95.1953 0 0 0 0.11355 0.993532
61.3365 418.05 -94.9164 0 0 0 0.11337 0.993553
61.4402 419.148 -94.6614 0 0 0 0.112623 0.993638
61.5439 420.224 -94.4202 0 0 0 0.111704 0.993742
61.6478 421.276 -94.1855 0 0 0 0.111382 0.993778
61.7516 422.377 -93.9415 0 0 0 0.112001 0.993708
61.8553 423.466 -93.712 0 0 0 0.111961 0.993713
61.959 424.602 -93.4677 0 0 0 0.110454 0.993881
62.0628 425.714 -93.232 0 0 0 0.111737 0.993738
62.1666 426.754 -92.996 0 0 0 0.11028 0.993901
62.2704 427.875 -92.7675 0 0 0 0.110534 0.993872
62.374 428.88 -92.5317 0 0 0 0.108915 0.994051
62.4778 429.93 -92.3158 0 0 0 0.10852 0.994094
62.5816 430.998 -92.0716 0 0 0 0.108027 0.994148
62.6853 432.042 -91.8281 0 0 0 0.107881 0.994164
62.789 433.107 -91.6078 0 0 0 0.107809 0.994172
62.8928 434.128 -91.3997 0 0 0 0.106069 0.994359
62.9966 435.158 -91.1917 0 0 0 0.105766 0.994391
63.1004 436.165 -90.9683 0 0 0 0.104235 0.994553
63.204 437.212 -90.7817 0 0 0 0.104427 0.994533
63.3077 438.279 -90.5462 0 0 0 0.105729 0.994395
63.4114 439.305 -90.3409 0 0 0 0.106276 0.994337
63.5153 440.332 -90.1198 0 0 0 0.106238 0.994341
63.6188 441.328 -89.8986 0 0 0 0.105432 0.994426
63.7225 442.314 -89.7007 0 0 0 0.105184 0.994453
63.8262 443.315 -89.5033 0 0 0 0.105285 0.994442
63.9299 444.283 -89.2987 0 0 0 0.105209 0.99445
64.0336 445.29 -89.088 0 0 0 0.105335 0.994437
64.1373 446.293 -88.8669 0 0 0 0.106348 0.994329
64.241 447.314 -88.6538 0 0 0 0.104142 0.994562
64.3448 448.224 -88.4433 0 0 0 0.106447 0.994318
64.4486 449.19 -88.2312 0 0 0 0.107498 0.994205
64.5524 450.161 -88.0441 0 0 0 0.107285 0.994228
64.6562 451.129 -87.7998 0 0 0 0.106546 0.994308
64.7599 452.09 -87.5814 0 0 0 0.109092 0.994032
64.8637 453.047 -87.3893 0 0 0 0.106416 0.994322
64.9675 453.969 -87.1739 0 0 0 0.108433 0.994104
65.0712 454.905 -86.9926 0 0 0 0.109865 0.993947
65.1749 455.848 -86.7807 0 0 0 0.109955 0.993937
65.2789 456.749 -86.5807 0 0 0 0.110242 0.993905
65.3824 457.669 -86.3933 0 0 0 0.111944 0.993715
65.4861 458.579 -86.2259 0 0 0 0.111935 0.993716
65.5898 459.483 -86.0031 0 0 0 0.111827 0.993728
65.6936 460.38 -85.8309 0 0 0 0.112979 0.993597
65.7973 461.273 -85.6301 0 0 0 0.114251 0.993452
65.901 462.144 -85.4287 0 0 0 0.113437 0.993545
66.0048 462.976 -85.238 0 0 0 0.113616 0.993525
66.1085 463.868 -85.0696 0 0 0 0.112056 0.993702
66.2122 464.727 -84.8639 0 0 0 0.11426 0.993451
66.3159 465.552 -84.6667 0 0 0 0.114435 0.993431
66.4197 466.422 -84.4757 0 0 0 0.111117 0.993807
66.5234 467.228 -84.3202 0 0 0 0.112518 0.99365
66.6271 468.081 -84.1371 0 0 0 0.11082 0.993841
66.7308 468.895 -83.9611 0 0 0 0.108955 0.994047
66.8346 469.652 -83.7961 0 0 0 0.110029 0.993928
66.9383 470.464 -83.6661 0 0 0 0.110131 0.993917
67.042 471.233 -83.5036 0 0 0 0.109716 0.993963
67.1459 472.015 -83.3403 0 0 0 0.108088 0.994141
67.2496 472.795 -83.1868 0 0 0 0.106319 0.994332
67.3535 473.603 -83.0145 0 0 0 0.103243 0.994656
67.4573 474.395 -82.9066 0 0 0 0.0990556 0.995082
67.5611 475.201 -82.777 0 0 0 0.091942 0.995764
67.6649 475.967 -82.6096 0 0 0 0.0858629 0.996307
67.7692 476.788 -82.5173 0 0 0 0.0799183 0.996801
67.8728 477.586 -82.4304 0 0 0 0.070711 0.997497
67.9767 478.379 -82.3565 0 0 0 0.0628215 0.998025
68.0807 479.172 -82.2534 0 0 0 0.051881 0.998653
68.1847 480.041 -82.197 0 0 0 0.0377255 0.999288
68.2887 480.821 -82.1597 0 0 0 0.0231381 0.999732
68.3927 481.553 -82.1372 0 0 0 0.012898 0.999917
68.4967 482.321 -82.1425 0 0 0 -0.000935467 1
68.6005 483.094 -82.1453 0 0 0 -0.0133722 0.999911
68.7045 483.943 -82.2568 0 0 0 -0.029309 0.99957
68.8084 484.67 -82.2877 0 0 0 -0.0412499 0.999149
68.9122 485.463 -82.3567 0 0 0 -0.0535358 0.998566
69.016 486.192 -82.5468 0 0 0 -0.0671431 0.997743
69.1198 486.988 -82.6739 0 0 0 -0.0785976 0.996906
69.2237 487.755 -82.7707 0 0 0 -0.0918341 0.995774
69.3274 488.645 -82.981 0 0 0 -0.103789 0.994599
69.4313 489.421 -83.1907 0 0 0 -0.116386 0.993204
69.535 490.237 -83.4502 0 0 0 -0.129593 0.991567
69.6389 490.999 -83.6472 0 0 0 -0.138109 0.990417
69.7425 491.713 -83.8898 0 0 0 -0.14996 0.988692
69.8462 492.466 -84.1542 0 0 0 -0.161006 0.986953
69.9501 493.227 -84.4822 0 0 0 -0.17152 0.985181
70.0539 493.996 -84.7767 0 0 0 -0.179145 0.983823
70.1574 494.764 -85.1377 0 0 0 -0.191753 0.981443
70.2612 495.541 -85.486 0 0 0 -0.200656 0.979662
70.365 496.305 -85.8536 0 0 0 -0.208944 0.977928
70.4686 497.105 -86.225 0 0 0 -0.218721 0.975787
70.5724 497.843 -86.5667 0 0 0 -0.227053 0.973882
70.676 498.618 -86.9761 0 0 0 -0.237026 0.971503
70.7797 499.379 -87.4113 0 0 0 -0.246169 0.969227
70.8833 500.098 -87.8734 0 0 0 -0.254549 0.96706
70.987 500.794 -88.268 0 0 0 -0.261349 0.965244
71.0907 501.365 -88.6407 0 0 0 -0.27089 0.96261
71.1944 502.217 -89.2042 0 0 0 -0.282172 0.959364
71.2982 502.973 -89.893 0 0 0 -0.295502 0.955342
71.402 503.695 -90.2058 0 0 0 -0.302968 0.953001
71.5057 504.508 -90.7261 0 0 0 -0.310964 0.950422
71.6095 505.171 -91.2081 0 0 0 -0.32522 0.945638
71.7134 506.544 -93.6371 0 0 0 -0.45498 0.890501
71.817 504.031 -90.5804 0 0 0 -0.357228 0.934017
71.9209 503.788 -91.1367 0 0 0 -0.395896 0.918295
72.0247 504.299 -93.8857 0 0 0 -0.448319 0.893874
72.1283 505.796 -95.2083 0 0 0 -0.5143 0.857611
72.2321 505.709 -96.3758 0 0 0 -0.50284 0.864379
72.3357 502.754 -92.667 0 0 0 -0.332433 0.943127
72.4394 498.174 -90.8662 0 0 0 -0.289283 0.957244
72.5431 498.69 -91.2548 0 0 0 -0.292338 0.956315
72.6467 499.319 -91.7197 0 0 0 -0.299708 0.954031
72.7504 500.072 -92.3338 0 0 0 -0.309621 0.95086
72.854 500.758 -92.8311 0 0 0 -0.31701 0.948422
72.9577 501.452 -93.4202 0 0 0 -0.32659 0.945166
73.0614 502.142 -94.0303 0 0 0 -0.334489 0.9424
73.1652 502.83 -94.7769 0 0 0 -0.363726 0.931506
73.2689 503.248 -94.9365 0 0 0 -0.351566 0.936163
73.3727 503.839 -95.3537 0 0 0 -0.35747 0.933925
73.4764 504.503 -96.1343 0 0 0 -0.374855 0.927084
73.5803 505.244 -96.8059 0 0 0 -0.384669 0.923055
73.6839 505.876 -97.4102 0 0 0 -0.391136 0.920333
73.7878 506.592 -98.0092 0 0 0 -0.405215 0.914221
73.8915 506.987 -98.8839 0 0 0 -0.423586 0.905856
73.9953 507.546 -99.4618 0 0 0 -0.428119 0.903722
74.099 509.731 -95.3799 0 0 0 -0.339908 0.940459
74.2028 506.844 -100.114 0 0 0 -0.465367 0.885118
74.3065 507.252 -101.061 0 0 0 -0.484531 0.874774
74.4104 508.057 -102.576 0 0 0 -0.517831 0.855483
74.5142 509.967 -103.643 0 0 0 -0.495755 0.868463
74.6179 510.137 -106.192 0 0 0 -0.561125 0.827731
74.7215 509.084 -105.216 0 0 0 -0.555093 0.831788
74.8252 509.144 -106.537 0 0 0 -0.575692 0.817666
74.9289 511.77 -107.422 0 0 0 -0.545954 0.837815
75.0326 541.021 -52.1423 0 0 0 -0.529104 0.848557
75.1363 541.021 -52.1423 0 0 0 -0.529104 0.848557
75.2401 541.021 -52.1423 0 0 0 -0.529104 0.848557
75.3437 541.021 -52.1423 0 0 0 -0.529104 0.848557
75.4475 541.021 -52.1423 0 0 0 -0.529104 0.848557
75.5511 541.021 -52.1423 0 0 0 -0.529104 0.848557
75.6547 541.021 -52.1423 0 0 0 -0.529104 0.848557
75.7585 541.021 -52.1423 0 0 0 -0.529104 0.848557
75.8622 541.021 -52.1423 0 0 0 -0.529104 0.848557
75.9658 541.021 -52.1423 0 0 0 -0.529104 0.848557
76.0695 541.021 -52.1423 0 0 0 -0.529104 0.848557
76.1732 541.021 -52.1423 0 0 0 -0.529104 0.848557
76.277 541.021 -52.1423 0 0 0 -0.529104 0.848557
76.3806 541.021 -52.1423 0 0 0 -0.529104 0.848557
76.4844 541.021 -52.1423 0 0 0 -0.529104 0.848557
76.5881 541.021 -52.1423 0 0 0 -0.529104 0.848557
76.6917 541.021 -52.1423 0 0 0 -0.529104 0.848557
76.7953 541.021 -52.1423 0 0 0 -0.529104 0.848557
76.8991 541.021 -52.1423 0 0 0 -0.529104 0.848557
77.0028 541.021 -52.1423 0 0 0 -0.529104 0.848557
77.1064 541.021 -52.1423 0 0 0 -0.529104 0.848557
77.2102 541.021 -52.1423 0 0 0 -0.529104 0.848557
77.3138 541.021 -52.1423 0 0 0 -0.529104 0.848557
77.4174 541.021 -52.1423 0 0 0 -0.529104 0.848557
77.5212 541.021 -52.1423 0 0 0 -0.529104 0.848557
77.6249 541.021 -52.1423 0 0 0 -0.529104 0.848557
77.7285 541.021 -52.1423 0 0 0 -0.529104 0.848557
77.8321 541.021 -52.1423 0 0 0 -0.529104 0.848557
77.9357 541.021 -52.1423 0 0 0 -0.529104 0.848557
78.0394 541.021 -52.1423 0 0 0 -0.529104 0.848557
78.1429 541.021 -52.1423 0 0 0 -0.529104 0.848557
78.2467 541.021 -52.1423 0 0 0 -0.529104 0.848557
78.3503 541.021 -52.1423 0 0 0 -0.529104 0.848557
78.454 541.021 -52.1423 0 0 0 -0.529104 0.848557
78.5579 541.021 -52.1423 0 0 0 -0.529104 0.848557
78.6615 541.021 -52.1423 0 0 0 -0.529104 0.848557
78.7656 541.021 -52.1423 0 0 0 -0.529104 0.848557
78.8688 541.021 -52.1423 0 0 0 -0.529104 0.848557
78.9724 541.021 -52.1423 0 0 0 -0.529104 0.848557
79.0818 541.021 -52.1423 0 0 0 -0.529104 0.848557
79.1799 541.021 -52.1423 0 0 0 -0.529104 0.848557
79.2836 541.021 -52.1423 0 0 0 -0.529104 0.848557
79.3873 541.021 -52.1423 0 0 0 -0.529104 0.848557
79.4911 541.021 -52.1423 0 0 0 -0.529104 0.848557
79.5949 541.021 -52.1423 0 0 0 -0.529104 0.848557
79.6986 541.021 -52.1423 0 0 0 -0.529104 0.848557
79.8023 541.021 -52.1423 0 0 0 -0.529104 0.848557
79.9061 541.021 -52.1423 0 0 0 -0.529104 0.848557
80.0098 541.021 -52.1423 0 0 0 -0.529104 0.848557
80.1134 541.021 -52.1423 0 0 0 -0.529104 0.848557
80.2172 541.021 -52.1423 0 0 0 -0.529104 0.848557
80.321 541.021 -52.1423 0 0 0 -0.529104 0.848557
80.4247 541.021 -52.1423 0 0 0 -0.529104 0.848557
80.5284 541.021 -52.1423 0 0 0 -0.529104 0.848557
80.6322 541.021 -52.1423 0 0 0 -0.529104 0.848557
80.7358 541.021 -52.1423 0 0 0 -0.529104 0.848557
80.8396 541.021 -52.1423 0 0 0 -0.529104 0.848557
80.9435 541.021 -52.1423 0 0 0 -0.529104 0.848557
81.0471 541.021 -52.1423 0 0 0 -0.529104 0.848557
81.1508 541.021 -52.1423 0 0 0 -0.529104 0.848557
81.2545 541.021 -52.1423 0 0 0 -0.529104 0.848557
81.3584 541.021 -52.1423 0 0 0 -0.529104 0.848557
81.4621 541.021 -52.1423 0 0 0 -0.529104 0.848557
81.5659 541.021 -52.1423 0 0 0 -0.529104 0.848557
81.6696 541.021 -52.1423 0 0 0 -0.529104 0.848557
81.7734 541.021 -52.1423 0 0 0 -0.529104 0.848557
81.877 541.021 -52.1423 0 0 0 -0.529104 0.848557
81.9807 541.021 -52.1423 0 0 0 -0.529104 0.848557
82.0844 541.021 -52.1423 0 0 0 -0.529104 0.848557
82.1882 541.021 -52.1423 0 0 0 -0.529104 0.848557
82.2918 541.021 -52.1423 0 0 0 -0.529104 0.848557
82.3956 541.021 -52.1423 0 0 0 -0.529104 0.848557
82.4993 541.021 -52.1423 0 0 0 -0.529104 0.848557
82.6031 541.021 -52.1423 0 0 0 -0.529104 0.848557
82.7069 541.021 -52.1423 0 0 0 -0.529104 0.848557
82.8104 541.021 -52.1423 0 0 0 -0.529104 0.848557
82.9142 541.021 -52.1423 0 0 0 -0.529104 0.848557
83.018 541.021 -52.1423 0 0 0 -0.529104 0.848557
83.1217 541.021 -52.1423 0 0 0 -0.529104 0.848557
83.2255 541.021 -52.1423 0 0 0 -0.529104 0.848557
83.3292 541.021 -52.1423 0 0 0 -0.529104 0.848557
83.4329 541.021 -52.1423 0 0 0 -0.529104 0.848557
83.5368 541.021 -52.1423 0 0 0 -0.529104 0.848557
83.6404 541.021 -52.1423 0 0 0 -0.529104 0.848557
83.7442 541.021 -52.1423 0 0 0 -0.529104 0.848557
83.8479 541.021 -52.1423 0 0 0 -0.529104 0.848557
83.9517 541.021 -52.1423 0 0 0 -0.529104 0.848557
84.0556 541.021 -52.1423 0 0 0 -0.529104 0.848557
84.1592 541.021 -52.1423 0 0 0 -0.529104 0.848557
84.2628 541.021 -52.1423 0 0 0 -0.529104 0.848557
84.3666 541.021 -52.1423 0 0 0 -0.529104 0.848557
84.4703 541.021 -52.1423 0 0 0 -0.529104 0.848557
84.5741 541.021 -52.1423 0 0 0 -0.529104 0.848557
84.6779 541.021 -52.1423 0 0 0 -0.529104 0.848557
84.7818 541.021 -52.1423 0 0 0 -0.529104 0.848557
84.8855 541.021 -52.1423 0 0 0 -0.529104 0.848557
84.9895 541.021 -52.1423 0 0 0 -0.529104 0.848557
85.093 541.021 -52.1423 0 0 0 -0.529104 0.848557
85.1968 541.021 -52.1423 0 0 0 -0.529104 0.848557
85.3004 541.021 -52.1423 0 0 0 -0.529104 0.848557
85.4041 541.021 -52.1423 0 0 0 -0.529104 0.848557
85.5079 541.021 -52.1423 0 0 0 -0.529104 0.848557
85.6114 541.021 -52.1423 0 0 0 -0.529104 0.848557
85.7152 541.021 -52.1423 0 0 0 -0.529104 0.848557
85.8189 541.021 -52.1423 0 0 0 -0.529104 0.848557
85.9227 541.021 -52.1423 0 0 0 -0.529104 0.848557
86.0263 541.021 -52.1423 0 0 0 -0.529104 0.848557
86.1301 541.021 -52.1423 0 0 0 -0.529104 0.848557
86.2338 541.021 -52.1423 0 0 0 -0.529104 0.848557
86.3376 541.021 -52.1423 0 0 0 -0.529104 0.848557
86.4413 541.021 -52.1423 0 0 0 -0.529104 0.848557
86.545 541.021 -52.1423 0 0 0 -0.529104 0.848557
86.6487 541.021 -52.1423 0 0 0 -0.529104 0.848557
86.7523 541.021 -52.1423 0 0 0 -0.529104 0.848557
86.8561 541.021 -52.1423 0 0 0 -0.529104 0.848557
86.9598 541.021 -52.1423 0 0 0 -0.529104 0.848557
87.0635 541.021 -52.1423 0 0 0 -0.529104 0.848557
87.1672 541.021 -52.1423 0 0 0 -0.529104 0.848557
87.2708 541.021 -52.1423 0 0 0 -0.529104 0.848557
87.3746 541.021 -52.1423 0 0 0 -0.529104 0.848557
87.4782 541.021 -52.1423 0 0 0 -0.529104 0.848557
87.5818 541.021 -52.1423 0 0 0 -0.529104 0.848557
87.6855 541.021 -52.1423 0 0 0 -0.529104 0.848557
87.7892 541.021 -52.1423 0 0 0 -0.529104 0.848557
87.8929 541.021 -52.1423 0 0 0 -0.529104 0.848557
87.9967 541.021 -52.1423 0 0 0 -0.529104 0.848557
88.1003 541.021 -52.1423 0 0 0 -0.529104 0.848557
88.204 541.021 -52.1423 0 0 0 -0.529104 0.848557
88.3078 541.021 -52.1423 0 0 0 -0.529104 0.848557
88.4114 541.021 -52.1423 0 0 0 -0.529104 0.848557
88.5151 541.021 -52.1423 0 0 0 -0.529104 0.848557
88.6188 541.021 -52.1423 0 0 0 -0.529104 0.848557
88.7224 541.021 -52.1423 0 0 0 -0.529104 0.848557
88.8262 541.021 -52.1423 0 0 0 -0.529104 0.848557
88.9299 541.021 -52.1423 0 0 0 -0.529104 0.848557
89.0337 541.021 -52.1423 0 0 0 -0.529104 0.848557
89.1374 541.021 -52.1423 0 0 0 -0.529104 0.848557
89.2411 541.021 -52.1423 0 0 0 -0.529104 0.848557
89.3448 541.021 -52.1423 0 0 0 -0.529104 0.848557
89.4485 541.021 -52.1423 0 0 0 -0.529104 0.848557
89.5522 541.021 -52.1423 0 0 0 -0.529104 0.848557
89.6558 541.021 -52.1423 0 0 0 -0.529104 0.848557
89.7596 541.021 -52.1423 0 0 0 -0.529104 0.848557
89.8632 541.021 -52.1423 0 0 0 -0.529104 0.848557
89.9669 541.021 -52.1423 0 0 0 -0.529104 0.848557
90.0707 541.021 -52.1423 0 0 0 -0.529104 0.848557
90.1743 541.021 -52.1423 0 0 0 -0.529104 0.848557
90.2781 541.021 -52.1423 0 0 0 -0.529104 0.848557
90.3818 541.021 -52.1423 0 0 0 -0.529104 0.848557
90.4855 541.021 -52.1423 0 0 0 -0.529104 0.848557
90.5893 541.021 -52.1423 0 0 0 -0.529104 0.848557
90.6931 541.021 -52.1423 0 0 0 -0.529104 0.848557
90.7968 541.021 -52.1423 0 0 0 -0.529104 0.848557
90.9006 541.021 -52.1423 0 0 0 -0.529104 0.848557
91.0043 541.021 -52.1423 0 0 0 -0.529104 0.848557
91.1081 541.021 -52.1423 0 0 0 -0.529104 0.848557
91.2117 541.021 -52.1423 0 0 0 -0.529104 0.848557
91.3155 541.021 -52.1423 0 0 0 -0.529104 0.848557
91.4192 541.021 -52.1423 0 0 0 -0.529104 0.848557
91.5229 541.021 -52.1423 0 0 0 -0.529104 0.848557
91.6267 541.021 -52.1423 0 0 0 -0.529104 0.848557
91.7303 541.021 -52.1423 0 0 0 -0.529104 0.848557
91.8341 541.021 -52.1423 0 0 0 -0.529104 0.848557
91.9378 541.021 -52.1423 0 0 0 -0.529104 0.848557
92.0415 541.021 -52.1423 0 0 0 -0.529104 0.848557
92.1453 541.021 -52.1423 0 0 0 -0.529104 0.848557
92.2492 541.021 -52.1423 0 0 0 -0.529104 0.848557
92.353 541.021 -52.1423 0 0 0 -0.529104 0.848557
92.4568 541.021 -52.1423 0 0 0 -0.529104 0.848557
92.5606 541.021 -52.1423 0 0 0 -0.529104 0.848557
92.6644 541.021 -52.1423 0 0 0 -0.529104 0.848557
92.7683 541.021 -52.1423 0 0 0 -0.529104 0.848557
92.8721 541.021 -52.1423 0 0 0 -0.529104 0.848557
92.9759 541.021 -52.1423 0 0 0 -0.529104 0.848557
93.0797 541.021 -52.1423 0 0 0 -0.529104 0.848557
93.1836 541.021 -52.1423 0 0 0 -0.529104 0.848557
93.2874 541.021 -52.1423 0 0 0 -0.529104 0.848557
93.3913 541.021 -52.1423 0 0 0 -0.529104 0.848557
93.4952 541.021 -52.1423 0 0 0 -0.529104 0.848557
93.599 541.021 -52.1423 0 0 0 -0.529104 0.848557
93.7028 541.021 -52.1423 0 0 0 -0.529104 0.848557
93.8067 541.021 -52.1423 0 0 0 -0.529104 0.848557
93.9104 541.021 -52.1423 0 0 0 -0.529104 0.848557
94.0143 541.021 -52.1423 0 0 0 -0.529104 0.848557
94.1181 541.021 -52.1423 0 0 0 -0.529104 0.848557
94.2219 541.021 -52.1423 0 0 0 -0.529104 0.848557
94.3257 541.021 -52.1423 0 0 0 -0.529104 0.848557
94.4296 541.021 -52.1423 0 0 0 -0.529104 0.848557
94.5333 541.021 -52.1423 0 0 0 -0.529104 0.848557
94.6372 541.021 -52.1423 0 0 0 -0.529104 0.848557
94.7411 541.021 -52.1423 0 0 0 -0.529104 0.848557
94.8449 541.021 -52.1423 0 0 0 -0.529104 0.848557
94.9488 541.021 -52.1423 0 0 0 -0.529104 0.848557
95.0527 541.021 -52.1423 0 0 0 -0.529104 0.848557
95.1565 541.021 -52.1423 0 0 0 -0.529104 0.848557
95.2606 541.021 -52.1423 0 0 0 -0.529104 0.848557
95.3644 541.021 -52.1423 0 0 0 -0.529104 0.848557
95.4683 541.021 -52.1423 0 0 0 -0.529104 0.848557
95.5723 541.021 -52.1423 0 0 0 -0.529104 0.848557
95.6762 541.021 -52.1423 0 0 0 -0.529104 0.848557
95.7802 541.021 -52.1423 0 0 0 -0.529104 0.848557
95.8841 541.021 -52.1423 0 0 0 -0.529104 0.848557
95.9881 541.021 -52.1423 0 0 0 -0.529104 0.848557
96.0921 541.021 -52.1423 0 0 0 -0.529104 0.848557
96.1961 541.021 -52.1423 0 0 0 -0.529104 0.848557
96.3001 541.021 -52.1423 0 0 0 -0.529104 0.848557
96.4042 541.021 -52.1423 0 0 0 -0.529104 0.848557
96.5083 541.021 -52.1423 0 0 0 -0.529104 0.848557
96.6124 541.021 -52.1423 0 0 0 -0.529104 0.848557
96.7166 541.021 -52.1423 0 0 0 -0.529104 0.848557
96.8208 541.021 -52.1423 0 0 0 -0.529104 0.848557
96.9249 541.021 -52.1423 0 0 0 -0.529104 0.848557
97.0291 541.021 -52.1423 0 0 0 -0.529104 0.848557
97.1332 541.021 -52.1423 0 0 0 -0.529104 0.848557
97.2373 541.021 -52.1423 0 0 0 -0.529104 0.848557
97.3414 541.021 -52.1423 0 0 0 -0.529104 0.848557
97.4454 541.021 -52.1423 0 0 0 -0.529104 0.848557
97.5495 541.021 -52.1423 0 0 0 -0.529104 0.848557
97.6536 541.021 -52.1423 0 0 0 -0.529104 0.848557
97.7576 541.021 -52.1423 0 0 0 -0.529104 0.848557
97.8616 541.021 -52.1423 0 0 0 -0.529104 0.848557
97.9654 541.021 -52.1423 0 0 0 -0.529104 0.848557
98.0693 541.021 -52.1423 0 0 0 -0.529104 0.848557
98.1731 541.021 -52.1423 0 0 0 -0.529104 0.848557
98.2768 541.021 -52.1423 0 0 0 -0.529104 0.848557
98.3806 541.021 -52.1423 0 0 0 -0.529104 0.848557
98.4842 541.021 -52.1423 0 0 0 -0.529104 0.848557
98.5878 541.021 -52.1423 0 0 0 -0.529104 0.848557
98.6916 541.021 -52.1423 0 0 0 -0.529104 0.848557
98.7953 541.021 -52.1423 0 0 0 -0.529104 0.848557
98.8991 541.021 -52.1423 0 0 0 -0.529104 0.848557
99.0028 541.021 -52.1423 0 0 0 -0.529104 0.848557
99.1066 541.021 -52.1423 0 0 0 -0.529104 0.848557
99.2103 541.021 -52.1423 0 0 0 -0.529104 0.848557
99.3142 541.021 -52.1423 0 0 0 -0.529104 0.848557
99.4182 541.021 -52.1423 0 0 0 -0.529104 0.848557
99.5222 541.021 -52.1423 0 0 0 -0.529104 0.848557
99.6262 541.021 -52.1423 0 0 0 -0.529104 0.848557
99.7301 541.021 -52.1423 0 0 0 -0.529104 0.848557
99.8341 541.021 -52.1423 0 0 0 -0.529104 0.848557
99.9381 541.021 -52.1423 0 0 0 -0.529104 0.848557
100.042 541.021 -52.1423 0 0 0 -0.529104 0.848557
100.146 541.021 -52.1423 0 0 0 -0.529104 0.848557
100.25 541.021 -52.1423 0 0 0 -0.529104 0.848557
100.354 541.021 -52.1423 0 0 0 -0.529104 0.848557
100.458 541.021 -52.1423 0 0 0 -0.529104 0.848557
100.562 541.021 -52.1423 0 0 0 -0.529104 0.848557
100.666 541.021 -52.1423 0 0 0 -0.529104 0.848557
100.77 541.021 -52.1423 0 0 0 -0.529104 0.848557
100.874 541.021 -52.1423 0 0 0 -0.529104 0.848557
100.978 541.021 -52.1423 0 0 0 -0.529104 0.848557
101.081 541.021 -52.1423 0 0 0 -0.529104 0.848557
101.185 541.021 -52.1423 0 0 0 -0.529104 0.848557
101.289 541.021 -52.1423 0 0 0 -0.529104 0.848557
101.392 541.021 -52.1423 0 0 0 -0.529104 0.848557
101.496 541.021 -52.1423 0 0 0 -0.529104 0.848557
101.6 541.021 -52.1423 0 0 0 -0.529104 0.848557
101.703 541.021 -52.1423 0 0 0 -0.529104 0.848557
101.807 541.021 -52.1423 0 0 0 -0.529104 0.848557
101.911 541.021 -52.1423 0 0 0 -0.529104 0.848557
102.015 541.021 -52.1423 0 0 0 -0.529104 0.848557
102.118 541.021 -52.1423 0 0 0 -0.529104 0.848557
102.222 541.021 -52.1423 0 0 0 -0.529104 0.848557
102.326 541.021 -52.1423 0 0 0 -0.529104 0.848557
102.43 541.021 -52.1423 0 0 0 -0.529104 0.848557
102.534 541.021 -52.1423 0 0 0 -0.529104 0.848557
102.637 541.021 -52.1423 0 0 0 -0.529104 0.848557
102.741 541.021 -52.1423 0 0 0 -0.529104 0.848557
102.845 541.021 -52.1423 0 0 0 -0.529104 0.848557
102.949 541.021 -52.1423 0 0 0 -0.529104 0.848557
103.052 541.021 -52.1423 0 0 0 -0.529104 0.848557
103.156 541.021 -52.1423 0 0 0 -0.529104 0.848557
103.26 541.021 -52.1423 0 0 0 -0.529104 0.848557
103.364 541.021 -52.1423 0 0 0 -0.529104 0.848557
103.467 541.021 -52.1423 0 0 0 -0.529104 0.848557
103.571 541.021 -52.1423 0 0 0 -0.529104 0.848557
103.675 541.021 -52.1423 0 0 0 -0.529104 0.848557
103.778 541.021 -52.1423 0 0 0 -0.529104 0.848557
103.882 541.021 -52.1423 0 0 0 -0.529104 0.848557
103.986 541.021 -52.1423 0 0 0 -0.529104 0.848557
104.09 541.021 -52.1423 0 0 0 -0.529104 0.848557
104.193 541.021 -52.1423 0 0 0 -0.529104 0.848557
104.297 541.021 -52.1423 0 0 0 -0.529104 0.848557
104.401 541.021 -52.1423 0 0 0 -0.529104 0.848557
104.504 541.021 -52.1423 0 0 0 -0.529104 0.848557
104.608 541.021 -52.1423 0 0 0 -0.529104 0.848557
104.712 541.021 -52.1423 0 0 0 -0.529104 0.848557
104.815 541.021 -52.1423 0 0 0 -0.529104 0.848557
104.919 541.021 -52.1423 0 0 0 -0.529104 0.848557
105.023 541.021 -52.1423 0 0 0 -0.529104 0.848557
105.127 541.021 -52.1423 0 0 0 -0.529104 0.848557
105.23 541.021 -52.1423 0 0 0 -0.529104 0.848557
105.334 541.021 -52.1423 0 0 0 -0.529104 0.848557
105.438 541.021 -52.1423 0 0 0 -0.529104 0.848557
105.542 541.021 -52.1423 0 0 0 -0.529104 0.848557
105.645 541.021 -52.1423 0 0 0 -0.529104 0.848557
105.749 541.021 -52.1423 0 0 0 -0.529104 0.848557
105.853 541.021 -52.1423 0 0 0 -0.529104 0.848557
105.957 541.021 -52.1423 0 0 0 -0.529104 0.848557
106.061 541.021 -52.1423 0 0 0 -0.529104 0.848557
106.164 541.021 -52.1423 0 0 0 -0.529104 0.848557
106.268 541.021 -52.1423 0 0 0 -0.529104 0.848557
106.372 541.021 -52.1423 0 0 0 -0.529104 0.848557
106.476 541.021 -52.1423 0 0 0 -0.529104 0.848557
106.579 541.021 -52.1423 0 0 0 -0.529104 0.848557
106.683 541.021 -52.1423 0 0 0 -0.529104 0.848557
106.787 541.021 -52.1423 0 0 0 -0.529104 0.848557
106.891 541.021 -52.1423 0 0 0 -0.529104 0.848557
106.994 541.021 -52.1423 0 0 0 -0.529104 0.848557
107.098 541.021 -52.1423 0 0 0 -0.529104 0.848557
107.202 541.021 -52.1423 0 0 0 -0.529104 0.848557
107.306 541.021 -52.1423 0 0 0 -0.529104 0.848557
107.409 541.021 -52.1423 0 0 0 -0.529104 0.848557
107.513 541.021 -52.1423 0 0 0 -0.529104 0.848557
107.617 541.021 -52.1423 0 0 0 -0.529104 0.848557
107.721 541.021 -52.1423 0 0 0 -0.529104 0.848557
107.824 541.021 -52.1423 0 0 0 -0.529104 0.848557
107.928 541.021 -52.1423 0 0 0 -0.529104 0.848557
108.032 541.021 -52.1423 0 0 0 -0.529104 0.848557
108.135 541.021 -52.1423 0 0 0 -0.529104 0.848557
108.239 541.021 -52.1423 0 0 0 -0.529104 0.848557
108.343 541.021 -52.1423 0 0 0 -0.529104 0.848557
108.446 541.021 -52.1423 0 0 0 -0.529104 0.848557
108.55 541.021 -52.1423 0 0 0 -0.529104 0.848557
108.654 541.021 -52.1423 0 0 0 -0.529104 0.848557
108.758 541.021 -52.1423 0 0 0 -0.529104 0.848557
108.862 541.021 -52.1423 0 0 0 -0.529104 0.848557
108.965 541.021 -52.1423 0 0 0 -0.529104 0.848557
109.069 541.021 -52.1423 0 0 0 -0.529104 0.848557
109.173 541.021 -52.1423 0 0 0 -0.529104 0.848557
109.277 541.021 -52.1423 0 0 0 -0.529104 0.848557
109.381 541.021 -52.1423 0 0 0 -0.529104 0.848557
109.484 541.021 -52.1423 0 0 0 -0.529104 0.848557
109.588 541.021 -52.1423 0 0 0 -0.529104 0.848557
109.692 541.021 -52.1423 0 0 0 -0.529104 0.848557
109.795 541.021 -52.1423 0 0 0 -0.529104 0.848557
109.9 541.021 -52.1423 0 0 0 -0.529104 0.848557
110.003 541.021 -52.1423 0 0 0 -0.529104 0.848557
110.107 541.021 -52.1423 0 0 0 -0.529104 0.848557
110.211 541.021 -52.1423 0 0 0 -0.529104 0.848557
110.314 541.021 -52.1423 0 0 0 -0.529104 0.848557
110.418 541.021 -52.1423 0 0 0 -0.529104 0.848557
110.522 541.021 -52.1423 0 0 0 -0.529104 0.848557
110.626 541.021 -52.1423 0 0 0 -0.529104 0.848557
110.729 541.021 -52.1423 0 0 0 -0.529104 0.848557
110.833 541.021 -52.1423 0 0 0 -0.529104 0.848557
110.937 541.021 -52.1423 0 0 0 -0.529104 0.848557
111.041 541.021 -52.1423 0 0 0 -0.529104 0.848557
111.145 541.021 -52.1423 0 0 0 -0.529104 0.848557
111.248 541.021 -52.1423 0 0 0 -0.529104 0.848557
111.352 541.021 -52.1423 0 0 0 -0.529104 0.848557
111.456 541.021 -52.1423 0 0 0 -0.529104 0.848557
111.56 541.021 -52.1423 0 0 0 -0.529104 0.848557
111.664 541.021 -52.1423 0 0 0 -0.529104 0.848557
111.768 541.021 -52.1423 0 0 0 -0.529104 0.848557
111.871 541.021 -52.1423 0 0 0 -0.529104 0.848557
111.975 541.021 -52.1423 0 0 0 -0.529104 0.848557
112.079 541.021 -52.1423 0 0 0 -0.529104 0.848557
112.182 541.021 -52.1423 0 0 0 -0.529104 0.848557
112.288 541.021 -52.1423 0 0 0 -0.529104 0.848557
112.39 541.021 -52.1423 0 0 0 -0.529104 0.848557
112.494 541.021 -52.1423 0 0 0 -0.529104 0.848557
112.597 541.021 -52.1423 0 0 0 -0.529104 0.848557
112.701 541.021 -52.1423 0 0 0 -0.529104 0.848557
112.805 541.021 -52.1423 0 0 0 -0.529104 0.848557
112.909 541.021 -52.1423 0 0 0 -0.529104 0.848557
113.012 541.021 -52.1423 0 0 0 -0.529104 0.848557
113.116 541.021 -52.1423 0 0 0 -0.529104 0.848557
113.22 541.021 -52.1423 0 0 0 -0.529104 0.848557
113.324 541.021 -52.1423 0 0 0 -0.529104 0.848557
113.428 541.021 -52.1423 0 0 0 -0.529104 0.848557
113.531 541.021 -52.1423 0 0 0 -0.529104 0.848557
113.635 541.021 -52.1423 0 0 0 -0.529104 0.848557
113.739 541.021 -52.1423 0 0 0 -0.529104 0.848557
113.843 541.021 -52.1423 0 0 0 -0.529104 0.848557
113.947 541.021 -52.1423 0 0 0 -0.529104 0.848557
114.051 541.021 -52.1423 0 0 0 -0.529104 0.848557
114.155 541.021 -52.1423 0 0 0 -0.529104 0.848557
114.259 541.021 -52.1423 0 0 0 -0.529104 0.848557
114.363 541.021 -52.1423 0 0 0 -0.529104 0.848557
114.467 541.021 -52.1423 0 0 0 -0.529104 0.848557
114.571 541.021 -52.1423 0 0 0 -0.529104 0.848557
114.675 541.021 -52.1423 0 0 0 -0.529104 0.848557
114.78 541.021 -52.1423 0 0 0 -0.529104 0.848557
114.884 541.021 -52.1423 0 0 0 -0.529104 0.848557
114.988 541.021 -52.1423 0 0 0 -0.529104 0.848557
115.092 541.021 -52.1423 0 0 0 -0.529104 0.848557
115.197 541.021 -52.1423 0 0 0 -0.529104 0.848557
115.301 541.021 -52.1423 0 0 0 -0.529104 0.848557
115.405 541.021 -52.1423 0 0 0 -0.529104 0.848557
115.509 541.021 -52.1423 0 0 0 -0.529104 0.848557
115.613 541.021 -52.1423 0 0 0 -0.529104 0.848557
115.717 541.021 -52.1423 0 0 0 -0.529104 0.848557
115.821 541.021 -52.1423 0 0 0 -0.529104 0.848557
115.925 541.021 -52.1423 0 0 0 -0.529104 0.848557
116.029 541.021 -52.1423 0 0 0 -0.529104 0.848557
116.133 541.021 -52.1423 0 0 0 -0.529104 0.848557
116.238 541.021 -52.1423 0 0 0 -0.529104 0.848557
116.341 541.021 -52.1423 0 0 0 -0.529104 0.848557
116.445 541.021 -52.1423 0 0 0 -0.529104 0.848557
116.549 541.021 -52.1423 0 0 0 -0.529104 0.848557
116.652 541.021 -52.1423 0 0 0 -0.529104 0.848557
116.756 541.021 -52.1423 0 0 0 -0.529104 0.848557
116.86 541.021 -52.1423 0 0 0 -0.529104 0.848557
116.963 541.021 -52.1423 0 0 0 -0.529104 0.848557
117.067 541.021 -52.1423 0 0 0 -0.529104 0.848557
117.171 541.021 -52.1423 0 0 0 -0.529104 0.848557
117.274 541.021 -52.1423 0 0 0 -0.529104 0.848557
117.378 541.021 -52.1423 0 0 0 -0.529104 0.848557
117.482 541.021 -52.1423 0 0 0 -0.529104 0.848557
117.585 541.021 -52.1423 0 0 0 -0.529104 0.848557
117.689 541.021 -52.1423 0 0 0 -0.529104 0.848557
117.793 541.021 -52.1423 0 0 0 -0.529104 0.848557
117.896 541.021 -52.1423 0 0 0 -0.529104 0.848557
118 541.021 -52.1423 0 0 0 -0.529104 0.848557
118.103 541.021 -52.1423 0 0 0 -0.529104 0.848557
118.207 541.021 -52.1423 0 0 0 -0.529104 0.848557
118.311 541.021 -52.1423 0 0 0 -0.529104 0.848557
118.414 541.021 -52.1423 0 0 0 -0.529104 0.848557
118.518 541.021 -52.1423 0 0 0 -0.529104 0.848557
118.622 541.021 -52.1423 0 0 0 -0.529104 0.848557
118.726 541.021 -52.1423 0 0 0 -0.529104 0.848557
118.829 541.021 -52.1423 0 0 0 -0.529104 0.848557
118.933 541.021 -52.1423 0 0 0 -0.529104 0.848557
119.037 541.021 -52.1423 0 0 0 -0.529104 0.848557
119.141 541.021 -52.1423 0 0 0 -0.529104 0.848557
119.244 541.021 -52.1423 0 0 0 -0.529104 0.848557
119.348 541.021 -52.1423 0 0 0 -0.529104 0.848557
119.452 541.021 -52.1423 0 0 0 -0.529104 0.848557
119.555 541.021 -52.1423 0 0 0 -0.529104 0.848557
119.659 541.021 -52.1423 0 0 0 -0.529104 0.848557
119.763 541.021 -52.1423 0 0 0 -0.529104 0.848557
119.867 541.021 -52.1423 0 0 0 -0.529104 0.848557
119.97 541.021 -52.1423 0 0 0 -0.529104 0.848557
120.074 541.021 -52.1423 0 0 0 -0.529104 0.848557
120.177 541.021 -52.1423 0 0 0 -0.529104 0.848557
120.281 541.021 -52.1423 0 0 0 -0.529104 0.848557
120.385 541.021 -52.1423 0 0 0 -0.529104 0.848557
120.489 541.021 -52.1423 0 0 0 -0.529104 0.848557
120.592 541.021 -52.1423 0 0 0 -0.529104 0.848557
120.696 541.021 -52.1423 0 0 0 -0.529104 0.848557
120.799 541.021 -52.1423 0 0 0 -0.529104 0.848557
120.903 541.021 -52.1423 0 0 0 -0.529104 0.848557
121.007 541.021 -52.1423 0 0 0 -0.529104 0.848557
121.11 541.021 -52.1423 0 0 0 -0.529104 0.848557
121.214 541.021 -52.1423 0 0 0 -0.529104 0.848557
121.318 541.021 -52.1423 0 0 0 -0.529104 0.848557
121.422 541.021 -52.1423 0 0 0 -0.529104 0.848557
121.525 541.021 -52.1423 0 0 0 -0.529104 0.848557
121.629 541.021 -52.1423 0 0 0 -0.529104 0.848557
121.733 541.021 -52.1423 0 0 0 -0.529104 0.848557
121.837 541.021 -52.1423 0 0 0 -0.529104 0.848557
121.94 541.021 -52.1423 0 0 0 -0.529104 0.848557
122.044 541.021 -52.1423 0 0 0 -0.529104 0.848557
122.148 541.021 -52.1423 0 0 0 -0.529104 0.848557
122.252 541.021 -52.1423 0 0 0 -0.529104 0.848557
122.355 541.021 -52.1423 0 0 0 -0.529104 0.848557
122.459 541.021 -52.1423 0 0 0 -0.529104 0.848557
122.563 541.021 -52.1423 0 0 0 -0.529104 0.848557
122.667 541.021 -52.1423 0 0 0 -0.529104 0.848557
122.771 541.021 -52.1423 0 0 0 -0.529104 0.848557
122.875 541.021 -52.1423 0 0 0 -0.529104 0.848557
122.979 541.021 -52.1423 0 0 0 -0.529104 0.848557
123.082 541.021 -52.1423 0 0 0 -0.529104 0.848557
123.186 541.021 -52.1423 0 0 0 -0.529104 0.848557
123.29 541.021 -52.1423 0 0 0 -0.529104 0.848557
123.394 541.021 -52.1423 0 0 0 -0.529104 0.848557
123.498 541.021 -52.1423 0 0 0 -0.529104 0.848557
123.602 541.021 -52.1423 0 0 0 -0.529104 0.848557
123.705 541.021 -52.1423 0 0 0 -0.529104 0.848557
123.809 541.021 -52.1423 0 0 0 -0.529104 0.848557
123.913 541.021 -52.1423 0 0 0 -0.529104 0.848557
124.017 541.021 -52.1423 0 0 0 -0.529104 0.848557
124.12 541.021 -52.1423 0 0 0 -0.529104 0.848557
124.224 541.021 -52.1423 0 0 0 -0.529104 0.848557
124.328 541.021 -52.1423 0 0 0 -0.529104 0.848557
124.432 541.021 -52.1423 0 0 0 -0.529104 0.848557
124.536 541.021 -52.1423 0 0 0 -0.529104 0.848557
124.639 541.021 -52.1423 0 0 0 -0.529104 0.848557
124.743 541.021 -52.1423 0 0 0 -0.529104 0.848557
124.847 541.021 -52.1423 0 0 0 -0.529104 0.848557
124.951 541.021 -52.1423 0 0 0 -0.529104 0.848557
125.054 541.021 -52.1423 0 0 0 -0.529104 0.848557
125.158 541.021 -52.1423 0 0 0 -0.529104 0.848557
125.262 541.021 -52.1423 0 0 0 -0.529104 0.848557
125.366 541.021 -52.1423 0 0 0 -0.529104 0.848557
125.469 541.021 -52.1423 0 0 0 -0.529104 0.848557
125.573 541.021 -52.1423 0 0 0 -0.529104 0.848557
125.677 541.021 -52.1423 0 0 0 -0.529104 0.848557
125.781 541.021 -52.1423 0 0 0 -0.529104 0.848557
125.884 541.021 -52.1423 0 0 0 -0.529104 0.848557
125.988 541.021 -52.1423 0 0 0 -0.529104 0.848557
126.092 541.021 -52.1423 0 0 0 -0.529104 0.848557
126.196 541.021 -52.1423 0 0 0 -0.529104 0.848557
126.299 541.021 -52.1423 0 0 0 -0.529104 0.848557
126.403 541.021 -52.1423 0 0 0 -0.529104 0.848557
126.507 541.021 -52.1423 0 0 0 -0.529104 0.848557
126.61 541.021 -52.1423 0 0 0 -0.529104 0.848557
126.714 541.021 -52.1423 0 0 0 -0.529104 0.848557
126.818 541.021 -52.1423 0 0 0 -0.529104 0.848557
126.922 541.021 -52.1423 0 0 0 -0.529104 0.848557
127.025 541.021 -52.1423 0 0 0 -0.529104 0.848557
127.129 541.021 -52.1423 0 0 0 -0.529104 0.848557
127.233 541.021 -52.1423 0 0 0 -0.529104 0.848557
127.337 541.021 -52.1423 0 0 0 -0.529104 0.848557
127.44 541.021 -52.1423 0 0 0 -0.529104 0.848557
127.544 541.021 -52.1423 0 0 0 -0.529104 0.848557
127.648 541.021 -52.1423 0 0 0 -0.529104 0.848557
127.751 541.021 -52.1423 0 0 0 -0.529104 0.848557
127.855 541.021 -52.1423 0 0 0 -0.529104 0.848557
127.959 541.021 -52.1423 0 0 0 -0.529104 0.848557
128.062 541.021 -52.1423 0 0 0 -0.529104 0.848557
128.166 541.021 -52.1423 0 0 0 -0.529104 0.848557
128.27 541.021 -52.1423 0 0 0 -0.529104 0.848557
128.373 541.021 -52.1423 0 0 0 -0.529104 0.848557
128.477 541.021 -52.1423 0 0 0 -0.529104 0.848557
128.581 541.021 -52.1423 0 0 0 -0.529104 0.848557
128.684 541.021 -52.1423 0 0 0 -0.529104 0.848557
128.788 541.021 -52.1423 0 0 0 -0.529104 0.848557
128.892 541.021 -52.1423 0 0 0 -0.529104 0.848557
128.995 541.021 -52.1423 0 0 0 -0.529104 0.848557
129.099 541.021 -52.1423 0 0 0 -0.529104 0.848557
129.203 541.021 -52.1423 0 0 0 -0.529104 0.848557
129.307 541.021 -52.1423 0 0 0 -0.529104 0.848557
129.41 541.021 -52.1423 0 0 0 -0.529104 0.848557
129.514 541.021 -52.1423 0 0 0 -0.529104 0.848557
129.618 541.021 -52.1423 0 0 0 -0.529104 0.848557
129.722 541.021 -52.1423 0 0 0 -0.529104 0.848557
129.825 541.021 -52.1423 0 0 0 -0.529104 0.848557
129.929 541.021 -52.1423 0 0 0 -0.529104 0.848557
130.033 541.021 -52.1423 0 0 0 -0.529104 0.848557
130.137 541.021 -52.1423 0 0 0 -0.529104 0.848557
130.24 541.021 -52.1423 0 0 0 -0.529104 0.848557
130.344 541.021 -52.1423 0 0 0 -0.529104 0.848557
130.448 541.021 -52.1423 0 0 0 -0.529104 0.848557
130.551 541.021 -52.1423 0 0 0 -0.529104 0.848557
130.655 541.021 -52.1423 0 0 0 -0.529104 0.848557
130.759 541.021 -52.1423 0 0 0 -0.529104 0.848557
130.863 541.021 -52.1423 0 0 0 -0.529104 0.848557
130.966 541.021 -52.1423 0 0 0 -0.529104 0.848557
131.07 541.021 -52.1423 0 0 0 -0.529104 0.848557
131.174 541.021 -52.1423 0 0 0 -0.529104 0.848557
131.277 541.021 -52.1423 0 0 0 -0.529104 0.848557
131.381 541.021 -52.1423 0 0 0 -0.529104 0.848557
131.485 541.021 -52.1423 0 0 0 -0.529104 0.848557
131.589 541.021 -52.1423 0 0 0 -0.529104 0.848557
131.692 541.021 -52.1423 0 0 0 -0.529104 0.848557
131.796 541.021 -52.1423 0 0 0 -0.529104 0.848557
131.9 541.021 -52.1423 0 0 0 -0.529104 0.848557
132.003 541.021 -52.1423 0 0 0 -0.529104 0.848557
132.107 541.021 -52.1423 0 0 0 -0.529104 0.848557
132.211 541.021 -52.1423 0 0 0 -0.529104 0.848557
132.314 541.021 -52.1423 0 0 0 -0.529104 0.848557
132.418 541.021 -52.1423 0 0 0 -0.529104 0.848557
132.522 541.021 -52.1423 0 0 0 -0.529104 0.848557
132.626 541.021 -52.1423 0 0 0 -0.529104 0.848557
132.729 541.021 -52.1423 0 0 0 -0.529104 0.848557
132.833 541.021 -52.1423 0 0 0 -0.529104 0.848557
132.936 541.021 -52.1423 0 0 0 -0.529104 0.848557
133.04 541.021 -52.1423 0 0 0 -0.529104 0.848557
133.144 541.021 -52.1423 0 0 0 -0.529104 0.848557
133.247 541.021 -52.1423 0 0 0 -0.529104 0.848557
133.351 541.021 -52.1423 0 0 0 -0.529104 0.848557
133.455 541.021 -52.1423 0 0 0 -0.529104 0.848557
133.559 541.021 -52.1423 0 0 0 -0.529104 0.848557
133.662 541.021 -52.1423 0 0 0 -0.529104 0.848557
133.766 541.021 -52.1423 0 0 0 -0.529104 0.848557
133.87 541.021 -52.1423 0 0 0 -0.529104 0.848557
133.973 541.021 -52.1423 0 0 0 -0.529104 0.848557
134.077 541.021 -52.1423 0 0 0 -0.529104 0.848557
134.181 541.021 -52.1423 0 0 0 -0.529104 0.848557
134.285 541.021 -52.1423 0 0 0 -0.529104 0.848557
134.388 541.021 -52.1423 0 0 0 -0.529104 0.848557
134.492 541.021 -52.1423 0 0 0 -0.529104 0.848557
134.596 541.021 -52.1423 0 0 0 -0.529104 0.848557
134.699 541.021 -52.1423 0 0 0 -0.529104 0.848557
134.803 541.021 -52.1423 0 0 0 -0.529104 0.848557
134.907 541.021 -52.1423 0 0 0 -0.529104 0.848557
135.011 541.021 -52.1423 0 0 0 -0.529104 0.848557
135.114 541.021 -52.1423 0 0 0 -0.529104 0.848557
135.218 541.021 -52.1423 0 0 0 -0.529104 0.848557
135.322 541.021 -52.1423 0 0 0 -0.529104 0.848557
135.426 541.021 -52.1423 0 0 0 -0.529104 0.848557
135.529 541.021 -52.1423 0 0 0 -0.529104 0.848557
135.633 541.021 -52.1423 0 0 0 -0.529104 0.848557
135.737 541.021 -52.1423 0 0 0 -0.529104 0.848557
135.841 541.021 -52.1423 0 0 0 -0.529104 0.848557
135.944 541.021 -52.1423 0 0 0 -0.529104 0.848557
136.048 541.021 -52.1423 0 0 0 -0.529104 0.848557
136.152 541.021 -52.1423 0 0 0 -0.529104 0.848557
136.255 541.021 -52.1423 0 0 0 -0.529104 0.848557
136.359 541.021 -52.1423 0 0 0 -0.529104 0.848557
136.463 541.021 -52.1423 0 0 0 -0.529104 0.848557
136.566 541.021 -52.1423 0 0 0 -0.529104 0.848557
136.67 541.021 -52.1423 0 0 0 -0.529104 0.848557
136.774 541.021 -52.1423 0 0 0 -0.529104 0.848557
136.878 541.021 -52.1423 0 0 0 -0.529104 0.848557
136.981 541.021 -52.1423 0 0 0 -0.529104 0.848557
137.085 541.021 -52.1423 0 0 0 -0.529104 0.848557
137.189 541.021 -52.1423 0 0 0 -0.529104 0.848557
137.292 541.021 -52.1423 0 0 0 -0.529104 0.848557
137.396 541.021 -52.1423 0 0 0 -0.529104 0.848557
137.5 541.021 -52.1423 0 0 0 -0.529104 0.848557
137.604 541.021 -52.1423 0 0 0 -0.529104 0.848557
137.707 541.021 -52.1423 0 0 0 -0.529104 0.848557
137.811 541.021 -52.1423 0 0 0 -0.529104 0.848557
137.915 541.021 -52.1423 0 0 0 -0.529104 0.848557
138.018 541.021 -52.1423 0 0 0 -0.529104 0.848557
138.122 541.021 -52.1423 0 0 0 -0.529104 0.848557
138.226 541.021 -52.1423 0 0 0 -0.529104 0.848557
138.33 541.021 -52.1423 0 0 0 -0.529104 0.848557
138.433 541.021 -52.1423 0 0 0 -0.529104 0.848557
138.537 541.021 -52.1423 0 0 0 -0.529104 0.848557
138.641 541.021 -52.1423 0 0 0 -0.529104 0.848557
138.745 541.021 -52.1423 0 0 0 -0.529104 0.848557
138.848 541.021 -52.1423 0 0 0 -0.529104 0.848557
138.952 541.021 -52.1423 0 0 0 -0.529104 0.848557
139.056 541.021 -52.1423 0 0 0 -0.529104 0.848557
139.16 541.021 -52.1423 0 0 0 -0.529104 0.848557
139.264 541.021 -52.1423 0 0 0 -0.529104 0.848557
139.367 541.021 -52.1423 0 0 0 -0.529104 0.848557
139.471 541.021 -52.1423 0 0 0 -0.529104 0.848557
139.575 541.021 -52.1423 0 0 0 -0.529104 0.848557
139.678 541.021 -52.1423 0 0 0 -0.529104 0.848557
139.782 541.021 -52.1423 0 0 0 -0.529104 0.848557
139.886 541.021 -52.1423 0 0 0 -0.529104 0.848557
139.99 541.021 -52.1423 0 0 0 -0.529104 0.848557
140.094 541.021 -52.1423 0 0 0 -0.529104 0.848557
140.197 541.021 -52.1423 0 0 0 -0.529104 0.848557
140.301 541.021 -52.1423 0 0 0 -0.529104 0.848557
140.405 541.021 -52.1423 0 0 0 -0.529104 0.848557
140.508 541.021 -52.1423 0 0 0 -0.529104 0.848557
140.612 541.021 -52.1423 0 0 0 -0.529104 0.848557
140.716 541.021 -52.1423 0 0 0 -0.529104 0.848557
140.819 541.021 -52.1423 0 0 0 -0.529104 0.848557
140.923 541.021 -52.1423 0 0 0 -0.529104 0.848557
141.027 541.021 -52.1423 0 0 0 -0.529104 0.848557
141.13 541.021 -52.1423 0 0 0 -0.529104 0.848557
141.234 541.021 -52.1423 0 0 0 -0.529104 0.848557
141.338 541.021 -52.1423 0 0 0 -0.529104 0.848557
141.442 541.021 -52.1423 0 0 0 -0.529104 0.848557
141.546 541.021 -52.1423 0 0 0 -0.529104 0.848557
141.649 541.021 -52.1423 0 0 0 -0.529104 0.848557
141.753 541.021 -52.1423 0 0 0 -0.529104 0.848557
141.857 541.021 -52.1423 0 0 0 -0.529104 0.848557
141.96 541.021 -52.1423 0 0 0 -0.529104 0.848557
142.064 541.021 -52.1423 0 0 0 -0.529104 0.848557
142.168 541.021 -52.1423 0 0 0 -0.529104 0.848557
142.271 541.021 -52.1423 0 0 0 -0.529104 0.848557
142.375 541.021 -52.1423 0 0 0 -0.529104 0.848557
142.479 541.021 -52.1423 0 0 0 -0.529104 0.848557
142.583 541.021 -52.1423 0 0 0 -0.529104 0.848557
142.686 541.021 -52.1423 0 0 0 -0.529104 0.848557
142.79 541.021 -52.1423 0 0 0 -0.529104 0.848557
142.894 541.021 -52.1423 0 0 0 -0.529104 0.848557
142.997 541.021 -52.1423 0 0 0 -0.529104 0.848557
143.101 541.021 -52.1423 0 0 0 -0.529104 0.848557
143.205 541.021 -52.1423 0 0 0 -0.529104 0.848557
143.309 541.021 -52.1423 0 0 0 -0.529104 0.848557
143.412 541.021 -52.1423 0 0 0 -0.529104 0.848557
143.516 541.021 -52.1423 0 0 0 -0.529104 0.848557
143.62 541.021 -52.1423 0 0 0 -0.529104 0.848557
143.723 541.021 -52.1423 0 0 0 -0.529104 0.848557
143.827 541.021 -52.1423 0 0 0 -0.529104 0.848557
143.931 541.021 -52.1423 0 0 0 -0.529104 0.848557
144.034 541.021 -52.1423 0 0 0 -0.529104 0.848557
144.138 541.021 -52.1423 0 0 0 -0.529104 0.848557
144.242 541.021 -52.1423 0 0 0 -0.529104 0.848557
144.345 541.021 -52.1423 0 0 0 -0.529104 0.848557
144.449 541.021 -52.1423 0 0 0 -0.529104 0.848557
144.553 541.021 -52.1423 0 0 0 -0.529104 0.848557
144.656 541.021 -52.1423 0 0 0 -0.529104 0.848557
144.76 541.021 -52.1423 0 0 0 -0.529104 0.848557
144.864 541.021 -52.1423 0 0 0 -0.529104 0.848557
144.968 541.021 -52.1423 0 0 0 -0.529104 0.848557
145.072 541.021 -52.1423 0 0 0 -0.529104 0.848557
145.175 541.021 -52.1423 0 0 0 -0.529104 0.848557
145.279 541.021 -52.1423 0 0 0 -0.529104 0.848557
145.383 541.021 -52.1423 0 0 0 -0.529104 0.848557
145.487 541.021 -52.1423 0 0 0 -0.529104 0.848557
145.59 541.021 -52.1423 0 0 0 -0.529104 0.848557
145.694 541.021 -52.1423 0 0 0 -0.529104 0.848557
145.798 541.021 -52.1423 0 0 0 -0.529104 0.848557
145.901 541.021 -52.1423 0 0 0 -0.529104 0.848557
146.005 541.021 -52.1423 0 0 0 -0.529104 0.848557
146.109 541.021 -52.1423 0 0 0 -0.529104 0.848557
146.212 541.021 -52.1423 0 0 0 -0.529104 0.848557
146.316 541.021 -52.1423 0 0 0 -0.529104 0.848557
146.42 541.021 -52.1423 0 0 0 -0.529104 0.848557
146.523 541.021 -52.1423 0 0 0 -0.529104 0.848557
146.627 541.021 -52.1423 0 0 0 -0.529104 0.848557
146.731 541.021 -52.1423 0 0 0 -0.529104 0.848557
146.835 541.021 -52.1423 0 0 0 -0.529104 0.848557
146.938 541.021 -52.1423 0 0 0 -0.529104 0.848557
147.042 541.021 -52.1423 0 0 0 -0.529104 0.848557
147.146 541.021 -52.1423 0 0 0 -0.529104 0.848557
147.249 541.021 -52.1423 0 0 0 -0.529104 0.848557
147.353 541.021 -52.1423 0 0 0 -0.529104 0.848557
147.457 541.021 -52.1423 0 0 0 -0.529104 0.848557
147.561 541.021 -52.1423 0 0 0 -0.529104 0.848557
147.664 541.021 -52.1423 0 0 0 -0.529104 0.848557
147.768 541.021 -52.1423 0 0 0 -0.529104 0.848557
147.872 541.021 -52.1423 0 0 0 -0.529104 0.848557
147.975 541.021 -52.1423 0 0 0 -0.529104 0.848557
148.079 541.021 -52.1423 0 0 0 -0.529104 0.848557
148.183 541.021 -52.1423 0 0 0 -0.529104 0.848557
148.287 541.021 -52.1423 0 0 0 -0.529104 0.848557
148.39 541.021 -52.1423 0 0 0 -0.529104 0.848557
148.494 541.021 -52.1423 0 0 0 -0.529104 0.848557
148.598 541.021 -52.1423 0 0 0 -0.529104 0.848557
148.702 541.021 -52.1423 0 0 0 -0.529104 0.848557
148.805 541.021 -52.1423 0 0 0 -0.529104 0.848557
148.909 541.021 -52.1423 0 0 0 -0.529104 0.848557
149.013 541.021 -52.1423 0 0 0 -0.529104 0.848557
149.116 541.021 -52.1423 0 0 0 -0.529104 0.848557
149.22 541.021 -52.1423 0 0 0 -0.529104 0.848557
149.324 541.021 -52.1423 0 0 0 -0.529104 0.848557
149.428 541.021 -52.1423 0 0 0 -0.529104 0.848557
149.531 541.021 -52.1423 0 0 0 -0.529104 0.848557
149.635 541.021 -52.1423 0 0 0 -0.529104 0.848557
149.739 541.021 -52.1423 0 0 0 -0.529104 0.848557
149.842 541.021 -52.1423 0 0 0 -0.529104 0.848557
149.946 541.021 -52.1423 0 0 0 -0.529104 0.848557
150.05 541.021 -52.1423 0 0 0 -0.529104 0.848557
150.154 541.021 -52.1423 0 0 0 -0.529104 0.848557
150.257 541.021 -52.1423 0 0 0 -0.529104 0.848557
150.361 541.021 -52.1423 0 0 0 -0.529104 0.848557
150.465 541.021 -52.1423 0 0 0 -0.529104 0.848557
150.568 541.021 -52.1423 0 0 0 -0.529104 0.848557
150.672 541.021 -52.1423 0 0 0 -0.529104 0.848557
150.776 541.021 -52.1423 0 0 0 -0.529104 0.848557
150.88 541.021 -52.1423 0 0 0 -0.529104 0.848557
150.983 541.021 -52.1423 0 0 0 -0.529104 0.848557
151.087 541.021 -52.1423 0 0 0 -0.529104 0.848557
151.191 541.021 -52.1423 0 0 0 -0.529104 0.848557
151.294 541.021 -52.1423 0 0 0 -0.529104 0.848557
151.398 541.021 -52.1423 0 0 0 -0.529104 0.848557
151.502 541.021 -52.1423 0 0 0 -0.529104 0.848557
151.605 541.021 -52.1423 0 0 0 -0.529104 0.848557
151.709 541.021 -52.1423 0 0 0 -0.529104 0.848557
151.813 541.021 -52.1423 0 0 0 -0.529104 0.848557
151.917 541.021 -52.1423 0 0 0 -0.529104 0.848557
152.02 541.021 -52.1423 0 0 0 -0.529104 0.848557
152.124 541.021 -52.1423 0 0 0 -0.529104 0.848557
152.228 541.021 -52.1423 0 0 0 -0.529104 0.848557
152.331 541.021 -52.1423 0 0 0 -0.529104 0.848557
152.435 541.021 -52.1423 0 0 0 -0.529104 0.848557
152.539 541.021 -52.1423 0 0 0 -0.529104 0.848557
152.643 541.021 -52.1423 0 0 0 -0.529104 0.848557
152.746 541.021 -52.1423 0 0 0 -0.529104 0.848557
152.85 541.021 -52.1423 0 0 0 -0.529104 0.848557
152.954 541.021 -52.1423 0 0 0 -0.529104 0.848557
153.057 541.021 -52.1423 0 0 0 -0.529104 0.848557
153.161 541.021 -52.1423 0 0 0 -0.529104 0.848557
153.264 541.021 -52.1423 0 0 0 -0.529104 0.848557
153.368 541.021 -52.1423 0 0 0 -0.529104 0.848557
153.472 541.021 -52.1423 0 0 0 -0.529104 0.848557
153.576 541.021 -52.1423 0 0 0 -0.529104 0.848557
153.679 541.021 -52.1423 0 0 0 -0.529104 0.848557
153.783 541.021 -52.1423 0 0 0 -0.529104 0.848557
153.887 541.021 -52.1423 0 0 0 -0.529104 0.848557
153.99 541.021 -52.1423 0 0 0 -0.529104 0.848557
154.094 541.021 -52.1423 0 0 0 -0.529104 0.848557
154.198 541.021 -52.1423 0 0 0 -0.529104 0.848557
154.302 541.021 -52.1423 0 0 0 -0.529104 0.848557
154.406 541.021 -52.1423 0 0 0 -0.529104 0.848557
154.509 541.021 -52.1423 0 0 0 -0.529104 0.848557
154.613 541.021 -52.1423 0 0 0 -0.529104 0.848557
154.717 541.021 -52.1423 0 0 0 -0.529104 0.848557
154.821 541.021 -52.1423 0 0 0 -0.529104 0.848557
154.925 541.021 -52.1423 0 0 0 -0.529104 0.848557
155.029 541.021 -52.1423 0 0 0 -0.529104 0.848557
155.133 541.021 -52.1423 0 0 0 -0.529104 0.848557
155.237 541.021 -52.1423 0 0 0 -0.529104 0.848557
155.341 541.021 -52.1423 0 0 0 -0.529104 0.848557
155.445 541.021 -52.1423 0 0 0 -0.529104 0.848557
155.549 541.021 -52.1423 0 0 0 -0.529104 0.848557
155.653 541.021 -52.1423 0 0 0 -0.529104 0.848557
155.757 541.021 -52.1423 0 0 0 -0.529104 0.848557
155.861 541.021 -52.1423 0 0 0 -0.529104 0.848557
155.965 541.021 -52.1423 0 0 0 -0.529104 0.848557
156.07 541.021 -52.1423 0 0 0 -0.529104 0.848557
156.174 541.021 -52.1423 0 0 0 -0.529104 0.848557
156.278 541.021 -52.1423 0 0 0 -0.529104 0.848557
156.382 541.021 -52.1423 0 0 0 -0.529104 0.848557
156.486 541.021 -52.1423 0 0 0 -0.529104 0.848557
156.59 541.021 -52.1423 0 0 0 -0.529104 0.848557
156.695 541.021 -52.1423 0 0 0 -0.529104 0.848557
156.799 541.021 -52.1423 0 0 0 -0.529104 0.848557
156.903 541.021 -52.1423 0 0 0 -0.529104 0.848557
157.007 541.021 -52.1423 0 0 0 -0.529104 0.848557
157.111 541.021 -52.1423 0 0 0 -0.529104 0.848557
157.215 541.021 -52.1423 0 0 0 -0.529104 0.848557
157.319 541.021 -52.1423 0 0 0 -0.529104 0.848557
157.423 541.021 -52.1423 0 0 0 -0.529104 0.848557
157.527 541.021 -52.1423 0 0 0 -0.529104 0.848557
157.63 541.021 -52.1423 0 0 0 -0.529104 0.848557
157.734 541.021 -52.1423 0 0 0 -0.529104 0.848557
157.838 541.021 -52.1423 0 0 0 -0.529104 0.848557
157.942 541.021 -52.1423 0 0 0 -0.529104 0.848557
158.046 541.021 -52.1423 0 0 0 -0.529104 0.848557
158.15 541.021 -52.1423 0 0 0 -0.529104 0.848557
158.253 541.021 -52.1423 0 0 0 -0.529104 0.848557
158.357 541.021 -52.1423 0 0 0 -0.529104 0.848557
158.461 541.021 -52.1423 0 0 0 -0.529104 0.848557
158.565 541.021 -52.1423 0 0 0 -0.529104 0.848557
158.669 541.021 -52.1423 0 0 0 -0.529104 0.848557
158.772 541.021 -52.1423 0 0 0 -0.529104 0.848557
158.876 541.021 -52.1423 0 0 0 -0.529104 0.848557
158.98 541.021 -52.1423 0 0 0 -0.529104 0.848557
159.083 541.021 -52.1423 0 0 0 -0.529104 0.848557
159.187 541.021 -52.1423 0 0 0 -0.529104 0.848557
159.291 541.021 -52.1423 0 0 0 -0.529104 0.848557
159.395 541.021 -52.1423 0 0 0 -0.529104 0.848557
159.498 541.021 -52.1423 0 0 0 -0.529104 0.848557
159.602 541.021 -52.1423 0 0 0 -0.529104 0.848557
159.705 541.021 -52.1423 0 0 0 -0.529104 0.848557
159.809 541.021 -52.1423 0 0 0 -0.529104 0.848557
159.913 541.021 -52.1423 0 0 0 -0.529104 0.848557
160.016 541.021 -52.1423 0 0 0 -0.529104 0.848557
160.12 541.021 -52.1423 0 0 0 -0.529104 0.848557
160.223 541.021 -52.1423 0 0 0 -0.529104 0.848557
160.327 541.021 -52.1423 0 0 0 -0.529104 0.848557
160.43 541.021 -52.1423 0 0 0 -0.529104 0.848557
160.534 541.021 -52.1423 0 0 0 -0.529104 0.848557
160.638 541.021 -52.1423 0 0 0 -0.529104 0.848557
160.742 541.021 -52.1423 0 0 0 -0.529104 0.848557
160.845 541.021 -52.1423 0 0 0 -0.529104 0.848557
160.949 541.021 -52.1423 0 0 0 -0.529104 0.848557
161.053 541.021 -52.1423 0 0 0 -0.529104 0.848557
161.156 541.021 -52.1423 0 0 0 -0.529104 0.848557
161.26 541.021 -52.1423 0 0 0 -0.529104 0.848557
161.364 541.021 -52.1423 0 0 0 -0.529104 0.848557
161.467 541.021 -52.1423 0 0 0 -0.529104 0.848557
161.571 541.021 -52.1423 0 0 0 -0.529104 0.848557
161.675 541.021 -52.1423 0 0 0 -0.529104 0.848557
161.779 541.021 -52.1423 0 0 0 -0.529104 0.848557
161.883 541.021 -52.1423 0 0 0 -0.529104 0.848557
161.986 541.021 -52.1423 0 0 0 -0.529104 0.848557
162.09 541.021 -52.1423 0 0 0 -0.529104 0.848557
162.194 541.021 -52.1423 0 0 0 -0.529104 0.848557
162.297 541.021 -52.1423 0 0 0 -0.529104 0.848557
162.401 541.021 -52.1423 0 0 0 -0.529104 0.848557
162.505 541.021 -52.1423 0 0 0 -0.529104 0.848557
162.608 541.021 -52.1423 0 0 0 -0.529104 0.848557
162.712 541.021 -52.1423 0 0 0 -0.529104 0.848557
162.816 541.021 -52.1423 0 0 0 -0.529104 0.848557
162.919 541.021 -52.1423 0 0 0 -0.529104 0.848557
163.023 541.021 -52.1423 0 0 0 -0.529104 0.848557
163.127 541.021 -52.1423 0 0 0 -0.529104 0.848557
163.231 541.021 -52.1423 0 0 0 -0.529104 0.848557
163.335 541.021 -52.1423 0 0 0 -0.529104 0.848557
163.438 541.021 -52.1423 0 0 0 -0.529104 0.848557
163.542 541.021 -52.1423 0 0 0 -0.529104 0.848557
163.646 541.021 -52.1423 0 0 0 -0.529104 0.848557
163.749 541.021 -52.1423 0 0 0 -0.529104 0.848557
163.853 541.021 -52.1423 0 0 0 -0.529104 0.848557
163.957 541.021 -52.1423 0 0 0 -0.529104 0.848557
164.061 541.021 -52.1423 0 0 0 -0.529104 0.848557
164.164 541.021 -52.1423 0 0 0 -0.529104 0.848557
164.268 541.021 -52.1423 0 0 0 -0.529104 0.848557
164.372 541.021 -52.1423 0 0 0 -0.529104 0.848557
164.476 541.021 -52.1423 0 0 0 -0.529104 0.848557
164.579 541.021 -52.1423 0 0 0 -0.529104 0.848557
164.683 541.021 -52.1423 0 0 0 -0.529104 0.848557
164.787 541.021 -52.1423 0 0 0 -0.529104 0.848557
164.891 541.021 -52.1423 0 0 0 -0.529104 0.848557
