2 -0.968628 -0.489685 0 0 0 -0.0214567 0.99977
2.5 -2.66949 -1.06055 0 0 0 -0.0236319 0.999721
3 -2.88 -1.13898 0 0 0 -0.0276927 0.999617
3.5 -2.88129 -1.1366 0 0 0 -0.0276837 0.999617
4 -2.86816 -1.13037 0 0 0 -0.0276861 0.999617
4.5 -2.88129 -1.1366 0 0 0 -0.0276837 0.999617
5 -2.86816 -1.13037 0 0 0 -0.0276861 0.999617
5.5 -2.88129 -1.1366 0 0 0 -0.0276837 0.999617
6 -2.86816 -1.13037 0 0 0 -0.0276861 0.999617
6.5 -2.88129 -1.1366 0 0 0 -0.0276837 0.999617
7 -2.86816 -1.13037 0 0 0 -0.0276861 0.999617
7.5 -2.88129 -1.1366 0 0 0 -0.0276837 0.999617
8 -2.86816 -1.13037 0 0 0 -0.0276861 0.999617
8.5 -2.88129 -1.1366 0 0 0 -0.0276837 0.999617
9 -2.86816 -1.13037 0 0 0 -0.0276861 0.999617
9.5 -2.88129 -1.1366 0 0 0 -0.0276837 0.999617
10 -2.86816 -1.13037 0 0 0 -0.0276861 0.999617
10.5 -2.88129 -1.1366 0 0 0 -0.0276837 0.999617
11 -2.86816 -1.13037 0 0 0 -0.0276861 0.999617
11.5 -2.88129 -1.1366 0 0 0 -0.0276837 0.999617
12 -2.86816 -1.13037 0 0 0 -0.0276861 0.999617
12.5 -2.88129 -1.1366 0 0 0 -0.0276837 0.999617
13 -2.86816 -1.13037 0 0 0 -0.0276861 0.999617
13.5 -2.88129 -1.1366 0 0 0 -0.0276837 0.999617
14 -2.86816 -1.13037 0 0 0 -0.0276861 0.999617
14.5 -2.88129 -1.1366 0 0 0 -0.0276837 0.999617
15 -2.86816 -1.13037 0 0 0 -0.0276861 0.999617
15.5 -2.88129 -1.1366 0 0 0 -0.0276837 0.999617
16 -2.86816 -1.13037 0 0 0 -0.0276861 0.999617
16.5 -2.88129 -1.1366 0 0 0 -0.0276837 0.999617
17 -2.86816 -1.13037 0 0 0 -0.0276861 0.999617
17.5 -2.88129 -1.1366 0 0 0 -0.0276837 0.999617
18 -2.86816 -1.13037 0 0 0 -0.0276861 0.999617
18.5 -2.88129 -1.1366 0 0 0 -0.0276837 0.999617
19 -2.86816 -1.13037 0 0 0 -0.0276861 0.999617
19.5 -2.88129 -1.1366 0 0 0 -0.0276837 0.999617
20 -2.86816 -1.13037 0 0 0 -0.0276861 0.999617
20.1039 -2.65393 -1.07855 0 0 0 -0.0315558 0.999502
20.2077 -2.68726 -1.08044 0 0 0 -0.0474143 0.998875
20.3119 -2.68665 -1.11035 0 0 0 -0.057629 0.998338
20.4159 -2.53888 -1.21655 0 0 0 -0.0769373 0.997036
20.52 -1.88721 -1.41791 0 0 0 -0.0911361 0.995838
20.6241 -1.36487 -1.24426 0 0 0 -0.113898 0.993492
20.7282 -1.55225 -1.77704 0 0 0 -0.130724 0.991419
20.8325 -1.40704 -1.6781 0 0 0 -0.163328 0.986572
20.9366 -0.913635 -1.77563 0 0 0 -0.185259 0.98269
21.0408 -0.337219 -2.61029 0 0 0 -0.209375 0.977835
21.1449 0.325745 -2.10596 0 0 0 -0.22227 0.974985
21.249 2.03046 -1.27759 0 0 0 -0.239056 0.971006
21.3531 2.24286 -1.47137 0 0 0 -0.267612 0.963527
21.4571 2.47772 -1.64258 0 0 0 -0.296645 0.954988
21.5611 2.63977 -1.88055 0 0 0 -0.323243 0.946316
21.6651 2.85651 -2.14441 0 0 0 -0.350812 0.936446
21.769 3.06873 -2.42426 0 0 0 -0.379503 0.925191
21.8729 3.25012 -2.71759 0 0 0 -0.405566 0.914066
21.9768 3.49438 -3.03625 0 0 0 -0.430699 0.902495
22.0805 3.74738 -3.37299 0 0 0 -0.455659 0.890154
22.1841 3.95258 -3.73901 0 0 0 -0.476995 0.878906
22.2879 4.13434 -4.14252 0 0 0 -0.496151 0.868236
22.3915 4.32452 -4.57501 0 0 0 -0.514463 0.857512
22.4951 4.52802 -5.0036 0 0 0 -0.532548 0.8464
22.5988 4.69818 -5.50916 0 0 0 -0.548745 0.83599
22.7023 4.92523 -6.00189 0 0 0 -0.56175 0.827307
22.8059 5.08356 -6.55615 0 0 0 -0.572239 0.820087
22.9094 5.26306 -7.10913 0 0 0 -0.5811 0.813832
23.0129 5.43512 -7.71423 0 0 0 -0.588429 0.808549
23.1165 5.63556 -8.37762 0 0 0 -0.593173 0.805075
23.2201 5.83966 -8.98987 0 0 0 -0.597668 0.801744
23.3237 6.0506 -9.66718 0 0 0 -0.603529 0.797341
23.4274 6.19043 -10.3755 0 0 0 -0.606174 0.795332
23.531 6.36414 -11.0575 0 0 0 -0.61047 0.79204
23.6348 6.56744 -11.8022 0 0 0 -0.613308 0.789844
23.7384 6.7077 -12.5421 0 0 0 -0.618502 0.785783
23.8421 6.94678 -13.2921 0 0 0 -0.622411 0.782691
23.9458 7.13068 -14.0187 0 0 0 -0.625471 0.780247
24.0495 7.31464 -15.0348 0 0 0 -0.632827 0.774293
24.1532 7.42548 -15.7905 0 0 0 -0.636414 0.771348
24.257 7.56537 -16.5584 0 0 0 -0.644337 0.764742
24.3608 7.7641 -17.4301 0 0 0 -0.650522 0.759487
24.4645 7.84546 -18.1934 0 0 0 -0.65414 0.756373
24.5684 7.93018 -18.9607 0 0 0 -0.662982 0.748635
24.6723 8.06317 -19.7319 0 0 0 -0.672156 0.740409
24.7761 8.06677 -20.6103 0 0 0 -0.684315 0.729186
24.8801 8.07153 -21.4382 0 0 0 -0.694611 0.719385
24.9841 8.06671 -22.237 0 0 0 -0.706416 0.707797
25.0881 7.98669 -23.006 0 0 0 -0.716435 0.697654
25.192 7.92981 -23.7803 0 0 0 -0.728536 0.685007
25.2959 7.84595 -24.5775 0 0 0 -0.73875 0.67398
25.3998 7.76245 -25.4158 0 0 0 -0.749482 0.662024
25.5036 7.63293 -26.379 0 0 0 -0.761464 0.648207
25.6074 7.44391 -27.1694 0 0 0 -0.77266 0.63482
25.7113 7.2041 -27.9825 0 0 0 -0.782125 0.623121
25.815 6.99738 -28.8113 0 0 0 -0.790936 0.611899
25.9188 6.7771 -29.6356 0 0 0 -0.79697 0.604019
26.0224 6.50336 -30.4456 0 0 0 -0.806612 0.591082
26.1261 6.12347 -31.3021 0 0 0 -0.81228 0.583268
26.2298 5.87878 -32.022 0 0 0 -0.821573 0.570103
26.3335 5.60089 -32.7001 0 0 0 -0.828697 0.559698
26.4371 5.28094 -33.5049 0 0 0 -0.837453 0.546509
26.5409 4.92993 -34.2416 0 0 0 -0.843515 0.537105
26.6445 4.51215 -34.985 0 0 0 -0.849701 0.527265
26.7483 4.10663 -35.7153 0 0 0 -0.854496 0.519458
26.8519 3.70831 -36.5025 0 0 0 -0.859492 0.511149
26.9555 3.30023 -37.0494 0 0 0 -0.862474 0.506102
27.059 2.95032 -37.8118 0 0 0 0.867541 -0.497365
27.1628 2.53156 -38.533 0 0 0 0.868932 -0.494931
27.2664 2.10309 -39.2772 0 0 0 0.870934 -0.491401
27.3701 1.6308 -39.9387 0 0 0 0.874591 -0.484862
27.4738 1.1731 -40.5415 0 0 0 0.875392 -0.483413
27.5774 0.782104 -41.3182 0 0 0 0.876275 -0.481812
27.681 0.351624 -41.9513 0 0 0 0.87771 -0.479192
27.7847 -0.142334 -42.6945 0 0 0 0.875151 -0.48385
27.8883 -0.637207 -43.4963 0 0 0 0.873982 -0.485959
27.9919 -1.0639 -44.2977 0 0 0 0.871498 -0.4904
28.0956 -1.53082 -45.0193 0 0 0 0.869953 -0.493135
28.1994 -2.00629 -45.7824 0 0 0 0.869364 -0.494172
28.3031 -2.42938 -46.6908 0 0 0 0.866252 -0.499607
28.407 -2.94714 -47.4923 0 0 0 -0.86569 0.500581
28.5108 -3.40442 -48.3475 0 0 0 0.866545 -0.499099
28.6146 -3.91199 -49.2109 0 0 0 0.866512 -0.499156
28.7184 -4.3847 -50.0666 0 0 0 0.866839 -0.498587
28.8221 -4.87537 -50.9376 0 0 0 0.867217 -0.49793
28.9259 -5.4209 -51.8309 0 0 0 0.867401 -0.497609
29.0296 -5.96497 -52.6635 0 0 0 0.867383 -0.497642
29.1335 -6.47229 -53.59 0 0 0 0.867068 -0.49819
29.2373 -6.98853 -54.5353 0 0 0 0.866559 -0.499075
29.341 -7.50879 -55.4385 0 0 0 0.866408 -0.499337
29.4448 -7.96985 -56.1723 0 0 0 0.868064 -0.496452
29.5485 -8.51196 -57.1085 0 0 0 0.866239 -0.499631
29.6522 -9.0285 -58.1584 0 0 0 -0.86347 0.5044
29.7559 -9.54663 -59.0874 0 0 0 -0.863692 0.50402
29.8596 -10.0294 -59.9398 0 0 0 -0.863256 0.504767
29.9635 -10.5632 -60.7789 0 0 0 -0.863073 0.50508
30.0673 -11.1087 -61.7567 0 0 0 -0.862317 0.506368
30.1711 -11.641 -62.6694 0 0 0 -0.862851 0.505459
30.275 -12.0294 -63.4188 0 0 0 0.866246 -0.499618
30.3789 -12.547 -64.3045 0 0 0 0.867949 -0.496653
30.4828 -13.0806 -65.182 0 0 0 0.869003 -0.494808
30.5865 -13.5087 -66.0604 0 0 0 0.870535 -0.492106
30.6904 -14.0193 -66.8948 0 0 0 0.872652 -0.488343
30.7941 -14.5798 -67.7268 0 0 0 0.873386 -0.487029
30.898 -15.1201 -68.558 0 0 0 0.874677 -0.484706
31.0018 -15.6353 -69.4228 0 0 0 0.876121 -0.482091
31.1054 -16.1362 -70.1797 0 0 0 0.877718 -0.479178
31.2091 -16.6499 -71.0453 0 0 0 0.877379 -0.479797
31.3129 -17.2027 -71.8857 0 0 0 0.877697 -0.479216
31.4166 -17.6979 -72.7003 0 0 0 0.878108 -0.478462
31.5204 -18.2191 -73.4938 0 0 0 0.878519 -0.477708
31.624 -18.7334 -74.2639 0 0 0 0.879228 -0.476401
31.7278 -19.2454 -75.0222 0 0 0 0.879721 -0.47549
31.8315 -19.7662 -75.7848 0 0 0 0.879292 -0.476284
31.9353 -20.2878 -76.6092 0 0 0 0.879279 -0.476306
32.0389 -20.7627 -77.3836 0 0 0 0.879186 -0.476478
32.1426 -21.294 -78.1827 0 0 0 0.878864 -0.477072
32.2464 -21.7889 -79.0339 0 0 0 0.879176 -0.476497
32.3502 -22.303 -79.8353 0 0 0 0.87659 -0.481239
32.4539 -22.7894 -80.6224 0 0 0 0.877103 -0.480302
32.5576 -23.3183 -81.4216 0 0 0 0.875646 -0.482954
32.6614 -23.8378 -82.2192 0 0 0 0.874915 -0.484277
32.765 -24.3056 -82.9637 0 0 0 0.872714 -0.488232
32.8688 -24.7727 -83.7469 0 0 0 0.87149 -0.490413
32.9724 -25.2736 -84.5657 0 0 0 0.867468 -0.497493
33.0762 -25.7653 -85.3936 0 0 0 -0.863681 0.504039
33.1799 -26.2073 -86.1513 0 0 0 -0.859638 0.510904
33.2837 -26.6132 -86.9375 0 0 0 -0.857459 0.514553
33.3874 -27.0652 -87.7955 0 0 0 -0.85484 0.518891
33.4911 -27.4293 -88.5019 0 0 0 -0.851853 0.52378
33.5949 -27.8293 -89.4153 0 0 0 -0.846299 0.532709
33.6988 -28.2329 -90.1959 0 0 0 -0.84379 0.536673
33.8025 -28.616 -91.0757 0 0 0 -0.840217 0.542251
33.9063 -28.9639 -91.7866 0 0 0 -0.835998 0.548732
34.01 -29.3261 -92.7083 0 0 0 -0.833182 0.552999
34.1138 -29.665 -93.5981 0 0 0 -0.829319 0.558775
34.2176 -30.0121 -94.4701 0 0 0 -0.82605 0.563596
34.3215 -30.3036 -95.2839 0 0 0 -0.82481 0.56541
34.4254 -30.6104 -96.0914 0 0 0 -0.824485 0.565884
34.5293 -30.9865 -97.0111 0 0 0 -0.823655 0.567092
34.6331 -31.2497 -97.851 0 0 0 -0.821547 0.57014
34.7369 -31.5647 -98.6896 0 0 0 -0.820324 0.571898
34.8408 -31.8734 -99.5594 0 0 0 -0.819647 0.572869
34.9445 -32.1655 -100.368 0 0 0 -0.817764 0.575554
35.0483 -32.4553 -101.255 0 0 0 -0.815566 0.578663
35.152 -32.7726 -102.146 0 0 0 -0.813335 0.581795
35.2558 -33.0211 -103.031 0 0 0 -0.810737 0.58541
35.3595 -33.2958 -103.863 0 0 0 -0.809284 0.587418
35.4633 -33.5538 -104.707 0 0 0 -0.807921 0.589291
35.5671 -33.8098 -105.632 0 0 0 -0.804931 0.593369
35.6709 -34.0867 -106.426 0 0 0 -0.802326 0.596887
35.7746 -34.3012 -107.273 0 0 0 -0.800934 0.598753
35.8784 -34.5608 -108.142 0 0 0 -0.799433 0.600755
35.9822 -34.7828 -108.974 0 0 0 -0.796981 0.604004
36.086 -34.968 -109.806 0 0 0 -0.795159 0.606401
36.1898 -35.2614 -110.78 0 0 0 -0.791547 0.611109
36.2935 -35.4684 -111.58 0 0 0 -0.789985 0.613126
36.3973 -35.7357 -112.544 0 0 0 -0.786769 0.617247
36.501 -35.9293 -113.392 0 0 0 -0.784921 0.619596
36.6048 -36.1115 -114.228 0 0 0 -0.782577 0.622554
36.7086 -36.3152 -115.092 0 0 0 -0.781649 0.623718
36.8124 -36.5499 -115.929 0 0 0 -0.778818 0.62725
36.9162 -36.7009 -116.817 0 0 0 -0.77645 0.630179
37.02 -36.883 -117.767 0 0 0 -0.775383 0.631491
37.1238 -37.0746 -118.567 0 0 0 -0.774815 0.632188
37.2275 -37.2914 -119.4 0 0 0 -0.77137 0.636387
37.3314 -37.2598 -119.146 0 0 0 -0.771014 0.636819
37.4351 -37.3085 -119.019 0 0 0 -0.76847 0.639885
37.539 -37.0057 -118.132 0 0 0 -0.772891 0.634539
37.6429 -36.9882 -117.987 0 0 0 -0.774693 0.632337
37.7466 -37.1937 -118.882 0 0 0 -0.773253 0.634098
37.8505 -37.3157 -119.419 0 0 0 -0.776867 0.629665
37.9543 -39.7767 -118.152 0 0 0 -0.819 0.573794
38.0581 -39.7252 -118.702 0 0 0 -0.849048 0.528315
38.1619 -40.1043 -118.302 0 0 0 -0.852737 0.52234
38.2658 -40.0308 -118.214 0 0 0 0.881346 -0.472472
38.3696 -40.506 -118.667 0 0 0 0.882551 -0.470217
38.4734 -40.8342 -118.767 0 0 0 0.873657 -0.486542
38.5772 -40.798 -118.354 0 0 0 -0.852082 0.523408
38.681 -41.1514 -118.967 0 0 0 -0.860673 0.509158
38.7849 -42.1729 -122.182 0 0 0 0.868006 -0.496555
38.8885 -45.0782 -124.337 0 0 0 0.908252 -0.418423
38.9924 -45.4304 -125.307 0 0 0 0.900786 -0.434263
39.096 -45.881 -125.942 0 0 0 0.899867 -0.436164
39.1999 -45.7935 -125.923 0 0 0 0.892307 -0.451429
39.3035 -46.4263 -126.643 0 0 0 0.891641 -0.452743
39.4074 -47.52 -128.045 0 0 0 0.890491 -0.455001
39.5112 -48.0654 -128.926 0 0 0 0.898856 -0.438244
39.6148 -48.6671 -129.352 0 0 0 0.894521 -0.447026
39.7184 -49.2531 -130.195 0 0 0 0.893528 -0.449008
39.8221 -49.2951 -130.562 0 0 0 0.886124 -0.463449
39.9257 -49.2374 -130.651 0 0 0 0.893725 -0.448614
40.0294 -49.3977 -130.213 0 0 0 0.887253 -0.461282
40.1329 -48.0995 -129.071 0 0 0 0.900374 -0.435117
40.2366 -48.1196 -129.135 0 0 0 0.900337 -0.435194
40.3404 -47.2093 -128.192 0 0 0 0.904289 -0.42692
40.444 -46.9036 -128.373 0 0 0 0.889902 -0.456152
40.5478 -47.1191 -127.274 0 0 0 0.896738 -0.442562
40.6515 -46.5363 -126.773 0 0 0 0.892663 -0.450725
40.7553 -46.0979 -127.341 0 0 0 0.886029 -0.463629
40.8591 -45.329 -126.433 0 0 0 0.870287 -0.492544
40.9629 -45.5591 -126.703 0 0 0 0.876277 -0.481808
41.0668 -45.7637 -126.529 0 0 0 0.892813 -0.450427
41.1706 -45.8245 -126.653 0 0 0 0.889594 -0.456752
41.2745 -45.7952 -126.885 0 0 0 0.869846 -0.493323
41.3785 -45.5989 -126.937 0 0 0 -0.859905 0.510454
41.4825 -46.0209 -126.288 0 0 0 0.86952 -0.493898
41.5864 -45.667 -125.889 0 0 0 0.870738 -0.491747
41.6904 -45.2766 -126.889 0 0 0 0.889786 -0.456378
41.7943 -45.8313 -127.255 0 0 0 0.889204 -0.457511
41.8983 -45.7124 -127.509 0 0 0 0.887725 -0.460373
42.0022 -46.0138 -127.368 0 0 0 0.887863 -0.460108
42.1062 -45.8527 -126.55 0 0 0 0.891607 -0.45281
42.2101 -45.3927 -125.715 0 0 0 0.90392 -0.427702
42.3139 -46.0821 -125.366 0 0 0 0.87612 -0.482092
42.4178 -45.9304 -126.101 0 0 0 0.884894 -0.465793
42.5215 -46.2603 -126.678 0 0 0 0.893069 -0.44992
42.6254 -46.761 -127.158 0 0 0 0.89713 -0.441767
42.7292 -47.1964 -127.711 0 0 0 0.902143 -0.431436
42.8329 -47.3616 -128.267 0 0 0 0.918009 -0.396559
42.9365 -48.2252 -128.798 0 0 0 0.923754 -0.382987
43.0401 -47.8857 -129.008 0 0 0 0.933998 -0.357279
43.1438 -49.7099 -129.944 0 0 0 0.94169 -0.336482
43.2474 -51.0421 -129.383 0 0 0 0.948333 -0.317277
43.351 -51.8676 -129.685 0 0 0 0.948425 -0.317001
43.4547 -52.6479 -130.113 0 0 0 0.946847 -0.321683
43.5583 -52.9249 -130.774 0 0 0 0.947525 -0.31968
43.662 -53.6503 -130.858 0 0 0 0.953105 -0.30264
43.7657 -54.0535 -130.784 0 0 0 0.96058 -0.278002
43.8694 -54.017 -130.877 0 0 0 0.976447 -0.215755
43.973 -54.8082 -131.36 0 0 0 0.968322 -0.249705
44.0768 -55.067 -131.587 0 0 0 0.968345 -0.249617
44.1805 -55.3385 -130.278 0 0 0 0.978542 -0.206049
44.2842 -55.6986 -130.534 0 0 0 0.97572 -0.219019
44.3879 -55.983 -130.555 0 0 0 0.951416 -0.30791
44.4916 -56.5732 -130.934 0 0 0 0.959798 -0.28069
44.5954 -56.7463 -131.05 0 0 0 0.952536 -0.304425
44.6993 -56.183 -130.571 0 0 0 0.931729 -0.363155
44.8031 -56.4825 -131.014 0 0 0 0.910054 -0.41449
44.9068 -56.6725 -131.063 0 0 0 0.936719 -0.350082
45.0105 -56.7537 -131.685 0 0 0 0.926352 -0.376658
45.1143 -56.1288 -130.487 0 0 0 0.926006 -0.37751
45.218 -56.6597 -131.139 0 0 0 0.915137 -0.403143
45.3218 -56.4958 -131.235 0 0 0 0.909403 -0.415917
45.4255 -56.7049 -131.412 0 0 0 0.906767 -0.421632
45.5294 -56.9266 -131.616 0 0 0 0.888189 -0.459479
45.6332 -56.1597 -131.439 0 0 0 0.878668 -0.477433
45.737 -56.5178 -130.862 0 0 0 -0.843824 0.53662
45.8408 -56.4344 -130.673 0 0 0 0.878066 -0.47854
45.9445 -56.0399 -129.782 0 0 0 -0.857264 0.514877
46.0481 -56.2368 -130.308 0 0 0 -0.850912 0.525309
46.1519 -56.5959 -131.014 0 0 0 -0.837593 0.546295
46.2555 -56.3947 -130.88 0 0 0 -0.848776 0.528753
46.3591 -56.1734 -130.716 0 0 0 -0.848154 0.529749
46.4628 -54.6342 -129.072 0 0 0 0.8665 -0.499177
46.5666 -56.8206 -129.561 0 0 0 0.872886 -0.487923
46.6703 -56.6489 -131.315 0 0 0 0.871124 -0.491063
46.7739 -57.1163 -132.012 0 0 0 0.878541 -0.477667
46.8777 -56.3561 -131.126 0 0 0 0.930825 -0.365465
46.9813 -57.0609 -131.679 0 0 0 0.919331 -0.393485
47.085 -58.2328 -132.472 0 0 0 0.89419 -0.447689
47.1888 -58.4734 -133.466 0 0 0 0.910514 -0.413478
47.2925 -58.5129 -133.344 0 0 0 0.914341 -0.404945
47.3963 -59.1032 -134.435 0 0 0 0.909369 -0.41599
47.5 -59.5544 -133.962 0 0 0 0.931757 -0.363082
47.6039 -60.3785 -135.455 0 0 0 0.913284 -0.407324
47.7078 -60.9559 -134.221 0 0 0 0.931638 -0.363388
47.8116 -61.3699 -135.042 0 0 0 0.93554 -0.353221
47.9155 -63.1785 -134.275 0 0 0 0.9399 -0.341451
48.0194 -62.5179 -135.831 0 0 0 0.948349 -0.317229
48.1233 -63.5304 -134.686 0 0 0 0.970387 -0.241557
48.2271 -64.8846 -133.179 0 0 0 0.980662 -0.195707
48.3309 -64.7864 -133.783 0 0 0 0.985106 -0.171948
48.4348 -65.6378 -133.924 0 0 0 0.98286 -0.184354
48.5387 -65.4423 -132.187 0 0 0 0.996348 -0.0853811
48.6424 -65.5074 -129.136 0 0 0 0.999959 0.00905163
48.7462 -63.7495 -125.239 0 0 0 0.984999 0.172561
48.8499 -64.4 -124.954 0 0 0 0.984703 0.174242
48.9538 -65.1982 -124.279 0 0 0 0.977936 0.208904
49.0575 -74.2865 -149.773 0 0 0 0.968927 -0.247348
49.1613 -62.0408 -193.316 0 0 0 0.944537 -0.328404
49.2649 -66.4647 -194.566 0 0 0 0.952428 -0.304763
49.3686 -63.2362 -202.337 0 0 0 0.91985 -0.392269
49.4725 -61.1227 -206.915 0 0 0 -0.8485 0.529195
49.5763 -61.9069 -208.346 0 0 0 -0.847423 0.530919
49.6802 -62.0934 -208.794 0 0 0 -0.852632 0.522512
49.7839 -61.9748 -211.835 0 0 0 -0.834019 0.551736
49.8878 -63.5815 -211.045 0 0 0 0.877385 -0.479786
49.9917 -63.6836 -211.974 0 0 0 0.88282 -0.469712
50.0955 -64.0092 -212.042 0 0 0 0.879369 -0.476141
50.1993 -66.9267 -210.276 0 0 0 0.89845 -0.439075
50.3031 -58.3035 -220.816 0 0 0 -0.846419 0.532518
50.4068 -68.0377 -223.242 0 0 0 -0.865047 0.501692
50.5104 -77.1904 -211.439 0 0 0 0.910811 -0.412825
50.614 -87.3352 -214.586 0 0 0 0.906831 -0.421495
50.7178 -87.3352 -214.586 0 0 0 0.906831 -0.421495
50.8214 -87.3352 -214.586 0 0 0 0.906831 -0.421495
50.9252 -87.3352 -214.586 0 0 0 0.906831 -0.421495
51.0288 -87.3352 -214.586 0 0 0 0.906831 -0.421495
51.1325 -87.3352 -214.586 0 0 0 0.906831 -0.421495
51.2363 -87.3352 -214.586 0 0 0 0.906831 -0.421495
51.34 -87.3352 -214.586 0 0 0 0.906831 -0.421495
51.4436 -87.3352 -214.586 0 0 0 0.906831 -0.421495
51.5474 -87.3352 -214.586 0 0 0 0.906831 -0.421495
51.651 -87.3352 -214.586 0 0 0 0.906831 -0.421495
51.7548 -87.3352 -214.586 0 0 0 0.906831 -0.421495
51.8585 -87.3352 -214.586 0 0 0 0.906831 -0.421495
51.9623 -87.3352 -214.586 0 0 0 0.906831 -0.421495
52.066 -87.3352 -214.586 0 0 0 0.906831 -0.421495
52.1697 -87.3352 -214.586 0 0 0 0.906831 -0.421495
52.2734 -87.3352 -214.586 0 0 0 0.906831 -0.421495
52.3772 -87.3352 -214.586 0 0 0 0.906831 -0.421495
52.4809 -87.3352 -214.586 0 0 0 0.906831 -0.421495
52.5845 -87.3352 -214.586 0 0 0 0.906831 -0.421495
52.6883 -87.3352 -214.586 0 0 0 0.906831 -0.421495
52.7919 -87.3352 -214.586 0 0 0 0.906831 -0.421495
52.8957 -87.3352 -214.586 0 0 0 0.906831 -0.421495
52.9994 -87.3352 -214.586 0 0 0 0.906831 -0.421495
53.1032 -87.3352 -214.586 0 0 0 0.906831 -0.421495
53.2068 -87.3352 -214.586 0 0 0 0.906831 -0.421495
53.3105 -87.3352 -214.586 0 0 0 0.906831 -0.421495
53.4143 -87.3352 -214.586 0 0 0 0.906831 -0.421495
53.5182 -87.3352 -214.586 0 0 0 0.906831 -0.421495
53.6218 -87.3352 -214.586 0 0 0 0.906831 -0.421495
53.7255 -87.3352 -214.586 0 0 0 0.906831 -0.421495
53.8293 -87.3352 -214.586 0 0 0 0.906831 -0.421495
53.933 -87.3352 -214.586 0 0 0 0.906831 -0.421495
54.0367 -87.3352 -214.586 0 0 0 0.906831 -0.421495
54.1404 -87.3352 -214.586 0 0 0 0.906831 -0.421495
54.244 -87.3352 -214.586 0 0 0 0.906831 -0.421495
54.3478 -87.3352 -214.586 0 0 0 0.906831 -0.421495
54.4515 -87.3352 -214.586 0 0 0 0.906831 -0.421495
54.5552 -87.3352 -214.586 0 0 0 0.906831 -0.421495
54.6589 -87.3352 -214.586 0 0 0 0.906831 -0.421495
54.7625 -87.3352 -214.586 0 0 0 0.906831 -0.421495
54.8663 -87.3352 -214.586 0 0 0 0.906831 -0.421495
54.97 -87.3352 -214.586 0 0 0 0.906831 -0.421495
55.0739 -87.3352 -214.586 0 0 0 0.906831 -0.421495
55.1776 -87.3352 -214.586 0 0 0 0.906831 -0.421495
55.2813 -87.3352 -214.586 0 0 0 0.906831 -0.421495
55.3851 -87.3352 -214.586 0 0 0 0.906831 -0.421495
55.4887 -87.3352 -214.586 0 0 0 0.906831 -0.421495
55.5924 -87.3352 -214.586 0 0 0 0.906831 -0.421495
55.6962 -87.3352 -214.586 0 0 0 0.906831 -0.421495
55.7998 -87.3352 -214.586 0 0 0 0.906831 -0.421495
55.9035 -87.3352 -214.586 0 0 0 0.906831 -0.421495
56.0072 -87.3352 -214.586 0 0 0 0.906831 -0.421495
56.1109 -87.3352 -214.586 0 0 0 0.906831 -0.421495
56.2145 -87.3352 -214.586 0 0 0 0.906831 -0.421495
56.3183 -87.3352 -214.586 0 0 0 0.906831 -0.421495
56.422 -87.3352 -214.586 0 0 0 0.906831 -0.421495
56.5258 -87.3352 -214.586 0 0 0 0.906831 -0.421495
56.6295 -87.3352 -214.586 0 0 0 0.906831 -0.421495
56.7333 -87.3352 -214.586 0 0 0 0.906831 -0.421495
56.837 -87.3352 -214.586 0 0 0 0.906831 -0.421495
56.9408 -87.3352 -214.586 0 0 0 0.906831 -0.421495
57.0445 -87.3352 -214.586 0 0 0 0.906831 -0.421495
57.1483 -87.3352 -214.586 0 0 0 0.906831 -0.421495
57.252 -87.3352 -214.586 0 0 0 0.906831 -0.421495
57.3557 -87.3352 -214.586 0 0 0 0.906831 -0.421495
57.4594 -87.3352 -214.586 0 0 0 0.906831 -0.421495
57.563 -87.3352 -214.586 0 0 0 0.906831 -0.421495
57.6667 -87.3352 -214.586 0 0 0 0.906831 -0.421495
57.7703 -87.3352 -214.586 0 0 0 0.906831 -0.421495
57.874 -87.3352 -214.586 0 0 0 0.906831 -0.421495
57.9778 -87.3352 -214.586 0 0 0 0.906831 -0.421495
58.0815 -87.3352 -214.586 0 0 0 0.906831 -0.421495
58.1853 -87.3352 -214.586 0 0 0 0.906831 -0.421495
58.2892 -87.3352 -214.586 0 0 0 0.906831 -0.421495
58.3932 -87.3352 -214.586 0 0 0 0.906831 -0.421495
58.4972 -87.3352 -214.586 0 0 0 0.906831 -0.421495
58.6012 -87.3352 -214.586 0 0 0 0.906831 -0.421495
58.7052 -87.3352 -214.586 0 0 0 0.906831 -0.421495
58.8093 -87.3352 -214.586 0 0 0 0.906831 -0.421495
58.9133 -87.3352 -214.586 0 0 0 0.906831 -0.421495
59.0172 -87.3352 -214.586 0 0 0 0.906831 -0.421495
59.1212 -87.3352 -214.586 0 0 0 0.906831 -0.421495
59.225 -87.3352 -214.586 0 0 0 0.906831 -0.421495
59.3289 -87.3352 -214.586 0 0 0 0.906831 -0.421495
59.4327 -87.3352 -214.586 0 0 0 0.906831 -0.421495
59.5364 -87.3352 -214.586 0 0 0 0.906831 -0.421495
59.6402 -87.3352 -214.586 0 0 0 0.906831 -0.421495
59.7438 -87.3352 -214.586 0 0 0 0.906831 -0.421495
59.8476 -87.3352 -214.586 0 0 0 0.906831 -0.421495
59.9513 -87.3352 -214.586 0 0 0 0.906831 -0.421495
60.055 -87.3352 -214.586 0 0 0 0.906831 -0.421495
60.1587 -87.3352 -214.586 0 0 0 0.906831 -0.421495
60.2624 -87.3352 -214.586 0 0 0 0.906831 -0.421495
60.3662 -87.3352 -214.586 0 0 0 0.906831 -0.421495
60.4699 -87.3352 -214.586 0 0 0 0.906831 -0.421495
60.5735 -87.3352 -214.586 0 0 0 0.906831 -0.421495
60.6773 -87.3352 -214.586 0 0 0 0.906831 -0.421495
60.781 -87.3352 -214.586 0 0 0 0.906831 -0.421495
60.8848 -87.3352 -214.586 0 0 0 0.906831 -0.421495
60.9884 -87.3352 -214.586 0 0 0 0.906831 -0.421495
61.0922 -87.3352 -214.586 0 0 0 0.906831 -0.421495
61.1958 -87.3352 -214.586 0 0 0 0.906831 -0.421495
61.2994 -87.3352 -214.586 0 0 0 0.906831 -0.421495
61.4032 -87.3352 -214.586 0 0 0 0.906831 -0.421495
61.5068 -87.3352 -214.586 0 0 0 0.906831 -0.421495
61.6105 -87.3352 -214.586 0 0 0 0.906831 -0.421495
61.7142 -87.3352 -214.586 0 0 0 0.906831 -0.421495
61.8179 -87.3352 -214.586 0 0 0 0.906831 -0.421495
61.9215 -87.3352 -214.586 0 0 0 0.906831 -0.421495
62.0253 -87.3352 -214.586 0 0 0 0.906831 -0.421495
62.1289 -87.3352 -214.586 0 0 0 0.906831 -0.421495
62.2327 -87.3352 -214.586 0 0 0 0.906831 -0.421495
62.3363 -87.3352 -214.586 0 0 0 0.906831 -0.421495
62.44 -87.3352 -214.586 0 0 0 0.906831 -0.421495
62.5438 -87.3352 -214.586 0 0 0 0.906831 -0.421495
62.6474 -87.3352 -214.586 0 0 0 0.906831 -0.421495
62.7512 -87.3352 -214.586 0 0 0 0.906831 -0.421495
62.8548 -87.3352 -214.586 0 0 0 0.906831 -0.421495
62.9585 -87.3352 -214.586 0 0 0 0.906831 -0.421495
63.0623 -87.3352 -214.586 0 0 0 0.906831 -0.421495
63.1661 -87.3352 -214.586 0 0 0 0.906831 -0.421495
63.2698 -87.3352 -214.586 0 0 0 0.906831 -0.421495
63.3736 -87.3352 -214.586 0 0 0 0.906831 -0.421495
63.4773 -87.3352 -214.586 0 0 0 0.906831 -0.421495
63.581 -87.3352 -214.586 0 0 0 0.906831 -0.421495
63.6849 -87.3352 -214.586 0 0 0 0.906831 -0.421495
63.7887 -87.3352 -214.586 0 0 0 0.906831 -0.421495
63.8924 -87.3352 -214.586 0 0 0 0.906831 -0.421495
63.9961 -87.3352 -214.586 0 0 0 0.906831 -0.421495
64.1 -87.3352 -214.586 0 0 0 0.906831 -0.421495
64.2036 -87.3352 -214.586 0 0 0 0.906831 -0.421495
64.3073 -87.3352 -214.586 0 0 0 0.906831 -0.421495
64.411 -87.3352 -214.586 0 0 0 0.906831 -0.421495
64.5148 -87.3352 -214.586 0 0 0 0.906831 -0.421495
64.6185 -87.3352 -214.586 0 0 0 0.906831 -0.421495
64.7223 -87.3352 -214.586 0 0 0 0.906831 -0.421495
64.8262 -87.3352 -214.586 0 0 0 0.906831 -0.421495
64.9298 -87.3352 -214.586 0 0 0 0.906831 -0.421495
65.0335 -87.3352 -214.586 0 0 0 0.906831 -0.421495
65.1373 -87.3352 -214.586 0 0 0 0.906831 -0.421495
65.241 -87.3352 -214.586 0 0 0 0.906831 -0.421495
65.3448 -87.3352 -214.586 0 0 0 0.906831 -0.421495
65.4485 -87.3352 -214.586 0 0 0 0.906831 -0.421495
65.5523 -87.3352 -214.586 0 0 0 0.906831 -0.421495
65.6562 -87.3352 -214.586 0 0 0 0.906831 -0.421495
65.7599 -87.3352 -214.586 0 0 0 0.906831 -0.421495
65.8637 -87.3352 -214.586 0 0 0 0.906831 -0.421495
65.9674 -87.3352 -214.586 0 0 0 0.906831 -0.421495
66.0713 -87.3352 -214.586 0 0 0 0.906831 -0.421495
66.175 -87.3352 -214.586 0 0 0 0.906831 -0.421495
66.2788 -87.3352 -214.586 0 0 0 0.906831 -0.421495
66.3827 -87.3352 -214.586 0 0 0 0.906831 -0.421495
66.4865 -87.3352 -214.586 0 0 0 0.906831 -0.421495
66.5904 -87.3352 -214.586 0 0 0 0.906831 -0.421495
66.6942 -87.3352 -214.586 0 0 0 0.906831 -0.421495
66.798 -87.3352 -214.586 0 0 0 0.906831 -0.421495
66.9019 -87.3352 -214.586 0 0 0 0.906831 -0.421495
67.0058 -87.3352 -214.586 0 0 0 0.906831 -0.421495
67.1097 -87.3352 -214.586 0 0 0 0.906831 -0.421495
67.2136 -87.3352 -214.586 0 0 0 0.906831 -0.421495
67.3174 -87.3352 -214.586 0 0 0 0.906831 -0.421495
67.4212 -87.3352 -214.586 0 0 0 0.906831 -0.421495
67.525 -87.3352 -214.586 0 0 0 0.906831 -0.421495
67.6288 -87.3352 -214.586 0 0 0 0.906831 -0.421495
67.7327 -87.3352 -214.586 0 0 0 0.906831 -0.421495
67.8364 -87.3352 -214.586 0 0 0 0.906831 -0.421495
67.9402 -87.3352 -214.586 0 0 0 0.906831 -0.421495
68.0439 -87.3352 -214.586 0 0 0 0.906831 -0.421495
68.1477 -87.3352 -214.586 0 0 0 0.906831 -0.421495
68.2514 -87.3352 -214.586 0 0 0 0.906831 -0.421495
68.355 -87.3352 -214.586 0 0 0 0.906831 -0.421495
68.4588 -87.3352 -214.586 0 0 0 0.906831 -0.421495
68.5626 -87.3352 -214.586 0 0 0 0.906831 -0.421495
68.6662 -87.3352 -214.586 0 0 0 0.906831 -0.421495
68.7699 -87.3352 -214.586 0 0 0 0.906831 -0.421495
68.8736 -87.3352 -214.586 0 0 0 0.906831 -0.421495
68.9773 -87.3352 -214.586 0 0 0 0.906831 -0.421495
69.0809 -87.3352 -214.586 0 0 0 0.906831 -0.421495
69.1847 -87.3352 -214.586 0 0 0 0.906831 -0.421495
69.2883 -87.3352 -214.586 0 0 0 0.906831 -0.421495
69.3921 -87.3352 -214.586 0 0 0 0.906831 -0.421495
69.4958 -87.3352 -214.586 0 0 0 0.906831 -0.421495
69.5994 -87.3352 -214.586 0 0 0 0.906831 -0.421495
69.7032 -87.3352 -214.586 0 0 0 0.906831 -0.421495
69.8068 -87.3352 -214.586 0 0 0 0.906831 -0.421495
69.9106 -87.3352 -214.586 0 0 0 0.906831 -0.421495
70.0142 -87.3352 -214.586 0 0 0 0.906831 -0.421495
70.118 -87.3352 -214.586 0 0 0 0.906831 -0.421495
70.2216 -87.3352 -214.586 0 0 0 0.906831 -0.421495
70.3253 -87.3352 -214.586 0 0 0 0.906831 -0.421495
70.429 -87.3352 -214.586 0 0 0 0.906831 -0.421495
70.5327 -87.3352 -214.586 0 0 0 0.906831 -0.421495
70.6365 -87.3352 -214.586 0 0 0 0.906831 -0.421495
70.7402 -87.3352 -214.586 0 0 0 0.906831 -0.421495
70.844 -87.3352 -214.586 0 0 0 0.906831 -0.421495
70.9476 -87.3352 -214.586 0 0 0 0.906831 -0.421495
71.0512 -87.3352 -214.586 0 0 0 0.906831 -0.421495
71.155 -87.3352 -214.586 0 0 0 0.906831 -0.421495
71.2586 -87.3352 -214.586 0 0 0 0.906831 -0.421495
71.3623 -87.3352 -214.586 0 0 0 0.906831 -0.421495
71.4659 -87.3352 -214.586 0 0 0 0.906831 -0.421495
71.5697 -87.3352 -214.586 0 0 0 0.906831 -0.421495
71.6733 -87.3352 -214.586 0 0 0 0.906831 -0.421495
71.7769 -87.3352 -214.586 0 0 0 0.906831 -0.421495
71.8807 -87.3352 -214.586 0 0 0 0.906831 -0.421495
71.9843 -87.3352 -214.586 0 0 0 0.906831 -0.421495
72.0881 -87.3352 -214.586 0 0 0 0.906831 -0.421495
72.1917 -87.3352 -214.586 0 0 0 0.906831 -0.421495
72.2954 -87.3352 -214.586 0 0 0 0.906831 -0.421495
72.3992 -87.3352 -214.586 0 0 0 0.906831 -0.421495
72.5029 -87.3352 -214.586 0 0 0 0.906831 -0.421495
72.6067 -87.3352 -214.586 0 0 0 0.906831 -0.421495
72.7104 -87.3352 -214.586 0 0 0 0.906831 -0.421495
72.8142 -87.3352 -214.586 0 0 0 0.906831 -0.421495
72.9179 -87.3352 -214.586 0 0 0 0.906831 -0.421495
73.0217 -87.3352 -214.586 0 0 0 0.906831 -0.421495
73.1254 -87.3352 -214.586 0 0 0 0.906831 -0.421495
73.2292 -87.3352 -214.586 0 0 0 0.906831 -0.421495
73.3329 -87.3352 -214.586 0 0 0 0.906831 -0.421495
73.4365 -87.3352 -214.586 0 0 0 0.906831 -0.421495
73.5403 -87.3352 -214.586 0 0 0 0.906831 -0.421495
73.6441 -87.3352 -214.586 0 0 0 0.906831 -0.421495
73.7478 -87.3352 -214.586 0 0 0 0.906831 -0.421495
73.8515 -87.3352 -214.586 0 0 0 0.906831 -0.421495
73.9553 -87.3352 -214.586 0 0 0 0.906831 -0.421495
74.0591 -87.3352 -214.586 0 0 0 0.906831 -0.421495
74.1628 -87.3352 -214.586 0 0 0 0.906831 -0.421495
74.2665 -87.3352 -214.586 0 0 0 0.906831 -0.421495
74.3702 -87.3352 -214.586 0 0 0 0.906831 -0.421495
74.4739 -87.3352 -214.586 0 0 0 0.906831 -0.421495
74.5776 -87.3352 -214.586 0 0 0 0.906831 -0.421495
74.6813 -87.3352 -214.586 0 0 0 0.906831 -0.421495
74.7851 -87.3352 -214.586 0 0 0 0.906831 -0.421495
74.8888 -87.3352 -214.586 0 0 0 0.906831 -0.421495
74.9927 -87.3352 -214.586 0 0 0 0.906831 -0.421495
75.0964 -87.3352 -214.586 0 0 0 0.906831 -0.421495
75.2002 -87.3352 -214.586 0 0 0 0.906831 -0.421495
75.304 -87.3352 -214.586 0 0 0 0.906831 -0.421495
75.4078 -87.3352 -214.586 0 0 0 0.906831 -0.421495
75.5117 -87.3352 -214.586 0 0 0 0.906831 -0.421495
75.6154 -87.3352 -214.586 0 0 0 0.906831 -0.421495
75.7192 -87.3352 -214.586 0 0 0 0.906831 -0.421495
75.8229 -87.3352 -214.586 0 0 0 0.906831 -0.421495
75.9267 -87.3352 -214.586 0 0 0 0.906831 -0.421495
76.0304 -87.3352 -214.586 0 0 0 0.906831 -0.421495
76.134 -87.3352 -214.586 0 0 0 0.906831 -0.421495
76.2378 -87.3352 -214.586 0 0 0 0.906831 -0.421495
76.3416 -87.3352 -214.586 0 0 0 0.906831 -0.421495
76.4454 -87.3352 -214.586 0 0 0 0.906831 -0.421495
76.5491 -87.3352 -214.586 0 0 0 0.906831 -0.421495
76.6529 -87.3352 -214.586 0 0 0 0.906831 -0.421495
76.7567 -87.3352 -214.586 0 0 0 0.906831 -0.421495
76.8604 -87.3352 -214.586 0 0 0 0.906831 -0.421495
76.9643 -87.3352 -214.586 0 0 0 0.906831 -0.421495
77.0681 -87.3352 -214.586 0 0 0 0.906831 -0.421495
77.1719 -87.3352 -214.586 0 0 0 0.906831 -0.421495
77.2756 -87.3352 -214.586 0 0 0 0.906831 -0.421495
77.3793 -87.3352 -214.586 0 0 0 0.906831 -0.421495
77.4831 -87.3352 -214.586 0 0 0 0.906831 -0.421495
77.5868 -87.3352 -214.586 0 0 0 0.906831 -0.421495
77.6906 -87.3352 -214.586 0 0 0 0.906831 -0.421495
77.7943 -87.3352 -214.586 0 0 0 0.906831 -0.421495
77.8982 -87.3352 -214.586 0 0 0 0.906831 -0.421495
78.0019 -87.3352 -214.586 0 0 0 0.906831 -0.421495
78.1058 -87.3352 -214.586 0 0 0 0.906831 -0.421495
78.2097 -87.3352 -214.586 0 0 0 0.906831 -0.421495
78.3134 -87.3352 -214.586 0 0 0 0.906831 -0.421495
78.4173 -87.3352 -214.586 0 0 0 0.906831 -0.421495
78.5211 -87.3352 -214.586 0 0 0 0.906831 -0.421495
78.6249 -87.3352 -214.586 0 0 0 0.906831 -0.421495
78.7287 -87.3352 -214.586 0 0 0 0.906831 -0.421495
78.8327 -87.3352 -214.586 0 0 0 0.906831 -0.421495
78.9366 -87.3352 -214.586 0 0 0 0.906831 -0.421495
79.0404 -87.3352 -214.586 0 0 0 0.906831 -0.421495
79.1443 -87.3352 -214.586 0 0 0 0.906831 -0.421495
79.2482 -87.3352 -214.586 0 0 0 0.906831 -0.421495
79.3521 -87.3352 -214.586 0 0 0 0.906831 -0.421495
79.4558 -87.3352 -214.586 0 0 0 0.906831 -0.421495
79.5596 -87.3352 -214.586 0 0 0 0.906831 -0.421495
79.6633 -87.3352 -214.586 0 0 0 0.906831 -0.421495
79.7669 -87.3352 -214.586 0 0 0 0.906831 -0.421495
79.8707 -87.3352 -214.586 0 0 0 0.906831 -0.421495
79.9743 -87.3352 -214.586 0 0 0 0.906831 -0.421495
80.0781 -87.3352 -214.586 0 0 0 0.906831 -0.421495
80.1818 -87.3352 -214.586 0 0 0 0.906831 -0.421495
80.2856 -87.3352 -214.586 0 0 0 0.906831 -0.421495
80.3893 -87.3352 -214.586 0 0 0 0.906831 -0.421495
80.4931 -87.3352 -214.586 0 0 0 0.906831 -0.421495
80.5968 -87.3352 -214.586 0 0 0 0.906831 -0.421495
80.7006 -87.3352 -214.586 0 0 0 0.906831 -0.421495
80.8042 -87.3352 -214.586 0 0 0 0.906831 -0.421495
80.908 -87.3352 -214.586 0 0 0 0.906831 -0.421495
81.0116 -87.3352 -214.586 0 0 0 0.906831 -0.421495
81.1153 -87.3352 -214.586 0 0 0 0.906831 -0.421495
81.2189 -87.3352 -214.586 0 0 0 0.906831 -0.421495
81.3227 -87.3352 -214.586 0 0 0 0.906831 -0.421495
81.4264 -87.3352 -214.586 0 0 0 0.906831 -0.421495
81.5302 -87.3352 -214.586 0 0 0 0.906831 -0.421495
81.6338 -87.3352 -214.586 0 0 0 0.906831 -0.421495
81.7376 -87.3352 -214.586 0 0 0 0.906831 -0.421495
81.8413 -87.3352 -214.586 0 0 0 0.906831 -0.421495
81.9451 -87.3352 -214.586 0 0 0 0.906831 -0.421495
82.0488 -87.3352 -214.586 0 0 0 0.906831 -0.421495
82.1526 -87.3352 -214.586 0 0 0 0.906831 -0.421495
82.2564 -87.3352 -214.586 0 0 0 0.906831 -0.421495
82.3601 -87.3352 -214.586 0 0 0 0.906831 -0.421495
82.464 -87.3352 -214.586 0 0 0 0.906831 -0.421495
82.5679 -87.3352 -214.586 0 0 0 0.906831 -0.421495
82.6718 -87.3352 -214.586 0 0 0 0.906831 -0.421495
82.7758 -87.3352 -214.586 0 0 0 0.906831 -0.421495
82.8798 -87.3352 -214.586 0 0 0 0.906831 -0.421495
82.9837 -87.3352 -214.586 0 0 0 0.906831 -0.421495
83.0876 -87.3352 -214.586 0 0 0 0.906831 -0.421495
83.1914 -87.3352 -214.586 0 0 0 0.906831 -0.421495
83.2954 -87.3352 -214.586 0 0 0 0.906831 -0.421495
83.3993 -87.3352 -214.586 0 0 0 0.906831 -0.421495
83.5032 -87.3352 -214.586 0 0 0 0.906831 -0.421495
83.6071 -87.3352 -214.586 0 0 0 0.906831 -0.421495
83.7108 -87.3352 -214.586 0 0 0 0.906831 -0.421495
83.8147 -87.3352 -214.586 0 0 0 0.906831 -0.421495
83.9184 -87.3352 -214.586 0 0 0 0.906831 -0.421495
84.0222 -87.3352 -214.586 0 0 0 0.906831 -0.421495
84.126 -87.3352 -214.586 0 0 0 0.906831 -0.421495
84.2297 -87.3352 -214.586 0 0 0 0.906831 -0.421495
84.3333 -87.3352 -214.586 0 0 0 0.906831 -0.421495
84.4371 -87.3352 -214.586 0 0 0 0.906831 -0.421495
84.5407 -87.3352 -214.586 0 0 0 0.906831 -0.421495
84.6444 -87.3352 -214.586 0 0 0 0.906831 -0.421495
84.7481 -87.3352 -214.586 0 0 0 0.906831 -0.421495
84.8517 -87.3352 -214.586 0 0 0 0.906831 -0.421495
84.9553 -87.3352 -214.586 0 0 0 0.906831 -0.421495
85.0591 -87.3352 -214.586 0 0 0 0.906831 -0.421495
85.1627 -87.3352 -214.586 0 0 0 0.906831 -0.421495
85.2663 -87.3352 -214.586 0 0 0 0.906831 -0.421495
85.3701 -87.3352 -214.586 0 0 0 0.906831 -0.421495
85.4737 -87.3352 -214.586 0 0 0 0.906831 -0.421495
85.5774 -87.3352 -214.586 0 0 0 0.906831 -0.421495
85.6811 -87.3352 -214.586 0 0 0 0.906831 -0.421495
85.7848 -87.3352 -214.586 0 0 0 0.906831 -0.421495
85.8886 -87.3352 -214.586 0 0 0 0.906831 -0.421495
85.9922 -87.3352 -214.586 0 0 0 0.906831 -0.421495
86.0959 -87.3352 -214.586 0 0 0 0.906831 -0.421495
86.1997 -87.3352 -214.586 0 0 0 0.906831 -0.421495
86.3033 -87.3352 -214.586 0 0 0 0.906831 -0.421495
86.4071 -87.3352 -214.586 0 0 0 0.906831 -0.421495
86.5107 -87.3352 -214.586 0 0 0 0.906831 -0.421495
86.6143 -87.3352 -214.586 0 0 0 0.906831 -0.421495
86.7181 -87.3352 -214.586 0 0 0 0.906831 -0.421495
86.8217 -87.3352 -214.586 0 0 0 0.906831 -0.421495
86.9254 -87.3352 -214.586 0 0 0 0.906831 -0.421495
87.0291 -87.3352 -214.586 0 0 0 0.906831 -0.421495
87.1328 -87.3352 -214.586 0 0 0 0.906831 -0.421495
87.2364 -87.3352 -214.586 0 0 0 0.906831 -0.421495
87.3401 -87.3352 -214.586 0 0 0 0.906831 -0.421495
87.4437 -87.3352 -214.586 0 0 0 0.906831 -0.421495
87.5473 -87.3352 -214.586 0 0 0 0.906831 -0.421495
87.6511 -87.3352 -214.586 0 0 0 0.906831 -0.421495
87.7547 -87.3352 -214.586 0 0 0 0.906831 -0.421495
87.8583 -87.3352 -214.586 0 0 0 0.906831 -0.421495
87.9621 -87.3352 -214.586 0 0 0 0.906831 -0.421495
88.0657 -87.3352 -214.586 0 0 0 0.906831 -0.421495
88.1693 -87.3352 -214.586 0 0 0 0.906831 -0.421495
88.2731 -87.3352 -214.586 0 0 0 0.906831 -0.421495
88.3767 -87.3352 -214.586 0 0 0 0.906831 -0.421495
88.4803 -87.3352 -214.586 0 0 0 0.906831 -0.421495
88.5841 -87.3352 -214.586 0 0 0 0.906831 -0.421495
88.6878 -87.3352 -214.586 0 0 0 0.906831 -0.421495
88.7916 -87.3352 -214.586 0 0 0 0.906831 -0.421495
88.8953 -87.3352 -214.586 0 0 0 0.906831 -0.421495
88.9991 -87.3352 -214.586 0 0 0 0.906831 -0.421495
89.1028 -87.3352 -214.586 0 0 0 0.906831 -0.421495
89.2066 -87.3352 -214.586 0 0 0 0.906831 -0.421495
89.3103 -87.3352 -214.586 0 0 0 0.906831 -0.421495
89.4139 -87.3352 -214.586 0 0 0 0.906831 -0.421495
89.5177 -87.3352 -214.586 0 0 0 0.906831 -0.421495
89.6214 -87.3352 -214.586 0 0 0 0.906831 -0.421495
89.7253 -87.3352 -214.586 0 0 0 0.906831 -0.421495
89.8291 -87.3352 -214.586 0 0 0 0.906831 -0.421495
89.9328 -87.3352 -214.586 0 0 0 0.906831 -0.421495
90.0367 -87.3352 -214.586 0 0 0 0.906831 -0.421495
90.1406 -87.3352 -214.586 0 0 0 0.906831 -0.421495
90.2443 -87.3352 -214.586 0 0 0 0.906831 -0.421495
90.3482 -87.3352 -214.586 0 0 0 0.906831 -0.421495
90.4519 -87.3352 -214.586 0 0 0 0.906831 -0.421495
90.5558 -87.3352 -214.586 0 0 0 0.906831 -0.421495
90.6596 -87.3352 -214.586 0 0 0 0.906831 -0.421495
90.7633 -87.3352 -214.586 0 0 0 0.906831 -0.421495
90.8672 -87.3352 -214.586 0 0 0 0.906831 -0.421495
90.9708 -87.3352 -214.586 0 0 0 0.906831 -0.421495
91.0747 -87.3352 -214.586 0 0 0 0.906831 -0.421495
91.1784 -87.3352 -214.586 0 0 0 0.906831 -0.421495
91.2822 -87.3352 -214.586 0 0 0 0.906831 -0.421495
91.3859 -87.3352 -214.586 0 0 0 0.906831 -0.421495
91.4896 -87.3352 -214.586 0 0 0 0.906831 -0.421495
91.5933 -87.3352 -214.586 0 0 0 0.906831 -0.421495
91.6972 -87.3352 -214.586 0 0 0 0.906831 -0.421495
91.8009 -87.3352 -214.586 0 0 0 0.906831 -0.421495
91.9047 -87.3352 -214.586 0 0 0 0.906831 -0.421495
92.0085 -87.3352 -214.586 0 0 0 0.906831 -0.421495
92.1122 -87.3352 -214.586 0 0 0 0.906831 -0.421495
92.216 -87.3352 -214.586 0 0 0 0.906831 -0.421495
92.3197 -87.3352 -214.586 0 0 0 0.906831 -0.421495
92.4234 -87.3352 -214.586 0 0 0 0.906831 -0.421495
92.5272 -79.1086 -180.254 0 0 0 0.899591 -0.436733
92.631 -83.1005 -166.617 0 0 0 0.902704 -0.430263
92.7347 -83.1005 -166.617 0 0 0 0.902704 -0.430263
92.8385 -83.1005 -166.617 0 0 0 0.902704 -0.430263
92.9422 -83.1005 -166.617 0 0 0 0.902704 -0.430263
93.046 -83.1005 -166.617 0 0 0 0.902704 -0.430263
93.1497 -83.1005 -166.617 0 0 0 0.902704 -0.430263
93.2534 -83.1005 -166.617 0 0 0 0.902704 -0.430263
93.3572 -83.1005 -166.617 0 0 0 0.902704 -0.430263
93.4611 -83.1005 -166.617 0 0 0 0.902704 -0.430263
93.5649 -83.1005 -166.617 0 0 0 0.902704 -0.430263
93.6688 -83.1005 -166.617 0 0 0 0.902704 -0.430263
93.7727 -83.1005 -166.617 0 0 0 0.902704 -0.430263
93.8767 -83.1005 -166.617 0 0 0 0.902704 -0.430263
93.9806 -83.1005 -166.617 0 0 0 0.902704 -0.430263
94.0844 -83.1005 -166.617 0 0 0 0.902704 -0.430263
94.1885 -68.5544 -127.967 0 0 0 0.93023 -0.366977
94.2923 -68.6386 -127.485 0 0 0 0.952622 -0.304156
94.3962 -70.9488 -130.276 0 0 0 0.911035 -0.41233
94.5001 -69.5361 -123.395 0 0 0 0.958365 -0.285546
94.6038 -70.0118 -121.928 0 0 0 0.9698 -0.243903
94.7078 -66.2151 -108.293 0 0 0 0.997612 -0.0690647
94.8117 -55.8151 -80.7159 0 0 0 0.991364 0.131137
94.9155 -49.9902 -72.5868 0 0 0 0.951072 0.308969
95.0193 -49.289 -72.2903 0 0 0 0.954068 0.299591
95.1233 -46.366 -72.7564 0 0 0 0.965681 0.259731
95.2271 -46.6979 -71.3616 0 0 0 0.955549 0.294831
95.3309 -51.1861 -75.5627 0 0 0 0.981548 0.191215
95.4348 -53.9062 -78.3927 0 0 0 0.992438 0.122748
95.5386 -57.6048 -83.8347 0 0 0 0.999846 -0.0175272
95.6422 -57.7771 -82.8586 0 0 0 0.999752 0.0222825
95.7459 -56.7795 -85.5451 0 0 0 0.998997 -0.0447789
95.8496 -56.5452 -77.7509 0 0 0 0.995684 0.0928039
95.9533 -55.8354 -79.555 0 0 0 0.999023 0.0441936
96.057 -57.6159 -81.3063 0 0 0 0.999174 -0.0406421
96.1606 -58.2357 -81.6944 0 0 0 0.998964 -0.0455017
96.2642 -57.3041 -86.6553 0 0 0 0.98621 -0.165496
96.3677 -54.1616 -90.3671 0 0 0 0.979175 -0.203016
96.4713 -55.0908 -86.1002 0 0 0 0.985541 -0.169437
96.575 -53.5878 -82.3005 0 0 0 0.996245 -0.0865748
96.6786 -59.2677 -99.0464 0 0 0 0.965642 -0.259876
96.7822 -59.4869 -97.8419 0 0 0 0.965399 -0.260776
96.8859 -70.0265 -106.372 0 0 0 0.904139 -0.427238
96.9896 -162.859 232.61 0 0 0 0.942275 -0.33484
97.0932 -162.859 232.61 0 0 0 0.942275 -0.33484
97.197 -162.859 232.61 0 0 0 0.942275 -0.33484
97.3006 -162.859 232.61 0 0 0 0.942275 -0.33484
97.4042 -162.859 232.61 0 0 0 0.942275 -0.33484
97.5078 -162.859 232.61 0 0 0 0.942275 -0.33484
97.6116 -162.859 232.61 0 0 0 0.942275 -0.33484
97.7152 -162.859 232.61 0 0 0 0.942275 -0.33484
97.8189 -162.859 232.61 0 0 0 0.942275 -0.33484
97.9227 -162.859 232.61 0 0 0 0.942275 -0.33484
98.0263 -162.859 232.61 0 0 0 0.942275 -0.33484
98.1301 -162.859 232.61 0 0 0 0.942275 -0.33484
98.2338 -162.859 232.61 0 0 0 0.942275 -0.33484
98.3374 -162.859 232.61 0 0 0 0.942275 -0.33484
98.4412 -162.859 232.61 0 0 0 0.942275 -0.33484
98.5448 -162.859 232.61 0 0 0 0.942275 -0.33484
98.6486 -162.859 232.61 0 0 0 0.942275 -0.33484
98.7523 -162.859 232.61 0 0 0 0.942275 -0.33484
98.8559 -162.859 232.61 0 0 0 0.942275 -0.33484
98.9597 -162.859 232.61 0 0 0 0.942275 -0.33484
99.0633 -162.859 232.61 0 0 0 0.942275 -0.33484
99.1671 -162.859 232.61 0 0 0 0.942275 -0.33484
99.2708 -162.859 232.61 0 0 0 0.942275 -0.33484
99.3745 -162.859 232.61 0 0 0 0.942275 -0.33484
99.4782 -162.859 232.61 0 0 0 0.942275 -0.33484
99.5819 -162.859 232.61 0 0 0 0.942275 -0.33484
99.6857 -162.859 232.61 0 0 0 0.942275 -0.33484
99.7895 -162.859 232.61 0 0 0 0.942275 -0.33484
99.8932 -162.859 232.61 0 0 0 0.942275 -0.33484
99.997 -162.859 232.61 0 0 0 0.942275 -0.33484
100.101 -162.859 232.61 0 0 0 0.942275 -0.33484
100.204 -162.859 232.61 0 0 0 0.942275 -0.33484
100.308 -162.859 232.61 0 0 0 0.942275 -0.33484
100.412 -162.859 232.61 0 0 0 0.942275 -0.33484
100.515 -162.859 232.61 0 0 0 0.942275 -0.33484
100.619 -162.859 232.61 0 0 0 0.942275 -0.33484
100.723 -162.859 232.61 0 0 0 0.942275 -0.33484
100.826 -162.859 232.61 0 0 0 0.942275 -0.33484
100.93 -162.859 232.61 0 0 0 0.942275 -0.33484
101.034 -162.859 232.61 0 0 0 0.942275 -0.33484
101.137 -162.859 232.61 0 0 0 0.942275 -0.33484
101.241 -162.859 232.61 0 0 0 0.942275 -0.33484
101.345 -162.859 232.61 0 0 0 0.942275 -0.33484
101.449 -162.859 232.61 0 0 0 0.942275 -0.33484
101.552 -162.859 232.61 0 0 0 0.942275 -0.33484
101.656 -162.859 232.61 0 0 0 0.942275 -0.33484
101.76 -162.859 232.61 0 0 0 0.942275 -0.33484
101.863 -162.859 232.61 0 0 0 0.942275 -0.33484
101.967 -162.859 232.61 0 0 0 0.942275 -0.33484
102.071 -162.859 232.61 0 0 0 0.942275 -0.33484
102.174 -162.859 232.61 0 0 0 0.942275 -0.33484
102.278 -162.859 232.61 0 0 0 0.942275 -0.33484
102.382 -162.859 232.61 0 0 0 0.942275 -0.33484
102.486 -162.859 232.61 0 0 0 0.942275 -0.33484
102.589 -162.859 232.61 0 0 0 0.942275 -0.33484
102.693 -162.859 232.61 0 0 0 0.942275 -0.33484
102.797 -162.859 232.61 0 0 0 0.942275 -0.33484
102.901 -162.859 232.61 0 0 0 0.942275 -0.33484
103.004 -162.859 232.61 0 0 0 0.942275 -0.33484
103.108 -162.859 232.61 0 0 0 0.942275 -0.33484
103.212 -162.859 232.61 0 0 0 0.942275 -0.33484
103.315 -162.859 232.61 0 0 0 0.942275 -0.33484
103.419 -162.859 232.61 0 0 0 0.942275 -0.33484
103.523 -162.859 232.61 0 0 0 0.942275 -0.33484
103.626 -162.859 232.61 0 0 0 0.942275 -0.33484
103.73 -162.859 232.61 0 0 0 0.942275 -0.33484
103.834 -162.859 232.61 0 0 0 0.942275 -0.33484
103.937 -162.859 232.61 0 0 0 0.942275 -0.33484
104.041 -162.859 232.61 0 0 0 0.942275 -0.33484
104.145 -162.859 232.61 0 0 0 0.942275 -0.33484
104.248 -162.859 232.61 0 0 0 0.942275 -0.33484
104.352 -162.859 232.61 0 0 0 0.942275 -0.33484
104.456 -162.859 232.61 0 0 0 0.942275 -0.33484
104.559 -162.859 232.61 0 0 0 0.942275 -0.33484
104.663 -162.859 232.61 0 0 0 0.942275 -0.33484
104.767 -162.859 232.61 0 0 0 0.942275 -0.33484
104.87 -162.859 232.61 0 0 0 0.942275 -0.33484
104.974 -162.859 232.61 0 0 0 0.942275 -0.33484
105.078 -162.859 232.61 0 0 0 0.942275 -0.33484
105.181 -162.859 232.61 0 0 0 0.942275 -0.33484
105.285 -162.859 232.61 0 0 0 0.942275 -0.33484
105.389 -162.859 232.61 0 0 0 0.942275 -0.33484
105.492 -162.859 232.61 0 0 0 0.942275 -0.33484
105.596 -162.859 232.61 0 0 0 0.942275 -0.33484
105.7 -162.859 232.61 0 0 0 0.942275 -0.33484
105.803 -162.859 232.61 0 0 0 0.942275 -0.33484
105.907 -162.859 232.61 0 0 0 0.942275 -0.33484
106.011 -162.859 232.61 0 0 0 0.942275 -0.33484
106.114 -162.859 232.61 0 0 0 0.942275 -0.33484
106.218 -162.859 232.61 0 0 0 0.942275 -0.33484
106.322 -162.859 232.61 0 0 0 0.942275 -0.33484
106.426 -162.859 232.61 0 0 0 0.942275 -0.33484
106.529 -162.859 232.61 0 0 0 0.942275 -0.33484
106.633 -162.859 232.61 0 0 0 0.942275 -0.33484
106.737 -162.859 232.61 0 0 0 0.942275 -0.33484
106.84 -162.859 232.61 0 0 0 0.942275 -0.33484
106.944 -162.859 232.61 0 0 0 0.942275 -0.33484
107.048 -162.859 232.61 0 0 0 0.942275 -0.33484
107.151 -162.859 232.61 0 0 0 0.942275 -0.33484
107.255 -162.859 232.61 0 0 0 0.942275 -0.33484
107.359 -162.859 232.61 0 0 0 0.942275 -0.33484
107.462 -162.859 232.61 0 0 0 0.942275 -0.33484
107.566 -162.859 232.61 0 0 0 0.942275 -0.33484
107.67 -162.859 232.61 0 0 0 0.942275 -0.33484
107.774 -162.859 232.61 0 0 0 0.942275 -0.33484
107.877 -162.859 232.61 0 0 0 0.942275 -0.33484
107.981 -162.859 232.61 0 0 0 0.942275 -0.33484
108.085 -162.859 232.61 0 0 0 0.942275 -0.33484
108.189 -162.859 232.61 0 0 0 0.942275 -0.33484
108.293 -162.859 232.61 0 0 0 0.942275 -0.33484
108.397 -162.859 232.61 0 0 0 0.942275 -0.33484
108.502 -162.859 232.61 0 0 0 0.942275 -0.33484
108.606 -162.859 232.61 0 0 0 0.942275 -0.33484
108.71 -162.859 232.61 0 0 0 0.942275 -0.33484
108.814 -162.859 232.61 0 0 0 0.942275 -0.33484
108.919 -162.859 232.61 0 0 0 0.942275 -0.33484
109.023 -162.859 232.61 0 0 0 0.942275 -0.33484
109.127 -162.859 232.61 0 0 0 0.942275 -0.33484
109.231 -162.859 232.61 0 0 0 0.942275 -0.33484
109.336 -162.859 232.61 0 0 0 0.942275 -0.33484
109.44 -162.859 232.61 0 0 0 0.942275 -0.33484
109.544 -162.859 232.61 0 0 0 0.942275 -0.33484
109.648 -162.859 232.61 0 0 0 0.942275 -0.33484
109.752 -162.859 232.61 0 0 0 0.942275 -0.33484
109.856 -162.859 232.61 0 0 0 0.942275 -0.33484
109.96 -162.859 232.61 0 0 0 0.942275 -0.33484
110.064 -162.859 232.61 0 0 0 0.942275 -0.33484
110.168 -162.859 232.61 0 0 0 0.942275 -0.33484
110.271 -162.859 232.61 0 0 0 0.942275 -0.33484
110.375 -162.859 232.61 0 0 0 0.942275 -0.33484
110.479 -162.859 232.61 0 0 0 0.942275 -0.33484
110.583 -162.859 232.61 0 0 0 0.942275 -0.33484
110.687 -162.859 232.61 0 0 0 0.942275 -0.33484
110.791 -162.859 232.61 0 0 0 0.942275 -0.33484
110.895 -162.859 232.61 0 0 0 0.942275 -0.33484
110.998 -162.859 232.61 0 0 0 0.942275 -0.33484
111.102 -162.859 232.61 0 0 0 0.942275 -0.33484
111.206 -162.859 232.61 0 0 0 0.942275 -0.33484
111.309 -162.859 232.61 0 0 0 0.942275 -0.33484
111.413 -162.859 232.61 0 0 0 0.942275 -0.33484
111.517 -162.859 232.61 0 0 0 0.942275 -0.33484
111.62 -162.859 232.61 0 0 0 0.942275 -0.33484
111.724 -162.859 232.61 0 0 0 0.942275 -0.33484
111.827 -162.859 232.61 0 0 0 0.942275 -0.33484
111.931 -162.859 232.61 0 0 0 0.942275 -0.33484
112.034 -162.859 232.61 0 0 0 0.942275 -0.33484
112.138 -162.859 232.61 0 0 0 0.942275 -0.33484
112.241 -162.859 232.61 0 0 0 0.942275 -0.33484
112.345 -162.859 232.61 0 0 0 0.942275 -0.33484
112.449 -162.859 232.61 0 0 0 0.942275 -0.33484
112.552 -162.859 232.61 0 0 0 0.942275 -0.33484
112.656 -162.859 232.61 0 0 0 0.942275 -0.33484
112.76 -162.859 232.61 0 0 0 0.942275 -0.33484
112.863 -162.859 232.61 0 0 0 0.942275 -0.33484
112.967 -162.859 232.61 0 0 0 0.942275 -0.33484
113.071 -162.859 232.61 0 0 0 0.942275 -0.33484
113.175 -162.859 232.61 0 0 0 0.942275 -0.33484
113.278 -162.859 232.61 0 0 0 0.942275 -0.33484
113.382 -162.859 232.61 0 0 0 0.942275 -0.33484
113.486 -162.859 232.61 0 0 0 0.942275 -0.33484
113.589 -162.859 232.61 0 0 0 0.942275 -0.33484
113.693 -162.859 232.61 0 0 0 0.942275 -0.33484
113.797 -162.859 232.61 0 0 0 0.942275 -0.33484
113.9 -162.859 232.61 0 0 0 0.942275 -0.33484
114.004 -162.859 232.61 0 0 0 0.942275 -0.33484
114.108 -162.859 232.61 0 0 0 0.942275 -0.33484
114.211 -162.859 232.61 0 0 0 0.942275 -0.33484
114.315 -162.859 232.61 0 0 0 0.942275 -0.33484
114.419 -162.859 232.61 0 0 0 0.942275 -0.33484
114.522 -162.859 232.61 0 0 0 0.942275 -0.33484
114.626 -162.859 232.61 0 0 0 0.942275 -0.33484
114.73 -162.859 232.61 0 0 0 0.942275 -0.33484
114.833 -162.859 232.61 0 0 0 0.942275 -0.33484
114.937 -162.859 232.61 0 0 0 0.942275 -0.33484
115.041 -162.859 232.61 0 0 0 0.942275 -0.33484
115.145 -162.859 232.61 0 0 0 0.942275 -0.33484
115.248 -162.859 232.61 0 0 0 0.942275 -0.33484
115.352 -162.859 232.61 0 0 0 0.942275 -0.33484
115.456 -162.859 232.61 0 0 0 0.942275 -0.33484
115.56 -162.859 232.61 0 0 0 0.942275 -0.33484
115.663 -162.859 232.61 0 0 0 0.942275 -0.33484
115.767 -162.859 232.61 0 0 0 0.942275 -0.33484
115.87 -162.859 232.61 0 0 0 0.942275 -0.33484
115.974 -162.859 232.61 0 0 0 0.942275 -0.33484
116.078 -162.859 232.61 0 0 0 0.942275 -0.33484
116.182 -162.859 232.61 0 0 0 0.942275 -0.33484
116.285 -162.859 232.61 0 0 0 0.942275 -0.33484
116.389 -162.859 232.61 0 0 0 0.942275 -0.33484
116.493 -162.859 232.61 0 0 0 0.942275 -0.33484
116.597 -162.859 232.61 0 0 0 0.942275 -0.33484
116.7 -162.859 232.61 0 0 0 0.942275 -0.33484
116.804 -162.859 232.61 0 0 0 0.942275 -0.33484
116.908 -162.859 232.61 0 0 0 0.942275 -0.33484
117.011 -162.859 232.61 0 0 0 0.942275 -0.33484
117.115 -162.859 232.61 0 0 0 0.942275 -0.33484
117.219 -162.859 232.61 0 0 0 0.942275 -0.33484
117.323 -162.859 232.61 0 0 0 0.942275 -0.33484
117.426 -162.859 232.61 0 0 0 0.942275 -0.33484
117.53 -162.859 232.61 0 0 0 0.942275 -0.33484
117.634 -162.859 232.61 0 0 0 0.942275 -0.33484
117.737 -162.859 232.61 0 0 0 0.942275 -0.33484
117.841 -162.859 232.61 0 0 0 0.942275 -0.33484
117.945 -162.859 232.61 0 0 0 0.942275 -0.33484
118.049 -162.859 232.61 0 0 0 0.942275 -0.33484
118.152 -162.859 232.61 0 0 0 0.942275 -0.33484
118.256 -162.859 232.61 0 0 0 0.942275 -0.33484
118.36 -162.859 232.61 0 0 0 0.942275 -0.33484
118.464 -162.859 232.61 0 0 0 0.942275 -0.33484
118.567 -162.859 232.61 0 0 0 0.942275 -0.33484
118.671 -162.859 232.61 0 0 0 0.942275 -0.33484
118.775 -162.859 232.61 0 0 0 0.942275 -0.33484
118.879 -162.859 232.61 0 0 0 0.942275 -0.33484
118.982 -162.859 232.61 0 0 0 0.942275 -0.33484
119.086 -162.859 232.61 0 0 0 0.942275 -0.33484
119.19 -162.859 232.61 0 0 0 0.942275 -0.33484
119.293 -162.859 232.61 0 0 0 0.942275 -0.33484
119.397 -162.859 232.61 0 0 0 0.942275 -0.33484
119.501 -162.859 232.61 0 0 0 0.942275 -0.33484
119.605 -162.859 232.61 0 0 0 0.942275 -0.33484
119.708 -162.859 232.61 0 0 0 0.942275 -0.33484
119.812 -162.859 232.61 0 0 0 0.942275 -0.33484
119.916 -162.859 232.61 0 0 0 0.942275 -0.33484
120.019 -162.859 232.61 0 0 0 0.942275 -0.33484
120.123 -162.859 232.61 0 0 0 0.942275 -0.33484
120.227 -162.859 232.61 0 0 0 0.942275 -0.33484
120.33 -162.859 232.61 0 0 0 0.942275 -0.33484
120.434 -162.859 232.61 0 0 0 0.942275 -0.33484
120.538 -162.859 232.61 0 0 0 0.942275 -0.33484
120.642 -162.859 232.61 0 0 0 0.942275 -0.33484
120.745 -162.859 232.61 0 0 0 0.942275 -0.33484
120.849 -162.859 232.61 0 0 0 0.942275 -0.33484
120.953 -162.859 232.61 0 0 0 0.942275 -0.33484
121.056 -162.859 232.61 0 0 0 0.942275 -0.33484
121.16 -162.859 232.61 0 0 0 0.942275 -0.33484
121.264 -162.859 232.61 0 0 0 0.942275 -0.33484
121.367 -162.859 232.61 0 0 0 0.942275 -0.33484
121.471 -162.859 232.61 0 0 0 0.942275 -0.33484
121.575 -162.859 232.61 0 0 0 0.942275 -0.33484
121.678 -162.859 232.61 0 0 0 0.942275 -0.33484
121.782 -162.859 232.61 0 0 0 0.942275 -0.33484
121.886 -162.859 232.61 0 0 0 0.942275 -0.33484
121.99 -162.859 232.61 0 0 0 0.942275 -0.33484
122.093 -162.859 232.61 0 0 0 0.942275 -0.33484
122.197 -162.859 232.61 0 0 0 0.942275 -0.33484
122.301 -162.859 232.61 0 0 0 0.942275 -0.33484
122.405 -162.859 232.61 0 0 0 0.942275 -0.33484
122.508 -162.859 232.61 0 0 0 0.942275 -0.33484
122.612 -162.859 232.61 0 0 0 0.942275 -0.33484
122.716 -162.859 232.61 0 0 0 0.942275 -0.33484
122.819 -162.859 232.61 0 0 0 0.942275 -0.33484
122.923 -162.859 232.61 0 0 0 0.942275 -0.33484
123.027 -162.859 232.61 0 0 0 0.942275 -0.33484
123.131 -162.859 232.61 0 0 0 0.942275 -0.33484
123.234 -162.859 232.61 0 0 0 0.942275 -0.33484
123.338 -162.859 232.61 0 0 0 0.942275 -0.33484
123.441 -162.859 232.61 0 0 0 0.942275 -0.33484
123.545 -162.859 232.61 0 0 0 0.942275 -0.33484
123.649 -162.859 232.61 0 0 0 0.942275 -0.33484
123.753 -162.859 232.61 0 0 0 0.942275 -0.33484
123.856 -162.859 232.61 0 0 0 0.942275 -0.33484
123.96 -162.859 232.61 0 0 0 0.942275 -0.33484
124.064 -162.859 232.61 0 0 0 0.942275 -0.33484
124.167 -162.859 232.61 0 0 0 0.942275 -0.33484
124.271 -162.859 232.61 0 0 0 0.942275 -0.33484
124.375 -162.859 232.61 0 0 0 0.942275 -0.33484
124.478 -162.859 232.61 0 0 0 0.942275 -0.33484
124.582 -162.859 232.61 0 0 0 0.942275 -0.33484
124.686 -162.859 232.61 0 0 0 0.942275 -0.33484
124.789 -162.859 232.61 0 0 0 0.942275 -0.33484
124.893 -162.859 232.61 0 0 0 0.942275 -0.33484
124.997 -162.859 232.61 0 0 0 0.942275 -0.33484
125.101 -162.859 232.61 0 0 0 0.942275 -0.33484
125.204 -162.859 232.61 0 0 0 0.942275 -0.33484
125.308 -162.859 232.61 0 0 0 0.942275 -0.33484
125.411 -162.859 232.61 0 0 0 0.942275 -0.33484
125.515 -162.859 232.61 0 0 0 0.942275 -0.33484
125.619 -162.859 232.61 0 0 0 0.942275 -0.33484
125.723 -162.859 232.61 0 0 0 0.942275 -0.33484
125.826 -162.859 232.61 0 0 0 0.942275 -0.33484
125.93 -162.859 232.61 0 0 0 0.942275 -0.33484
126.034 -162.859 232.61 0 0 0 0.942275 -0.33484
126.138 -162.859 232.61 0 0 0 0.942275 -0.33484
126.242 -162.859 232.61 0 0 0 0.942275 -0.33484
126.345 -162.859 232.61 0 0 0 0.942275 -0.33484
126.449 -162.859 232.61 0 0 0 0.942275 -0.33484
126.553 -162.859 232.61 0 0 0 0.942275 -0.33484
126.657 -162.859 232.61 0 0 0 0.942275 -0.33484
126.76 -162.859 232.61 0 0 0 0.942275 -0.33484
126.864 -162.859 232.61 0 0 0 0.942275 -0.33484
126.968 -162.859 232.61 0 0 0 0.942275 -0.33484
127.072 -162.859 232.61 0 0 0 0.942275 -0.33484
127.175 -162.859 232.61 0 0 0 0.942275 -0.33484
127.279 -162.859 232.61 0 0 0 0.942275 -0.33484
127.383 -162.859 232.61 0 0 0 0.942275 -0.33484
127.487 -162.859 232.61 0 0 0 0.942275 -0.33484
127.59 -162.859 232.61 0 0 0 0.942275 -0.33484
127.694 -162.859 232.61 0 0 0 0.942275 -0.33484
127.798 -162.859 232.61 0 0 0 0.942275 -0.33484
127.901 -162.859 232.61 0 0 0 0.942275 -0.33484
128.005 -162.859 232.61 0 0 0 0.942275 -0.33484
128.109 -162.859 232.61 0 0 0 0.942275 -0.33484
128.212 -162.859 232.61 0 0 0 0.942275 -0.33484
128.316 -162.859 232.61 0 0 0 0.942275 -0.33484
128.42 -162.859 232.61 0 0 0 0.942275 -0.33484
128.524 -162.859 232.61 0 0 0 0.942275 -0.33484
128.628 -162.859 232.61 0 0 0 0.942275 -0.33484
128.731 -162.859 232.61 0 0 0 0.942275 -0.33484
128.835 -162.859 232.61 0 0 0 0.942275 -0.33484
128.939 -162.859 232.61 0 0 0 0.942275 -0.33484
129.043 -162.859 232.61 0 0 0 0.942275 -0.33484
129.146 -162.859 232.61 0 0 0 0.942275 -0.33484
129.25 -162.859 232.61 0 0 0 0.942275 -0.33484
129.354 -162.859 232.61 0 0 0 0.942275 -0.33484
129.458 -162.859 232.61 0 0 0 0.942275 -0.33484
129.561 -162.859 232.61 0 0 0 0.942275 -0.33484
129.665 -162.859 232.61 0 0 0 0.942275 -0.33484
129.769 -162.859 232.61 0 0 0 0.942275 -0.33484
129.872 -162.859 232.61 0 0 0 0.942275 -0.33484
129.976 -162.859 232.61 0 0 0 0.942275 -0.33484
130.08 -162.859 232.61 0 0 0 0.942275 -0.33484
130.184 -162.859 232.61 0 0 0 0.942275 -0.33484
130.287 -162.859 232.61 0 0 0 0.942275 -0.33484
130.391 -162.859 232.61 0 0 0 0.942275 -0.33484
130.495 -162.859 232.61 0 0 0 0.942275 -0.33484
130.598 -162.859 232.61 0 0 0 0.942275 -0.33484
130.702 -162.859 232.61 0 0 0 0.942275 -0.33484
130.806 -162.859 232.61 0 0 0 0.942275 -0.33484
130.909 -162.859 232.61 0 0 0 0.942275 -0.33484
131.013 -162.859 232.61 0 0 0 0.942275 -0.33484
131.117 -162.859 232.61 0 0 0 0.942275 -0.33484
131.22 -162.859 232.61 0 0 0 0.942275 -0.33484
131.324 -162.859 232.61 0 0 0 0.942275 -0.33484
131.428 -162.859 232.61 0 0 0 0.942275 -0.33484
131.531 -162.859 232.61 0 0 0 0.942275 -0.33484
131.635 -162.859 232.61 0 0 0 0.942275 -0.33484
131.739 -162.859 232.61 0 0 0 0.942275 -0.33484
131.842 -162.859 232.61 0 0 0 0.942275 -0.33484
131.946 -162.859 232.61 0 0 0 0.942275 -0.33484
132.05 -162.859 232.61 0 0 0 0.942275 -0.33484
132.154 -162.859 232.61 0 0 0 0.942275 -0.33484
132.257 -162.859 232.61 0 0 0 0.942275 -0.33484
132.361 -162.859 232.61 0 0 0 0.942275 -0.33484
132.465 -162.859 232.61 0 0 0 0.942275 -0.33484
132.568 -162.859 232.61 0 0 0 0.942275 -0.33484
132.672 -162.859 232.61 0 0 0 0.942275 -0.33484
132.776 -162.859 232.61 0 0 0 0.942275 -0.33484
132.879 -162.859 232.61 0 0 0 0.942275 -0.33484
132.983 -162.859 232.61 0 0 0 0.942275 -0.33484
133.087 -162.859 232.61 0 0 0 0.942275 -0.33484
133.191 -162.859 232.61 0 0 0 0.942275 -0.33484
133.294 -162.859 232.61 0 0 0 0.942275 -0.33484
133.398 -162.859 232.61 0 0 0 0.942275 -0.33484
133.501 -162.859 232.61 0 0 0 0.942275 -0.33484
133.605 -162.859 232.61 0 0 0 0.942275 -0.33484
133.709 -162.859 232.61 0 0 0 0.942275 -0.33484
133.813 -162.859 232.61 0 0 0 0.942275 -0.33484
133.916 -162.859 232.61 0 0 0 0.942275 -0.33484
134.02 -162.859 232.61 0 0 0 0.942275 -0.33484
134.124 -162.859 232.61 0 0 0 0.942275 -0.33484
134.228 -162.859 232.61 0 0 0 0.942275 -0.33484
134.331 -162.859 232.61 0 0 0 0.942275 -0.33484
134.435 -162.859 232.61 0 0 0 0.942275 -0.33484
134.539 -162.859 232.61 0 0 0 0.942275 -0.33484
134.643 -162.859 232.61 0 0 0 0.942275 -0.33484
134.746 -162.859 232.61 0 0 0 0.942275 -0.33484
134.85 -162.859 232.61 0 0 0 0.942275 -0.33484
134.954 -162.859 232.61 0 0 0 0.942275 -0.33484
135.057 -162.859 232.61 0 0 0 0.942275 -0.33484
135.161 -162.859 232.61 0 0 0 0.942275 -0.33484
135.265 -162.859 232.61 0 0 0 0.942275 -0.33484
135.369 -162.859 232.61 0 0 0 0.942275 -0.33484
135.472 -162.859 232.61 0 0 0 0.942275 -0.33484
135.576 -162.859 232.61 0 0 0 0.942275 -0.33484
135.68 -162.859 232.61 0 0 0 0.942275 -0.33484
135.783 -162.859 232.61 0 0 0 0.942275 -0.33484
135.887 -162.859 232.61 0 0 0 0.942275 -0.33484
135.991 -162.859 232.61 0 0 0 0.942275 -0.33484
136.095 -162.859 232.61 0 0 0 0.942275 -0.33484
136.198 -162.859 232.61 0 0 0 0.942275 -0.33484
136.302 -162.859 232.61 0 0 0 0.942275 -0.33484
136.406 -162.859 232.61 0 0 0 0.942275 -0.33484
136.509 -162.859 232.61 0 0 0 0.942275 -0.33484
136.613 -162.859 232.61 0 0 0 0.942275 -0.33484
136.717 -162.859 232.61 0 0 0 0.942275 -0.33484
136.82 -162.859 232.61 0 0 0 0.942275 -0.33484
136.924 -162.859 232.61 0 0 0 0.942275 -0.33484
137.028 -162.859 232.61 0 0 0 0.942275 -0.33484
137.132 -162.859 232.61 0 0 0 0.942275 -0.33484
137.235 -162.859 232.61 0 0 0 0.942275 -0.33484
137.339 -162.859 232.61 0 0 0 0.942275 -0.33484
137.443 -162.859 232.61 0 0 0 0.942275 -0.33484
137.547 -162.859 232.61 0 0 0 0.942275 -0.33484
137.65 -162.859 232.61 0 0 0 0.942275 -0.33484
137.754 -162.859 232.61 0 0 0 0.942275 -0.33484
137.858 -162.859 232.61 0 0 0 0.942275 -0.33484
137.962 -162.859 232.61 0 0 0 0.942275 -0.33484
138.065 -162.859 232.61 0 0 0 0.942275 -0.33484
138.169 -162.859 232.61 0 0 0 0.942275 -0.33484
138.273 -162.859 232.61 0 0 0 0.942275 -0.33484
138.376 -162.859 232.61 0 0 0 0.942275 -0.33484
138.48 -162.859 232.61 0 0 0 0.942275 -0.33484
138.584 -162.859 232.61 0 0 0 0.942275 -0.33484
138.687 -162.859 232.61 0 0 0 0.942275 -0.33484
138.791 -162.859 232.61 0 0 0 0.942275 -0.33484
138.895 -162.859 232.61 0 0 0 0.942275 -0.33484
138.999 -162.859 232.61 0 0 0 0.942275 -0.33484
139.102 -162.859 232.61 0 0 0 0.942275 -0.33484
139.206 -162.859 232.61 0 0 0 0.942275 -0.33484
139.31 -162.859 232.61 0 0 0 0.942275 -0.33484
139.413 -162.859 232.61 0 0 0 0.942275 -0.33484
139.517 -162.859 232.61 0 0 0 0.942275 -0.33484
139.621 -162.859 232.61 0 0 0 0.942275 -0.33484
139.724 -162.859 232.61 0 0 0 0.942275 -0.33484
139.828 -162.859 232.61 0 0 0 0.942275 -0.33484
139.932 -162.859 232.61 0 0 0 0.942275 -0.33484
140.036 -162.859 232.61 0 0 0 0.942275 -0.33484
140.139 -162.859 232.61 0 0 0 0.942275 -0.33484
140.243 -162.859 232.61 0 0 0 0.942275 -0.33484
140.347 -162.859 232.61 0 0 0 0.942275 -0.33484
140.45 -162.859 232.61 0 0 0 0.942275 -0.33484
140.554 -162.859 232.61 0 0 0 0.942275 -0.33484
140.658 -162.859 232.61 0 0 0 0.942275 -0.33484
140.761 -162.859 232.61 0 0 0 0.942275 -0.33484
140.865 -162.859 232.61 0 0 0 0.942275 -0.33484
140.969 -162.859 232.61 0 0 0 0.942275 -0.33484
141.072 -162.859 232.61 0 0 0 0.942275 -0.33484
141.176 -162.859 232.61 0 0 0 0.942275 -0.33484
141.28 -162.859 232.61 0 0 0 0.942275 -0.33484
141.383 -162.859 232.61 0 0 0 0.942275 -0.33484
141.487 -162.859 232.61 0 0 0 0.942275 -0.33484
141.591 -162.859 232.61 0 0 0 0.942275 -0.33484
141.695 -162.859 232.61 0 0 0 0.942275 -0.33484
141.798 -162.859 232.61 0 0 0 0.942275 -0.33484
141.902 -162.859 232.61 0 0 0 0.942275 -0.33484
142.006 -162.859 232.61 0 0 0 0.942275 -0.33484
142.109 -162.859 232.61 0 0 0 0.942275 -0.33484
142.213 -162.859 232.61 0 0 0 0.942275 -0.33484
142.317 -162.859 232.61 0 0 0 0.942275 -0.33484
142.421 -162.859 232.61 0 0 0 0.942275 -0.33484
142.524 -162.859 232.61 0 0 0 0.942275 -0.33484
142.628 -162.859 232.61 0 0 0 0.942275 -0.33484
142.732 -162.859 232.61 0 0 0 0.942275 -0.33484
142.835 -162.859 232.61 0 0 0 0.942275 -0.33484
142.939 -162.859 232.61 0 0 0 0.942275 -0.33484
143.043 -162.859 232.61 0 0 0 0.942275 -0.33484
143.146 -162.859 232.61 0 0 0 0.942275 -0.33484
143.25 -162.859 232.61 0 0 0 0.942275 -0.33484
143.354 -162.859 232.61 0 0 0 0.942275 -0.33484
143.457 -162.859 232.61 0 0 0 0.942275 -0.33484
143.561 -162.859 232.61 0 0 0 0.942275 -0.33484
143.665 -162.859 232.61 0 0 0 0.942275 -0.33484
143.768 -162.859 232.61 0 0 0 0.942275 -0.33484
143.872 -162.859 232.61 0 0 0 0.942275 -0.33484
143.976 -162.859 232.61 0 0 0 0.942275 -0.33484
144.08 -162.859 232.61 0 0 0 0.942275 -0.33484
144.183 -162.859 232.61 0 0 0 0.942275 -0.33484
144.287 -162.859 232.61 0 0 0 0.942275 -0.33484
144.391 -162.859 232.61 0 0 0 0.942275 -0.33484
