0.415872 0.317322 0.0131836 0 0 0 -0.0295638 0.999563
0.519999 0.564148 -0.157959 0 0 0 -0.0510858 0.998694
0.62412 0.765076 -0.224243 0 0 0 -0.0731669 0.99732
0.728246 0.953125 -0.281311 0 0 0 -0.0953401 0.995445
0.832496 1.17999 -0.347656 0 0 0 -0.117197 0.993109
0.936622 1.42676 -0.468811 0 0 0 -0.143566 0.989641
1.04077 1.58124 -0.496826 0 0 0 -0.170574 0.985345
1.14487 1.83997 -0.638 0 0 0 -0.195618 0.98068
1.249 2.05243 -0.813171 0 0 0 -0.222328 0.974972
1.35315 2.24091 -0.918518 0 0 0 -0.248983 0.968508
1.45712 2.53021 -1.17297 0 0 0 -0.278278 0.960501
1.56112 2.72455 -1.33813 0 0 0 -0.306354 0.951918
1.66513 2.96582 -1.62585 0 0 0 -0.336353 0.941736
1.769 3.18488 -1.75281 0 0 0 -0.360487 0.932764
1.87287 3.40967 -2.06476 0 0 0 -0.38924 0.921136
1.97677 3.63422 -2.41998 0 0 0 -0.415055 0.909796
2.0805 3.88446 -2.74811 0 0 0 -0.439397 0.898293
2.18412 4.09668 -3.12079 0 0 0 -0.459766 0.88804
2.28789 4.32288 -3.48413 0 0 0 -0.480542 0.876971
2.3915 4.54468 -3.88031 0 0 0 -0.498556 0.866858
2.49513 4.75806 -4.34827 0 0 0 -0.516586 0.856235
2.59875 4.99976 -4.84406 0 0 0 -0.533384 0.845873
2.70227 5.21112 -5.39313 0 0 0 -0.546427 0.837507
2.80587 5.36084 -5.8949 0 0 0 -0.556518 0.830836
2.90937 5.59088 -6.50537 0 0 0 -0.566759 0.823884
3.01288 5.81024 -7.1369 0 0 0 -0.572778 0.81971
3.1165 6.02838 -7.70172 0 0 0 -0.57836 0.815782
3.22012 6.25403 -8.34894 0 0 0 -0.582445 0.81287
3.32375 6.45868 -8.97607 0 0 0 -0.586033 0.810287
3.42737 6.65808 -9.64392 0 0 0 -0.591437 0.806352
3.531 6.85352 -10.3576 0 0 0 -0.595333 0.803479
3.63476 7.08063 -11.0862 0 0 0 -0.599107 0.800669
3.73839 7.24335 -11.8497 0 0 0 -0.604618 0.796515
3.84214 7.49817 -12.6358 0 0 0 -0.608714 0.79339
3.94577 7.65399 -13.421 0 0 0 -0.61389 0.789392
4.0495 7.86279 -14.2325 0 0 0 -0.618275 0.785962
4.15325 8.04724 -14.9944 0 0 0 -0.623692 0.78167
4.257 8.17749 -15.7849 0 0 0 -0.627651 0.778495
4.36075 8.3609 -16.6395 0 0 0 -0.633505 0.773739
4.46454 8.48602 -17.3854 0 0 0 -0.640687 0.767802
4.5684 8.61102 -18.207 0 0 0 -0.649416 0.760433
4.67227 8.75555 -19.0629 0 0 0 -0.658767 0.752347
4.77613 8.81586 -19.8429 0 0 0 -0.670237 0.742148
4.88013 8.87335 -20.7223 0 0 0 -0.682124 0.731237
4.98415 8.8772 -21.5474 0 0 0 -0.694617 0.719379
5.08813 8.86139 -22.3773 0 0 0 -0.706703 0.707511
5.19202 8.80682 -23.2231 0 0 0 -0.718076 0.695964
5.29588 8.74084 -24.0214 0 0 0 -0.729707 0.68376
5.39975 8.66034 -24.8571 0 0 0 -0.74115 0.671339
5.50363 8.55859 -25.7209 0 0 0 -0.7517 0.659505
5.6074 8.38373 -26.5696 0 0 0 -0.762905 0.646511
5.71125 8.23651 -27.4036 0 0 0 -0.772667 0.634811
5.815 8.06262 -28.2789 0 0 0 -0.782768 0.622314
5.91875 7.83929 -29.0826 0 0 0 -0.793471 0.608608
6.02238 7.57318 -29.9178 0 0 0 -0.799722 0.60037
6.12613 7.23572 -30.6722 0 0 0 -0.806697 0.590965
6.22977 6.9787 -31.4348 0 0 0 -0.81535 0.578968
6.3335 6.69348 -32.199 0 0 0 -0.821003 0.570924
6.43713 6.40253 -32.9573 0 0 0 -0.829104 0.559094
6.54088 6.07611 -33.7154 0 0 0 -0.835386 0.549664
6.64451 5.68378 -34.4319 0 0 0 -0.842293 0.53902
6.74825 5.30951 -35.1462 0 0 0 -0.848408 0.529344
6.85188 4.95667 -35.8889 0 0 0 -0.852632 0.522512
6.9555 4.58344 -36.6108 0 0 0 -0.855355 0.518043
7.059 4.16119 -37.3054 0 0 0 -0.860028 0.510247
7.16275 3.78149 -37.9721 0 0 0 -0.861124 0.508395
7.26638 3.36188 -38.6728 0 0 0 -0.865874 0.500262
7.37013 2.96771 -39.3348 0 0 0 0.867415 -0.497586
7.47375 2.51898 -40.0366 0 0 0 0.869506 -0.493923
7.5774 2.10339 -40.7523 0 0 0 0.870504 -0.492161
7.681 1.65411 -41.459 0 0 0 0.871716 -0.490012
7.78466 1.19354 -42.1685 0 0 0 0.870768 -0.491695
7.88828 0.715332 -42.9173 0 0 0 0.870035 -0.49299
7.99188 0.292969 -43.6736 0 0 0 0.867379 -0.497648
8.09563 -0.165283 -44.4581 0 0 0 -0.865146 0.501519
8.19939 -0.646973 -45.2437 0 0 0 -0.863862 0.503729
8.30313 -1.08942 -46.0352 0 0 0 -0.861342 0.508026
8.40701 -1.53802 -46.8226 0 0 0 -0.86033 0.509737
8.51075 -2.05652 -47.668 0 0 0 -0.861022 0.508567
8.61463 -2.48053 -48.5569 0 0 0 -0.860739 0.509046
8.71838 -2.98364 -49.4046 0 0 0 -0.8614 0.507927
8.82213 -3.46283 -50.2769 0 0 0 -0.861234 0.508208
8.92588 -3.97577 -51.173 0 0 0 -0.861491 0.507773
9.02963 -4.48627 -52.0388 0 0 0 -0.861577 0.507627
9.1335 -5.02985 -52.9785 0 0 0 -0.861666 0.507476
9.23728 -5.50763 -53.847 0 0 0 -0.862138 0.506674
9.34101 -6.03418 -54.7679 0 0 0 -0.861828 0.507201
9.44475 -6.53174 -55.6619 0 0 0 -0.862144 0.506663
9.54851 -7.05914 -56.5252 0 0 0 -0.861079 0.508471
9.65215 -7.53497 -57.428 0 0 0 -0.861039 0.508539
9.75588 -8.05475 -58.2725 0 0 0 -0.860887 0.508797
9.85963 -8.53259 -59.2051 0 0 0 -0.859839 0.510566
9.96351 -9.08636 -60.1468 0 0 0 -0.858591 0.512661
10.0673 -9.52448 -61.006 0 0 0 -0.859034 0.511919
10.1711 -9.97955 -61.8888 0 0 0 -0.859482 0.511167
10.275 -10.4828 -62.7482 0 0 0 -0.861631 0.507536
10.3789 -10.9861 -63.668 0 0 0 -0.86235 0.506312
10.4828 -11.5218 -64.5405 0 0 0 -0.864741 0.502219
10.5865 -11.9799 -65.364 0 0 0 0.866051 -0.499955
10.6904 -12.4959 -66.2243 0 0 0 0.868151 -0.4963
10.7941 -13.0198 -67.0228 0 0 0 0.869284 -0.494313
10.898 -13.5669 -67.8743 0 0 0 0.870461 -0.492238
11.0017 -14.0654 -68.6841 0 0 0 0.872067 -0.489386
11.1054 -14.563 -69.5235 0 0 0 0.873114 -0.487516
11.2091 -15.0837 -70.3223 0 0 0 0.873327 -0.487135
11.3129 -15.5769 -71.1879 0 0 0 0.87452 -0.484989
11.4166 -16.0726 -71.9925 0 0 0 0.874514 -0.485
11.5204 -16.6219 -72.8004 0 0 0 0.874509 -0.48501
11.624 -17.1252 -73.598 0 0 0 0.874962 -0.484191
11.7278 -17.6535 -74.4109 0 0 0 0.875618 -0.483005
11.8315 -18.169 -75.2042 0 0 0 0.874975 -0.484169
11.9353 -18.6998 -76.0098 0 0 0 0.875727 -0.482806
12.0389 -19.1851 -76.7781 0 0 0 0.875468 -0.483276
12.1426 -19.6824 -77.6059 0 0 0 0.876676 -0.481082
12.2464 -20.1943 -78.4002 0 0 0 0.875288 -0.483602
12.3502 -20.7097 -79.2224 0 0 0 0.874348 -0.485299
12.4539 -21.1732 -80.0001 0 0 0 0.874709 -0.484648
12.5576 -21.7088 -80.8019 0 0 0 0.873373 -0.487051
12.6614 -22.1932 -81.5689 0 0 0 0.872289 -0.488991
12.765 -22.6929 -82.3733 0 0 0 0.869356 -0.494186
12.8688 -23.1507 -83.1365 0 0 0 0.868783 -0.495192
12.9724 -23.6315 -83.9547 0 0 0 -0.864923 0.501904
13.0762 -24.0793 -84.7512 0 0 0 -0.862318 0.506367
13.1799 -24.5148 -85.5272 0 0 0 -0.858913 0.512122
13.2837 -24.9525 -86.3524 0 0 0 -0.855069 0.518514
13.3874 -25.371 -87.1841 0 0 0 -0.852005 0.523534
13.4911 -25.7884 -87.9784 0 0 0 -0.847909 0.530141
13.5949 -26.1539 -88.7822 0 0 0 -0.845468 0.534026
13.6988 -26.5641 -89.6695 0 0 0 -0.84152 0.540226
13.8025 -26.9361 -90.4539 0 0 0 -0.838615 0.544724
13.9063 -27.3073 -91.3071 0 0 0 -0.835349 0.54972
14.01 -27.6558 -92.147 0 0 0 -0.831284 0.555848
14.1138 -28.0128 -93.0217 0 0 0 -0.826807 0.562486
14.2176 -28.3384 -93.8624 0 0 0 -0.825822 0.563931
14.3215 -28.6534 -94.6769 0 0 0 -0.824261 0.566211
14.4254 -28.9547 -95.5201 0 0 0 -0.822965 0.568092
14.5293 -29.2828 -96.3643 0 0 0 -0.822372 0.56895
14.6331 -29.585 -97.1987 0 0 0 -0.82087 0.571116
14.7369 -29.9125 -98.0513 0 0 0 -0.818237 0.574881
14.8408 -30.2115 -98.9114 0 0 0 -0.817082 0.576522
14.9445 -30.5237 -99.7845 0 0 0 -0.814611 0.580008
15.0483 -30.7898 -100.599 0 0 0 -0.814354 0.580369
15.152 -31.0839 -101.478 0 0 0 -0.811955 0.583721
15.2558 -31.3484 -102.345 0 0 0 -0.809631 0.586939
15.3595 -31.6238 -103.197 0 0 0 -0.808025 0.589149
15.4633 -31.8972 -104.021 0 0 0 -0.806166 0.59169
15.5671 -32.1572 -104.89 0 0 0 -0.803811 0.594885
15.6709 -32.4221 -105.75 0 0 0 -0.801084 0.598552
15.7746 -32.6497 -106.62 0 0 0 -0.799718 0.600376
15.8784 -32.9227 -107.484 0 0 0 -0.797222 0.603686
15.9822 -33.1538 -108.311 0 0 0 -0.795475 0.605986
16.0861 -33.3768 -109.146 0 0 0 -0.794068 0.607829
16.1898 -33.5997 -109.998 0 0 0 -0.791053 0.611748
16.2935 -33.8422 -110.845 0 0 0 -0.78872 0.614753
16.3973 -34.0757 -111.747 0 0 0 -0.786849 0.617146
16.501 -34.2875 -112.586 0 0 0 -0.784216 0.620488
16.6048 -34.4673 -113.407 0 0 0 -0.7845 0.620129
16.7086 -34.7171 -114.335 0 0 0 -0.781811 0.623515
16.8124 -34.8859 -115.164 0 0 0 -0.780861 0.624705
16.9162 -35.087 -116.048 0 0 0 -0.780008 0.62577
17.02 -35.2845 -116.919 0 0 0 -0.777308 0.62912
17.1238 -35.4761 -117.753 0 0 0 -0.777961 0.628312
17.2275 -35.6548 -118.644 0 0 0 -0.775151 0.631777
17.3314 -35.8438 -119.521 0 0 0 -0.77319 0.634174
17.4351 -36.0076 -120.436 0 0 0 -0.773243 0.63411
17.539 -36.1948 -121.343 0 0 0 -0.77053 0.637403
17.6429 -36.3677 -122.192 0 0 0 -0.770767 0.637117
17.7466 -36.5421 -123.034 0 0 0 -0.771947 0.635687
17.8505 -36.7232 -123.916 0 0 0 -0.769998 0.638046
17.9543 -36.8965 -124.782 0 0 0 -0.769618 0.638504
18.0581 -37.0589 -125.601 0 0 0 -0.769699 0.638407
18.1619 -37.2154 -126.476 0 0 0 -0.769953 0.6381
18.2658 -37.3824 -127.339 0 0 0 -0.769531 0.638609
18.3696 -37.5482 -128.225 0 0 0 -0.768628 0.639696
18.4734 -37.7172 -129.05 0 0 0 -0.768894 0.639376
18.5772 -37.8638 -129.874 0 0 0 -0.77009 0.637936
18.681 -38.0101 -130.716 0 0 0 -0.768817 0.639468
18.7849 -38.1539 -131.464 0 0 0 -0.768801 0.639488
18.8885 -38.289 -132.267 0 0 0 -0.769311 0.638875
18.9924 -38.451 -133.057 0 0 0 -0.769212 0.638994
19.096 -38.6058 -133.914 0 0 0 -0.768999 0.63925
19.1999 -38.7772 -134.789 0 0 0 -0.76813 0.640294
19.3035 -38.9269 -135.582 0 0 0 -0.766126 0.64269
19.4074 -39.0606 -136.338 0 0 0 -0.766063 0.642766
19.5112 -39.2274 -137.201 0 0 0 -0.764856 0.644201
19.6148 -39.3524 -138.009 0 0 0 -0.763614 0.645673
19.7184 -39.4922 -138.833 0 0 0 -0.760549 0.649281
19.8221 -39.6041 -139.633 0 0 0 -0.758616 0.651538
19.9257 -39.7418 -140.488 0 0 0 -0.754838 0.655911
20.0294 -39.8331 -141.232 0 0 0 -0.751245 0.660024
20.2366 -39.9666 -142.244 0 0 0 -0.743831 0.668368
20.3404 -39.896 -142.183 0 0 0 -0.745668 0.666317
20.444 -39.8951 -142.159 0 0 0 -0.74472 0.667377
20.5478 -39.8599 -142.053 0 0 0 -0.746654 0.665213
20.6515 -39.8229 -141.854 0 0 0 -0.750546 0.660819
20.7553 -39.8179 -141.837 0 0 0 -0.754894 0.655847
20.8591 -39.6721 -141.368 0 0 0 -0.760772 0.649019
20.9629 -39.6664 -141.175 0 0 0 -0.755941 0.65464
21.0668 -39.5649 -140.845 0 0 0 -0.760706 0.649097
21.1706 -39.4805 -140.667 0 0 0 -0.759928 0.650008
21.2745 -39.4896 -140.724 0 0 0 -0.759719 0.650251
21.3785 -39.4894 -140.674 0 0 0 -0.760639 0.649175
21.4825 -39.4525 -140.708 0 0 0 -0.763041 0.64635
21.5864 -39.5386 -140.829 0 0 0 -0.77034 0.637633
21.6904 -39.5284 -140.784 0 0 0 -0.771213 0.636578
21.7943 -39.548 -140.772 0 0 0 -0.774654 0.632385
21.8983 -39.5506 -140.672 0 0 0 -0.77443 0.63266
22.0021 -39.5705 -140.67 0 0 0 -0.779636 0.626233
22.1061 -39.6594 -141.001 0 0 0 -0.779939 0.625856
22.2101 -39.791 -141.454 0 0 0 -0.784802 0.619747
22.3139 -39.9664 -142.201 0 0 0 -0.786172 0.618008
22.4178 -40.1283 -142.883 0 0 0 -0.788247 0.615359
22.5215 -40.3194 -143.649 0 0 0 -0.79061 0.61232
22.6254 -40.5072 -144.285 0 0 0 -0.792713 0.609595
22.7292 -40.7179 -145.003 0 0 0 -0.793212 0.608945
22.8329 -40.918 -145.684 0 0 0 -0.793461 0.608621
22.9365 -41.1166 -146.376 0 0 0 -0.793852 0.608111
23.0401 -41.3177 -147.037 0 0 0 -0.792173 0.610297
23.1438 -41.4976 -147.728 0 0 0 -0.790321 0.612694
23.2474 -41.67 -148.415 0 0 0 -0.787624 0.616156
23.351 -41.8353 -149.055 0 0 0 -0.782254 0.622959
23.4547 -41.9839 -149.73 0 0 0 -0.778571 0.627556
23.5583 -42.1273 -150.439 0 0 0 -0.772938 0.634482
23.662 -42.23 -151.084 0 0 0 -0.767493 0.641057
23.7656 -42.3582 -151.754 0 0 0 -0.762068 0.647497
23.8694 -42.4565 -152.444 0 0 0 -0.755633 0.654996
23.973 -42.5623 -153.106 0 0 0 -0.750537 0.660829
24.0768 -42.6281 -153.746 0 0 0 -0.744298 0.667847
24.1805 -42.6971 -154.349 0 0 0 -0.738162 0.674624
24.2842 -42.7409 -154.955 0 0 0 -0.733798 0.679367
24.3879 -42.7852 -155.612 0 0 0 -0.72771 0.685885
24.4916 -42.812 -156.232 0 0 0 -0.721851 0.692049
24.5954 -42.8531 -156.904 0 0 0 -0.716515 0.697572
24.6993 -42.8685 -157.509 0 0 0 -0.71395 0.700197
24.8031 -42.8753 -158.152 0 0 0 -0.710487 0.70371
24.9068 -42.8572 -158.781 0 0 0 -0.706323 0.707889
25.0105 -42.8406 -159.33 0 0 0 -0.702499 0.711685
25.1143 -42.8362 -159.967 0 0 0 -0.700241 0.713907
25.218 -42.8203 -160.565 0 0 0 -0.697606 0.716482
25.3218 -42.8023 -161.199 0 0 0 -0.695847 0.71819
25.4255 -42.7828 -161.854 0 0 0 -0.69138 0.722492
25.5294 -42.7673 -162.443 0 0 0 -0.691285 0.722582
25.6332 -42.7298 -163.145 0 0 0 -0.690302 0.723521
25.737 -42.713 -163.688 0 0 0 -0.690512 0.723321
25.8408 -42.6781 -164.358 0 0 0 -0.689681 0.724114
25.9445 -42.6433 -165.002 0 0 0 -0.689286 0.724489
26.0481 -42.6125 -165.637 0 0 0 -0.688505 0.725232
26.1519 -42.5824 -166.302 0 0 0 -0.686964 0.726691
26.2555 -42.5255 -166.92 0 0 0 -0.684385 0.729121
26.3591 -42.5113 -167.58 0 0 0 -0.683525 0.729927
26.4628 -42.4827 -168.242 0 0 0 -0.680637 0.73262
26.5666 -42.4226 -168.908 0 0 0 -0.676727 0.736234
26.6703 -42.3565 -169.551 0 0 0 -0.671218 0.74126
26.7739 -42.2772 -170.181 0 0 0 -0.665918 0.746025
26.8777 -42.1934 -170.849 0 0 0 -0.662322 0.749219
26.9813 -42.1034 -171.503 0 0 0 -0.657546 0.753414
27.085 -42.0124 -172.172 0 0 0 -0.653054 0.757312
27.1888 -41.9017 -172.831 0 0 0 -0.648029 0.761616
27.2925 -41.7715 -173.5 0 0 0 -0.642714 0.766106
27.3963 -41.6508 -174.159 0 0 0 -0.639364 0.768905
27.5 -41.5104 -174.858 0 0 0 -0.636369 0.771385
27.6039 -41.3843 -175.536 0 0 0 -0.634786 0.772688
27.7078 -41.2657 -176.247 0 0 0 -0.633737 0.773548
27.8116 -41.1113 -176.952 0 0 0 -0.633191 0.773996
27.9155 -40.9644 -177.671 0 0 0 -0.633874 0.773436
28.0194 -40.8328 -178.393 0 0 0 -0.634812 0.772666
28.1233 -40.6997 -179.09 0 0 0 -0.633974 0.773354
28.2271 -40.5821 -179.807 0 0 0 -0.635084 0.772443
28.3309 -40.446 -180.535 0 0 0 -0.635426 0.772162
28.4348 -40.2974 -181.302 0 0 0 -0.635707 0.771931
28.5387 -40.1638 -181.99 0 0 0 -0.635743 0.771901
28.6424 -40.0284 -182.734 0 0 0 -0.636269 0.771467
28.7461 -39.8774 -183.474 0 0 0 -0.637124 0.770761
28.8499 -39.7496 -184.2 0 0 0 -0.636752 0.771069
28.9538 -39.6105 -184.972 0 0 0 -0.637182 0.770713
29.0575 -39.4933 -185.704 0 0 0 -0.639539 0.768759
29.1613 -39.3574 -186.446 0 0 0 -0.639456 0.768828
29.2649 -39.2254 -187.182 0 0 0 -0.638947 0.769251
29.3687 -39.0912 -187.953 0 0 0 -0.641796 0.766875
29.4725 -38.9473 -188.665 0 0 0 -0.643385 0.765543
29.5763 -38.8388 -189.389 0 0 0 -0.64512 0.764081
29.6802 -38.7508 -190.084 0 0 0 -0.648329 0.76136
29.7839 -38.6321 -190.823 0 0 0 -0.652894 0.757449
29.8878 -38.5415 -191.567 0 0 0 -0.656652 0.754194
29.9917 -38.4534 -192.278 0 0 0 -0.660206 0.751084
30.0955 -38.3768 -193.016 0 0 0 -0.665253 0.746618
30.1993 -38.2878 -193.788 0 0 0 -0.669842 0.742504
30.303 -38.2284 -194.502 0 0 0 -0.672299 0.74028
30.4068 -38.149 -195.264 0 0 0 -0.673712 0.738994
30.5104 -38.0967 -195.978 0 0 0 -0.674027 0.738707
30.614 -38.0298 -196.724 0 0 0 -0.675146 0.737684
30.7178 -37.968 -197.484 0 0 0 -0.676605 0.736346
30.8214 -37.9141 -198.212 0 0 0 -0.675401 0.73745
30.9252 -37.8279 -198.985 0 0 0 -0.676304 0.736623
31.0288 -37.7676 -199.726 0 0 0 -0.675192 0.737642
31.1325 -37.7294 -200.477 0 0 0 -0.674289 0.738468
31.2363 -37.6647 -201.248 0 0 0 -0.674663 0.738126
31.34 -37.5862 -202.019 0 0 0 -0.673079 0.73957
31.4436 -37.5092 -202.819 0 0 0 -0.671853 0.740685
31.5474 -37.42 -203.594 0 0 0 -0.669182 0.743099
31.651 -37.3405 -204.368 0 0 0 -0.667192 0.744886
31.7548 -37.2625 -205.134 0 0 0 -0.665483 0.746413
31.8585 -37.174 -205.895 0 0 0 -0.663955 0.747773
31.9623 -37.0967 -206.692 0 0 0 -0.662862 0.748742
32.066 -36.9918 -207.499 0 0 0 -0.66125 0.750166
32.1697 -36.8931 -208.261 0 0 0 -0.659324 0.751859
32.2734 -36.7867 -209.064 0 0 0 -0.657639 0.753333
32.3772 -36.7051 -209.818 0 0 0 -0.656356 0.754452
32.4809 -36.5992 -210.603 0 0 0 -0.65529 0.755378
32.5845 -36.4844 -211.418 0 0 0 -0.653389 0.757022
32.6883 -36.3829 -212.228 0 0 0 -0.651768 0.758419
32.7919 -36.2638 -212.989 0 0 0 -0.649701 0.76019
32.8957 -36.1255 -213.809 0 0 0 -0.647319 0.76222
32.9994 -35.9872 -214.595 0 0 0 -0.646345 0.763046
33.1032 -35.8601 -215.374 0 0 0 -0.643671 0.765302
33.2068 -35.7314 -216.131 0 0 0 -0.64124 0.76734
33.3105 -35.5826 -216.911 0 0 0 -0.640321 0.768108
33.4143 -35.4231 -217.668 0 0 0 -0.639405 0.76887
33.5182 -35.2844 -218.419 0 0 0 -0.63716 0.770731
33.6218 -35.1431 -219.206 0 0 0 -0.636695 0.771116
33.7255 -35.0035 -220.017 0 0 0 -0.63568 0.771953
33.8293 -34.8619 -220.779 0 0 0 -0.635041 0.772478
33.933 -34.7 -221.587 0 0 0 -0.634577 0.77286
34.0367 -34.5651 -222.307 0 0 0 -0.631974 0.774989
34.1404 -34.4037 -223.091 0 0 0 -0.629929 0.776653
34.244 -34.2313 -223.882 0 0 0 -0.628694 0.777653
34.3478 -34.0689 -224.625 0 0 0 -0.627535 0.778588
34.4515 -33.8953 -225.402 0 0 0 -0.625208 0.780458
34.5552 -33.7226 -226.178 0 0 0 -0.623484 0.781836
34.6589 -33.5519 -226.958 0 0 0 -0.621617 0.783321
34.7625 -33.3723 -227.747 0 0 0 -0.620699 0.784049
34.8663 -33.1891 -228.508 0 0 0 -0.61971 0.784831
34.97 -33.0052 -229.297 0 0 0 -0.619064 0.78534
35.0739 -32.8186 -230.103 0 0 0 -0.618774 0.785569
35.1776 -32.6363 -230.908 0 0 0 -0.617829 0.786313
35.2813 -32.438 -231.678 0 0 0 -0.616505 0.787351
35.3851 -32.2574 -232.455 0 0 0 -0.617214 0.786795
35.4887 -32.0662 -233.244 0 0 0 -0.617102 0.786883
35.5924 -31.8727 -234.021 0 0 0 -0.616752 0.787158
35.6962 -31.6803 -234.819 0 0 0 -0.616636 0.787249
35.7998 -31.5003 -235.597 0 0 0 -0.616326 0.787491
35.9035 -31.3101 -236.365 0 0 0 -0.615626 0.788038
36.0072 -31.1175 -237.18 0 0 0 -0.614805 0.788679
36.1109 -30.9144 -237.972 0 0 0 -0.614306 0.789068
36.2145 -30.7184 -238.772 0 0 0 -0.61413 0.789205
36.3183 -30.5065 -239.572 0 0 0 -0.613436 0.789744
36.422 -30.3239 -240.352 0 0 0 -0.6133 0.78985
36.5258 -30.1343 -241.137 0 0 0 -0.612939 0.79013
36.6295 -29.9307 -241.928 0 0 0 -0.612994 0.790087
36.7333 -29.7206 -242.73 0 0 0 -0.612433 0.790523
36.837 -29.5075 -243.521 0 0 0 -0.610345 0.792135
36.9408 -29.2969 -244.302 0 0 0 -0.608432 0.793606
37.0445 -29.0985 -245.113 0 0 0 -0.606705 0.794927
37.1483 -28.8815 -245.882 0 0 0 -0.604841 0.796347
37.252 -28.6533 -246.668 0 0 0 -0.602843 0.79786
37.3557 -28.418 -247.467 0 0 0 -0.599728 0.800204
37.4594 -28.171 -248.286 0 0 0 -0.595515 0.803344
37.563 -27.9551 -249.038 0 0 0 -0.590485 0.807049
37.6667 -27.7127 -249.836 0 0 0 -0.585461 0.8107
37.7703 -27.4454 -250.605 0 0 0 -0.578931 0.815376
37.874 -27.1716 -251.392 0 0 0 -0.572801 0.819694
37.9778 -26.8784 -252.143 0 0 0 -0.566746 0.823893
38.0815 -26.5721 -252.912 0 0 0 -0.559716 0.828685
38.1853 -26.2154 -253.704 0 0 0 -0.556927 0.830561
38.2892 -25.8653 -254.463 0 0 0 -0.555889 0.831257
38.3932 -25.5379 -255.208 0 0 0 -0.553244 0.833019
38.4972 -25.197 -255.969 0 0 0 -0.555718 0.831371
38.6012 -24.8574 -256.737 0 0 0 -0.559104 0.829098
38.7052 -24.619 -257.494 0 0 0 -0.564225 0.825621
38.8093 -24.3889 -258.234 0 0 0 -0.569662 0.821879
38.9133 -24.11 -259.031 0 0 0 -0.573574 0.819154
39.0172 -23.8441 -259.83 0 0 0 -0.577745 0.816217
39.1212 -23.6218 -260.592 0 0 0 -0.581985 0.8132
39.225 -23.3544 -261.373 0 0 0 -0.586045 0.810278
39.3289 -23.1084 -262.167 0 0 0 -0.590568 0.806988
39.4327 -22.877 -262.936 0 0 0 -0.59337 0.80493
39.5364 -22.6321 -263.72 0 0 0 -0.597076 0.802184
39.6402 -22.4197 -264.496 0 0 0 -0.599814 0.80014
39.7438 -22.2089 -265.288 0 0 0 -0.601575 0.798817
39.8476 -21.9859 -266.082 0 0 0 -0.604967 0.79625
39.9513 -21.778 -266.879 0 0 0 -0.606127 0.795368
40.055 -21.5471 -267.69 0 0 0 -0.606396 0.795163
40.1587 -21.3185 -268.479 0 0 0 -0.607153 0.794585
40.2624 -21.1063 -269.273 0 0 0 -0.608778 0.793341
40.3662 -20.9019 -270.074 0 0 0 -0.610198 0.792249
40.4699 -20.6959 -270.904 0 0 0 -0.608454 0.793589
40.5735 -20.4855 -271.743 0 0 0 -0.608971 0.793193
40.6773 -20.2787 -272.547 0 0 0 -0.608827 0.793303
40.781 -20.0626 -273.377 0 0 0 -0.60805 0.793898
40.8848 -19.8261 -274.199 0 0 0 -0.607533 0.794294
40.9884 -19.6161 -275.014 0 0 0 -0.605304 0.795994
41.0922 -19.3621 -275.851 0 0 0 -0.604395 0.796685
41.1958 -19.1312 -276.701 0 0 0 -0.602796 0.797896
41.2994 -18.8835 -277.537 0 0 0 -0.600074 0.799945
41.4032 -18.6473 -278.363 0 0 0 -0.598076 0.80144
41.5068 -18.4299 -279.2 0 0 0 -0.597212 0.802083
41.6105 -18.1563 -280.034 0 0 0 -0.593279 0.804997
41.7142 -17.8884 -280.881 0 0 0 -0.589609 0.807689
41.8179 -17.6175 -281.733 0 0 0 -0.587549 0.809189
41.9215 -17.3223 -282.591 0 0 0 -0.585176 0.810907
42.0253 -17.0086 -283.442 0 0 0 -0.580068 0.814568
42.1289 -16.7268 -284.281 0 0 0 -0.577919 0.816094
42.2327 -16.4127 -285.124 0 0 0 -0.572872 0.819645
42.3363 -16.1229 -285.951 0 0 0 -0.570814 0.82108
42.44 -15.8013 -286.794 0 0 0 -0.566588 0.824001
42.5438 -15.4847 -287.629 0 0 0 -0.563318 0.82624
42.6474 -15.1691 -288.481 0 0 0 -0.559766 0.828651
42.7512 -14.8345 -289.32 0 0 0 -0.556478 0.830862
42.8548 -14.4656 -290.168 0 0 0 -0.552542 0.833485
42.9585 -14.1051 -291.051 0 0 0 -0.549246 0.835661
43.0623 -13.7498 -291.889 0 0 0 -0.544896 0.838503
43.1661 -13.3625 -292.722 0 0 0 -0.541832 0.840487
43.2698 -12.981 -293.561 0 0 0 -0.537312 0.843383
43.3736 -12.5544 -294.418 0 0 0 -0.534241 0.845332
43.4773 -12.1634 -295.274 0 0 0 -0.532112 0.846674
43.581 -11.7595 -296.132 0 0 0 -0.529349 0.848404
43.6849 -11.3453 -296.968 0 0 0 -0.527859 0.849332
43.7887 -10.9257 -297.793 0 0 0 -0.525639 0.850708
43.8924 -10.4717 -298.667 0 0 0 -0.521719 0.853117
43.9961 -10.0653 -299.505 0 0 0 -0.519483 0.854481
44.1 -9.6178 -300.335 0 0 0 -0.517497 0.855685
44.2036 -9.17072 -301.185 0 0 0 -0.514132 0.857711
44.3073 -8.72809 -302.018 0 0 0 -0.512677 0.858582
44.411 -8.2702 -302.839 0 0 0 -0.510202 0.860054
44.5148 -7.82568 -303.681 0 0 0 -0.507795 0.861478
44.6185 -7.38208 -304.542 0 0 0 -0.505446 0.862858
44.7223 -6.92316 -305.367 0 0 0 -0.502077 0.864823
44.8262 -6.45416 -306.178 0 0 0 -0.500805 0.86556
44.9298 -5.9668 -307.024 0 0 0 -0.497856 0.86726
45.0335 -5.49524 -307.847 0 0 0 -0.495909 0.868374
45.1373 -5.00214 -308.682 0 0 0 -0.493215 0.869907
45.241 -4.51215 -309.483 0 0 0 -0.490289 0.87156
45.3448 -4.03009 -310.286 0 0 0 -0.487285 0.873243
45.4485 -3.55475 -311.087 0 0 0 -0.486559 0.873648
45.5523 -3.05823 -311.877 0 0 0 -0.483043 0.875596
45.6562 -2.55347 -312.663 0 0 0 -0.481936 0.876206
45.7599 -2.02753 -313.471 0 0 0 -0.478975 0.877828
45.8637 -1.53809 -314.261 0 0 0 -0.47753 0.878615
45.9674 -1.02094 -315.047 0 0 0 -0.475794 0.879557
46.0713 -0.509033 -315.85 0 0 0 -0.472435 0.881366
46.175 -0.0214844 -316.629 0 0 0 -0.471866 0.88167
46.2788 0.511658 -317.398 0 0 0 -0.470139 0.882593
46.3827 1.03632 -318.16 0 0 0 -0.46915 0.883118
46.4865 1.55377 -318.958 0 0 0 -0.467119 0.884194
46.5904 2.07977 -319.738 0 0 0 -0.468745 0.883333
46.6942 2.60565 -320.527 0 0 0 -0.467589 0.883946
46.798 3.11871 -321.298 0 0 0 -0.469757 0.882796
46.9019 3.65472 -322.089 0 0 0 -0.471664 0.881779
47.0058 4.15717 -322.88 0 0 0 -0.473799 0.880633
47.1097 4.67084 -323.667 0 0 0 -0.476575 0.879134
47.2136 5.19562 -324.496 0 0 0 -0.479722 0.877421
47.3174 5.69928 -325.3 0 0 0 -0.482441 0.875929
47.4212 6.19098 -326.108 0 0 0 -0.486464 0.873701
47.5251 6.67371 -326.93 0 0 0 -0.490168 0.871628
47.6288 7.16058 -327.725 0 0 0 -0.494001 0.869461
47.7327 7.67529 -328.598 0 0 0 -0.497918 0.867224
47.8364 8.14355 -329.427 0 0 0 -0.502046 0.864841
47.9402 8.60699 -330.266 0 0 0 -0.505112 0.863054
48.0439 9.06488 -331.135 0 0 0 -0.508621 0.860991
48.1477 9.51758 -331.96 0 0 0 -0.513023 0.858375
48.2514 9.98334 -332.828 0 0 0 -0.516264 0.85643
48.355 10.442 -333.714 0 0 0 -0.518274 0.855215
48.4588 10.8952 -334.578 0 0 0 -0.521715 0.85312
48.5625 11.3273 -335.464 0 0 0 -0.524655 0.851315
48.6662 11.7658 -336.353 0 0 0 -0.52675 0.850021
48.7699 12.197 -337.227 0 0 0 -0.529775 0.848138
48.8736 12.6417 -338.15 0 0 0 -0.531657 0.84696
48.9773 13.0622 -339.04 0 0 0 -0.534257 0.845322
49.0809 13.4812 -339.942 0 0 0 -0.535623 0.844457
49.1847 13.8962 -340.851 0 0 0 -0.538083 0.842892
49.2883 14.3205 -341.785 0 0 0 -0.539863 0.841753
49.3921 14.737 -342.714 0 0 0 -0.54186 0.840469
49.4958 15.1378 -343.634 0 0 0 -0.543382 0.839486
49.5994 15.5571 -344.543 0 0 0 -0.545015 0.838427
49.7032 15.9471 -345.457 0 0 0 -0.546225 0.837639
49.8068 16.3486 -346.394 0 0 0 -0.548754 0.835984
49.9105 16.7448 -347.315 0 0 0 -0.549972 0.835183
50.0142 17.1439 -348.277 0 0 0 -0.551315 0.834297
50.118 17.541 -349.197 0 0 0 -0.551067 0.834461
50.2216 17.9217 -350.118 0 0 0 -0.551676 0.834058
50.3253 18.3176 -351.065 0 0 0 -0.552663 0.833405
50.429 18.7236 -352.035 0 0 0 -0.552514 0.833503
50.5327 19.0972 -352.948 0 0 0 -0.553353 0.832947
50.6365 19.4866 -353.884 0 0 0 -0.55341 0.832909
50.7402 19.8713 -354.824 0 0 0 -0.553855 0.832613
50.844 20.2391 -355.743 0 0 0 -0.554592 0.832122
50.9476 20.6348 -356.693 0 0 0 -0.555506 0.831512
51.0512 21.0175 -357.637 0 0 0 -0.555228 0.831698
51.1549 21.3875 -358.582 0 0 0 -0.555568 0.831471
51.2586 21.7762 -359.512 0 0 0 -0.55611 0.831109
51.3623 22.1407 -360.427 0 0 0 -0.555187 0.831725
51.4659 22.5201 -361.313 0 0 0 -0.555287 0.831659
51.5697 22.914 -362.285 0 0 0 -0.555131 0.831763
51.6733 23.29 -363.201 0 0 0 -0.55549 0.831523
51.7769 23.6767 -364.147 0 0 0 -0.55609 0.831122
51.8807 24.062 -365.103 0 0 0 -0.554859 0.831945
51.9843 24.4404 -366.022 0 0 0 -0.554925 0.8319
52.0881 24.8177 -366.933 0 0 0 -0.55643 0.830894
52.1917 25.1981 -367.891 0 0 0 -0.555626 0.831432
52.2954 25.5716 -368.818 0 0 0 -0.555333 0.831628
52.3992 25.9736 -369.779 0 0 0 -0.555169 0.831738
52.5029 26.3374 -370.699 0 0 0 -0.553121 0.833101
52.6067 26.6866 -371.593 0 0 0 -0.552862 0.833273
52.7104 27.0582 -372.536 0 0 0 -0.55249 0.83352
52.8142 27.4504 -373.454 0 0 0 -0.552639 0.833421
52.9179 27.8348 -374.396 0 0 0 -0.552883 0.833259
53.0217 28.2006 -375.284 0 0 0 -0.551215 0.834363
53.1254 28.5688 -376.15 0 0 0 -0.550088 0.835106
53.2292 28.9324 -377.058 0 0 0 -0.548605 0.836082
53.3329 29.3063 -377.939 0 0 0 -0.548514 0.836141
53.4366 29.6642 -378.79 0 0 0 -0.548638 0.83606
53.5403 30.0293 -379.631 0 0 0 -0.546174 0.837672
53.6441 30.3892 -380.426 0 0 0 -0.544743 0.838603
53.7478 30.7612 -381.259 0 0 0 -0.546396 0.837527
53.8516 31.1069 -382.055 0 0 0 -0.545129 0.838352
53.9553 31.4616 -382.844 0 0 0 -0.546269 0.83761
54.0591 31.7863 -383.623 0 0 0 -0.545201 0.838305
54.1628 32.1222 -384.393 0 0 0 -0.546625 0.837377
54.2665 32.4326 -385.109 0 0 0 -0.547287 0.836945
54.3702 32.7394 -385.848 0 0 0 -0.546916 0.837188
54.4739 33.0456 -386.574 0 0 0 -0.546123 0.837705
54.5776 33.3432 -387.292 0 0 0 -0.547725 0.836658
54.6813 33.6479 -388.014 0 0 0 -0.54767 0.836694
54.7851 33.9339 -388.701 0 0 0 -0.549327 0.835608
54.8888 34.2181 -389.386 0 0 0 -0.551657 0.834071
54.9927 34.5052 -390.063 0 0 0 -0.555195 0.83172
55.0964 34.7511 -390.654 0 0 0 -0.557291 0.830317
55.2002 35.0341 -391.347 0 0 0 -0.560775 0.827968
55.3041 35.2829 -391.979 0 0 0 -0.563977 0.82579
55.4078 35.5341 -392.628 0 0 0 -0.568134 0.822936
55.5117 35.7867 -393.306 0 0 0 -0.573027 0.819537
55.6154 36.017 -393.996 0 0 0 -0.578018 0.816024
55.7192 36.2427 -394.667 0 0 0 -0.581744 0.813372
55.8229 36.4676 -395.354 0 0 0 -0.587261 0.809398
55.9267 36.674 -396.03 0 0 0 -0.592089 0.805873
56.0304 36.877 -396.719 0 0 0 -0.595143 0.80362
56.134 37.0879 -397.422 0 0 0 -0.599271 0.800546
56.2378 37.2521 -398.162 0 0 0 -0.601826 0.798627
56.3416 37.4697 -398.871 0 0 0 -0.603993 0.796989
56.4454 37.6452 -399.602 0 0 0 -0.606628 0.794986
56.5491 37.8522 -400.3 0 0 0 -0.60874 0.79337
56.6529 38.0229 -401.055 0 0 0 -0.61013 0.792301
56.7567 38.1974 -401.824 0 0 0 -0.612578 0.79041
56.8604 38.38 -402.537 0 0 0 -0.613764 0.789489
56.9643 38.555 -403.317 0 0 0 -0.615566 0.788085
57.0681 38.7326 -404.062 0 0 0 -0.619261 0.785185
57.1719 38.9059 -404.875 0 0 0 -0.620793 0.783975
57.2756 39.0712 -405.66 0 0 0 -0.622171 0.782881
57.3793 39.2368 -406.44 0 0 0 -0.625409 0.780297
57.4831 39.3971 -407.22 0 0 0 -0.627565 0.778564
57.5868 39.5479 -407.982 0 0 0 -0.630049 0.776555
57.6906 39.7086 -408.766 0 0 0 -0.631669 0.775238
57.7943 39.8593 -409.547 0 0 0 -0.635522 0.772083
57.8982 39.9869 -410.284 0 0 0 -0.63831 0.769779
58.0019 40.1115 -411.051 0 0 0 -0.642621 0.766184
58.1058 40.2228 -411.763 0 0 0 -0.646441 0.762964
58.2097 40.3416 -412.533 0 0 0 -0.649256 0.76057
58.3134 40.4381 -413.281 0 0 0 -0.655369 0.755309
58.4173 40.5265 -414.005 0 0 0 -0.659004 0.75214
58.5211 40.6047 -414.721 0 0 0 -0.663063 0.748564
58.6249 40.6714 -415.444 0 0 0 -0.66818 0.744
58.7287 40.7383 -416.144 0 0 0 -0.673978 0.738751
58.8327 40.7853 -416.843 0 0 0 -0.681644 0.731684
58.9366 40.811 -417.569 0 0 0 -0.688862 0.724893
59.0404 40.8325 -418.251 0 0 0 -0.696606 0.717454
59.1443 40.8312 -418.983 0 0 0 -0.703228 0.710964
59.2482 40.8116 -419.722 0 0 0 -0.710978 0.703214
59.3521 40.7811 -420.407 0 0 0 -0.718813 0.695203
59.4558 40.7477 -421.155 0 0 0 -0.725291 0.688443
59.5596 40.6888 -421.878 0 0 0 -0.730376 0.683045
59.6633 40.6007 -422.614 0 0 0 -0.735908 0.677082
59.7669 40.5225 -423.412 0 0 0 -0.740114 0.672482
59.8707 40.4533 -424.134 0 0 0 -0.743481 0.668757
59.9743 40.3785 -424.899 0 0 0 -0.746734 0.665123
60.0781 40.2548 -425.644 0 0 0 -0.750034 0.6614
60.1818 40.1605 -426.398 0 0 0 -0.753068 0.657943
60.2856 40.0303 -427.195 0 0 0 -0.75568 0.654941
60.3893 39.939 -427.931 0 0 0 -0.756486 0.65401
60.4931 39.8334 -428.655 0 0 0 -0.75986 0.650087
60.5968 39.7044 -429.427 0 0 0 -0.762468 0.647026
60.7006 39.5871 -430.188 0 0 0 -0.762824 0.646606
60.8042 39.4632 -430.987 0 0 0 -0.762285 0.647241
60.908 39.3249 -431.777 0 0 0 -0.762717 0.646732
61.0116 39.2021 -432.5 0 0 0 -0.764359 0.644791
61.1153 39.0837 -433.233 0 0 0 -0.762239 0.647296
61.2189 38.9775 -433.956 0 0 0 -0.762743 0.646701
61.3227 38.8634 -434.679 0 0 0 -0.759778 0.650182
61.4264 38.7343 -435.477 0 0 0 -0.758572 0.65159
61.5302 38.6257 -436.2 0 0 0 -0.758137 0.652095
61.6338 38.5096 -436.96 0 0 0 -0.756468 0.654031
61.7376 38.3927 -437.62 0 0 0 -0.7571 0.653299
61.8413 38.2961 -438.322 0 0 0 -0.756076 0.654484
61.9451 38.1912 -439.026 0 0 0 -0.754692 0.656079
62.0488 38.0795 -439.691 0 0 0 -0.754375 0.656444
62.1526 37.9982 -440.379 0 0 0 -0.754447 0.656361
62.2564 37.901 -440.991 0 0 0 -0.754297 0.656534
62.3601 37.8149 -441.65 0 0 0 -0.754817 0.655936
62.464 37.7153 -442.287 0 0 0 -0.757651 0.65266
62.5679 37.5961 -442.931 0 0 0 -0.760827 0.648955
62.6718 37.4899 -443.557 0 0 0 -0.766353 0.64242
62.7758 37.367 -444.222 0 0 0 -0.772683 0.634792
62.8798 37.2304 -444.802 0 0 0 -0.778521 0.627618
62.9837 37.0877 -445.373 0 0 0 -0.783309 0.621633
63.0876 36.9362 -445.944 0 0 0 -0.788909 0.614511
63.1914 36.7781 -446.465 0 0 0 -0.794244 0.607599
63.2954 36.6221 -447.003 0 0 0 -0.799401 0.600798
63.3993 36.4728 -447.491 0 0 0 -0.80547 0.592636
63.5032 36.3099 -447.948 0 0 0 -0.811029 0.585006
63.6071 36.152 -448.385 0 0 0 -0.816108 0.577899
63.7108 35.9857 -448.782 0 0 0 -0.820686 0.57138
63.9184 35.6762 -449.516 0 0 0 -0.829572 0.558399
64.0222 35.535 -449.84 0 0 0 -0.83162 0.555346
64.126 35.3868 -450.165 0 0 0 -0.834709 0.550691
64.2297 35.2348 -450.463 0 0 0 -0.838012 0.545652
64.3333 35.1221 -450.754 0 0 0 -0.839006 0.544123
64.4371 34.9666 -451.002 0 0 0 -0.840201 0.542276
64.5407 34.8571 -451.278 0 0 0 -0.84166 0.540007
64.6444 34.7701 -451.547 0 0 0 -0.843328 0.537399
64.7481 34.6502 -451.726 0 0 0 -0.844755 0.535153
64.8517 34.5522 -451.927 0 0 0 -0.845356 0.534204
64.9553 34.4568 -452.097 0 0 0 -0.846346 0.532634
65.0591 34.3626 -452.257 0 0 0 -0.84676 0.531975
65.1627 34.3046 -452.38 0 0 0 -0.846595 0.532237
65.2663 34.237 -452.521 0 0 0 -0.8465 0.532389
65.3701 34.1704 -452.676 0 0 0 -0.846125 0.532985
65.4737 34.1035 -452.788 0 0 0 -0.845389 0.534151
65.5774 34.0242 -452.935 0 0 0 -0.844075 0.536225
65.6811 33.9461 -453.061 0 0 0 -0.842824 0.53819
65.7848 33.8703 -453.174 0 0 0 -0.841754 0.539862
65.8886 33.8379 -453.351 0 0 0 -0.840833 0.541294
65.9922 33.7665 -453.481 0 0 0 -0.839844 0.542828
66.0959 33.7115 -453.614 0 0 0 -0.838131 0.545469
66.1997 33.6445 -453.763 0 0 0 -0.836713 0.547642
66.3033 33.5809 -453.921 0 0 0 -0.834842 0.55049
66.4071 33.5053 -454.126 0 0 0 -0.833161 0.553031
66.5107 33.4562 -454.33 0 0 0 -0.830502 0.557015
66.6143 33.3968 -454.556 0 0 0 -0.827826 0.560985
66.7181 33.3312 -454.789 0 0 0 -0.824751 0.565496
66.8217 33.2182 -454.985 0 0 0 -0.821889 0.569648
66.9254 33.142 -455.246 0 0 0 -0.818521 0.574476
67.0291 33.0561 -455.479 0 0 0 -0.814275 0.58048
67.1328 32.9601 -455.729 0 0 0 -0.809571 0.587021
67.2364 32.8818 -455.996 0 0 0 -0.804373 0.594125
67.3401 32.8422 -456.272 0 0 0 -0.798004 0.602653
67.4437 32.7557 -456.561 0 0 0 -0.791642 0.610985
67.5473 32.7032 -456.835 0 0 0 -0.784801 0.619747
67.6511 32.6538 -457.171 0 0 0 -0.777585 0.628778
67.7547 32.5955 -457.492 0 0 0 -0.770101 0.637922
67.8583 32.5705 -457.82 0 0 0 -0.761659 0.647978
67.9621 32.5148 -458.175 0 0 0 -0.753994 0.656881
68.0657 32.4887 -458.547 0 0 0 -0.745494 0.666513
68.1693 32.4748 -458.92 0 0 0 -0.73662 0.676307
68.2731 32.4335 -459.296 0 0 0 -0.727636 0.685964
68.3767 32.4793 -459.748 0 0 0 -0.718151 0.695887
68.4803 32.455 -460.158 0 0 0 -0.709276 0.70493
68.5841 32.468 -460.609 0 0 0 -0.700417 0.713734
68.6878 32.5127 -461.054 0 0 0 -0.692822 0.721109
68.7916 32.5265 -461.544 0 0 0 -0.685231 0.728326
68.8953 32.5886 -462.046 0 0 0 -0.6781 0.73497
68.9991 32.6294 -462.557 0 0 0 -0.671078 0.741387
69.1028 32.7155 -463.109 0 0 0 -0.664208 0.747547
69.2066 32.8046 -463.671 0 0 0 -0.657357 0.753579
69.3103 32.8709 -464.216 0 0 0 -0.650566 0.75945
69.4139 32.9628 -464.801 0 0 0 -0.643174 0.76572
69.5177 33.1024 -465.382 0 0 0 -0.635899 0.771772
69.6214 33.2163 -466 0 0 0 -0.629862 0.776707
69.7253 33.3637 -466.614 0 0 0 -0.624814 0.780773
69.8291 33.5102 -467.252 0 0 0 -0.619784 0.784772
69.9328 33.6808 -467.912 0 0 0 -0.614868 0.78863
70.0367 33.8516 -468.577 0 0 0 -0.61143 0.791298
70.1406 34.0251 -469.271 0 0 0 -0.608012 0.793928
70.2443 34.2083 -469.949 0 0 0 -0.606329 0.795214
70.3482 34.4209 -470.661 0 0 0 -0.604656 0.796487
70.4519 34.6081 -471.39 0 0 0 -0.603352 0.797475
70.5558 34.8208 -472.131 0 0 0 -0.601683 0.798735
70.6596 35.033 -472.875 0 0 0 -0.600133 0.7999
70.7633 35.2452 -473.644 0 0 0 -0.599444 0.800417
70.8672 35.4858 -474.449 0 0 0 -0.597674 0.801739
70.9708 35.7043 -475.202 0 0 0 -0.597618 0.801781
71.0747 35.9406 -476.022 0 0 0 -0.595473 0.803375
71.1784 36.1823 -476.835 0 0 0 -0.595239 0.803549
71.2822 36.4316 -477.638 0 0 0 -0.593927 0.804519
71.3859 36.6823 -478.469 0 0 0 -0.593408 0.804902
71.4896 36.9537 -479.315 0 0 0 -0.592416 0.805632
71.5933 37.2104 -480.141 0 0 0 -0.592055 0.805897
71.6972 37.452 -481.004 0 0 0 -0.592882 0.80529
71.8009 37.7346 -481.892 0 0 0 -0.592145 0.805831
71.9047 38.0029 -482.787 0 0 0 -0.592123 0.805847
72.0085 38.2783 -483.653 0 0 0 -0.592252 0.805753
72.1122 38.5661 -484.578 0 0 0 -0.591904 0.806009
72.216 38.8525 -485.493 0 0 0 -0.591687 0.806168
72.3197 39.1471 -486.454 0 0 0 -0.591 0.806671
72.4234 39.4457 -487.391 0 0 0 -0.589937 0.80745
72.5272 39.738 -488.335 0 0 0 -0.589974 0.807422
72.631 40.0457 -489.295 0 0 0 -0.589406 0.807837
72.7347 40.3699 -490.283 0 0 0 -0.589704 0.807619
72.8385 40.6702 -491.266 0 0 0 -0.589524 0.807751
72.9422 40.9852 -492.263 0 0 0 -0.589271 0.807936
73.046 41.3079 -493.282 0 0 0 -0.588816 0.808267
73.1497 41.6247 -494.25 0 0 0 -0.588993 0.808138
73.2534 41.9359 -495.254 0 0 0 -0.590631 0.806942
73.3572 42.2529 -496.286 0 0 0 -0.592551 0.805533
73.4611 42.5708 -497.271 0 0 0 -0.594383 0.804182
73.5649 42.8439 -498.256 0 0 0 -0.598752 0.800935
73.6688 43.1628 -499.35 0 0 0 -0.604128 0.796887
73.7727 43.4562 -500.337 0 0 0 -0.60832 0.793692
73.8767 43.7172 -501.454 0 0 0 -0.616589 0.787285
73.9806 44.0003 -502.535 0 0 0 -0.623365 0.781931
74.0844 44.221 -503.6 0 0 0 -0.630426 0.776249
74.1885 44.4469 -504.686 0 0 0 -0.637133 0.770754
74.2923 44.6225 -505.754 0 0 0 -0.644746 0.764397
74.3962 44.7959 -506.861 0 0 0 -0.653698 0.756755
74.5001 44.9412 -507.969 0 0 0 -0.661339 0.750087
74.6038 45.0369 -509.036 0 0 0 -0.670669 0.741757
74.7078 45.1246 -510.14 0 0 0 -0.679545 0.733634
74.8117 45.1647 -511.227 0 0 0 -0.688342 0.725386
74.9155 45.1901 -512.332 0 0 0 -0.699098 0.715026
75.0193 45.2028 -513.422 0 0 0 -0.709167 0.70504
75.1233 45.1724 -514.566 0 0 0 -0.720592 0.693359
75.2271 45.1139 -515.661 0 0 0 -0.731937 0.681373
75.3309 44.9759 -516.765 0 0 0 -0.741349 0.67112
75.4348 44.8632 -517.776 0 0 0 -0.752982 0.658042
75.5386 44.6791 -518.902 0 0 0 -0.761791 0.647823
75.6422 44.4585 -520.006 0 0 0 -0.771177 0.636621
75.7459 44.1922 -521.099 0 0 0 -0.778283 0.627913
75.8496 43.9855 -522.206 0 0 0 -0.783533 0.62135
75.9533 43.7207 -523.296 0 0 0 -0.78984 0.613313
76.057 43.4188 -524.363 0 0 0 -0.796621 0.604479
76.1606 43.0605 -525.451 0 0 0 -0.803241 0.595655
76.2642 42.687 -526.543 0 0 0 -0.806513 0.591217
76.3677 42.2741 -527.561 0 0 0 -0.810261 0.586069
76.4713 41.8486 -528.652 0 0 0 -0.811662 0.584127
76.575 41.5245 -529.747 0 0 0 -0.81338 0.581733
76.6786 41.1657 -530.809 0 0 0 -0.81416 0.580641
76.7822 40.7725 -531.907 0 0 0 -0.81506 0.579376
76.8859 40.3936 -532.967 0 0 0 -0.816089 0.577926
76.9896 39.9688 -534.07 0 0 0 -0.816737 0.577011
77.0932 39.5646 -535.193 0 0 0 -0.818039 0.575163
77.197 39.1672 -536.298 0 0 0 -0.819501 0.573077
77.3006 38.7285 -537.481 0 0 0 -0.819989 0.57238
77.4042 38.3735 -538.589 0 0 0 -0.81976 0.572707
77.5078 37.9517 -539.712 0 0 0 -0.820245 0.572012
77.6116 37.5255 -540.866 0 0 0 -0.820082 0.572246
77.7152 37.0739 -541.998 0 0 0 -0.820829 0.571174
77.8189 36.634 -543.223 0 0 0 -0.820083 0.572245
77.9227 36.2153 -544.375 0 0 0 -0.820575 0.571539
78.0263 35.8162 -545.578 0 0 0 -0.82046 0.571705
78.1301 35.3452 -546.734 0 0 0 -0.820931 0.571027
78.2338 34.9081 -547.938 0 0 0 -0.821797 0.56978
78.3374 34.4445 -549.135 0 0 0 -0.82263 0.568577
78.4412 33.9866 -550.346 0 0 0 -0.823748 0.566956
78.5448 33.527 -551.503 0 0 0 -0.824074 0.566482
78.6486 33.0542 -552.75 0 0 0 -0.825333 0.564646
78.7523 32.5873 -554.008 0 0 0 -0.826396 0.563089
78.8559 32.1139 -555.227 0 0 0 -0.828707 0.559682
78.9597 31.6151 -556.458 0 0 0 -0.829054 0.559168
79.0633 31.1022 -557.702 0 0 0 -0.829308 0.558792
79.1671 30.564 -558.917 0 0 0 -0.829788 0.558079
79.2708 30.0548 -560.19 0 0 0 -0.831012 0.556255
79.3745 29.5363 -561.439 0 0 0 -0.83226 0.554386
79.4782 28.998 -562.66 0 0 0 -0.833238 0.552915
79.5819 28.4599 -563.954 0 0 0 -0.833932 0.551867
79.6857 27.8942 -565.216 0 0 0 -0.834287 0.551331
79.7895 27.3413 -566.458 0 0 0 -0.836593 0.547825
79.8932 26.7775 -567.768 0 0 0 -0.837568 0.546333
79.997 26.1978 -569.035 0 0 0 -0.838204 0.545357
80.1006 25.6378 -570.326 0 0 0 -0.839064 0.544033
80.2043 25.0517 -571.597 0 0 0 -0.839024 0.544095
80.308 24.4531 -572.911 0 0 0 -0.840004 0.54258
80.4117 23.848 -574.246 0 0 0 -0.840469 0.541859
80.5153 23.2534 -575.567 0 0 0 -0.84198 0.53951
80.6191 22.6442 -576.89 0 0 0 -0.841292 0.54058
80.7227 22.0233 -578.206 0 0 0 -0.841701 0.539943
80.8264 21.4083 -579.528 0 0 0 -0.842235 0.539111
80.9301 20.776 -580.872 0 0 0 -0.842438 0.538793
81.0338 20.143 -582.212 0 0 0 -0.842385 0.538876
81.1375 19.5284 -583.545 0 0 0 -0.842864 0.538127
81.2412 18.8741 -584.92 0 0 0 -0.843368 0.537336
81.3449 18.2543 -586.225 0 0 0 -0.84339 0.537302
81.4486 17.6085 -587.611 0 0 0 -0.843311 0.537426
81.5523 16.9663 -588.95 0 0 0 -0.843841 0.536593
81.6561 16.344 -590.278 0 0 0 -0.843632 0.536921
81.7597 15.6928 -591.659 0 0 0 -0.843508 0.537117
81.8635 15.0566 -593.004 0 0 0 -0.843211 0.537583
81.9671 14.4791 -594.196 0 0 0 -0.842671 0.538429
82.0708 14.0339 -595.085 0 0 0 -0.843695 0.536822
82.1745 13.5239 -596.124 0 0 0 -0.842506 0.538687
82.382 13.0627 -597.01 0 0 0 -0.842414 0.538831
82.4857 12.9127 -597.258 0 0 0 -0.842457 0.538763
82.5894 12.8428 -597.261 0 0 0 -0.84172 0.539914
82.6931 12.8199 -597.219 0 0 0 -0.841416 0.540387
82.7969 12.5868 -597.656 0 0 0 -0.840825 0.541307
82.9006 12.4586 -598.006 0 0 0 -0.841234 0.540671
83.0042 12.316 -598.196 0 0 0 -0.840999 0.541036
83.2116 11.9238 -598.993 0 0 0 -0.840472 0.541855
83.3152 11.6394 -599.54 0 0 0 -0.840614 0.541635
83.419 11.7476 -599.192 0 0 0 -0.841075 0.540919
83.5226 11.4202 -599.877 0 0 0 -0.839612 0.543187
83.6262 10.857 -601.085 0 0 0 -0.840079 0.542464
83.73 10.209 -602.506 0 0 0 -0.839164 0.543879
83.8336 9.60101 -603.898 0 0 0 -0.839402 0.543512
83.9373 8.99646 -605.213 0 0 0 -0.838766 0.544492
84.041 8.38641 -606.58 0 0 0 -0.838016 0.545646
84.1447 7.75616 -607.927 0 0 0 -0.839159 0.543886
84.2484 7.14703 -609.338 0 0 0 -0.838145 0.545447
84.3521 6.55383 -610.659 0 0 0 -0.837025 0.547164
84.4557 5.92474 -612.031 0 0 0 -0.838136 0.545462
84.5594 5.31879 -613.409 0 0 0 -0.838069 0.545564
84.663 4.70056 -614.787 0 0 0 -0.838152 0.545436
84.7667 4.09528 -616.127 0 0 0 -0.837688 0.54615
84.8703 3.47772 -617.507 0 0 0 -0.837488 0.546456
84.974 2.8725 -618.848 0 0 0 -0.837453 0.546509
85.0777 2.30585 -620.16 0 0 0 -0.837152 0.546971
85.1813 1.70648 -621.514 0 0 0 -0.836317 0.548246
85.2851 1.13275 -622.816 0 0 0 -0.836364 0.548175
85.3887 0.550293 -624.149 0 0 0 -0.836337 0.548216
85.4925 -0.0407715 -625.47 0 0 0 -0.836458 0.548031
85.5961 -0.608398 -626.763 0 0 0 -0.836971 0.547247
85.6998 -1.1889 -628.073 0 0 0 -0.83669 0.547677
85.8035 -1.77435 -629.351 0 0 0 -0.837333 0.546693
85.9071 -2.33765 -630.646 0 0 0 -0.83761 0.546268
86.0108 -2.89996 -631.878 0 0 0 -0.837657 0.546196
86.1145 -3.45673 -633.138 0 0 0 -0.83784 0.545915
86.2182 -4.0152 -634.363 0 0 0 -0.838505 0.544894
86.3218 -4.52814 -635.533 0 0 0 -0.838635 0.544693
86.4256 -5.05585 -636.687 0 0 0 -0.838649 0.544672
86.5292 -5.57452 -637.842 0 0 0 -0.838672 0.544636
86.633 -6.06122 -638.965 0 0 0 -0.838333 0.545158
86.7367 -6.54767 -640.044 0 0 0 -0.838934 0.544233
86.8403 -7.02283 -641.105 0 0 0 -0.837354 0.546661
86.9441 -7.47449 -642.106 0 0 0 -0.837272 0.546787
87.0477 -7.92468 -643.113 0 0 0 -0.837156 0.546964
87.1514 -8.3418 -644.055 0 0 0 -0.836195 0.548433
87.255 -8.74011 -645.028 0 0 0 -0.835135 0.550045
87.3587 -9.12866 -645.915 0 0 0 -0.835139 0.550039
87.4625 -9.49591 -646.771 0 0 0 -0.834682 0.550732
87.5662 -9.85089 -647.581 0 0 0 -0.83485 0.550477
87.6699 -10.1724 -648.348 0 0 0 -0.834862 0.55046
87.7736 -10.5033 -649.132 0 0 0 -0.834313 0.55129
87.8773 -10.8183 -649.819 0 0 0 -0.835202 0.549944
87.9812 -11.0924 -650.488 0 0 0 -0.837918 0.545796
88.0852 -11.3926 -651.148 0 0 0 -0.842725 0.538344
88.1892 -11.6853 -651.73 0 0 0 -0.848162 0.529737
88.2933 -11.9971 -652.272 0 0 0 -0.856243 0.516574
88.3975 -12.3026 -652.806 0 0 0 -0.86423 0.503098
88.5016 -12.6431 -653.315 0 0 0 0.874181 -0.4856
88.6058 -12.9827 -653.809 0 0 0 0.884525 -0.466494
88.7101 -13.3603 -654.284 0 0 0 0.89572 -0.444619
88.8143 -13.7361 -654.716 0 0 0 0.906904 -0.421338
88.9186 -14.1317 -655.125 0 0 0 0.918556 -0.395291
89.0228 -14.5482 -655.498 0 0 0 0.929446 -0.368957
89.1271 -14.9863 -655.805 0 0 0 0.940819 -0.33891
89.2313 -15.4193 -656.129 0 0 0 0.95126 -0.308389
89.3356 -15.8745 -656.394 0 0 0 0.960987 -0.276593
89.4396 -16.3372 -656.593 0 0 0 0.969341 -0.245721
89.5437 -16.8401 -656.771 0 0 0 0.977026 -0.213121
89.6478 -17.304 -656.959 0 0 0 0.983059 -0.183291
89.7518 -17.8152 -657.058 0 0 0 0.988607 -0.150522
89.8558 -18.3331 -657.181 0 0 0 0.993151 -0.116837
89.9597 -18.8162 -657.21 0 0 0 0.996327 -0.0856251
90.0637 -19.3255 -657.266 0 0 0 0.998629 -0.0523428
90.1676 -19.8724 -657.229 0 0 0 0.999804 -0.0198155
90.2715 -20.3661 -657.215 0 0 0 0.999909 0.0135164
90.3755 -20.8834 -657.133 0 0 0 0.998952 0.045778
90.4793 -21.39 -657.053 0 0 0 0.996938 0.0781915
90.5831 -21.9438 -656.9 0 0 0 0.993924 0.110071
90.687 -22.4852 -656.717 0 0 0 0.989699 0.143162
90.7908 -23.0179 -656.513 0 0 0 0.983803 0.179254
90.8946 -23.4719 -656.297 0 0 0 0.977316 0.211787
90.9985 -23.8589 -656.056 0 0 0 0.971584 0.236697
91.1021 -24.3511 -655.713 0 0 0 0.964284 0.26487
91.2058 -24.9172 -655.344 0 0 0 0.954311 0.298816
91.3095 -25.4561 -654.915 0 0 0 0.94387 0.330316
91.413 -25.9196 -654.451 0 0 0 0.93383 0.357717
91.5166 -26.4144 -653.973 0 0 0 0.924823 0.380397
91.6202 -26.8488 -653.474 0 0 0 0.915571 0.402155
91.7237 -27.2755 -652.942 0 0 0 0.908778 0.41728
91.8272 -27.7092 -652.397 0 0 0 0.901187 0.43343
91.9306 -28.1573 -651.827 0 0 0 0.895801 0.444455
92.0341 -28.5903 -651.212 0 0 0 0.891622 0.452781
92.1377 -29.0252 -650.599 0 0 0 0.886029 0.46363
92.2412 -29.4197 -649.968 0 0 0 0.881474 0.472232
92.3449 -29.8753 -649.272 0 0 0 0.87695 0.480582
92.4486 -30.2969 -648.597 0 0 0 0.871242 0.490854
92.5522 -30.6938 -647.9 0 0 0 0.865019 0.501739
92.656 -31.0565 -647.203 0 0 0 0.858712 0.512459
92.7597 -31.4233 -646.489 0 0 0 0.853838 0.520539
92.8635 -31.8021 -645.738 0 0 0 0.845898 0.533345
92.9672 -32.127 -644.993 0 0 0 0.838757 0.544506
93.071 -32.4171 -644.24 0 0 0 0.831764 0.55513
93.1747 -32.7376 -643.461 0 0 0 0.823791 0.566894
93.2785 -32.9825 -642.661 0 0 0 0.816015 0.578031
93.3821 -33.2061 -641.922 0 0 0 0.808484 0.588518
93.4858 -33.4741 -641.099 0 0 0 0.80122 0.598369
93.5895 -33.7059 -640.299 0 0 0 0.796392 0.60478
93.6931 -33.9431 -639.46 0 0 0 0.791583 0.611061
93.7967 -34.1416 -638.658 0 0 0 0.79094 0.611893
93.9004 -34.3494 -637.849 0 0 0 0.790318 0.612697
94.004 -34.6075 -636.986 0 0 0 0.788991 0.614405
94.1076 -34.8514 -636.06 0 0 0 0.789121 0.614237
94.2113 -35.0507 -635.219 0 0 0 0.790267 0.612763
94.315 -35.2645 -634.378 0 0 0 0.792104 0.610386
94.4186 -35.4835 -633.572 0 0 0 0.792455 0.609931
94.5222 -35.733 -632.623 0 0 0 0.794715 0.606983
94.626 -35.9858 -631.671 0 0 0 0.797214 0.603696
94.7297 -36.2432 -630.752 0 0 0 0.798778 0.601626
94.8335 -36.4918 -629.877 0 0 0 0.79889 0.601477
94.9372 -36.7786 -628.907 0 0 0 0.798379 0.602155
95.041 -37.0502 -627.971 0 0 0 0.798969 0.601372
95.1447 -37.335 -626.984 0 0 0 0.799035 0.601284
95.2484 -37.5963 -626.043 0 0 0 0.800458 0.599388
95.3521 -37.8804 -625.03 0 0 0 0.801134 0.598485
95.4559 -38.1639 -624.041 0 0 0 0.802576 0.596549
95.5595 -38.4519 -623.089 0 0 0 0.802676 0.596416
95.6631 -38.7303 -622.135 0 0 0 0.803835 0.594852
95.7669 -39.0364 -621.168 0 0 0 0.80509 0.593152
95.8705 -39.3188 -620.207 0 0 0 0.806851 0.590756
95.9743 -39.6 -619.297 0 0 0 0.808435 0.588585
96.0779 -39.9224 -618.301 0 0 0 0.809316 0.587373
96.1816 -40.1849 -617.409 0 0 0 0.810966 0.585094
96.2853 -40.5174 -616.399 0 0 0 0.810431 0.585834
96.3891 -40.8163 -615.513 0 0 0 0.811156 0.58483
96.4929 -41.152 -614.574 0 0 0 0.812475 0.582997
96.5966 -41.4645 -613.629 0 0 0 0.81266 0.582738
96.7003 -41.7441 -612.785 0 0 0 0.812472 0.583
96.804 -42.0562 -611.86 0 0 0 0.812523 0.582929
96.9077 -42.3664 -610.956 0 0 0 0.812466 0.583009
97.0115 -42.6797 -610.027 0 0 0 0.812848 0.582476
97.1151 -42.983 -609.135 0 0 0 0.812716 0.582659
97.2189 -43.2628 -608.28 0 0 0 0.813635 0.581376
97.3225 -43.5521 -607.426 0 0 0 0.813832 0.581101
97.4262 -43.8456 -606.573 0 0 0 0.814896 0.579607
97.53 -44.1412 -605.712 0 0 0 0.815253 0.579105
97.6337 -44.4504 -604.844 0 0 0 0.816035 0.578002
97.7375 -44.7208 -604.058 0 0 0 0.816553 0.577271
97.8412 -44.9967 -603.273 0 0 0 0.816931 0.576736
97.9451 -45.283 -602.473 0 0 0 0.818141 0.575018
98.0488 -45.5597 -601.695 0 0 0 0.818664 0.574272
98.1525 -45.8401 -600.951 0 0 0 0.819208 0.573497
98.2562 -46.0952 -600.221 0 0 0 0.81919 0.573523
98.36 -46.3502 -599.5 0 0 0 0.819576 0.572971
98.4637 -46.6133 -598.795 0 0 0 0.820314 0.571914
98.5675 -46.8621 -598.109 0 0 0 0.820259 0.571993
98.6712 -47.0861 -597.505 0 0 0 0.82082 0.571187
98.7749 -47.3143 -596.898 0 0 0 0.821477 0.570241
98.8786 -47.5388 -596.304 0 0 0 0.821747 0.569852
98.9824 -47.7357 -595.742 0 0 0 0.823191 0.567764
99.0861 -47.9286 -595.217 0 0 0 0.823731 0.56698
99.1897 -48.1305 -594.72 0 0 0 0.824417 0.565983
99.2935 -48.2869 -594.273 0 0 0 0.824374 0.566045
99.3972 -48.4617 -593.822 0 0 0 0.825031 0.565088
99.5008 -48.609 -593.448 0 0 0 0.825114 0.564967
99.7084 -48.9045 -592.722 0 0 0 0.825425 0.564512
99.812 -49.0154 -592.41 0 0 0 0.825873 0.563856
99.9157 -49.1359 -592.091 0 0 0 0.824957 0.565196
100.019 -49.2383 -591.846 0 0 0 0.824746 0.565503
100.123 -49.3206 -591.608 0 0 0 0.825522 0.56437
100.227 -49.4244 -591.364 0 0 0 0.824826 0.565386
100.33 -49.4952 -591.164 0 0 0 0.825234 0.564791
100.434 -49.583 -590.946 0 0 0 0.825334 0.564644
100.538 -49.6509 -590.76 0 0 0 0.826044 0.563605
100.642 -49.7252 -590.562 0 0 0 0.825717 0.564084
100.745 -49.7948 -590.363 0 0 0 0.826226 0.563339
100.849 -49.8693 -590.163 0 0 0 0.825702 0.564107
100.953 -49.9362 -589.978 0 0 0 0.826238 0.563321
101.056 -50.0107 -589.776 0 0 0 0.825859 0.563877
101.16 -50.0932 -589.599 0 0 0 0.825996 0.563676
101.264 -50.1718 -589.412 0 0 0 0.826117 0.563499
101.367 -50.2525 -589.207 0 0 0 0.825567 0.564304
101.471 -50.3141 -589.027 0 0 0 0.826158 0.563438
101.575 -50.3965 -588.829 0 0 0 0.82556 0.564315
101.678 -50.4662 -588.644 0 0 0 0.825895 0.563824
101.782 -50.5413 -588.468 0 0 0 0.82572 0.56408
101.886 -50.6033 -588.306 0 0 0 0.826107 0.563514
101.99 -50.6676 -588.13 0 0 0 0.825891 0.563829
102.093 -50.734 -587.957 0 0 0 0.825303 0.56469
102.197 -50.7948 -587.812 0 0 0 0.825572 0.564296
102.301 -50.8514 -587.666 0 0 0 0.82556 0.564314
102.405 -50.9243 -587.517 0 0 0 0.825999 0.563672
102.508 -50.9773 -587.379 0 0 0 0.826173 0.563416
102.612 -51.0208 -587.239 0 0 0 0.825967 0.563718
102.716 -51.0771 -587.104 0 0 0 0.825958 0.563732
102.819 -51.1146 -586.976 0 0 0 0.825678 0.564142
102.923 -51.1683 -586.845 0 0 0 0.825522 0.56437
103.027 -51.2308 -586.718 0 0 0 0.825501 0.564401
103.131 -51.2692 -586.594 0 0 0 0.825752 0.564033
103.234 -51.3366 -586.46 0 0 0 0.825826 0.563925
103.338 -51.3777 -586.343 0 0 0 0.826202 0.563373
103.441 -51.4258 -586.229 0 0 0 0.825964 0.563723
103.545 -51.4717 -586.119 0 0 0 0.826161 0.563435
103.649 -51.5264 -585.978 0 0 0 0.826286 0.56325
103.753 -51.5628 -585.852 0 0 0 0.826035 0.563619
103.856 -51.6305 -585.705 0 0 0 0.826511 0.562921
103.96 -51.702 -585.525 0 0 0 0.827003 0.562197
104.064 -51.7642 -585.346 0 0 0 0.827112 0.562037
104.167 -51.8546 -585.13 0 0 0 0.827529 0.561424
104.271 -51.9642 -584.888 0 0 0 0.829329 0.558761
104.375 -52.0674 -584.615 0 0 0 0.830351 0.55724
104.478 -52.1891 -584.33 0 0 0 0.831634 0.555324
104.582 -52.3266 -584.002 0 0 0 0.833684 0.552242
104.686 -52.4724 -583.668 0 0 0 0.835856 0.548948
104.789 -52.6205 -583.319 0 0 0 0.838298 0.545212
104.893 -52.8163 -582.92 0 0 0 0.840945 0.541121
104.997 -52.9814 -582.53 0 0 0 0.843662 0.536874
105.101 -53.1834 -582.117 0 0 0 0.846507 0.532378
105.204 -53.4058 -581.702 0 0 0 0.849552 0.527504
105.308 -53.6148 -581.255 0 0 0 0.85188 0.523737
105.411 -53.8531 -580.755 0 0 0 0.854638 0.519225
105.515 -54.0925 -580.28 0 0 0 0.856964 0.515377
105.619 -54.355 -579.79 0 0 0 0.85969 0.510815
105.723 -54.6502 -579.282 0 0 0 0.861243 0.508193
105.826 -54.9612 -578.747 0 0 0 0.862076 0.506778
105.93 -55.2747 -578.203 0 0 0 0.863691 0.504022
106.034 -55.5976 -577.638 0 0 0 0.864364 0.502867
106.138 -55.9084 -577.068 0 0 0 0.865341 0.501183
106.242 -56.2749 -576.463 0 0 0 0.865495 0.500918
106.345 -56.611 -575.882 0 0 0 0.866149 0.499785
106.449 -56.9705 -575.285 0 0 0 0.866315 0.499498
106.553 -57.3324 -574.636 0 0 0 0.866561 0.499071
106.657 -57.7383 -573.988 0 0 0 0.866843 0.498581
106.76 -58.129 -573.305 0 0 0 0.867262 0.497853
106.864 -58.5168 -572.62 0 0 0 0.867423 0.497571
106.968 -58.9224 -571.942 0 0 0 0.867599 0.497265
107.072 -59.3458 -571.227 0 0 0 0.86775 0.497001
107.175 -59.774 -570.497 0 0 0 0.868429 0.495814
107.279 -60.2171 -569.756 0 0 0 0.868784 0.495191
107.383 -60.6641 -569.009 0 0 0 0.869418 0.494077
107.487 -61.119 -568.232 0 0 0 0.870549 0.492081
107.59 -61.5775 -567.494 0 0 0 0.871928 0.489634
107.694 -62.0452 -566.717 0 0 0 0.873308 0.487169
107.798 -62.5104 -565.953 0 0 0 0.874745 0.484583
107.901 -63.0087 -565.147 0 0 0 0.875526 0.483171
108.005 -63.48 -564.408 0 0 0 0.876343 0.481688
108.109 -63.9498 -563.652 0 0 0 0.8773 0.479942
108.213 -64.4588 -562.859 0 0 0 0.877407 0.479746
108.316 -64.9318 -562.101 0 0 0 0.877542 0.479499
108.42 -65.4502 -561.348 0 0 0 0.877211 0.480106
108.524 -65.9346 -560.572 0 0 0 0.877044 0.48041
108.628 -66.4079 -559.802 0 0 0 0.876552 0.481306
108.731 -66.8929 -559.024 0 0 0 0.87647 0.481456
108.835 -67.3843 -558.258 0 0 0 0.875497 0.483224
108.939 -67.8724 -557.46 0 0 0 0.874996 0.484131
109.043 -68.3622 -556.693 0 0 0 0.874383 0.485237
109.146 -68.8546 -555.883 0 0 0 0.873286 0.487208
109.25 -69.3143 -555.102 0 0 0 0.872942 0.487824
109.354 -69.8174 -554.297 0 0 0 0.872235 0.489088
109.458 -70.3083 -553.484 0 0 0 0.871786 0.489886
109.561 -70.8076 -552.639 0 0 0 0.871155 0.491008
109.665 -71.283 -551.872 0 0 0 0.870018 0.493019
109.769 -71.7609 -551.074 0 0 0 0.870154 0.492779
109.872 -72.2458 -550.231 0 0 0 0.870212 0.492678
109.976 -72.7474 -549.404 0 0 0 0.86966 0.493651
110.08 -73.2347 -548.576 0 0 0 0.870527 0.492121
110.184 -73.7335 -547.751 0 0 0 0.870474 0.492215
110.287 -74.2162 -546.938 0 0 0 0.870651 0.4919
110.391 -74.7243 -546.114 0 0 0 0.871068 0.491162
110.495 -75.2142 -545.313 0 0 0 0.871466 0.490456
110.598 -75.7346 -544.447 0 0 0 0.871677 0.490081
110.702 -76.2464 -543.63 0 0 0 0.872282 0.489004
110.806 -76.7227 -542.818 0 0 0 0.872773 0.488126
110.909 -77.2628 -541.971 0 0 0 0.873201 0.48736
111.013 -77.7603 -541.137 0 0 0 0.87402 0.48589
111.117 -78.2661 -540.323 0 0 0 0.874301 0.485383
111.22 -78.7706 -539.509 0 0 0 0.875536 0.483153
111.324 -79.2823 -538.712 0 0 0 0.875728 0.482806
111.428 -79.7858 -537.896 0 0 0 0.875961 0.482383
111.531 -80.3026 -537.072 0 0 0 0.877116 0.480279
111.635 -80.8157 -536.269 0 0 0 0.877204 0.480118
111.739 -81.325 -535.502 0 0 0 0.878363 0.477995
111.842 -81.8394 -534.71 0 0 0 0.878797 0.477196
111.946 -82.335 -533.923 0 0 0 0.879767 0.475406
112.05 -82.8478 -533.136 0 0 0 0.879906 0.475148
112.154 -83.3534 -532.367 0 0 0 0.879787 0.475367
112.257 -83.8611 -531.604 0 0 0 0.879216 0.476424
112.361 -84.3777 -530.832 0 0 0 0.879361 0.476156
112.465 -84.8784 -530.052 0 0 0 0.878393 0.47794
112.568 -85.3516 -529.313 0 0 0 0.877581 0.479428
112.672 -85.8359 -528.534 0 0 0 0.877174 0.480172
112.776 -86.3173 -527.786 0 0 0 0.876588 0.481242
112.879 -86.784 -527.033 0 0 0 0.876152 0.482035
112.983 -87.2104 -526.325 0 0 0 0.876123 0.482088
113.087 -87.6644 -525.634 0 0 0 0.874904 0.484297
113.19 -88.1077 -524.933 0 0 0 0.87471 0.484646
113.294 -88.507 -524.296 0 0 0 0.874713 0.484641
113.398 -88.9496 -523.594 0 0 0 0.873079 0.487579
113.502 -89.3524 -522.931 0 0 0 0.872948 0.487814
113.605 -89.761 -522.279 0 0 0 0.87211 0.48931
113.709 -90.143 -521.644 0 0 0 0.872732 0.4882
113.813 -90.4744 -521.098 0 0 0 0.873509 0.486809
113.916 -90.8567 -520.482 0 0 0 0.872131 0.489273
114.02 -91.1556 -519.964 0 0 0 0.872481 0.488647
114.124 -91.4482 -519.469 0 0 0 0.872914 0.487873
114.228 -91.7665 -518.972 0 0 0 0.872524 0.488572
114.331 -92.0352 -518.503 0 0 0 0.872965 0.487783
114.435 -92.2841 -518.099 0 0 0 0.873515 0.486798
114.539 -92.5649 -517.656 0 0 0 0.872749 0.488169
114.643 -92.8364 -517.251 0 0 0 0.872988 0.487742
114.746 -93.1032 -516.825 0 0 0 0.873199 0.487365
114.85 -93.3853 -516.366 0 0 0 0.872855 0.48798
114.954 -93.6423 -515.952 0 0 0 0.872811 0.488059
115.057 -93.877 -515.582 0 0 0 0.872893 0.487912
115.161 -94.1205 -515.187 0 0 0 0.872708 0.488242
115.265 -94.3611 -514.804 0 0 0 0.873275 0.487227
115.369 -94.5706 -514.441 0 0 0 0.872647 0.488351
115.472 -94.7722 -514.089 0 0 0 0.872306 0.488961
115.576 -94.9846 -513.721 0 0 0 0.872081 0.489362
115.784 -95.4002 -513.064 0 0 0 0.872691 0.488274
115.887 -95.6072 -512.699 0 0 0 0.872211 0.489129
115.991 -95.79 -512.394 0 0 0 0.872426 0.488745
116.095 -95.9901 -512.082 0 0 0 0.87241 0.488775
116.198 -96.1621 -511.788 0 0 0 0.872195 0.489158
116.302 -96.3333 -511.505 0 0 0 0.872391 0.488808
116.406 -96.473 -511.237 0 0 0 0.873133 0.487482
116.509 -96.6284 -510.99 0 0 0 0.873665 0.486528
116.613 -96.8067 -510.725 0 0 0 0.874503 0.48502
116.717 -96.9526 -510.49 0 0 0 0.875221 0.483722
116.821 -97.1079 -510.27 0 0 0 0.875538 0.483149
116.924 -97.2322 -510.059 0 0 0 0.876407 0.481571
117.028 -97.3776 -509.844 0 0 0 0.876989 0.480511
117.132 -97.5021 -509.675 0 0 0 0.877348 0.479855
117.235 -97.5973 -509.502 0 0 0 0.877771 0.47908
117.339 -97.7036 -509.341 0 0 0 0.878194 0.478305
117.443 -97.7834 -509.188 0 0 0 0.878736 0.477308
117.547 -97.8953 -509.032 0 0 0 0.878832 0.477132
117.65 -97.9744 -508.905 0 0 0 0.878395 0.477936
117.754 -98.0474 -508.781 0 0 0 0.878215 0.478266
117.858 -98.1368 -508.654 0 0 0 0.878398 0.477929
117.962 -98.201 -508.553 0 0 0 0.878469 0.477799
118.065 -98.2736 -508.457 0 0 0 0.878592 0.477573
118.169 -98.3289 -508.36 0 0 0 0.878613 0.477534
118.272 -98.3995 -508.247 0 0 0 0.87885 0.477099
118.376 -98.4401 -508.178 0 0 0 0.878935 0.476941
118.48 -98.499 -508.117 0 0 0 0.879128 0.476586
118.584 -98.5675 -508.026 0 0 0 0.879253 0.476355
118.687 -98.5906 -507.968 0 0 0 0.879191 0.476469
118.791 -98.6411 -507.885 0 0 0 0.879467 0.475959
118.895 -98.6812 -507.831 0 0 0 0.879622 0.475674
118.998 -98.7166 -507.774 0 0 0 0.879454 0.475983
119.102 -98.764 -507.704 0 0 0 0.879706 0.475518
119.206 -98.7891 -507.665 0 0 0 0.879962 0.475044
119.31 -98.8395 -507.597 0 0 0 0.879955 0.475058
119.413 -98.8541 -507.562 0 0 0 0.88015 0.474696
119.517 -98.876 -507.532 0 0 0 0.879936 0.475092
119.621 -98.9133 -507.49 0 0 0 0.88014 0.474715
119.724 -98.9391 -507.442 0 0 0 0.880221 0.474564
119.828 -98.9524 -507.414 0 0 0 0.880179 0.474642
119.932 -98.9562 -507.387 0 0 0 0.880068 0.474848
120.035 -98.9774 -507.361 0 0 0 0.880408 0.474218
120.139 -98.9938 -507.353 0 0 0 0.880235 0.474538
120.243 -99.0191 -507.315 0 0 0 0.880369 0.474289
120.347 -99.0361 -507.305 0 0 0 0.880487 0.47407
120.45 -99.0438 -507.292 0 0 0 0.880349 0.474327
120.554 -99.0366 -507.292 0 0 0 0.880339 0.474345
120.658 -99.038 -507.283 0 0 0 0.880326 0.474369
120.761 -99.0531 -507.254 0 0 0 0.880084 0.474819
120.865 -99.0408 -507.269 0 0 0 0.880143 0.474708
120.969 -99.0699 -507.241 0 0 0 0.880063 0.474857
121.072 -99.0753 -507.213 0 0 0 0.880025 0.474927
121.176 -99.1128 -507.174 0 0 0 0.880123 0.474746
121.28 -99.1115 -507.161 0 0 0 0.880035 0.474909
121.383 -99.1409 -507.133 0 0 0 0.880115 0.47476
121.487 -99.1454 -507.113 0 0 0 0.880031 0.474916
121.591 -99.1738 -507.069 0 0 0 0.880289 0.474438
121.695 -99.2087 -507.032 0 0 0 0.880404 0.474224
121.798 -99.2274 -506.986 0 0 0 0.880269 0.474475
121.902 -99.2793 -506.926 0 0 0 0.88037 0.474287
122.006 -99.3027 -506.878 0 0 0 0.880074 0.474836
122.109 -99.3394 -506.838 0 0 0 0.880034 0.474911
122.213 -99.3668 -506.783 0 0 0 0.880608 0.473846
122.317 -99.4075 -506.708 0 0 0 0.880312 0.474396
122.421 -99.4631 -506.644 0 0 0 0.880579 0.4739
122.524 -99.5043 -506.572 0 0 0 0.880297 0.474423
122.628 -99.557 -506.498 0 0 0 0.880239 0.47453
122.732 -99.5965 -506.413 0 0 0 0.880392 0.474246
122.835 -99.6583 -506.337 0 0 0 0.880566 0.473924
122.939 -99.7114 -506.246 0 0 0 0.880545 0.473963
123.043 -99.7548 -506.181 0 0 0 0.880398 0.474236
123.146 -99.8227 -506.077 0 0 0 0.880498 0.474049
123.25 -99.8811 -505.985 0 0 0 0.880542 0.473968
123.354 -99.9541 -505.895 0 0 0 0.880429 0.474177
123.457 -99.9967 -505.804 0 0 0 0.880316 0.474388
123.561 -100.054 -505.707 0 0 0 0.880432 0.474173
123.665 -100.133 -505.582 0 0 0 0.880332 0.474359
123.769 -100.188 -505.507 0 0 0 0.8805 0.474046
123.872 -100.254 -505.425 0 0 0 0.880524 0.474002
123.976 -100.297 -505.352 0 0 0 0.88033 0.474362
124.08 -100.349 -505.277 0 0 0 0.88059 0.473879
124.183 -100.418 -505.181 0 0 0 0.880879 0.473341
124.287 -100.467 -505.11 0 0 0 0.880979 0.473155
124.391 -100.509 -505.021 0 0 0 0.880929 0.473249
