4 -0.239502 -0.341003 0 0 0 -0.00358977 0.999994
4.5 -0.237305 -0.33667 0 0 0 -0.00348964 0.999994
5 -0.236389 -0.331055 0 0 0 -0.00360146 0.999994
5.5 -0.236389 -0.331055 0 0 0 -0.00360146 0.999994
6 -0.236389 -0.331055 0 0 0 -0.00360146 0.999994
6.5 -0.236389 -0.331055 0 0 0 -0.00360146 0.999994
7 -0.236389 -0.331055 0 0 0 -0.00360146 0.999994
7.5 -0.236389 -0.331055 0 0 0 -0.00360146 0.999994
8 -0.236389 -0.331055 0 0 0 -0.00360146 0.999994
8.5 -0.236389 -0.331055 0 0 0 -0.00360146 0.999994
9 -0.236389 -0.331055 0 0 0 -0.00360146 0.999994
9.5 -0.236389 -0.331055 0 0 0 -0.00360146 0.999994
10 -0.236389 -0.331055 0 0 0 -0.00360146 0.999994
10.5 -0.236389 -0.331055 0 0 0 -0.00360146 0.999994
11 -0.236389 -0.331055 0 0 0 -0.00360146 0.999994
11.5 -0.236389 -0.331055 0 0 0 -0.00360146 0.999994
12 -0.236389 -0.331055 0 0 0 -0.00360146 0.999994
12.5 -0.236389 -0.331055 0 0 0 -0.00360146 0.999994
13 -0.236389 -0.331055 0 0 0 -0.00360146 0.999994
13.5 -0.236389 -0.331055 0 0 0 -0.00360146 0.999994
14 -0.236389 -0.331055 0 0 0 -0.00360146 0.999994
14.5 -0.236389 -0.331055 0 0 0 -0.00360146 0.999994
15 -0.236389 -0.331055 0 0 0 -0.00360146 0.999994
15.5 -0.236389 -0.331055 0 0 0 -0.00360146 0.999994
16 -0.236389 -0.331055 0 0 0 -0.00360146 0.999994
16.5 -0.236389 -0.331055 0 0 0 -0.00360146 0.999994
17 -0.236389 -0.331055 0 0 0 -0.00360146 0.999994
17.5 -0.236389 -0.331055 0 0 0 -0.00360146 0.999994
18 -0.236389 -0.331055 0 0 0 -0.00360146 0.999994
18.5 -0.236389 -0.331055 0 0 0 -0.00360146 0.999994
19 -0.236389 -0.331055 0 0 0 -0.00360146 0.999994
19.5 -0.236389 -0.331055 0 0 0 -0.00360146 0.999994
20 -0.236389 -0.331055 0 0 0 -0.00360146 0.999994
20.1039 -0.114685 -0.237671 0 0 0 -0.00898126 0.99996
20.2077 -0.164978 -0.232666 0 0 0 -0.0182198 0.999834
20.3119 0.131165 -0.277283 0 0 0 -0.0292011 0.999574
20.4159 0.339233 -0.448059 0 0 0 -0.0478416 0.998855
20.52 0.471191 -0.442322 0 0 0 -0.0645842 0.997912
20.6241 0.750366 -0.586853 0 0 0 -0.0881242 0.996109
20.7282 0.987427 -0.589783 0 0 0 -0.108282 0.99412
20.8325 1.21222 -0.845276 0 0 0 -0.132607 0.991169
20.9366 1.31287 -0.800781 0 0 0 -0.153024 0.988222
21.0408 1.60071 -1.02588 0 0 0 -0.183244 0.983067
21.1449 1.43079 -1.69556 0 0 0 -0.190163 0.981753
21.249 1.33838 -1.84894 0 0 0 -0.208485 0.978026
21.3531 1.21191 -2.18042 0 0 0 -0.225412 0.974263
21.4571 1.06567 -1.84412 0 0 0 -0.238642 0.971108
21.5611 0.443848 -1.10889 0 0 0 -0.234754 0.972055
21.6651 0.510986 -1.79456 0 0 0 -0.232861 0.97251
21.769 -0.327332 -2.40625 0 0 0 -0.21527 0.976555
21.8729 -0.944702 -2.25391 0 0 0 -0.222856 0.974851
21.9768 -1.6239 -2.34375 0 0 0 -0.223227 0.974767
22.0805 -2.20947 -2.68158 0 0 0 -0.2425 0.970151
22.1841 -4.64832 -2.22589 0 0 0 -0.207039 0.978333
22.2879 -5.11133 -2.22656 0 0 0 -0.205847 0.978584
22.3915 -5.11353 -2.70416 0 0 0 -0.203988 0.978973
22.4951 -6.57422 -2.83801 0 0 0 -0.187734 0.98222
22.5988 -5.79218 -2.86182 0 0 0 -0.193925 0.981016
22.7023 -5.05542 -3.80774 0 0 0 -0.20888 0.977941
22.8059 -6.04816 -4.68896 0 0 0 -0.173891 0.984765
22.9094 -5.66852 -4.95172 0 0 0 -0.18399 0.982928
23.0129 -5.10938 -5.32672 0 0 0 -0.182324 0.983239
23.1165 -4.36694 -5.24268 0 0 0 -0.207167 0.978306
23.2201 -3.98029 -5.66602 0 0 0 -0.202159 0.979353
23.3237 -3.49731 -5.29248 0 0 0 -0.218595 0.975816
23.4274 -2.40936 -5.34015 0 0 0 -0.234267 0.972172
23.531 -1.39453 -6.44855 0 0 0 -0.217632 0.976031
23.6348 -0.875732 -6.66077 0 0 0 -0.223017 0.974814
23.7384 -0.375793 -6.77246 0 0 0 -0.226737 0.973956
23.8421 1.02673 -6.95898 0 0 0 -0.237279 0.971442
23.9458 1.96729 -8.00079 0 0 0 -0.227615 0.973751
24.0495 2.56573 -7.62988 0 0 0 -0.229104 0.973402
24.1532 3.36743 -7.92139 0 0 0 -0.230276 0.973125
24.257 3.91675 -8.33856 0 0 0 -0.234427 0.972134
24.3608 4.62604 -8.71191 0 0 0 -0.253313 0.967384
24.4645 5.63953 -9.25446 0 0 0 -0.25743 0.966297
24.5684 6.4353 -9.40576 0 0 0 -0.269572 0.96298
24.6723 7.2522 -10.0813 0 0 0 -0.267775 0.963482
24.7761 7.40753 -10.6852 0 0 0 -0.265663 0.964066
24.8801 6.98706 -10.4346 0 0 0 -0.262158 0.965025
24.9841 6.81177 -10.2848 0 0 0 -0.231623 0.972806
25.0881 7.03076 -9.73151 0 0 0 -0.219389 0.975637
25.192 7.63477 -10.0081 0 0 0 -0.221467 0.975168
25.2959 8.60852 -9.28375 0 0 0 -0.245217 0.969468
25.3998 8.57593 -9.86664 0 0 0 -0.242388 0.970179
25.5036 8.15588 -9.89307 0 0 0 -0.238279 0.971197
25.6074 7.80878 -10.5869 0 0 0 -0.195485 0.980707
25.7113 8.25342 -10.4595 0 0 0 -0.210913 0.977505
25.815 8.02881 -10.4553 0 0 0 -0.1995 0.979898
25.9188 7.3667 -8.58801 0 0 0 -0.243647 0.969864
26.0224 5.94983 -7.90601 0 0 0 -0.246738 0.969082
26.1261 7.32159 -7.1333 0 0 0 -0.228237 0.973606
26.2298 7.30908 -7.10449 0 0 0 -0.229615 0.973281
26.3335 6.96222 -6.1568 0 0 0 -0.238389 0.97117
26.4371 7.72198 -4.65436 0 0 0 -0.246529 0.969135
26.5409 8.46051 -3.08649 0 0 0 -0.244118 0.969746
26.6445 8.02295 -3.24249 0 0 0 -0.248031 0.968752
26.7483 8.00934 -1.93646 0 0 0 -0.246123 0.969239
26.8519 7.2326 -1.02954 0 0 0 -0.250235 0.968185
26.9555 7.15503 -0.87854 0 0 0 -0.272959 0.962026
27.059 7.22491 -0.288452 0 0 0 -0.279493 0.960148
27.1628 6.7229 0.221863 0 0 0 -0.273273 0.961937
27.2664 6.66132 -0.673218 0 0 0 -0.293053 0.956096
27.3701 8.67529 1.77466 0 0 0 -0.234781 0.972048
27.4738 10.0703 4.27344 0 0 0 -0.227687 0.973734
27.5774 8.69025 5.49854 0 0 0 -0.277225 0.960805
27.681 8.79785 6.94678 0 0 0 -0.261415 0.965226
27.7847 7.99377 9.75482 0 0 0 -0.380334 0.924849
27.8883 8.50714 9.77032 0 0 0 -0.395381 0.918517
27.9919 9.04498 13.2367 0 0 0 -0.446289 0.894889
28.0956 16.1324 16.2902 0 0 0 -0.7727 0.634772
28.1994 14.9733 17.3562 0 0 0 -0.698363 0.715744
28.3031 13.0788 18.357 0 0 0 -0.619383 0.785089
28.407 3.54999 20.7643 0 0 0 -0.595181 0.803591
28.5108 2.5437 20.9149 0 0 0 -0.609961 0.792431
28.6146 2.63727 20.2576 0 0 0 -0.598186 0.801357
28.7184 2.37067 19.738 0 0 0 -0.579715 0.814819
28.8221 2.90601 24.1673 0 0 0 -0.644636 0.764489
28.9259 3.28296 22.7902 0 0 0 -0.700388 0.713762
29.0296 4.21759 24.4061 0 0 0 -0.710653 0.703543
29.1335 4.26556 24.2588 0 0 0 -0.664894 0.746938
29.2373 5.15967 25.5667 0 0 0 -0.756077 0.654483
29.341 2.73853 19.1729 0 0 0 -0.655684 0.755035
29.4448 4.79291 19.2496 0 0 0 -0.658764 0.75235
29.5485 2.64172 16.5647 0 0 0 -0.600711 0.799467
29.6522 3.79706 17.3022 0 0 0 -0.633351 0.773865
29.7559 2.86804 18.176 0 0 0 -0.622844 0.782346
29.8596 4.44409 18.9236 0 0 0 -0.66911 0.743164
29.9635 3.35986 17.4326 0 0 0 -0.61962 0.784902
30.0673 4.82343 22.8109 0 0 0 -0.65164 0.758529
30.1711 6.11359 24.864 0 0 0 -0.702842 0.711346
30.275 -0.0871582 24.4548 0 0 0 -0.593445 0.804875
30.3789 2.49384 26.0046 0 0 0 -0.626063 0.779773
30.4828 7.375 29.2367 0 0 0 -0.730771 0.682623
30.5865 8.80829 38.5641 0 0 0 -0.749002 0.662568
30.6904 -60.779 44.1481 0 0 0 -0.786263 0.617892
30.7941 -60.779 44.1481 0 0 0 -0.786263 0.617892
30.898 -60.779 44.1481 0 0 0 -0.786263 0.617892
31.0018 -60.779 44.1481 0 0 0 -0.786263 0.617892
31.1054 -60.779 44.1481 0 0 0 -0.786263 0.617892
31.2091 -60.779 44.1481 0 0 0 -0.786263 0.617892
31.3129 -60.779 44.1481 0 0 0 -0.786263 0.617892
31.4166 -60.779 44.1481 0 0 0 -0.786263 0.617892
31.5204 -60.779 44.1481 0 0 0 -0.786263 0.617892
31.624 -60.779 44.1481 0 0 0 -0.786263 0.617892
31.7278 -60.779 44.1481 0 0 0 -0.786263 0.617892
31.8315 -60.779 44.1481 0 0 0 -0.786263 0.617892
31.9353 -60.779 44.1481 0 0 0 -0.786263 0.617892
32.0389 -60.779 44.1481 0 0 0 -0.786263 0.617892
32.1426 -60.779 44.1481 0 0 0 -0.786263 0.617892
32.2464 -60.779 44.1481 0 0 0 -0.786263 0.617892
32.3502 -60.779 44.1481 0 0 0 -0.786263 0.617892
32.4539 -60.779 44.1481 0 0 0 -0.786263 0.617892
32.5576 -60.779 44.1481 0 0 0 -0.786263 0.617892
32.6614 -60.779 44.1481 0 0 0 -0.786263 0.617892
32.765 -60.779 44.1481 0 0 0 -0.786263 0.617892
32.8688 -60.779 44.1481 0 0 0 -0.786263 0.617892
32.9724 -60.779 44.1481 0 0 0 -0.786263 0.617892
33.0762 -60.779 44.1481 0 0 0 -0.786263 0.617892
33.1799 -60.779 44.1481 0 0 0 -0.786263 0.617892
33.2837 -60.779 44.1481 0 0 0 -0.786263 0.617892
33.3874 -60.779 44.1481 0 0 0 -0.786263 0.617892
33.4911 -60.779 44.1481 0 0 0 -0.786263 0.617892
33.5949 -60.779 44.1481 0 0 0 -0.786263 0.617892
33.6988 -60.779 44.1481 0 0 0 -0.786263 0.617892
33.8025 -60.779 44.1481 0 0 0 -0.786263 0.617892
33.9063 -60.779 44.1481 0 0 0 -0.786263 0.617892
34.01 -60.779 44.1481 0 0 0 -0.786263 0.617892
34.1138 -60.779 44.1481 0 0 0 -0.786263 0.617892
34.2176 -60.779 44.1481 0 0 0 -0.786263 0.617892
34.3215 -60.779 44.1481 0 0 0 -0.786263 0.617892
34.4254 -60.779 44.1481 0 0 0 -0.786263 0.617892
34.5293 -60.779 44.1481 0 0 0 -0.786263 0.617892
34.6331 -60.779 44.1481 0 0 0 -0.786263 0.617892
34.7369 -60.779 44.1481 0 0 0 -0.786263 0.617892
34.8408 -60.779 44.1481 0 0 0 -0.786263 0.617892
34.9445 -60.779 44.1481 0 0 0 -0.786263 0.617892
35.0483 -60.779 44.1481 0 0 0 -0.786263 0.617892
35.152 -60.779 44.1481 0 0 0 -0.786263 0.617892
35.2558 -60.779 44.1481 0 0 0 -0.786263 0.617892
35.3595 -60.779 44.1481 0 0 0 -0.786263 0.617892
35.4633 -60.779 44.1481 0 0 0 -0.786263 0.617892
35.5671 -60.779 44.1481 0 0 0 -0.786263 0.617892
35.6709 -60.779 44.1481 0 0 0 -0.786263 0.617892
35.7746 -60.779 44.1481 0 0 0 -0.786263 0.617892
35.8784 -60.779 44.1481 0 0 0 -0.786263 0.617892
35.9822 -60.779 44.1481 0 0 0 -0.786263 0.617892
36.086 -60.779 44.1481 0 0 0 -0.786263 0.617892
36.1898 -60.779 44.1481 0 0 0 -0.786263 0.617892
36.2935 -60.779 44.1481 0 0 0 -0.786263 0.617892
36.3973 -60.779 44.1481 0 0 0 -0.786263 0.617892
36.501 -60.779 44.1481 0 0 0 -0.786263 0.617892
36.6048 -60.779 44.1481 0 0 0 -0.786263 0.617892
36.7086 -60.779 44.1481 0 0 0 -0.786263 0.617892
36.8124 -60.779 44.1481 0 0 0 -0.786263 0.617892
36.9162 -60.779 44.1481 0 0 0 -0.786263 0.617892
37.02 -60.779 44.1481 0 0 0 -0.786263 0.617892
37.1238 -60.779 44.1481 0 0 0 -0.786263 0.617892
37.2275 -60.779 44.1481 0 0 0 -0.786263 0.617892
37.3314 -60.779 44.1481 0 0 0 -0.786263 0.617892
37.4351 -60.779 44.1481 0 0 0 -0.786263 0.617892
37.539 -60.779 44.1481 0 0 0 -0.786263 0.617892
37.6429 -60.779 44.1481 0 0 0 -0.786263 0.617892
37.7466 -60.779 44.1481 0 0 0 -0.786263 0.617892
37.8505 -60.779 44.1481 0 0 0 -0.786263 0.617892
37.9543 -60.779 44.1481 0 0 0 -0.786263 0.617892
38.0581 -60.779 44.1481 0 0 0 -0.786263 0.617892
38.1619 -60.779 44.1481 0 0 0 -0.786263 0.617892
38.2658 -60.779 44.1481 0 0 0 -0.786263 0.617892
38.3696 -60.779 44.1481 0 0 0 -0.786263 0.617892
38.4734 -60.779 44.1481 0 0 0 -0.786263 0.617892
38.5772 -60.779 44.1481 0 0 0 -0.786263 0.617892
38.681 -60.779 44.1481 0 0 0 -0.786263 0.617892
38.7849 -60.779 44.1481 0 0 0 -0.786263 0.617892
38.8885 -60.779 44.1481 0 0 0 -0.786263 0.617892
38.9924 -60.779 44.1481 0 0 0 -0.786263 0.617892
39.096 -60.779 44.1481 0 0 0 -0.786263 0.617892
39.1999 -60.779 44.1481 0 0 0 -0.786263 0.617892
39.3035 -60.779 44.1481 0 0 0 -0.786263 0.617892
39.4074 -60.779 44.1481 0 0 0 -0.786263 0.617892
39.5112 -60.779 44.1481 0 0 0 -0.786263 0.617892
39.6148 -60.779 44.1481 0 0 0 -0.786263 0.617892
39.7184 -60.779 44.1481 0 0 0 -0.786263 0.617892
39.8221 -60.779 44.1481 0 0 0 -0.786263 0.617892
39.9257 -60.779 44.1481 0 0 0 -0.786263 0.617892
40.0294 -60.779 44.1481 0 0 0 -0.786263 0.617892
40.1329 -60.779 44.1481 0 0 0 -0.786263 0.617892
40.2366 -60.779 44.1481 0 0 0 -0.786263 0.617892
40.3404 -60.779 44.1481 0 0 0 -0.786263 0.617892
40.444 -60.779 44.1481 0 0 0 -0.786263 0.617892
40.5478 -60.779 44.1481 0 0 0 -0.786263 0.617892
40.6515 -60.779 44.1481 0 0 0 -0.786263 0.617892
40.7553 -60.779 44.1481 0 0 0 -0.786263 0.617892
40.8591 -60.779 44.1481 0 0 0 -0.786263 0.617892
40.9629 -60.779 44.1481 0 0 0 -0.786263 0.617892
41.0668 -60.779 44.1481 0 0 0 -0.786263 0.617892
41.1706 -60.779 44.1481 0 0 0 -0.786263 0.617892
41.2745 -60.779 44.1481 0 0 0 -0.786263 0.617892
41.3785 -60.779 44.1481 0 0 0 -0.786263 0.617892
41.4825 -60.779 44.1481 0 0 0 -0.786263 0.617892
41.5864 -60.779 44.1481 0 0 0 -0.786263 0.617892
41.6904 -60.779 44.1481 0 0 0 -0.786263 0.617892
41.7943 -60.779 44.1481 0 0 0 -0.786263 0.617892
41.8983 -60.779 44.1481 0 0 0 -0.786263 0.617892
42.0022 -60.779 44.1481 0 0 0 -0.786263 0.617892
42.1062 -60.779 44.1481 0 0 0 -0.786263 0.617892
42.2101 -60.779 44.1481 0 0 0 -0.786263 0.617892
42.3139 -60.779 44.1481 0 0 0 -0.786263 0.617892
42.4178 -60.779 44.1481 0 0 0 -0.786263 0.617892
42.5215 -60.779 44.1481 0 0 0 -0.786263 0.617892
42.6254 -60.779 44.1481 0 0 0 -0.786263 0.617892
42.7292 -60.779 44.1481 0 0 0 -0.786263 0.617892
42.8329 -60.779 44.1481 0 0 0 -0.786263 0.617892
42.9365 -60.779 44.1481 0 0 0 -0.786263 0.617892
43.0401 -60.779 44.1481 0 0 0 -0.786263 0.617892
43.1438 -60.779 44.1481 0 0 0 -0.786263 0.617892
43.2474 -60.779 44.1481 0 0 0 -0.786263 0.617892
43.351 -60.779 44.1481 0 0 0 -0.786263 0.617892
43.4547 -60.779 44.1481 0 0 0 -0.786263 0.617892
43.5583 -60.779 44.1481 0 0 0 -0.786263 0.617892
43.662 -60.779 44.1481 0 0 0 -0.786263 0.617892
43.7657 -60.779 44.1481 0 0 0 -0.786263 0.617892
43.8694 -60.779 44.1481 0 0 0 -0.786263 0.617892
43.973 -60.779 44.1481 0 0 0 -0.786263 0.617892
44.0768 -60.779 44.1481 0 0 0 -0.786263 0.617892
44.1805 -60.779 44.1481 0 0 0 -0.786263 0.617892
44.2842 -60.779 44.1481 0 0 0 -0.786263 0.617892
44.3879 -60.779 44.1481 0 0 0 -0.786263 0.617892
44.4916 -60.779 44.1481 0 0 0 -0.786263 0.617892
44.5954 -60.779 44.1481 0 0 0 -0.786263 0.617892
44.6993 -60.779 44.1481 0 0 0 -0.786263 0.617892
44.8031 -60.779 44.1481 0 0 0 -0.786263 0.617892
44.9068 -60.779 44.1481 0 0 0 -0.786263 0.617892
45.0105 -60.779 44.1481 0 0 0 -0.786263 0.617892
45.1143 -60.779 44.1481 0 0 0 -0.786263 0.617892
45.218 -60.779 44.1481 0 0 0 -0.786263 0.617892
45.3218 -60.779 44.1481 0 0 0 -0.786263 0.617892
45.4255 -60.779 44.1481 0 0 0 -0.786263 0.617892
45.5294 -60.779 44.1481 0 0 0 -0.786263 0.617892
45.6332 -60.779 44.1481 0 0 0 -0.786263 0.617892
45.737 -60.779 44.1481 0 0 0 -0.786263 0.617892
45.8408 -60.779 44.1481 0 0 0 -0.786263 0.617892
45.9445 -60.779 44.1481 0 0 0 -0.786263 0.617892
46.0481 -60.779 44.1481 0 0 0 -0.786263 0.617892
46.1519 -60.779 44.1481 0 0 0 -0.786263 0.617892
46.2555 -60.779 44.1481 0 0 0 -0.786263 0.617892
46.3591 -60.779 44.1481 0 0 0 -0.786263 0.617892
46.4628 -60.779 44.1481 0 0 0 -0.786263 0.617892
46.5666 -60.779 44.1481 0 0 0 -0.786263 0.617892
46.6703 -60.779 44.1481 0 0 0 -0.786263 0.617892
46.7739 -60.779 44.1481 0 0 0 -0.786263 0.617892
46.8777 -60.779 44.1481 0 0 0 -0.786263 0.617892
46.9813 -60.779 44.1481 0 0 0 -0.786263 0.617892
47.085 -60.779 44.1481 0 0 0 -0.786263 0.617892
47.1888 -60.779 44.1481 0 0 0 -0.786263 0.617892
47.2925 -60.779 44.1481 0 0 0 -0.786263 0.617892
47.3963 -60.779 44.1481 0 0 0 -0.786263 0.617892
47.5 -60.779 44.1481 0 0 0 -0.786263 0.617892
47.6039 -60.779 44.1481 0 0 0 -0.786263 0.617892
47.7078 -60.779 44.1481 0 0 0 -0.786263 0.617892
47.8116 -60.779 44.1481 0 0 0 -0.786263 0.617892
47.9155 -60.779 44.1481 0 0 0 -0.786263 0.617892
48.0194 -60.779 44.1481 0 0 0 -0.786263 0.617892
48.1233 -60.779 44.1481 0 0 0 -0.786263 0.617892
48.2271 -60.779 44.1481 0 0 0 -0.786263 0.617892
48.3309 -60.779 44.1481 0 0 0 -0.786263 0.617892
48.4348 -60.779 44.1481 0 0 0 -0.786263 0.617892
48.5387 -60.779 44.1481 0 0 0 -0.786263 0.617892
48.6424 -60.779 44.1481 0 0 0 -0.786263 0.617892
48.7462 -60.779 44.1481 0 0 0 -0.786263 0.617892
48.8499 -60.779 44.1481 0 0 0 -0.786263 0.617892
48.9538 -60.779 44.1481 0 0 0 -0.786263 0.617892
49.0575 -60.779 44.1481 0 0 0 -0.786263 0.617892
49.1613 -60.779 44.1481 0 0 0 -0.786263 0.617892
49.2649 -60.779 44.1481 0 0 0 -0.786263 0.617892
49.3686 -60.779 44.1481 0 0 0 -0.786263 0.617892
49.4725 -60.779 44.1481 0 0 0 -0.786263 0.617892
49.5763 -60.779 44.1481 0 0 0 -0.786263 0.617892
49.6802 -60.779 44.1481 0 0 0 -0.786263 0.617892
49.7839 -60.779 44.1481 0 0 0 -0.786263 0.617892
49.8878 -60.779 44.1481 0 0 0 -0.786263 0.617892
49.9917 -60.779 44.1481 0 0 0 -0.786263 0.617892
50.0955 -60.779 44.1481 0 0 0 -0.786263 0.617892
50.1993 -60.779 44.1481 0 0 0 -0.786263 0.617892
50.3031 -60.779 44.1481 0 0 0 -0.786263 0.617892
50.4068 -60.779 44.1481 0 0 0 -0.786263 0.617892
50.5104 -60.779 44.1481 0 0 0 -0.786263 0.617892
50.614 -60.779 44.1481 0 0 0 -0.786263 0.617892
50.7178 -60.779 44.1481 0 0 0 -0.786263 0.617892
50.8214 -60.779 44.1481 0 0 0 -0.786263 0.617892
50.9252 -60.779 44.1481 0 0 0 -0.786263 0.617892
51.0288 -60.779 44.1481 0 0 0 -0.786263 0.617892
51.1325 -60.779 44.1481 0 0 0 -0.786263 0.617892
51.2363 -60.779 44.1481 0 0 0 -0.786263 0.617892
51.34 -60.779 44.1481 0 0 0 -0.786263 0.617892
51.4436 -60.779 44.1481 0 0 0 -0.786263 0.617892
51.5474 -60.779 44.1481 0 0 0 -0.786263 0.617892
51.651 -60.779 44.1481 0 0 0 -0.786263 0.617892
51.7548 -60.779 44.1481 0 0 0 -0.786263 0.617892
51.8585 -60.779 44.1481 0 0 0 -0.786263 0.617892
51.9623 -60.779 44.1481 0 0 0 -0.786263 0.617892
52.066 -60.779 44.1481 0 0 0 -0.786263 0.617892
52.1697 -60.779 44.1481 0 0 0 -0.786263 0.617892
52.2734 -60.779 44.1481 0 0 0 -0.786263 0.617892
52.3772 -60.779 44.1481 0 0 0 -0.786263 0.617892
52.4809 -60.779 44.1481 0 0 0 -0.786263 0.617892
52.5845 -60.779 44.1481 0 0 0 -0.786263 0.617892
52.6883 -60.779 44.1481 0 0 0 -0.786263 0.617892
52.7919 -60.779 44.1481 0 0 0 -0.786263 0.617892
52.8957 -60.779 44.1481 0 0 0 -0.786263 0.617892
52.9994 -60.779 44.1481 0 0 0 -0.786263 0.617892
53.1032 -60.779 44.1481 0 0 0 -0.786263 0.617892
53.2068 -60.779 44.1481 0 0 0 -0.786263 0.617892
53.3105 -60.779 44.1481 0 0 0 -0.786263 0.617892
53.4143 -60.779 44.1481 0 0 0 -0.786263 0.617892
53.5182 -60.779 44.1481 0 0 0 -0.786263 0.617892
53.6218 -60.779 44.1481 0 0 0 -0.786263 0.617892
53.7255 -60.779 44.1481 0 0 0 -0.786263 0.617892
53.8293 -60.779 44.1481 0 0 0 -0.786263 0.617892
53.933 -60.779 44.1481 0 0 0 -0.786263 0.617892
54.0367 -60.779 44.1481 0 0 0 -0.786263 0.617892
54.1404 -60.779 44.1481 0 0 0 -0.786263 0.617892
54.244 -60.779 44.1481 0 0 0 -0.786263 0.617892
54.3478 -60.779 44.1481 0 0 0 -0.786263 0.617892
54.4515 -60.779 44.1481 0 0 0 -0.786263 0.617892
54.5552 -60.779 44.1481 0 0 0 -0.786263 0.617892
54.6589 -60.779 44.1481 0 0 0 -0.786263 0.617892
54.7625 -60.779 44.1481 0 0 0 -0.786263 0.617892
54.8663 -60.779 44.1481 0 0 0 -0.786263 0.617892
54.97 -60.779 44.1481 0 0 0 -0.786263 0.617892
55.0739 -60.779 44.1481 0 0 0 -0.786263 0.617892
55.1776 -60.779 44.1481 0 0 0 -0.786263 0.617892
55.2813 -60.779 44.1481 0 0 0 -0.786263 0.617892
55.3851 -60.779 44.1481 0 0 0 -0.786263 0.617892
55.4887 -60.779 44.1481 0 0 0 -0.786263 0.617892
55.5924 -60.779 44.1481 0 0 0 -0.786263 0.617892
55.6962 -60.779 44.1481 0 0 0 -0.786263 0.617892
55.7998 -60.779 44.1481 0 0 0 -0.786263 0.617892
55.9035 -60.779 44.1481 0 0 0 -0.786263 0.617892
56.0072 -60.779 44.1481 0 0 0 -0.786263 0.617892
56.1109 -60.779 44.1481 0 0 0 -0.786263 0.617892
56.2145 -60.779 44.1481 0 0 0 -0.786263 0.617892
56.3183 -60.779 44.1481 0 0 0 -0.786263 0.617892
56.422 -60.779 44.1481 0 0 0 -0.786263 0.617892
56.5258 -60.779 44.1481 0 0 0 -0.786263 0.617892
56.6295 -60.779 44.1481 0 0 0 -0.786263 0.617892
56.7333 -60.779 44.1481 0 0 0 -0.786263 0.617892
56.837 -60.779 44.1481 0 0 0 -0.786263 0.617892
56.9408 -60.779 44.1481 0 0 0 -0.786263 0.617892
57.0445 -60.779 44.1481 0 0 0 -0.786263 0.617892
57.1483 -60.779 44.1481 0 0 0 -0.786263 0.617892
57.252 -60.779 44.1481 0 0 0 -0.786263 0.617892
57.3557 -60.779 44.1481 0 0 0 -0.786263 0.617892
57.4594 -60.779 44.1481 0 0 0 -0.786263 0.617892
57.563 -60.779 44.1481 0 0 0 -0.786263 0.617892
57.6667 -60.779 44.1481 0 0 0 -0.786263 0.617892
57.7703 -60.779 44.1481 0 0 0 -0.786263 0.617892
57.874 -60.779 44.1481 0 0 0 -0.786263 0.617892
57.9778 -60.779 44.1481 0 0 0 -0.786263 0.617892
58.0815 -60.779 44.1481 0 0 0 -0.786263 0.617892
58.1853 -60.779 44.1481 0 0 0 -0.786263 0.617892
58.2892 -60.779 44.1481 0 0 0 -0.786263 0.617892
58.3932 -60.779 44.1481 0 0 0 -0.786263 0.617892
58.4972 -60.779 44.1481 0 0 0 -0.786263 0.617892
58.6012 -60.779 44.1481 0 0 0 -0.786263 0.617892
58.7052 -60.779 44.1481 0 0 0 -0.786263 0.617892
58.8093 -60.779 44.1481 0 0 0 -0.786263 0.617892
58.9133 -60.779 44.1481 0 0 0 -0.786263 0.617892
59.0172 -60.779 44.1481 0 0 0 -0.786263 0.617892
59.1212 -60.779 44.1481 0 0 0 -0.786263 0.617892
59.225 -60.779 44.1481 0 0 0 -0.786263 0.617892
59.3289 -60.779 44.1481 0 0 0 -0.786263 0.617892
59.4327 -60.779 44.1481 0 0 0 -0.786263 0.617892
59.5364 -60.779 44.1481 0 0 0 -0.786263 0.617892
59.6402 -60.779 44.1481 0 0 0 -0.786263 0.617892
59.7438 -60.779 44.1481 0 0 0 -0.786263 0.617892
59.8476 -60.779 44.1481 0 0 0 -0.786263 0.617892
59.9513 -60.779 44.1481 0 0 0 -0.786263 0.617892
60.055 -60.779 44.1481 0 0 0 -0.786263 0.617892
60.1587 -60.779 44.1481 0 0 0 -0.786263 0.617892
60.2624 -60.779 44.1481 0 0 0 -0.786263 0.617892
60.3662 -60.779 44.1481 0 0 0 -0.786263 0.617892
60.4699 -60.779 44.1481 0 0 0 -0.786263 0.617892
60.5735 -60.779 44.1481 0 0 0 -0.786263 0.617892
60.6773 -60.779 44.1481 0 0 0 -0.786263 0.617892
60.781 -60.779 44.1481 0 0 0 -0.786263 0.617892
60.8848 -60.779 44.1481 0 0 0 -0.786263 0.617892
60.9884 -60.779 44.1481 0 0 0 -0.786263 0.617892
61.0922 -60.779 44.1481 0 0 0 -0.786263 0.617892
61.1958 -60.779 44.1481 0 0 0 -0.786263 0.617892
61.2994 -60.779 44.1481 0 0 0 -0.786263 0.617892
61.4032 -60.779 44.1481 0 0 0 -0.786263 0.617892
61.5068 -60.779 44.1481 0 0 0 -0.786263 0.617892
61.6105 -60.779 44.1481 0 0 0 -0.786263 0.617892
61.7142 -60.779 44.1481 0 0 0 -0.786263 0.617892
61.8179 -60.779 44.1481 0 0 0 -0.786263 0.617892
61.9215 -60.779 44.1481 0 0 0 -0.786263 0.617892
62.0253 -60.779 44.1481 0 0 0 -0.786263 0.617892
62.1289 -60.779 44.1481 0 0 0 -0.786263 0.617892
62.2327 -60.779 44.1481 0 0 0 -0.786263 0.617892
62.3363 -60.779 44.1481 0 0 0 -0.786263 0.617892
62.44 -60.779 44.1481 0 0 0 -0.786263 0.617892
62.5438 -60.779 44.1481 0 0 0 -0.786263 0.617892
62.6474 -60.779 44.1481 0 0 0 -0.786263 0.617892
62.7512 -60.779 44.1481 0 0 0 -0.786263 0.617892
62.8548 -60.779 44.1481 0 0 0 -0.786263 0.617892
62.9585 -60.779 44.1481 0 0 0 -0.786263 0.617892
63.0623 -60.779 44.1481 0 0 0 -0.786263 0.617892
63.1661 -60.779 44.1481 0 0 0 -0.786263 0.617892
63.2698 -60.779 44.1481 0 0 0 -0.786263 0.617892
63.3736 -60.779 44.1481 0 0 0 -0.786263 0.617892
63.4773 -60.779 44.1481 0 0 0 -0.786263 0.617892
63.581 -60.779 44.1481 0 0 0 -0.786263 0.617892
63.6849 -60.779 44.1481 0 0 0 -0.786263 0.617892
63.7887 -60.779 44.1481 0 0 0 -0.786263 0.617892
63.8924 -60.779 44.1481 0 0 0 -0.786263 0.617892
63.9961 -60.779 44.1481 0 0 0 -0.786263 0.617892
64.1 -60.779 44.1481 0 0 0 -0.786263 0.617892
64.2036 -60.779 44.1481 0 0 0 -0.786263 0.617892
64.3073 -60.779 44.1481 0 0 0 -0.786263 0.617892
64.411 -60.779 44.1481 0 0 0 -0.786263 0.617892
64.5148 -60.779 44.1481 0 0 0 -0.786263 0.617892
64.6185 -60.779 44.1481 0 0 0 -0.786263 0.617892
64.7223 -60.779 44.1481 0 0 0 -0.786263 0.617892
64.8262 -60.779 44.1481 0 0 0 -0.786263 0.617892
64.9298 -60.779 44.1481 0 0 0 -0.786263 0.617892
65.0335 -60.779 44.1481 0 0 0 -0.786263 0.617892
65.1373 -60.779 44.1481 0 0 0 -0.786263 0.617892
65.241 -60.779 44.1481 0 0 0 -0.786263 0.617892
65.3448 -60.779 44.1481 0 0 0 -0.786263 0.617892
65.4485 -60.779 44.1481 0 0 0 -0.786263 0.617892
65.5523 -60.779 44.1481 0 0 0 -0.786263 0.617892
65.6562 -60.779 44.1481 0 0 0 -0.786263 0.617892
65.7599 -60.779 44.1481 0 0 0 -0.786263 0.617892
65.8637 -60.779 44.1481 0 0 0 -0.786263 0.617892
65.9674 -60.779 44.1481 0 0 0 -0.786263 0.617892
66.0713 -60.779 44.1481 0 0 0 -0.786263 0.617892
66.175 -60.779 44.1481 0 0 0 -0.786263 0.617892
66.2788 -60.779 44.1481 0 0 0 -0.786263 0.617892
66.3827 -60.779 44.1481 0 0 0 -0.786263 0.617892
66.4865 -60.779 44.1481 0 0 0 -0.786263 0.617892
66.5904 -60.779 44.1481 0 0 0 -0.786263 0.617892
66.6942 -60.779 44.1481 0 0 0 -0.786263 0.617892
66.798 -60.779 44.1481 0 0 0 -0.786263 0.617892
66.9019 -60.779 44.1481 0 0 0 -0.786263 0.617892
67.0058 -60.779 44.1481 0 0 0 -0.786263 0.617892
67.1097 -60.779 44.1481 0 0 0 -0.786263 0.617892
67.2136 -60.779 44.1481 0 0 0 -0.786263 0.617892
67.3174 -60.779 44.1481 0 0 0 -0.786263 0.617892
67.4212 -60.779 44.1481 0 0 0 -0.786263 0.617892
67.525 -60.779 44.1481 0 0 0 -0.786263 0.617892
67.6288 -60.779 44.1481 0 0 0 -0.786263 0.617892
67.7327 -60.779 44.1481 0 0 0 -0.786263 0.617892
67.8364 -60.779 44.1481 0 0 0 -0.786263 0.617892
67.9402 -60.779 44.1481 0 0 0 -0.786263 0.617892
68.0439 -60.779 44.1481 0 0 0 -0.786263 0.617892
68.1477 -60.779 44.1481 0 0 0 -0.786263 0.617892
68.2514 -60.779 44.1481 0 0 0 -0.786263 0.617892
68.355 -60.779 44.1481 0 0 0 -0.786263 0.617892
68.4588 -60.779 44.1481 0 0 0 -0.786263 0.617892
68.5626 -60.779 44.1481 0 0 0 -0.786263 0.617892
68.6662 -60.779 44.1481 0 0 0 -0.786263 0.617892
68.7699 -60.779 44.1481 0 0 0 -0.786263 0.617892
68.8736 -60.779 44.1481 0 0 0 -0.786263 0.617892
68.9773 -60.779 44.1481 0 0 0 -0.786263 0.617892
69.0809 -60.779 44.1481 0 0 0 -0.786263 0.617892
69.1847 -60.779 44.1481 0 0 0 -0.786263 0.617892
69.2883 -60.779 44.1481 0 0 0 -0.786263 0.617892
69.3921 -60.779 44.1481 0 0 0 -0.786263 0.617892
69.4958 -60.779 44.1481 0 0 0 -0.786263 0.617892
69.5994 -60.779 44.1481 0 0 0 -0.786263 0.617892
69.7032 -60.779 44.1481 0 0 0 -0.786263 0.617892
69.8068 -60.779 44.1481 0 0 0 -0.786263 0.617892
69.9106 -60.779 44.1481 0 0 0 -0.786263 0.617892
70.0142 -60.779 44.1481 0 0 0 -0.786263 0.617892
70.118 -60.779 44.1481 0 0 0 -0.786263 0.617892
70.2216 -60.779 44.1481 0 0 0 -0.786263 0.617892
70.3253 -60.779 44.1481 0 0 0 -0.786263 0.617892
70.429 -60.779 44.1481 0 0 0 -0.786263 0.617892
70.5327 -60.779 44.1481 0 0 0 -0.786263 0.617892
70.6365 -60.779 44.1481 0 0 0 -0.786263 0.617892
70.7402 -60.779 44.1481 0 0 0 -0.786263 0.617892
70.844 -60.779 44.1481 0 0 0 -0.786263 0.617892
70.9476 -60.779 44.1481 0 0 0 -0.786263 0.617892
71.0512 -60.779 44.1481 0 0 0 -0.786263 0.617892
71.155 -60.779 44.1481 0 0 0 -0.786263 0.617892
71.2586 -60.779 44.1481 0 0 0 -0.786263 0.617892
71.3623 -60.779 44.1481 0 0 0 -0.786263 0.617892
71.4659 -60.779 44.1481 0 0 0 -0.786263 0.617892
71.5697 -60.779 44.1481 0 0 0 -0.786263 0.617892
71.6733 -60.779 44.1481 0 0 0 -0.786263 0.617892
71.7769 -60.779 44.1481 0 0 0 -0.786263 0.617892
71.8807 -60.779 44.1481 0 0 0 -0.786263 0.617892
71.9843 -60.779 44.1481 0 0 0 -0.786263 0.617892
72.0881 -60.779 44.1481 0 0 0 -0.786263 0.617892
72.1917 -60.779 44.1481 0 0 0 -0.786263 0.617892
72.2954 -60.779 44.1481 0 0 0 -0.786263 0.617892
72.3992 -60.779 44.1481 0 0 0 -0.786263 0.617892
72.5029 -60.779 44.1481 0 0 0 -0.786263 0.617892
72.6067 -60.779 44.1481 0 0 0 -0.786263 0.617892
72.7104 -60.779 44.1481 0 0 0 -0.786263 0.617892
72.8142 -60.779 44.1481 0 0 0 -0.786263 0.617892
72.9179 -60.779 44.1481 0 0 0 -0.786263 0.617892
73.0217 -60.779 44.1481 0 0 0 -0.786263 0.617892
73.1254 -60.779 44.1481 0 0 0 -0.786263 0.617892
73.2292 -60.779 44.1481 0 0 0 -0.786263 0.617892
73.3329 -60.779 44.1481 0 0 0 -0.786263 0.617892
73.4365 -60.779 44.1481 0 0 0 -0.786263 0.617892
73.5403 -60.779 44.1481 0 0 0 -0.786263 0.617892
73.6441 -60.779 44.1481 0 0 0 -0.786263 0.617892
73.7478 -60.779 44.1481 0 0 0 -0.786263 0.617892
73.8515 -60.779 44.1481 0 0 0 -0.786263 0.617892
73.9553 -60.779 44.1481 0 0 0 -0.786263 0.617892
74.0591 -60.779 44.1481 0 0 0 -0.786263 0.617892
74.1628 -60.779 44.1481 0 0 0 -0.786263 0.617892
74.2665 -60.779 44.1481 0 0 0 -0.786263 0.617892
74.3702 -60.779 44.1481 0 0 0 -0.786263 0.617892
74.4739 -60.779 44.1481 0 0 0 -0.786263 0.617892
74.5776 -60.779 44.1481 0 0 0 -0.786263 0.617892
74.6813 -60.779 44.1481 0 0 0 -0.786263 0.617892
74.7851 -60.779 44.1481 0 0 0 -0.786263 0.617892
74.8888 -60.779 44.1481 0 0 0 -0.786263 0.617892
74.9927 -60.779 44.1481 0 0 0 -0.786263 0.617892
75.0964 -60.779 44.1481 0 0 0 -0.786263 0.617892
75.2002 -60.779 44.1481 0 0 0 -0.786263 0.617892
75.304 -60.779 44.1481 0 0 0 -0.786263 0.617892
75.4078 -60.779 44.1481 0 0 0 -0.786263 0.617892
75.5117 -60.779 44.1481 0 0 0 -0.786263 0.617892
75.6154 -60.779 44.1481 0 0 0 -0.786263 0.617892
75.7192 -60.779 44.1481 0 0 0 -0.786263 0.617892
75.8229 -60.779 44.1481 0 0 0 -0.786263 0.617892
75.9267 -60.779 44.1481 0 0 0 -0.786263 0.617892
76.0304 -60.779 44.1481 0 0 0 -0.786263 0.617892
76.134 -60.779 44.1481 0 0 0 -0.786263 0.617892
76.2378 -60.779 44.1481 0 0 0 -0.786263 0.617892
76.3416 -60.779 44.1481 0 0 0 -0.786263 0.617892
76.4454 -60.779 44.1481 0 0 0 -0.786263 0.617892
76.5491 -60.779 44.1481 0 0 0 -0.786263 0.617892
76.6529 -60.779 44.1481 0 0 0 -0.786263 0.617892
76.7567 -60.779 44.1481 0 0 0 -0.786263 0.617892
76.8604 -60.779 44.1481 0 0 0 -0.786263 0.617892
76.9643 -60.779 44.1481 0 0 0 -0.786263 0.617892
77.0681 -60.779 44.1481 0 0 0 -0.786263 0.617892
77.1719 -60.779 44.1481 0 0 0 -0.786263 0.617892
77.2756 -60.779 44.1481 0 0 0 -0.786263 0.617892
77.3793 -60.779 44.1481 0 0 0 -0.786263 0.617892
77.4831 -60.779 44.1481 0 0 0 -0.786263 0.617892
77.5868 -60.779 44.1481 0 0 0 -0.786263 0.617892
77.6906 -60.779 44.1481 0 0 0 -0.786263 0.617892
77.7943 -60.779 44.1481 0 0 0 -0.786263 0.617892
77.8982 -60.779 44.1481 0 0 0 -0.786263 0.617892
78.0019 -60.779 44.1481 0 0 0 -0.786263 0.617892
78.1058 -60.779 44.1481 0 0 0 -0.786263 0.617892
78.2097 -60.779 44.1481 0 0 0 -0.786263 0.617892
78.3134 -60.779 44.1481 0 0 0 -0.786263 0.617892
78.4173 -60.779 44.1481 0 0 0 -0.786263 0.617892
78.5211 -60.779 44.1481 0 0 0 -0.786263 0.617892
78.6249 -60.779 44.1481 0 0 0 -0.786263 0.617892
78.7287 -60.779 44.1481 0 0 0 -0.786263 0.617892
78.8327 -60.779 44.1481 0 0 0 -0.786263 0.617892
78.9366 -60.779 44.1481 0 0 0 -0.786263 0.617892
79.0404 -60.779 44.1481 0 0 0 -0.786263 0.617892
79.1443 -60.779 44.1481 0 0 0 -0.786263 0.617892
79.2482 -60.779 44.1481 0 0 0 -0.786263 0.617892
79.3521 -60.779 44.1481 0 0 0 -0.786263 0.617892
79.4558 -60.779 44.1481 0 0 0 -0.786263 0.617892
79.5596 -60.779 44.1481 0 0 0 -0.786263 0.617892
79.6633 -60.779 44.1481 0 0 0 -0.786263 0.617892
79.7669 -60.779 44.1481 0 0 0 -0.786263 0.617892
79.8707 -60.779 44.1481 0 0 0 -0.786263 0.617892
79.9743 -60.779 44.1481 0 0 0 -0.786263 0.617892
80.0781 -60.779 44.1481 0 0 0 -0.786263 0.617892
80.1818 -60.779 44.1481 0 0 0 -0.786263 0.617892
80.2856 -60.779 44.1481 0 0 0 -0.786263 0.617892
80.3893 -60.779 44.1481 0 0 0 -0.786263 0.617892
80.4931 -60.779 44.1481 0 0 0 -0.786263 0.617892
80.5968 -60.779 44.1481 0 0 0 -0.786263 0.617892
80.7006 -60.779 44.1481 0 0 0 -0.786263 0.617892
80.8042 -60.779 44.1481 0 0 0 -0.786263 0.617892
80.908 -60.779 44.1481 0 0 0 -0.786263 0.617892
81.0116 -60.779 44.1481 0 0 0 -0.786263 0.617892
81.1153 -60.779 44.1481 0 0 0 -0.786263 0.617892
81.2189 -60.779 44.1481 0 0 0 -0.786263 0.617892
81.3227 -60.779 44.1481 0 0 0 -0.786263 0.617892
81.4264 -60.779 44.1481 0 0 0 -0.786263 0.617892
81.5302 -60.779 44.1481 0 0 0 -0.786263 0.617892
81.6338 -60.779 44.1481 0 0 0 -0.786263 0.617892
81.7376 -60.779 44.1481 0 0 0 -0.786263 0.617892
81.8413 -60.779 44.1481 0 0 0 -0.786263 0.617892
81.9451 -60.779 44.1481 0 0 0 -0.786263 0.617892
82.0488 -60.779 44.1481 0 0 0 -0.786263 0.617892
82.1526 -60.779 44.1481 0 0 0 -0.786263 0.617892
82.2564 -60.779 44.1481 0 0 0 -0.786263 0.617892
82.3601 -60.779 44.1481 0 0 0 -0.786263 0.617892
82.464 -60.779 44.1481 0 0 0 -0.786263 0.617892
82.5679 -60.779 44.1481 0 0 0 -0.786263 0.617892
82.6718 -60.779 44.1481 0 0 0 -0.786263 0.617892
82.7758 -60.779 44.1481 0 0 0 -0.786263 0.617892
82.8798 -60.779 44.1481 0 0 0 -0.786263 0.617892
82.9837 -60.779 44.1481 0 0 0 -0.786263 0.617892
83.0876 -60.779 44.1481 0 0 0 -0.786263 0.617892
83.1914 -60.779 44.1481 0 0 0 -0.786263 0.617892
83.2954 -60.779 44.1481 0 0 0 -0.786263 0.617892
83.3993 -60.779 44.1481 0 0 0 -0.786263 0.617892
83.5032 -60.779 44.1481 0 0 0 -0.786263 0.617892
83.6071 -60.779 44.1481 0 0 0 -0.786263 0.617892
83.7108 -60.779 44.1481 0 0 0 -0.786263 0.617892
83.8147 -60.779 44.1481 0 0 0 -0.786263 0.617892
83.9184 -60.779 44.1481 0 0 0 -0.786263 0.617892
84.0222 -60.779 44.1481 0 0 0 -0.786263 0.617892
84.126 -60.779 44.1481 0 0 0 -0.786263 0.617892
84.2297 -60.779 44.1481 0 0 0 -0.786263 0.617892
84.3333 -60.779 44.1481 0 0 0 -0.786263 0.617892
84.4371 -60.779 44.1481 0 0 0 -0.786263 0.617892
84.5407 -60.779 44.1481 0 0 0 -0.786263 0.617892
84.6444 -60.779 44.1481 0 0 0 -0.786263 0.617892
84.7481 -60.779 44.1481 0 0 0 -0.786263 0.617892
84.8517 -60.779 44.1481 0 0 0 -0.786263 0.617892
84.9553 -60.779 44.1481 0 0 0 -0.786263 0.617892
85.0591 -60.779 44.1481 0 0 0 -0.786263 0.617892
85.1627 -60.779 44.1481 0 0 0 -0.786263 0.617892
85.2663 -60.779 44.1481 0 0 0 -0.786263 0.617892
85.3701 -60.779 44.1481 0 0 0 -0.786263 0.617892
85.4737 -60.779 44.1481 0 0 0 -0.786263 0.617892
85.5774 -60.779 44.1481 0 0 0 -0.786263 0.617892
85.6811 -60.779 44.1481 0 0 0 -0.786263 0.617892
85.7848 -60.779 44.1481 0 0 0 -0.786263 0.617892
85.8886 -60.779 44.1481 0 0 0 -0.786263 0.617892
85.9922 -60.779 44.1481 0 0 0 -0.786263 0.617892
86.0959 -60.779 44.1481 0 0 0 -0.786263 0.617892
86.1997 -60.779 44.1481 0 0 0 -0.786263 0.617892
86.3033 -60.779 44.1481 0 0 0 -0.786263 0.617892
86.4071 -60.779 44.1481 0 0 0 -0.786263 0.617892
86.5107 -60.779 44.1481 0 0 0 -0.786263 0.617892
86.6143 -60.779 44.1481 0 0 0 -0.786263 0.617892
86.7181 -60.779 44.1481 0 0 0 -0.786263 0.617892
86.8217 -60.779 44.1481 0 0 0 -0.786263 0.617892
86.9254 -60.779 44.1481 0 0 0 -0.786263 0.617892
87.0291 -60.779 44.1481 0 0 0 -0.786263 0.617892
87.1328 -60.779 44.1481 0 0 0 -0.786263 0.617892
87.2364 -60.779 44.1481 0 0 0 -0.786263 0.617892
87.3401 -60.779 44.1481 0 0 0 -0.786263 0.617892
87.4437 -60.779 44.1481 0 0 0 -0.786263 0.617892
87.5473 -60.779 44.1481 0 0 0 -0.786263 0.617892
87.6511 -60.779 44.1481 0 0 0 -0.786263 0.617892
87.7547 -60.779 44.1481 0 0 0 -0.786263 0.617892
87.8583 -60.779 44.1481 0 0 0 -0.786263 0.617892
87.9621 -60.779 44.1481 0 0 0 -0.786263 0.617892
88.0657 -60.779 44.1481 0 0 0 -0.786263 0.617892
88.1693 -60.779 44.1481 0 0 0 -0.786263 0.617892
88.2731 -60.779 44.1481 0 0 0 -0.786263 0.617892
88.3767 -60.779 44.1481 0 0 0 -0.786263 0.617892
88.4803 -60.779 44.1481 0 0 0 -0.786263 0.617892
88.5841 -60.779 44.1481 0 0 0 -0.786263 0.617892
88.6878 -60.779 44.1481 0 0 0 -0.786263 0.617892
88.7916 -60.779 44.1481 0 0 0 -0.786263 0.617892
88.8953 -60.779 44.1481 0 0 0 -0.786263 0.617892
88.9991 -60.779 44.1481 0 0 0 -0.786263 0.617892
89.1028 -60.779 44.1481 0 0 0 -0.786263 0.617892
89.2066 -60.779 44.1481 0 0 0 -0.786263 0.617892
89.3103 -60.779 44.1481 0 0 0 -0.786263 0.617892
89.4139 -60.779 44.1481 0 0 0 -0.786263 0.617892
89.5177 -60.779 44.1481 0 0 0 -0.786263 0.617892
89.6214 -60.779 44.1481 0 0 0 -0.786263 0.617892
89.7253 -60.779 44.1481 0 0 0 -0.786263 0.617892
89.8291 -60.779 44.1481 0 0 0 -0.786263 0.617892
89.9328 -60.779 44.1481 0 0 0 -0.786263 0.617892
90.0367 -60.779 44.1481 0 0 0 -0.786263 0.617892
90.1406 -60.779 44.1481 0 0 0 -0.786263 0.617892
90.2443 -60.779 44.1481 0 0 0 -0.786263 0.617892
90.3482 -60.779 44.1481 0 0 0 -0.786263 0.617892
90.4519 -60.779 44.1481 0 0 0 -0.786263 0.617892
90.5558 -60.779 44.1481 0 0 0 -0.786263 0.617892
90.6596 -60.779 44.1481 0 0 0 -0.786263 0.617892
90.7633 -60.779 44.1481 0 0 0 -0.786263 0.617892
90.8672 -60.779 44.1481 0 0 0 -0.786263 0.617892
90.9708 -60.779 44.1481 0 0 0 -0.786263 0.617892
91.0747 -60.779 44.1481 0 0 0 -0.786263 0.617892
91.1784 -60.779 44.1481 0 0 0 -0.786263 0.617892
91.2822 -60.779 44.1481 0 0 0 -0.786263 0.617892
91.3859 -60.779 44.1481 0 0 0 -0.786263 0.617892
91.4896 -60.779 44.1481 0 0 0 -0.786263 0.617892
91.5933 -60.779 44.1481 0 0 0 -0.786263 0.617892
91.6972 -60.779 44.1481 0 0 0 -0.786263 0.617892
91.8009 -60.779 44.1481 0 0 0 -0.786263 0.617892
91.9047 -60.779 44.1481 0 0 0 -0.786263 0.617892
92.0085 -60.779 44.1481 0 0 0 -0.786263 0.617892
92.1122 -60.779 44.1481 0 0 0 -0.786263 0.617892
92.216 -60.779 44.1481 0 0 0 -0.786263 0.617892
92.3197 -60.779 44.1481 0 0 0 -0.786263 0.617892
92.4234 -60.779 44.1481 0 0 0 -0.786263 0.617892
92.5272 -60.779 44.1481 0 0 0 -0.786263 0.617892
92.631 -60.779 44.1481 0 0 0 -0.786263 0.617892
92.7347 -60.779 44.1481 0 0 0 -0.786263 0.617892
92.8385 -60.779 44.1481 0 0 0 -0.786263 0.617892
92.9422 -60.779 44.1481 0 0 0 -0.786263 0.617892
93.046 -60.779 44.1481 0 0 0 -0.786263 0.617892
93.1497 -60.779 44.1481 0 0 0 -0.786263 0.617892
93.2534 -60.779 44.1481 0 0 0 -0.786263 0.617892
93.3572 -60.779 44.1481 0 0 0 -0.786263 0.617892
93.4611 -60.779 44.1481 0 0 0 -0.786263 0.617892
93.5649 -60.779 44.1481 0 0 0 -0.786263 0.617892
93.6688 -60.779 44.1481 0 0 0 -0.786263 0.617892
93.7727 -60.779 44.1481 0 0 0 -0.786263 0.617892
93.8767 -60.779 44.1481 0 0 0 -0.786263 0.617892
93.9806 -60.779 44.1481 0 0 0 -0.786263 0.617892
94.0844 -60.779 44.1481 0 0 0 -0.786263 0.617892
94.1885 -60.779 44.1481 0 0 0 -0.786263 0.617892
94.2923 -60.779 44.1481 0 0 0 -0.786263 0.617892
94.3962 -60.779 44.1481 0 0 0 -0.786263 0.617892
94.5001 -60.779 44.1481 0 0 0 -0.786263 0.617892
94.6038 -60.779 44.1481 0 0 0 -0.786263 0.617892
94.7078 -60.779 44.1481 0 0 0 -0.786263 0.617892
94.8117 -60.779 44.1481 0 0 0 -0.786263 0.617892
94.9155 -60.779 44.1481 0 0 0 -0.786263 0.617892
95.0193 -60.779 44.1481 0 0 0 -0.786263 0.617892
95.1233 -60.779 44.1481 0 0 0 -0.786263 0.617892
95.2271 -60.779 44.1481 0 0 0 -0.786263 0.617892
95.3309 -60.779 44.1481 0 0 0 -0.786263 0.617892
95.4348 -60.779 44.1481 0 0 0 -0.786263 0.617892
95.5386 -60.779 44.1481 0 0 0 -0.786263 0.617892
95.6422 -60.779 44.1481 0 0 0 -0.786263 0.617892
95.7459 -60.779 44.1481 0 0 0 -0.786263 0.617892
95.8496 -60.779 44.1481 0 0 0 -0.786263 0.617892
95.9533 -60.779 44.1481 0 0 0 -0.786263 0.617892
96.057 -60.779 44.1481 0 0 0 -0.786263 0.617892
96.1606 -60.779 44.1481 0 0 0 -0.786263 0.617892
96.2642 -60.779 44.1481 0 0 0 -0.786263 0.617892
96.3677 -60.779 44.1481 0 0 0 -0.786263 0.617892
96.4713 -60.779 44.1481 0 0 0 -0.786263 0.617892
96.575 -60.779 44.1481 0 0 0 -0.786263 0.617892
96.6786 -60.779 44.1481 0 0 0 -0.786263 0.617892
96.7822 -60.779 44.1481 0 0 0 -0.786263 0.617892
96.8859 -60.779 44.1481 0 0 0 -0.786263 0.617892
96.9896 -60.779 44.1481 0 0 0 -0.786263 0.617892
97.0932 -60.779 44.1481 0 0 0 -0.786263 0.617892
97.197 -60.779 44.1481 0 0 0 -0.786263 0.617892
97.3006 -60.779 44.1481 0 0 0 -0.786263 0.617892
97.4042 -60.779 44.1481 0 0 0 -0.786263 0.617892
97.5078 -60.779 44.1481 0 0 0 -0.786263 0.617892
97.6116 -60.779 44.1481 0 0 0 -0.786263 0.617892
97.7152 -60.779 44.1481 0 0 0 -0.786263 0.617892
97.8189 -60.779 44.1481 0 0 0 -0.786263 0.617892
97.9227 -60.779 44.1481 0 0 0 -0.786263 0.617892
98.0263 -60.779 44.1481 0 0 0 -0.786263 0.617892
98.1301 -60.779 44.1481 0 0 0 -0.786263 0.617892
98.2338 -60.779 44.1481 0 0 0 -0.786263 0.617892
98.3374 -60.779 44.1481 0 0 0 -0.786263 0.617892
98.4412 -60.779 44.1481 0 0 0 -0.786263 0.617892
98.5448 -60.779 44.1481 0 0 0 -0.786263 0.617892
98.6486 -60.779 44.1481 0 0 0 -0.786263 0.617892
98.7523 -60.779 44.1481 0 0 0 -0.786263 0.617892
98.8559 -60.779 44.1481 0 0 0 -0.786263 0.617892
98.9597 -60.779 44.1481 0 0 0 -0.786263 0.617892
99.0633 -60.779 44.1481 0 0 0 -0.786263 0.617892
99.1671 -60.779 44.1481 0 0 0 -0.786263 0.617892
99.2708 -60.779 44.1481 0 0 0 -0.786263 0.617892
99.3745 -60.779 44.1481 0 0 0 -0.786263 0.617892
99.4782 -60.779 44.1481 0 0 0 -0.786263 0.617892
99.5819 -60.779 44.1481 0 0 0 -0.786263 0.617892
99.6857 -60.779 44.1481 0 0 0 -0.786263 0.617892
99.7895 -60.779 44.1481 0 0 0 -0.786263 0.617892
99.8932 -60.779 44.1481 0 0 0 -0.786263 0.617892
99.997 -60.779 44.1481 0 0 0 -0.786263 0.617892
100.101 -60.779 44.1481 0 0 0 -0.786263 0.617892
100.204 -60.779 44.1481 0 0 0 -0.786263 0.617892
100.308 -60.779 44.1481 0 0 0 -0.786263 0.617892
100.412 -60.779 44.1481 0 0 0 -0.786263 0.617892
100.515 -60.779 44.1481 0 0 0 -0.786263 0.617892
100.619 -60.779 44.1481 0 0 0 -0.786263 0.617892
100.723 -60.779 44.1481 0 0 0 -0.786263 0.617892
100.826 -60.779 44.1481 0 0 0 -0.786263 0.617892
100.93 -60.779 44.1481 0 0 0 -0.786263 0.617892
101.034 -60.779 44.1481 0 0 0 -0.786263 0.617892
101.137 -60.779 44.1481 0 0 0 -0.786263 0.617892
101.241 -60.779 44.1481 0 0 0 -0.786263 0.617892
101.345 -60.779 44.1481 0 0 0 -0.786263 0.617892
101.449 -60.779 44.1481 0 0 0 -0.786263 0.617892
101.552 -60.779 44.1481 0 0 0 -0.786263 0.617892
101.656 -60.779 44.1481 0 0 0 -0.786263 0.617892
101.76 -60.779 44.1481 0 0 0 -0.786263 0.617892
101.863 -60.779 44.1481 0 0 0 -0.786263 0.617892
101.967 -60.779 44.1481 0 0 0 -0.786263 0.617892
102.071 -60.779 44.1481 0 0 0 -0.786263 0.617892
102.174 -60.779 44.1481 0 0 0 -0.786263 0.617892
102.278 -60.779 44.1481 0 0 0 -0.786263 0.617892
102.382 -60.779 44.1481 0 0 0 -0.786263 0.617892
102.486 -60.779 44.1481 0 0 0 -0.786263 0.617892
102.589 -60.779 44.1481 0 0 0 -0.786263 0.617892
102.693 -60.779 44.1481 0 0 0 -0.786263 0.617892
102.797 -60.779 44.1481 0 0 0 -0.786263 0.617892
102.901 -60.779 44.1481 0 0 0 -0.786263 0.617892
103.004 -60.779 44.1481 0 0 0 -0.786263 0.617892
103.108 -60.779 44.1481 0 0 0 -0.786263 0.617892
103.212 -60.779 44.1481 0 0 0 -0.786263 0.617892
103.315 -60.779 44.1481 0 0 0 -0.786263 0.617892
103.419 -60.779 44.1481 0 0 0 -0.786263 0.617892
103.523 -60.779 44.1481 0 0 0 -0.786263 0.617892
103.626 -60.779 44.1481 0 0 0 -0.786263 0.617892
103.73 -60.779 44.1481 0 0 0 -0.786263 0.617892
103.834 -60.779 44.1481 0 0 0 -0.786263 0.617892
103.937 -60.779 44.1481 0 0 0 -0.786263 0.617892
104.041 -60.779 44.1481 0 0 0 -0.786263 0.617892
104.145 -60.779 44.1481 0 0 0 -0.786263 0.617892
104.248 -60.779 44.1481 0 0 0 -0.786263 0.617892
104.352 -60.779 44.1481 0 0 0 -0.786263 0.617892
104.456 -60.779 44.1481 0 0 0 -0.786263 0.617892
104.559 -60.779 44.1481 0 0 0 -0.786263 0.617892
104.663 -60.779 44.1481 0 0 0 -0.786263 0.617892
104.767 -60.779 44.1481 0 0 0 -0.786263 0.617892
104.87 -60.779 44.1481 0 0 0 -0.786263 0.617892
104.974 -60.779 44.1481 0 0 0 -0.786263 0.617892
105.078 -60.779 44.1481 0 0 0 -0.786263 0.617892
105.181 -60.779 44.1481 0 0 0 -0.786263 0.617892
105.285 -60.779 44.1481 0 0 0 -0.786263 0.617892
105.389 -60.779 44.1481 0 0 0 -0.786263 0.617892
105.492 -60.779 44.1481 0 0 0 -0.786263 0.617892
105.596 -60.779 44.1481 0 0 0 -0.786263 0.617892
105.7 -60.779 44.1481 0 0 0 -0.786263 0.617892
105.803 -60.779 44.1481 0 0 0 -0.786263 0.617892
105.907 -60.779 44.1481 0 0 0 -0.786263 0.617892
106.011 -60.779 44.1481 0 0 0 -0.786263 0.617892
106.114 -60.779 44.1481 0 0 0 -0.786263 0.617892
106.218 -60.779 44.1481 0 0 0 -0.786263 0.617892
106.322 -60.779 44.1481 0 0 0 -0.786263 0.617892
106.426 -60.779 44.1481 0 0 0 -0.786263 0.617892
106.529 -60.779 44.1481 0 0 0 -0.786263 0.617892
106.633 -60.779 44.1481 0 0 0 -0.786263 0.617892
106.737 -60.779 44.1481 0 0 0 -0.786263 0.617892
106.84 -60.779 44.1481 0 0 0 -0.786263 0.617892
106.944 -60.779 44.1481 0 0 0 -0.786263 0.617892
107.048 -60.779 44.1481 0 0 0 -0.786263 0.617892
107.151 -60.779 44.1481 0 0 0 -0.786263 0.617892
107.255 -60.779 44.1481 0 0 0 -0.786263 0.617892
107.359 -60.779 44.1481 0 0 0 -0.786263 0.617892
107.462 -60.779 44.1481 0 0 0 -0.786263 0.617892
107.566 -60.779 44.1481 0 0 0 -0.786263 0.617892
107.67 -60.779 44.1481 0 0 0 -0.786263 0.617892
107.774 -60.779 44.1481 0 0 0 -0.786263 0.617892
107.877 -60.779 44.1481 0 0 0 -0.786263 0.617892
107.981 -60.779 44.1481 0 0 0 -0.786263 0.617892
108.085 -60.779 44.1481 0 0 0 -0.786263 0.617892
108.189 -60.779 44.1481 0 0 0 -0.786263 0.617892
108.293 -60.779 44.1481 0 0 0 -0.786263 0.617892
108.397 -60.779 44.1481 0 0 0 -0.786263 0.617892
108.502 -60.779 44.1481 0 0 0 -0.786263 0.617892
108.606 -60.779 44.1481 0 0 0 -0.786263 0.617892
108.71 -60.779 44.1481 0 0 0 -0.786263 0.617892
108.814 -60.779 44.1481 0 0 0 -0.786263 0.617892
108.919 -60.779 44.1481 0 0 0 -0.786263 0.617892
109.023 -60.779 44.1481 0 0 0 -0.786263 0.617892
109.127 -60.779 44.1481 0 0 0 -0.786263 0.617892
109.231 -60.779 44.1481 0 0 0 -0.786263 0.617892
109.336 -60.779 44.1481 0 0 0 -0.786263 0.617892
109.44 -60.779 44.1481 0 0 0 -0.786263 0.617892
109.544 -60.779 44.1481 0 0 0 -0.786263 0.617892
109.648 -60.779 44.1481 0 0 0 -0.786263 0.617892
109.752 -60.779 44.1481 0 0 0 -0.786263 0.617892
109.856 -60.779 44.1481 0 0 0 -0.786263 0.617892
109.96 -60.779 44.1481 0 0 0 -0.786263 0.617892
110.064 -60.779 44.1481 0 0 0 -0.786263 0.617892
110.168 -60.779 44.1481 0 0 0 -0.786263 0.617892
110.271 -60.779 44.1481 0 0 0 -0.786263 0.617892
110.375 -60.779 44.1481 0 0 0 -0.786263 0.617892
110.479 -60.779 44.1481 0 0 0 -0.786263 0.617892
110.583 -60.779 44.1481 0 0 0 -0.786263 0.617892
110.687 -60.779 44.1481 0 0 0 -0.786263 0.617892
110.791 -60.779 44.1481 0 0 0 -0.786263 0.617892
110.895 -60.779 44.1481 0 0 0 -0.786263 0.617892
110.998 -60.779 44.1481 0 0 0 -0.786263 0.617892
111.102 -60.779 44.1481 0 0 0 -0.786263 0.617892
111.206 -60.779 44.1481 0 0 0 -0.786263 0.617892
111.309 -60.779 44.1481 0 0 0 -0.786263 0.617892
111.413 -60.779 44.1481 0 0 0 -0.786263 0.617892
111.517 -60.779 44.1481 0 0 0 -0.786263 0.617892
111.62 -60.779 44.1481 0 0 0 -0.786263 0.617892
111.724 -60.779 44.1481 0 0 0 -0.786263 0.617892
111.827 -60.779 44.1481 0 0 0 -0.786263 0.617892
111.931 -60.779 44.1481 0 0 0 -0.786263 0.617892
112.034 -60.779 44.1481 0 0 0 -0.786263 0.617892
112.138 -60.779 44.1481 0 0 0 -0.786263 0.617892
112.241 -60.779 44.1481 0 0 0 -0.786263 0.617892
112.345 -60.779 44.1481 0 0 0 -0.786263 0.617892
112.449 -60.779 44.1481 0 0 0 -0.786263 0.617892
112.552 -60.779 44.1481 0 0 0 -0.786263 0.617892
112.656 -60.779 44.1481 0 0 0 -0.786263 0.617892
112.76 -60.779 44.1481 0 0 0 -0.786263 0.617892
112.863 -60.779 44.1481 0 0 0 -0.786263 0.617892
112.967 -60.779 44.1481 0 0 0 -0.786263 0.617892
113.071 -60.779 44.1481 0 0 0 -0.786263 0.617892
113.175 -60.779 44.1481 0 0 0 -0.786263 0.617892
113.278 -60.779 44.1481 0 0 0 -0.786263 0.617892
113.382 -60.779 44.1481 0 0 0 -0.786263 0.617892
113.486 -60.779 44.1481 0 0 0 -0.786263 0.617892
113.589 -60.779 44.1481 0 0 0 -0.786263 0.617892
113.693 -60.779 44.1481 0 0 0 -0.786263 0.617892
113.797 -60.779 44.1481 0 0 0 -0.786263 0.617892
113.9 -60.779 44.1481 0 0 0 -0.786263 0.617892
114.004 -60.779 44.1481 0 0 0 -0.786263 0.617892
114.108 -60.779 44.1481 0 0 0 -0.786263 0.617892
114.211 -60.779 44.1481 0 0 0 -0.786263 0.617892
114.315 -60.779 44.1481 0 0 0 -0.786263 0.617892
114.419 -60.779 44.1481 0 0 0 -0.786263 0.617892
114.522 -60.779 44.1481 0 0 0 -0.786263 0.617892
114.626 -60.779 44.1481 0 0 0 -0.786263 0.617892
114.73 -60.779 44.1481 0 0 0 -0.786263 0.617892
114.833 -60.779 44.1481 0 0 0 -0.786263 0.617892
114.937 -60.779 44.1481 0 0 0 -0.786263 0.617892
115.041 -60.779 44.1481 0 0 0 -0.786263 0.617892
115.145 -60.779 44.1481 0 0 0 -0.786263 0.617892
115.248 -60.779 44.1481 0 0 0 -0.786263 0.617892
115.352 -60.779 44.1481 0 0 0 -0.786263 0.617892
115.456 -60.779 44.1481 0 0 0 -0.786263 0.617892
115.56 -60.779 44.1481 0 0 0 -0.786263 0.617892
115.663 -60.779 44.1481 0 0 0 -0.786263 0.617892
115.767 -60.779 44.1481 0 0 0 -0.786263 0.617892
115.87 -60.779 44.1481 0 0 0 -0.786263 0.617892
115.974 -60.779 44.1481 0 0 0 -0.786263 0.617892
116.078 -60.779 44.1481 0 0 0 -0.786263 0.617892
116.182 -60.779 44.1481 0 0 0 -0.786263 0.617892
116.285 -60.779 44.1481 0 0 0 -0.786263 0.617892
116.389 -60.779 44.1481 0 0 0 -0.786263 0.617892
116.493 -60.779 44.1481 0 0 0 -0.786263 0.617892
116.597 -60.779 44.1481 0 0 0 -0.786263 0.617892
116.7 -60.779 44.1481 0 0 0 -0.786263 0.617892
116.804 -60.779 44.1481 0 0 0 -0.786263 0.617892
116.908 -60.779 44.1481 0 0 0 -0.786263 0.617892
117.011 -60.779 44.1481 0 0 0 -0.786263 0.617892
117.115 -60.779 44.1481 0 0 0 -0.786263 0.617892
117.219 -60.779 44.1481 0 0 0 -0.786263 0.617892
117.323 -60.779 44.1481 0 0 0 -0.786263 0.617892
117.426 -60.779 44.1481 0 0 0 -0.786263 0.617892
117.53 -60.779 44.1481 0 0 0 -0.786263 0.617892
117.634 -60.779 44.1481 0 0 0 -0.786263 0.617892
117.737 -60.779 44.1481 0 0 0 -0.786263 0.617892
117.841 -60.779 44.1481 0 0 0 -0.786263 0.617892
117.945 -60.779 44.1481 0 0 0 -0.786263 0.617892
118.049 -60.779 44.1481 0 0 0 -0.786263 0.617892
118.152 -60.779 44.1481 0 0 0 -0.786263 0.617892
118.256 -60.779 44.1481 0 0 0 -0.786263 0.617892
118.36 -60.779 44.1481 0 0 0 -0.786263 0.617892
118.464 -60.779 44.1481 0 0 0 -0.786263 0.617892
118.567 -60.779 44.1481 0 0 0 -0.786263 0.617892
118.671 -60.779 44.1481 0 0 0 -0.786263 0.617892
118.775 -60.779 44.1481 0 0 0 -0.786263 0.617892
118.879 -60.779 44.1481 0 0 0 -0.786263 0.617892
118.982 -60.779 44.1481 0 0 0 -0.786263 0.617892
119.086 -60.779 44.1481 0 0 0 -0.786263 0.617892
119.19 -60.779 44.1481 0 0 0 -0.786263 0.617892
119.293 -60.779 44.1481 0 0 0 -0.786263 0.617892
119.397 -60.779 44.1481 0 0 0 -0.786263 0.617892
119.501 -60.779 44.1481 0 0 0 -0.786263 0.617892
119.605 -60.779 44.1481 0 0 0 -0.786263 0.617892
119.708 -60.779 44.1481 0 0 0 -0.786263 0.617892
119.812 -60.779 44.1481 0 0 0 -0.786263 0.617892
119.916 -60.779 44.1481 0 0 0 -0.786263 0.617892
120.019 -60.779 44.1481 0 0 0 -0.786263 0.617892
120.123 -60.779 44.1481 0 0 0 -0.786263 0.617892
120.227 -60.779 44.1481 0 0 0 -0.786263 0.617892
120.33 -60.779 44.1481 0 0 0 -0.786263 0.617892
120.434 -60.779 44.1481 0 0 0 -0.786263 0.617892
120.538 -60.779 44.1481 0 0 0 -0.786263 0.617892
120.642 -60.779 44.1481 0 0 0 -0.786263 0.617892
120.745 -60.779 44.1481 0 0 0 -0.786263 0.617892
120.849 -60.779 44.1481 0 0 0 -0.786263 0.617892
120.953 -60.779 44.1481 0 0 0 -0.786263 0.617892
121.056 -60.779 44.1481 0 0 0 -0.786263 0.617892
121.16 -60.779 44.1481 0 0 0 -0.786263 0.617892
121.264 -60.779 44.1481 0 0 0 -0.786263 0.617892
121.367 -60.779 44.1481 0 0 0 -0.786263 0.617892
121.471 -60.779 44.1481 0 0 0 -0.786263 0.617892
121.575 -60.779 44.1481 0 0 0 -0.786263 0.617892
121.678 -60.779 44.1481 0 0 0 -0.786263 0.617892
121.782 -60.779 44.1481 0 0 0 -0.786263 0.617892
121.886 -60.779 44.1481 0 0 0 -0.786263 0.617892
121.99 -60.779 44.1481 0 0 0 -0.786263 0.617892
122.093 -60.779 44.1481 0 0 0 -0.786263 0.617892
122.197 -60.779 44.1481 0 0 0 -0.786263 0.617892
122.301 -60.779 44.1481 0 0 0 -0.786263 0.617892
122.405 -60.779 44.1481 0 0 0 -0.786263 0.617892
122.508 -60.779 44.1481 0 0 0 -0.786263 0.617892
122.612 -60.779 44.1481 0 0 0 -0.786263 0.617892
122.716 -60.779 44.1481 0 0 0 -0.786263 0.617892
122.819 -60.779 44.1481 0 0 0 -0.786263 0.617892
122.923 -60.779 44.1481 0 0 0 -0.786263 0.617892
123.027 -60.779 44.1481 0 0 0 -0.786263 0.617892
123.131 -60.779 44.1481 0 0 0 -0.786263 0.617892
123.234 -60.779 44.1481 0 0 0 -0.786263 0.617892
123.338 -60.779 44.1481 0 0 0 -0.786263 0.617892
123.441 -60.779 44.1481 0 0 0 -0.786263 0.617892
123.545 -60.779 44.1481 0 0 0 -0.786263 0.617892
123.649 -60.779 44.1481 0 0 0 -0.786263 0.617892
123.753 -60.779 44.1481 0 0 0 -0.786263 0.617892
123.856 -60.779 44.1481 0 0 0 -0.786263 0.617892
123.96 -60.779 44.1481 0 0 0 -0.786263 0.617892
124.064 -60.779 44.1481 0 0 0 -0.786263 0.617892
124.167 -60.779 44.1481 0 0 0 -0.786263 0.617892
124.271 -60.779 44.1481 0 0 0 -0.786263 0.617892
124.375 -60.779 44.1481 0 0 0 -0.786263 0.617892
124.478 -60.779 44.1481 0 0 0 -0.786263 0.617892
124.582 -60.779 44.1481 0 0 0 -0.786263 0.617892
124.686 -60.779 44.1481 0 0 0 -0.786263 0.617892
124.789 -60.779 44.1481 0 0 0 -0.786263 0.617892
124.893 -60.779 44.1481 0 0 0 -0.786263 0.617892
124.997 -60.779 44.1481 0 0 0 -0.786263 0.617892
125.101 -60.779 44.1481 0 0 0 -0.786263 0.617892
125.204 -60.779 44.1481 0 0 0 -0.786263 0.617892
125.308 -60.779 44.1481 0 0 0 -0.786263 0.617892
125.411 -60.779 44.1481 0 0 0 -0.786263 0.617892
125.515 -60.779 44.1481 0 0 0 -0.786263 0.617892
125.619 -60.779 44.1481 0 0 0 -0.786263 0.617892
125.723 -60.779 44.1481 0 0 0 -0.786263 0.617892
125.826 -60.779 44.1481 0 0 0 -0.786263 0.617892
125.93 -60.779 44.1481 0 0 0 -0.786263 0.617892
126.034 -60.779 44.1481 0 0 0 -0.786263 0.617892
126.138 -60.779 44.1481 0 0 0 -0.786263 0.617892
126.242 -60.779 44.1481 0 0 0 -0.786263 0.617892
126.345 -60.779 44.1481 0 0 0 -0.786263 0.617892
126.449 -60.779 44.1481 0 0 0 -0.786263 0.617892
126.553 -60.779 44.1481 0 0 0 -0.786263 0.617892
126.657 -60.779 44.1481 0 0 0 -0.786263 0.617892
126.76 -60.779 44.1481 0 0 0 -0.786263 0.617892
126.864 -60.779 44.1481 0 0 0 -0.786263 0.617892
126.968 -60.779 44.1481 0 0 0 -0.786263 0.617892
127.072 -60.779 44.1481 0 0 0 -0.786263 0.617892
127.175 -60.779 44.1481 0 0 0 -0.786263 0.617892
127.279 -60.779 44.1481 0 0 0 -0.786263 0.617892
127.383 -60.779 44.1481 0 0 0 -0.786263 0.617892
127.487 -60.779 44.1481 0 0 0 -0.786263 0.617892
127.59 -60.779 44.1481 0 0 0 -0.786263 0.617892
127.694 -60.779 44.1481 0 0 0 -0.786263 0.617892
127.798 -60.779 44.1481 0 0 0 -0.786263 0.617892
127.901 -60.779 44.1481 0 0 0 -0.786263 0.617892
128.005 -60.779 44.1481 0 0 0 -0.786263 0.617892
128.109 -60.779 44.1481 0 0 0 -0.786263 0.617892
128.212 -60.779 44.1481 0 0 0 -0.786263 0.617892
128.316 -60.779 44.1481 0 0 0 -0.786263 0.617892
128.42 -60.779 44.1481 0 0 0 -0.786263 0.617892
128.524 -60.779 44.1481 0 0 0 -0.786263 0.617892
128.628 -60.779 44.1481 0 0 0 -0.786263 0.617892
128.731 -60.779 44.1481 0 0 0 -0.786263 0.617892
128.835 -60.779 44.1481 0 0 0 -0.786263 0.617892
128.939 -60.779 44.1481 0 0 0 -0.786263 0.617892
129.043 -60.779 44.1481 0 0 0 -0.786263 0.617892
129.146 -60.779 44.1481 0 0 0 -0.786263 0.617892
129.25 -60.779 44.1481 0 0 0 -0.786263 0.617892
129.354 -60.779 44.1481 0 0 0 -0.786263 0.617892
129.458 -60.779 44.1481 0 0 0 -0.786263 0.617892
129.561 -60.779 44.1481 0 0 0 -0.786263 0.617892
129.665 -60.779 44.1481 0 0 0 -0.786263 0.617892
129.769 -60.779 44.1481 0 0 0 -0.786263 0.617892
129.872 -60.779 44.1481 0 0 0 -0.786263 0.617892
129.976 -60.779 44.1481 0 0 0 -0.786263 0.617892
130.08 -60.779 44.1481 0 0 0 -0.786263 0.617892
130.184 -60.779 44.1481 0 0 0 -0.786263 0.617892
130.287 -60.779 44.1481 0 0 0 -0.786263 0.617892
130.391 -60.779 44.1481 0 0 0 -0.786263 0.617892
130.495 -60.779 44.1481 0 0 0 -0.786263 0.617892
130.598 -60.779 44.1481 0 0 0 -0.786263 0.617892
130.702 -60.779 44.1481 0 0 0 -0.786263 0.617892
130.806 -60.779 44.1481 0 0 0 -0.786263 0.617892
130.909 -60.779 44.1481 0 0 0 -0.786263 0.617892
131.013 -60.779 44.1481 0 0 0 -0.786263 0.617892
131.117 -60.779 44.1481 0 0 0 -0.786263 0.617892
131.22 -60.779 44.1481 0 0 0 -0.786263 0.617892
131.324 -60.779 44.1481 0 0 0 -0.786263 0.617892
131.428 -60.779 44.1481 0 0 0 -0.786263 0.617892
131.531 -60.779 44.1481 0 0 0 -0.786263 0.617892
131.635 -60.779 44.1481 0 0 0 -0.786263 0.617892
131.739 -60.779 44.1481 0 0 0 -0.786263 0.617892
131.842 -60.779 44.1481 0 0 0 -0.786263 0.617892
131.946 -60.779 44.1481 0 0 0 -0.786263 0.617892
132.05 -60.779 44.1481 0 0 0 -0.786263 0.617892
132.154 -60.779 44.1481 0 0 0 -0.786263 0.617892
132.257 -60.779 44.1481 0 0 0 -0.786263 0.617892
132.361 -60.779 44.1481 0 0 0 -0.786263 0.617892
132.465 -60.779 44.1481 0 0 0 -0.786263 0.617892
132.568 -60.779 44.1481 0 0 0 -0.786263 0.617892
132.672 -60.779 44.1481 0 0 0 -0.786263 0.617892
132.776 -60.779 44.1481 0 0 0 -0.786263 0.617892
132.879 -60.779 44.1481 0 0 0 -0.786263 0.617892
132.983 -60.779 44.1481 0 0 0 -0.786263 0.617892
133.087 -60.779 44.1481 0 0 0 -0.786263 0.617892
133.191 -60.779 44.1481 0 0 0 -0.786263 0.617892
133.294 -60.779 44.1481 0 0 0 -0.786263 0.617892
133.398 -60.779 44.1481 0 0 0 -0.786263 0.617892
133.501 -60.779 44.1481 0 0 0 -0.786263 0.617892
133.605 -60.779 44.1481 0 0 0 -0.786263 0.617892
133.709 -60.779 44.1481 0 0 0 -0.786263 0.617892
133.813 -60.779 44.1481 0 0 0 -0.786263 0.617892
133.916 -60.779 44.1481 0 0 0 -0.786263 0.617892
134.02 -60.779 44.1481 0 0 0 -0.786263 0.617892
134.124 -60.779 44.1481 0 0 0 -0.786263 0.617892
134.228 -60.779 44.1481 0 0 0 -0.786263 0.617892
134.331 -60.779 44.1481 0 0 0 -0.786263 0.617892
134.435 -60.779 44.1481 0 0 0 -0.786263 0.617892
134.539 -60.779 44.1481 0 0 0 -0.786263 0.617892
134.643 -60.779 44.1481 0 0 0 -0.786263 0.617892
134.746 -60.779 44.1481 0 0 0 -0.786263 0.617892
134.85 -60.779 44.1481 0 0 0 -0.786263 0.617892
134.954 -60.779 44.1481 0 0 0 -0.786263 0.617892
135.057 -60.779 44.1481 0 0 0 -0.786263 0.617892
135.161 -60.779 44.1481 0 0 0 -0.786263 0.617892
135.265 -60.779 44.1481 0 0 0 -0.786263 0.617892
135.369 -60.779 44.1481 0 0 0 -0.786263 0.617892
135.472 -60.779 44.1481 0 0 0 -0.786263 0.617892
135.576 -60.779 44.1481 0 0 0 -0.786263 0.617892
135.68 -60.779 44.1481 0 0 0 -0.786263 0.617892
135.783 -60.779 44.1481 0 0 0 -0.786263 0.617892
135.887 -60.779 44.1481 0 0 0 -0.786263 0.617892
135.991 -60.779 44.1481 0 0 0 -0.786263 0.617892
136.095 -60.779 44.1481 0 0 0 -0.786263 0.617892
136.198 -60.779 44.1481 0 0 0 -0.786263 0.617892
136.302 -60.779 44.1481 0 0 0 -0.786263 0.617892
136.406 -60.779 44.1481 0 0 0 -0.786263 0.617892
136.509 -60.779 44.1481 0 0 0 -0.786263 0.617892
136.613 -60.779 44.1481 0 0 0 -0.786263 0.617892
136.717 -60.779 44.1481 0 0 0 -0.786263 0.617892
136.82 -60.779 44.1481 0 0 0 -0.786263 0.617892
136.924 -60.779 44.1481 0 0 0 -0.786263 0.617892
137.028 -60.779 44.1481 0 0 0 -0.786263 0.617892
137.132 -60.779 44.1481 0 0 0 -0.786263 0.617892
137.235 -60.779 44.1481 0 0 0 -0.786263 0.617892
137.339 -60.779 44.1481 0 0 0 -0.786263 0.617892
137.443 -60.779 44.1481 0 0 0 -0.786263 0.617892
137.547 -60.779 44.1481 0 0 0 -0.786263 0.617892
137.65 -60.779 44.1481 0 0 0 -0.786263 0.617892
137.754 -60.779 44.1481 0 0 0 -0.786263 0.617892
137.858 -60.779 44.1481 0 0 0 -0.786263 0.617892
137.962 -60.779 44.1481 0 0 0 -0.786263 0.617892
138.065 -60.779 44.1481 0 0 0 -0.786263 0.617892
138.169 -60.779 44.1481 0 0 0 -0.786263 0.617892
138.273 -60.779 44.1481 0 0 0 -0.786263 0.617892
138.376 -60.779 44.1481 0 0 0 -0.786263 0.617892
138.48 -60.779 44.1481 0 0 0 -0.786263 0.617892
138.584 -60.779 44.1481 0 0 0 -0.786263 0.617892
138.687 -60.779 44.1481 0 0 0 -0.786263 0.617892
138.791 -60.779 44.1481 0 0 0 -0.786263 0.617892
138.895 -60.779 44.1481 0 0 0 -0.786263 0.617892
138.999 -60.779 44.1481 0 0 0 -0.786263 0.617892
139.102 -60.779 44.1481 0 0 0 -0.786263 0.617892
139.206 -60.779 44.1481 0 0 0 -0.786263 0.617892
139.31 -60.779 44.1481 0 0 0 -0.786263 0.617892
139.413 -60.779 44.1481 0 0 0 -0.786263 0.617892
139.517 -60.779 44.1481 0 0 0 -0.786263 0.617892
139.621 -60.779 44.1481 0 0 0 -0.786263 0.617892
139.724 -60.779 44.1481 0 0 0 -0.786263 0.617892
139.828 -60.779 44.1481 0 0 0 -0.786263 0.617892
139.932 -60.779 44.1481 0 0 0 -0.786263 0.617892
140.036 -60.779 44.1481 0 0 0 -0.786263 0.617892
140.139 -60.779 44.1481 0 0 0 -0.786263 0.617892
140.243 -60.779 44.1481 0 0 0 -0.786263 0.617892
140.347 -60.779 44.1481 0 0 0 -0.786263 0.617892
140.45 -60.779 44.1481 0 0 0 -0.786263 0.617892
140.554 -60.779 44.1481 0 0 0 -0.786263 0.617892
140.658 -60.779 44.1481 0 0 0 -0.786263 0.617892
140.761 -60.779 44.1481 0 0 0 -0.786263 0.617892
140.865 -60.779 44.1481 0 0 0 -0.786263 0.617892
140.969 -60.779 44.1481 0 0 0 -0.786263 0.617892
141.072 -60.779 44.1481 0 0 0 -0.786263 0.617892
141.176 -60.779 44.1481 0 0 0 -0.786263 0.617892
141.28 -60.779 44.1481 0 0 0 -0.786263 0.617892
141.383 -60.779 44.1481 0 0 0 -0.786263 0.617892
141.487 -60.779 44.1481 0 0 0 -0.786263 0.617892
141.591 -60.779 44.1481 0 0 0 -0.786263 0.617892
141.695 -60.779 44.1481 0 0 0 -0.786263 0.617892
141.798 -60.779 44.1481 0 0 0 -0.786263 0.617892
141.902 -60.779 44.1481 0 0 0 -0.786263 0.617892
142.006 -60.779 44.1481 0 0 0 -0.786263 0.617892
142.109 -60.779 44.1481 0 0 0 -0.786263 0.617892
142.213 -60.779 44.1481 0 0 0 -0.786263 0.617892
142.317 -60.779 44.1481 0 0 0 -0.786263 0.617892
142.421 -60.779 44.1481 0 0 0 -0.786263 0.617892
142.524 -60.779 44.1481 0 0 0 -0.786263 0.617892
142.628 -60.779 44.1481 0 0 0 -0.786263 0.617892
142.732 -60.779 44.1481 0 0 0 -0.786263 0.617892
142.835 -60.779 44.1481 0 0 0 -0.786263 0.617892
142.939 -60.779 44.1481 0 0 0 -0.786263 0.617892
143.043 -60.779 44.1481 0 0 0 -0.786263 0.617892
143.146 -60.779 44.1481 0 0 0 -0.786263 0.617892
143.25 -60.779 44.1481 0 0 0 -0.786263 0.617892
143.354 -60.779 44.1481 0 0 0 -0.786263 0.617892
143.457 -60.779 44.1481 0 0 0 -0.786263 0.617892
143.561 -60.779 44.1481 0 0 0 -0.786263 0.617892
143.665 -60.779 44.1481 0 0 0 -0.786263 0.617892
143.768 -60.779 44.1481 0 0 0 -0.786263 0.617892
143.872 -60.779 44.1481 0 0 0 -0.786263 0.617892
143.976 -60.779 44.1481 0 0 0 -0.786263 0.617892
144.08 -60.779 44.1481 0 0 0 -0.786263 0.617892
144.183 -60.779 44.1481 0 0 0 -0.786263 0.617892
144.287 -60.779 44.1481 0 0 0 -0.786263 0.617892
144.391 -60.779 44.1481 0 0 0 -0.786263 0.617892
