1 2.22045e-16 -1.66533e-16 1.11022e-16 0.5 -0.5 0.5 -0.5
1.5 2.22045e-16 -1.66533e-16 1.11022e-16 0.5 -0.5 0.5 -0.5
2 2.22045e-16 -1.66533e-16 1.11022e-16 0.5 -0.5 0.5 -0.5
2.5 2.22045e-16 -1.66533e-16 1.11022e-16 0.5 -0.5 0.5 -0.5
3 2.22045e-16 -1.66533e-16 1.11022e-16 0.5 -0.5 0.5 -0.5
3.5 2.22045e-16 -1.66533e-16 1.11022e-16 0.5 -0.5 0.5 -0.5
4 2.22045e-16 -1.66533e-16 1.11022e-16 0.5 -0.5 0.5 -0.5
4.5 2.22045e-16 -1.66533e-16 1.11022e-16 0.5 -0.5 0.5 -0.5
5 2.22045e-16 -1.66533e-16 1.11022e-16 0.5 -0.5 0.5 -0.5
5.5 2.22045e-16 -1.66533e-16 1.11022e-16 0.5 -0.5 0.5 -0.5
6 2.22045e-16 -1.66533e-16 1.11022e-16 0.5 -0.5 0.5 -0.5
6.5 2.22045e-16 -1.66533e-16 1.11022e-16 0.5 -0.5 0.5 -0.5
7 2.22045e-16 -1.66533e-16 1.11022e-16 0.5 -0.5 0.5 -0.5
7.5 2.22045e-16 -1.66533e-16 1.11022e-16 0.5 -0.5 0.5 -0.5
8 2.22045e-16 -1.66533e-16 1.11022e-16 0.5 -0.5 0.5 -0.5
8.5 2.22045e-16 -1.66533e-16 1.11022e-16 0.5 -0.5 0.5 -0.5
9 2.22045e-16 -1.66533e-16 1.11022e-16 0.5 -0.5 0.5 -0.5
9.5 2.22045e-16 -1.66533e-16 1.11022e-16 0.5 -0.5 0.5 -0.5
10 2.22045e-16 -1.66533e-16 1.11022e-16 0.5 -0.5 0.5 -0.5
10.5 2.22045e-16 -1.66533e-16 1.11022e-16 0.5 -0.5 0.5 -0.5
11 2.22045e-16 -1.66533e-16 1.11022e-16 0.5 -0.5 0.5 -0.5
11.5 2.22045e-16 -1.66533e-16 1.11022e-16 0.5 -0.5 0.5 -0.5
12 2.22045e-16 -1.66533e-16 1.11022e-16 0.5 -0.5 0.5 -0.5
12.5 2.22045e-16 -1.66533e-16 1.11022e-16 0.5 -0.5 0.5 -0.5
13 2.22045e-16 -1.66533e-16 1.11022e-16 0.5 -0.5 0.5 -0.5
13.5 2.22045e-16 -1.66533e-16 1.11022e-16 0.5 -0.5 0.5 -0.5
14 2.22045e-16 -1.66533e-16 1.11022e-16 0.5 -0.5 0.5 -0.5
14.5 2.22045e-16 -1.66533e-16 1.11022e-16 0.5 -0.5 0.5 -0.5
15 2.22045e-16 -1.66533e-16 1.11022e-16 0.5 -0.5 0.5 -0.5
15.5 2.22045e-16 -1.66533e-16 1.11022e-16 0.5 -0.5 0.5 -0.5
16 2.22045e-16 -1.66533e-16 1.11022e-16 0.5 -0.5 0.5 -0.5
16.5 2.22045e-16 -1.66533e-16 1.11022e-16 0.5 -0.5 0.5 -0.5
17 2.22045e-16 -1.66533e-16 1.11022e-16 0.5 -0.5 0.5 -0.5
17.5 2.22045e-16 -1.66533e-16 1.11022e-16 0.5 -0.5 0.5 -0.5
18 2.22045e-16 -1.66533e-16 1.11022e-16 0.5 -0.5 0.5 -0.5
18.5 2.22045e-16 -1.66533e-16 1.11022e-16 0.5 -0.5 0.5 -0.5
19 2.22045e-16 -1.66533e-16 1.11022e-16 0.5 -0.5 0.5 -0.5
19.5 2.22045e-16 -1.66533e-16 1.11022e-16 0.5 -0.5 0.5 -0.5
20 2.22045e-16 -1.66533e-16 1.11022e-16 0.5 -0.5 0.5 -0.5
20.1039 0.126728 -0.0121019 -0.000446874 0.496223 -0.50324 0.504434 -0.496043
20.2077 0.268623 -0.0302179 -0.000979174 0.491788 -0.507756 0.510112 -0.490014
20.3119 0.43054 -0.0598755 -0.0023081 0.485696 -0.514221 0.516676 -0.482414
20.4159 0.603461 -0.105041 -0.00332238 0.477548 -0.522885 0.524075 -0.473165
20.52 0.787009 -0.165296 -0.00526453 -0.467369 0.533046 -0.531775 0.463295
20.6241 0.981257 -0.240194 -0.00762504 -0.455966 0.543103 -0.540051 0.453298
20.7282 1.18545 -0.322055 -0.0112124 -0.44428 0.553274 -0.549555 0.441013
20.8325 1.39947 -0.417005 -0.0147447 -0.431289 0.564511 -0.559823 0.426514
20.9366 1.62004 -0.531827 -0.0136174 -0.418432 0.57719 -0.568177 0.411024
21.0408 1.84193 -0.677219 -0.0130424 -0.403684 0.591181 -0.57442 0.39697
21.1449 2.06305 -0.832805 -0.0160161 -0.387287 0.60394 -0.583039 0.381223
21.249 2.28691 -0.999102 -0.019082 -0.370842 0.61564 -0.592948 0.363148
21.3531 2.5128 -1.18805 -0.0241649 -0.354226 0.627278 -0.602061 0.344338
21.4571 2.73337 -1.39978 -0.030702 -0.335741 0.639032 -0.610481 0.325929
21.5611 2.94802 -1.6342 -0.0365377 -0.31594 0.65039 -0.618667 0.307288
21.6651 3.16052 -1.89011 -0.0459988 -0.296458 0.660565 -0.626474 0.288611
21.769 3.36974 -2.16615 -0.0599496 -0.276758 0.669453 -0.634108 0.270453
21.8729 3.5799 -2.4659 -0.0758113 -0.257414 0.677469 -0.641431 0.251673
21.9768 3.79215 -2.78467 -0.0923252 -0.240021 0.684692 -0.648016 0.231651
22.0805 4.00037 -3.1319 -0.107799 -0.222991 0.690932 -0.653749 0.213307
22.1841 4.20225 -3.50761 -0.124132 -0.206688 0.696301 -0.658619 0.196636
22.2879 4.40213 -3.90936 -0.139237 -0.19133 0.701463 -0.662291 0.180868
22.3915 4.60041 -4.33856 -0.157557 -0.177175 0.705172 -0.666266 0.165622
22.4951 4.79182 -4.7942 -0.177527 -0.163064 0.708094 -0.670096 0.151607
22.5988 4.97413 -5.27773 -0.198795 -0.149138 0.710031 -0.673846 0.139805
22.7023 5.15204 -5.78974 -0.222015 -0.136764 0.711347 -0.677052 0.129931
22.8059 5.33072 -6.32974 -0.245396 -0.126283 0.712214 -0.679778 0.121267
22.9094 5.51097 -6.89535 -0.268641 -0.11791 0.713125 -0.681539 0.114258
23.0129 5.69297 -7.49022 -0.290902 -0.111887 0.714118 -0.682352 0.109146
23.1165 5.87803 -8.10924 -0.313121 -0.107144 0.715239 -0.682528 0.105394
23.2201 6.0682 -8.7527 -0.336787 -0.103565 0.716579 -0.682349 0.100937
23.3237 6.26027 -9.42185 -0.362688 -0.10028 0.717809 -0.682194 0.0964671
23.4274 6.4497 -10.112 -0.390265 -0.0968549 0.718924 -0.682059 0.0925345
23.531 6.63698 -10.826 -0.419317 -0.0935012 0.72011 -0.681817 0.0884579
23.6348 6.82054 -11.5597 -0.451452 -0.0896819 0.721153 -0.681716 0.0846088
23.7384 7.00076 -12.3115 -0.486118 -0.0859313 0.721964 -0.681783 0.0809636
23.8421 7.17825 -13.0823 -0.523362 -0.0826416 0.723541 -0.681019 0.0766282
23.9458 7.35029 -13.862 -0.563146 -0.0792078 0.725098 -0.680286 0.0718997
24.0495 7.51232 -14.6499 -0.60349 -0.0752227 0.727129 -0.679057 0.0671312
24.1532 7.6637 -15.4443 -0.644343 -0.0708458 0.72839 -0.678642 0.0622456
24.257 7.80382 -16.2412 -0.684979 -0.0658274 0.729022 -0.678912 0.05721
24.3608 7.93347 -17.046 -0.727244 -0.0609563 0.729085 -0.679731 0.0518191
24.4645 8.04826 -17.857 -0.767991 -0.0550982 0.729127 -0.680605 0.0459982
24.5684 8.14736 -18.6727 -0.806454 -0.0484567 0.72902 -0.681706 0.0382009
24.6723 8.22821 -19.4958 -0.845649 -0.0407301 0.729056 -0.682669 0.0279649
24.7761 8.28477 -20.322 -0.885008 -0.0312687 0.729315 -0.683272 0.0161674
24.8801 8.31104 -21.1563 -0.923278 -0.0203635 0.729339 -0.683839 0.00372575
24.9841 8.30631 -21.9927 -0.958563 -0.00852455 0.729187 -0.684207 -0.0086796
25.0881 8.27172 -22.8301 -0.992926 0.00354263 0.72857 -0.684652 -0.0206235
25.192 8.21111 -23.6683 -1.02565 0.0148412 0.727396 -0.685285 -0.0325394
25.2959 8.12487 -24.5048 -1.05628 0.0256258 0.725855 -0.685916 -0.0446843
25.3998 8.00645 -25.3386 -1.08417 0.0380579 0.723648 -0.686904 -0.0552008
25.5036 7.85557 -26.1689 -1.10916 0.051269 0.72093 -0.688103 -0.064388
25.6074 7.67984 -26.9916 -1.12826 0.0642069 0.717699 -0.689522 -0.0731073
25.7113 7.47853 -27.8116 -1.1431 0.0766731 0.714942 -0.690203 -0.0812389
25.815 7.24669 -28.631 -1.15206 0.0895777 0.711963 -0.690838 -0.0884751
25.9188 6.99772 -29.438 -1.15269 0.100981 0.707685 -0.692636 -0.0961247
26.0224 6.73168 -30.2301 -1.14602 0.111251 0.700994 -0.696644 -0.104488
26.1261 6.45245 -31.0117 -1.13182 -0.11987 -0.693131 0.701545 0.11417
26.2298 6.15769 -31.783 -1.10861 -0.128082 -0.685683 0.705629 0.124586
26.3335 5.83696 -32.5509 -1.07095 -0.137718 -0.680097 0.707588 0.133499
26.4371 5.49546 -33.3101 -1.02638 -0.14721 -0.676895 0.707133 0.141795
26.5409 5.1358 -34.0615 -0.979089 -0.156866 -0.675398 0.704946 0.149268
26.6445 4.75814 -34.8041 -0.93199 -0.166209 -0.675466 0.701382 0.15551
26.7483 4.36387 -35.5321 -0.886977 -0.17585 -0.675378 0.69814 0.159822
26.8519 3.96323 -36.2491 -0.842691 -0.182615 -0.673758 0.697015 0.163923
26.9555 3.56221 -36.9541 -0.80255 -0.187828 -0.671698 0.696758 0.167544
27.059 3.15798 -37.6482 -0.763024 -0.192147 -0.669603 0.696737 0.17108
27.1628 2.75641 -38.3394 -0.718993 -0.193984 -0.667922 0.696235 0.177507
27.2664 2.34602 -39.0288 -0.675753 -0.197835 -0.667479 0.694206 0.182785
27.3701 1.91565 -39.7074 -0.634835 -0.202128 -0.665957 0.693701 0.185536
27.4738 1.47658 -40.387 -0.591596 -0.206068 -0.664171 0.693752 0.187404
27.5774 1.03265 -41.0785 -0.548704 -0.207611 -0.662409 0.694511 0.189122
27.681 0.581091 -41.7841 -0.50775 -0.207307 -0.661631 0.695289 0.18932
27.7847 0.121543 -42.5075 -0.462197 -0.206803 -0.66197 0.695656 0.187326
27.8883 -0.337837 -43.2522 -0.415769 -0.204106 -0.663161 0.695815 0.185473
27.9919 -0.795229 -44.0165 -0.369608 -0.200733 -0.664132 0.696419 0.1834
28.0956 -1.25557 -44.7985 -0.32292 -0.197379 -0.664962 0.697172 0.181156
28.1994 -1.71808 -45.598 -0.275242 -0.19401 -0.665991 0.697556 0.179529
28.3031 -2.18261 -46.4167 -0.22512 -0.190795 -0.66684 0.697737 0.179122
28.407 -2.65271 -47.2534 -0.172128 -0.188672 -0.667776 0.697207 0.179946
28.5108 -3.13258 -48.1024 -0.119194 -0.187823 -0.66847 0.696476 0.181083
28.6146 -3.62261 -48.9616 -0.0661444 -0.187772 -0.668794 0.695954 0.181946
28.7184 -4.1198 -49.8291 -0.015434 -0.187977 -0.668986 0.695678 0.182084
28.8221 -4.62652 -50.7099 0.0339746 -0.188114 -0.669281 0.695352 0.182101
28.9259 -5.13853 -51.6009 0.0846115 -0.188255 -0.669515 0.695121 0.181979
29.0296 -5.6542 -52.4966 0.135979 -0.188212 -0.669681 0.694947 0.182078
29.1335 -6.17036 -53.3994 0.188942 -0.187805 -0.670101 0.694503 0.182646
29.2373 -6.68686 -54.299 0.242812 -0.187696 -0.670455 0.694171 0.182721
29.341 -7.20142 -55.1975 0.298703 -0.187077 -0.670639 0.694112 0.182902
29.4448 -7.71422 -56.0947 0.353124 -0.186583 -0.6713 0.69372 0.182474
29.5485 -8.22564 -56.9923 0.406771 -0.186193 -0.672449 0.693031 0.181251
29.6522 -8.73335 -57.889 0.458755 -0.185546 -0.673355 0.692652 0.179994
29.7559 -9.2367 -58.7829 0.509048 -0.184789 -0.67379 0.692709 0.178927
29.8596 -9.73833 -59.676 0.55925 -0.184148 -0.673869 0.693075 0.177867
29.9635 -10.2372 -60.5683 0.609398 -0.18371 -0.673813 0.693312 0.177611
30.0673 -10.7311 -61.4539 0.661784 -0.183535 -0.673152 0.69385 0.178196
30.1711 -11.2246 -62.3353 0.714447 -0.183933 -0.672035 0.694356 0.180021
30.275 -11.7206 -63.209 0.767391 -0.185128 -0.671197 0.694261 0.182276
30.3789 -12.2248 -64.0797 0.819584 -0.187596 -0.671138 0.693171 0.184106
30.4828 -12.7375 -64.9401 0.874991 -0.190593 -0.671736 0.691408 0.185473
30.5865 -13.2456 -65.7947 0.928203 -0.19185 -0.671754 0.690272 0.188317
30.6904 -13.7592 -66.6375 0.980535 -0.194327 -0.670282 0.69061 0.18978
30.7941 -14.2738 -67.4727 1.03306 -0.196064 -0.668757 0.691018 0.191879
30.898 -14.7894 -68.3062 1.08716 -0.197323 -0.668017 0.690637 0.194517
31.0018 -15.3081 -69.1317 1.14106 -0.198369 -0.667278 0.690492 0.196495
31.1054 -15.8304 -69.9524 1.19221 -0.200046 -0.66732 0.689696 0.197447
31.2091 -16.3593 -70.7749 1.23853 -0.202199 -0.669543 0.686948 0.197305
31.3129 -16.8867 -71.595 1.28221 -0.203983 -0.672927 0.683134 0.197202
31.4166 -17.4113 -72.4089 1.31805 -0.204981 -0.67452 0.681144 0.197608
31.5204 -17.9304 -73.2072 1.35273 -0.205021 -0.671478 0.683882 0.198468
31.624 -18.451 -73.9993 1.39123 -0.205434 -0.669115 0.685941 0.198915
31.7278 -18.9758 -74.7918 1.43003 -0.207345 -0.667832 0.687039 0.197446
31.8315 -19.5001 -75.5852 1.47562 -0.208683 -0.66813 0.686775 0.195943
31.9353 -20.0177 -76.3816 1.51775 -0.208472 -0.669265 0.685807 0.195687
32.0389 -20.5336 -77.1777 1.55384 -0.208284 -0.670948 0.684341 0.195255
32.1426 -21.0457 -77.9762 1.59077 -0.207527 -0.673396 0.682145 0.195317
32.2464 -21.5451 -78.7734 1.62293 -0.204691 -0.675189 0.680538 0.197711
32.3502 -22.0433 -79.5709 1.64745 -0.20166 -0.676222 0.679882 0.199544
32.4539 -22.55 -80.3597 1.67258 -0.201801 -0.676854 0.679721 0.197798
32.5576 -23.0555 -81.1449 1.69998 -0.201955 -0.676699 0.680595 0.195151
32.6614 -23.552 -81.9317 1.7237 -0.200399 -0.675735 0.68271 0.19269
32.765 -24.0456 -82.7216 1.74471 -0.199352 -0.676183 0.683986 0.18761
32.8688 -24.5351 -83.5172 1.77022 -0.198684 -0.677128 0.684805 0.181838
32.9724 -25.0028 -84.3188 1.78853 -0.194215 -0.677872 0.686222 0.178521
33.0762 -25.4572 -85.1309 1.80575 -0.189281 -0.679589 0.686844 0.174863
33.1799 -25.9059 -85.9448 1.82255 -0.185001 -0.682148 0.68669 0.170016
33.2837 -26.3393 -86.7595 1.83985 -0.180652 -0.683772 0.687307 0.165616
33.3874 -26.7635 -87.5835 1.85177 -0.176388 -0.685183 0.688186 0.160659
33.4911 -27.1776 -88.4054 1.86907 -0.172533 -0.686004 0.689588 0.155238
33.5949 -27.5751 -89.2309 1.89388 -0.167345 -0.68604 0.69175 0.151089
33.6988 -27.9625 -90.052 1.91775 -0.163346 -0.683154 0.6966 0.146177
33.8025 -28.3393 -90.8807 1.94385 -0.15827 -0.682146 0.699685 0.141663
33.9063 -28.702 -91.7222 1.97751 -0.153499 -0.684465 0.699304 0.137548
34.01 -29.0556 -92.5673 2.01159 -0.148841 -0.68677 0.698903 0.133148
34.1138 -29.3951 -93.409 2.04625 -0.14394 -0.687005 0.70019 0.130534
34.2176 -29.7219 -94.2488 2.08206 -0.139399 -0.685833 0.702424 0.129619
34.3215 -30.0422 -95.0916 2.11987 -0.135005 -0.683699 0.705241 0.130248
34.4254 -30.3636 -95.9368 2.16316 -0.1325 -0.683052 0.706372 0.130087
34.5293 -30.6831 -96.7837 2.20995 -0.13039 -0.683316 0.706634 0.129404
34.6331 -31 -97.628 2.25449 -0.128741 -0.683568 0.707052 0.127427
34.7369 -31.311 -98.4783 2.30064 -0.126109 -0.685034 0.706395 0.125824
34.8408 -31.6166 -99.3334 2.34789 -0.124085 -0.687077 0.705105 0.123915
34.9445 -31.9141 -100.185 2.39415 -0.121816 -0.688394 0.704567 0.121903
35.0483 -32.1956 -101.038 2.4368 -0.116991 -0.688978 0.704721 0.122438
35.152 -32.469 -101.891 2.47966 -0.111791 -0.688735 0.705689 0.12309
35.2558 -32.7462 -102.739 2.52431 -0.10953 -0.688144 0.707088 0.120363
35.3595 -33.0235 -103.589 2.56781 -0.10776 -0.687294 0.708773 0.116857
35.4633 -33.2892 -104.446 2.61093 -0.105146 -0.688246 0.70861 0.114604
35.5671 -33.5536 -105.307 2.6572 -0.102656 -0.690538 0.707146 0.112089
35.6709 -33.8099 -106.171 2.70416 -0.0997894 -0.692055 0.706436 0.109774
35.7746 -34.0577 -107.029 2.74546 -0.0967152 -0.691198 0.707959 0.108101
35.8784 -34.2985 -107.89 2.79032 -0.0942885 -0.690567 0.709231 0.105915
35.9822 -34.534 -108.752 2.8359 -0.0913306 -0.69026 0.710208 0.103947
36.086 -34.7636 -109.62 2.88283 -0.0886697 -0.691133 0.710031 0.101637
36.1898 -34.9932 -110.487 2.92851 -0.0870354 -0.691664 0.710293 0.097516
36.2935 -35.2185 -111.354 2.97359 -0.0855417 -0.691944 0.71076 0.0933659
36.3973 -35.4324 -112.222 3.01784 -0.0837587 -0.692202 0.711113 0.0903243
36.501 -35.6311 -113.094 3.06272 -0.0793507 -0.692559 0.711324 0.0899044
36.6048 -35.8243 -113.969 3.10652 -0.0759228 -0.693271 0.711106 0.0891063
36.7086 -36.0232 -114.842 3.15012 -0.07501 -0.693759 0.711037 0.0865887
36.8124 -36.2182 -115.715 3.19387 -0.0738877 -0.694008 0.711188 0.084286
36.9162 -36.4078 -116.586 3.23944 -0.072398 -0.693333 0.712217 0.0824302
37.02 -36.6017 -117.462 3.2792 -0.0724614 -0.694388 0.71166 0.0781927
37.1238 -36.7945 -118.337 3.31838 -0.0732091 -0.695315 0.711164 0.0736497
37.2275 -36.9748 -119.21 3.36186 -0.0723973 -0.696029 0.710827 0.0709023
37.3314 -37.1447 -120.085 3.40109 -0.0702995 -0.695368 0.711778 0.0699541
37.4351 -37.3113 -120.956 3.43852 -0.0684604 -0.694775 0.712612 0.0691723
37.539 -37.4746 -121.83 3.48142 -0.0668499 -0.695127 0.712398 0.0694165
37.6429 -37.6388 -122.704 3.52147 -0.0663769 -0.695633 0.711964 0.0692534
37.7466 -37.8087 -123.575 3.55837 -0.0668038 -0.696904 0.710801 0.0680053
37.8505 -37.9763 -124.452 3.5961 -0.0662668 -0.699031 0.708783 0.0677556
37.9543 -38.1415 -125.321 3.63106 -0.0659215 -0.700101 0.70778 0.0675312
38.0581 -38.3059 -126.178 3.66426 -0.0654089 -0.69828 0.709673 0.0670083
38.1619 -38.4697 -127.034 3.69769 -0.0653225 -0.696735 0.711196 0.0670413
38.2658 -38.6294 -127.892 3.73161 -0.064353 -0.697021 0.710901 0.0681144
38.3696 -38.7892 -128.749 3.77312 -0.0635805 -0.697157 0.710808 0.0684191
38.4734 -38.9546 -129.602 3.81251 -0.0644318 -0.697543 0.710461 0.0672846
38.5772 -39.1154 -130.449 3.84722 -0.0640226 -0.696432 0.711622 0.0669148
38.681 -39.2548 -131.294 3.89019 -0.0611067 -0.695537 0.712458 0.069981
38.7849 -39.3955 -132.134 3.93234 -0.0586176 -0.695034 0.712928 0.0722888
38.8885 -39.5459 -132.97 3.97461 -0.0591577 -0.69372 0.714253 0.0713808
38.9924 -39.6976 -133.8 4.0189 -0.0595855 -0.693666 0.714338 0.0706976
39.096 -39.8443 -134.623 4.06336 -0.0586824 -0.693062 0.715032 0.0703569
39.1999 -39.9998 -135.449 4.10548 -0.0607518 -0.693736 0.714523 0.0670536
39.3035 -40.1528 -136.267 4.14697 -0.0618139 -0.694995 0.713534 0.0634858
39.4074 -40.3006 -137.091 4.18857 -0.062692 -0.697306 0.711398 0.0612117
39.5112 -40.4378 -137.902 4.22637 -0.0618394 -0.697522 0.711407 0.0594927
39.6148 -40.5712 -138.706 4.26665 -0.0606158 -0.696018 0.713186 0.0570194
39.7184 -40.6961 -139.506 4.30391 -0.0585226 -0.695199 0.71434 0.0546962
39.8221 -40.8122 -140.305 4.33751 -0.0558362 -0.694598 0.715386 0.0513672
39.9257 -40.9186 -141.108 4.3779 -0.0529563 -0.696703 0.71383 0.0474044
40.0294 -41.0186 -141.906 4.41946 -0.0501701 -0.697801 0.713311 0.0417591
40.1329 -41.1099 -142.696 4.45635 -0.0470189 -0.6971 0.714565 0.0351668
40.2366 -41.1841 -143.486 4.49187 -0.0418686 -0.696923 0.715287 0.0301591
40.3404 -41.2485 -144.276 4.52788 -0.037628 -0.697173 0.715495 0.0245166
40.444 -41.3035 -145.055 4.56764 -0.033224 -0.696617 0.716416 0.0191871
40.5478 -41.3448 -145.827 4.6124 -0.0274269 -0.694827 0.718491 0.0152819
40.6515 -41.3669 -146.59 4.6579 -0.0206397 -0.691355 0.722103 0.0129862
40.7553 -41.3818 -147.35 4.70461 -0.0144065 -0.68843 0.725097 0.00952668
40.8591 -41.3901 -148.117 4.75498 -0.00946991 -0.687846 0.725779 0.00482134
40.9629 -41.3845 -148.886 4.81002 -0.00408186 -0.689371 0.724395 0.00175045
41.0668 -41.3649 -149.647 4.8662 0.00125109 -0.690597 0.723238 -0.000634925
41.1706 -41.3378 -150.395 4.92257 0.00574806 -0.68838 0.725322 -0.00276443
41.2745 -41.3074 -151.137 4.97519 0.00902797 -0.685271 0.728219 -0.00440197
41.3785 -41.2717 -151.884 5.02597 0.0114847 -0.683958 0.729418 -0.00444165
41.4825 -41.2432 -152.64 5.08527 0.0121809 -0.685241 0.728204 -0.00377644
41.5864 -41.2166 -153.395 5.15008 0.0125523 -0.687393 0.726173 -0.00220384
41.6904 -41.1929 -154.148 5.20464 0.0109956 -0.688418 0.725229 -0.00166993
41.7943 -41.172 -154.896 5.25394 0.00911986 -0.688272 0.725393 -0.00155982
41.8983 -41.1577 -155.641 5.3093 0.00742133 -0.68816 0.72552 -0.000711294
42.0022 -41.1387 -156.393 5.36628 0.00619189 -0.689036 0.724699 0.00147891
42.1062 -41.1293 -157.139 5.41696 0.00433837 -0.68858 0.72514 0.00329247
42.2101 -41.1222 -157.886 5.47089 0.00274136 -0.689286 0.72446 0.00590257
42.3139 -41.1215 -158.63 5.52808 0.000149177 -0.690649 0.723151 0.00757517
42.4178 -41.123 -159.364 5.57782 -0.00163166 -0.690286 0.723472 0.0094579
42.5215 -41.1264 -160.095 5.62837 -0.00296264 -0.689846 0.723851 0.0119558
42.6254 -41.1331 -160.822 5.6833 -0.00408566 -0.689102 0.724522 0.0137688
42.7292 -41.1434 -161.542 5.73859 -0.00490674 -0.688394 0.725169 0.0147893
42.8329 -41.1591 -162.256 5.78729 -0.00648449 -0.687649 0.72587 0.0144706
42.9365 -41.173 -162.975 5.8405 -0.00758309 -0.688114 0.725445 0.0130724
43.0401 -41.1846 -163.691 5.89541 -0.00719157 -0.68963 0.724045 0.0108365
43.1438 -41.186 -164.399 5.9504 -0.00509348 -0.689953 0.723793 0.00788658
43.2474 -41.1839 -165.099 6.0016 -0.00232293 -0.689575 0.724205 0.00290993
43.351 -41.1698 -165.795 6.04844 0.00172909 -0.689522 0.724255 -0.00327016
43.4547 -41.1399 -166.486 6.09324 0.00715501 -0.690109 0.723618 -0.00868142
43.5583 -41.0908 -167.171 6.13722 0.0146203 -0.691926 0.72171 -0.0125985
43.662 -41.0367 -167.853 6.18167 0.0207452 -0.69413 0.719322 -0.0181552
43.7657 -40.9753 -168.53 6.22156 0.0268706 -0.696474 0.716674 -0.0240661
43.8694 -40.9015 -169.2 6.25788 0.0331881 -0.698958 0.713751 -0.0302526
43.973 -40.8143 -169.861 6.29179 0.0401644 -0.700857 0.711281 -0.0355765
44.0768 -40.718 -170.511 6.3217 0.0468024 -0.701532 0.709882 -0.0416001
44.1805 -40.6147 -171.158 6.34594 0.0524808 -0.701417 0.709137 -0.0488316
44.2842 -40.4987 -171.786 6.36481 0.0591931 -0.701261 0.708344 -0.0545663
44.3879 -40.3684 -172.414 6.38392 0.0664395 -0.700992 0.707618 -0.0589229
44.4916 -40.2344 -173.035 6.39849 0.0727162 -0.702068 0.705582 -0.0629867
44.5954 -40.1008 -173.657 6.41447 0.0762201 -0.702887 0.703895 -0.0683519
44.6993 -39.9616 -174.272 6.42985 0.0790884 -0.702872 0.703087 -0.0733862
44.8031 -39.8048 -174.874 6.44546 0.0841107 -0.701423 0.703724 -0.0755284
44.9068 -39.6434 -175.466 6.46203 0.0887966 -0.698854 0.705517 -0.0772341
45.0105 -39.4894 -176.053 6.47678 0.0914993 -0.694815 0.708705 -0.0812206
45.1143 -39.3373 -176.644 6.49151 0.0923326 -0.691889 0.710832 -0.0864993
45.218 -39.1767 -177.238 6.50371 0.0941937 -0.691926 0.710185 -0.089465
45.3218 -38.9982 -177.841 6.52343 0.0977507 -0.694426 0.707166 -0.0901846
45.4255 -38.8177 -178.446 6.54275 0.101065 -0.6982 0.703001 -0.089954
45.5294 -38.6378 -179.051 6.56367 -0.10308 0.701503 -0.699475 0.0894548
45.6332 -38.4682 -179.65 6.57702 -0.102047 0.701678 -0.69922 0.0912455
45.737 -38.2985 -180.245 6.58749 -0.101148 0.700464 -0.700317 0.0931424
45.8408 -38.1301 -180.842 6.58982 -0.100394 0.70045 -0.70018 0.0950759
45.9445 -37.9539 -181.442 6.59249 -0.101938 0.700911 -0.699535 0.0947808
46.0481 -37.7736 -182.043 6.59949 -0.103036 0.702213 -0.697956 0.0955953
46.1519 -37.5851 -182.654 6.61014 -0.104414 0.70403 -0.695795 0.0964802
46.2555 -37.3932 -183.268 6.61816 -0.105648 0.704937 -0.694437 0.0982804
46.3591 -37.1959 -183.883 6.62254 -0.107267 0.705115 -0.693596 0.10115
46.4628 -36.9942 -184.499 6.62497 -0.109653 0.705714 -0.6921 0.104603
46.5666 -36.7873 -185.112 6.62532 -0.112436 0.705827 -0.690892 0.108787
46.6703 -36.5686 -185.721 6.62647 -0.116853 0.704661 -0.690749 0.112534
46.7739 -36.3363 -186.326 6.62912 -0.121484 0.702702 -0.691306 0.116396
46.8777 -36.0976 -186.937 6.63087 -0.125895 0.700733 -0.691806 0.120533
46.9813 -35.8473 -187.555 6.6363 -0.129824 0.699623 -0.691353 0.125319
47.085 -35.5867 -188.18 6.64173 -0.13388 0.69991 -0.689468 0.129751
47.1888 -35.3117 -188.795 6.64701 -0.138702 0.699836 -0.687942 0.133146
47.2925 -35.0321 -189.409 6.64732 -0.143452 0.699348 -0.686717 0.136943
47.3963 -34.745 -190.033 6.64656 -0.148804 0.699468 -0.685081 0.138802
47.5 -34.4535 -190.658 6.64535 -0.15268 0.698586 -0.684805 0.140386
47.6039 -34.1583 -191.298 6.64644 -0.154877 0.699271 -0.683379 0.141513
47.7078 -33.867 -191.951 6.64243 -0.155228 0.700595 -0.681617 0.143066
47.8116 -33.577 -192.598 6.63646 -0.153575 0.699576 -0.682636 0.144972
47.9155 -33.2804 -193.254 6.62934 -0.152692 0.69967 -0.68274 0.144958
48.0194 -32.9843 -193.922 6.62461 -0.150994 0.699029 -0.683527 0.146116
48.1233 -32.6899 -194.608 6.62002 -0.149497 0.699161 -0.683425 0.147498
48.2271 -32.3922 -195.294 6.61368 -0.148557 0.701392 -0.681239 0.147964
48.3309 -32.092 -195.982 6.60763 -0.148143 0.702517 -0.680253 0.147578
48.4348 -31.7888 -196.669 6.60188 -0.147748 0.703566 -0.679434 0.146748
48.5387 -31.4845 -197.358 6.59009 -0.147286 0.703873 -0.67934 0.146177
48.6424 -31.1795 -198.045 6.578 -0.147077 0.704127 -0.679395 0.1449
48.7462 -30.8781 -198.729 6.56803 -0.14667 0.704048 -0.679758 0.14399
48.8499 -30.5785 -199.414 6.55833 -0.145776 0.702997 -0.681046 0.143947
48.9538 -30.2827 -200.096 6.54418 -0.144708 0.700733 -0.683491 0.144475
49.0575 -29.9821 -200.778 6.53096 -0.14492 0.699569 -0.68484 0.143512
49.1613 -29.6788 -201.464 6.52004 -0.145072 0.700751 -0.683868 0.142223
49.2649 -29.3776 -202.149 6.50884 -0.145671 0.702228 -0.682528 0.140754
49.3686 -29.0747 -202.833 6.50073 -0.146138 0.702689 -0.68242 0.13847
49.4725 -28.7761 -203.519 6.4898 -0.145424 0.703053 -0.682772 0.135613
49.5763 -28.4904 -204.205 6.47628 -0.142817 0.703842 -0.682934 0.133459
49.6802 -28.2123 -204.896 6.46675 -0.139606 0.704614 -0.683442 0.130137
49.7839 -27.9468 -205.585 6.46088 -0.135101 0.704964 -0.684522 0.127288
49.8878 -27.6834 -206.28 6.45729 -0.130921 0.704479 -0.686495 0.123669
49.9917 -27.4253 -206.978 6.45162 -0.127587 0.705023 -0.68749 0.118413
50.0955 -27.1817 -207.685 6.44287 -0.122553 0.708354 -0.685505 0.11532
50.1993 -26.9494 -208.395 6.43156 -0.118011 0.711997 -0.682822 0.113526
50.3031 -26.7165 -209.1 6.41269 -0.115266 0.71435 -0.681256 0.11094
50.4068 -26.4771 -209.804 6.39084 -0.11563 0.715303 -0.680816 0.107056
50.5104 -26.2483 -210.511 6.36811 -0.114657 0.716144 -0.680228 0.106219
50.614 -26.0162 -211.227 6.34408 -0.113641 0.716442 -0.680114 0.106026
50.7178 -25.7824 -211.938 6.31628 -0.113137 0.715945 -0.680757 0.105795
50.8214 -25.5427 -212.653 6.28839 -0.114015 0.715222 -0.681559 0.104575
50.9252 -25.3065 -213.375 6.26648 -0.114552 0.715599 -0.681108 0.10435
51.0288 -25.0741 -214.099 6.25069 -0.115509 0.715915 -0.680564 0.104675
51.1325 -24.8416 -214.826 6.23395 -0.115604 0.716415 -0.679881 0.105582
51.2363 -24.6101 -215.557 6.21561 -0.114946 0.71651 -0.679606 0.107409
51.34 -24.3673 -216.292 6.19215 -0.115737 0.716734 -0.679004 0.10886
51.4436 -24.1154 -217.026 6.17089 -0.11777 0.717176 -0.678011 0.109947
51.5474 -23.8528 -217.764 6.14147 -0.120708 0.718477 -0.676003 0.110633
51.651 -23.5887 -218.5 6.10763 -0.123151 0.719527 -0.674217 0.112011
51.7548 -23.3179 -219.237 6.07659 -0.125063 0.719396 -0.673779 0.113362
51.8585 -23.0374 -219.973 6.04878 -0.128817 0.718213 -0.674428 0.112797
51.9623 -22.7529 -220.708 6.01095 -0.131452 0.715742 -0.676408 0.113606
52.066 -22.466 -221.445 5.97857 -0.134388 0.714447 -0.677126 0.114045
52.1697 -22.175 -222.187 5.95344 -0.136996 0.714412 -0.676519 0.114759
52.2734 -21.881 -222.925 5.92593 -0.139161 0.713682 -0.676711 0.11556
52.3772 -21.584 -223.667 5.90082 -0.140601 0.71239 -0.6775 0.117158
52.4809 -21.2857 -224.411 5.87852 -0.142321 0.711916 -0.677339 0.118877
52.5845 -20.9857 -225.152 5.85261 -0.144207 0.712244 -0.676329 0.120384
52.6883 -20.6876 -225.888 5.82147 -0.144616 0.711935 -0.676049 0.123254
52.7919 -20.3891 -226.617 5.78642 -0.145096 0.711416 -0.675976 0.126056
52.8957 -20.0812 -227.344 5.74861 -0.146629 0.710208 -0.67661 0.127687
52.9994 -19.7616 -228.072 5.71313 -0.150025 0.710446 -0.675664 0.127422
53.1032 -19.442 -228.794 5.67005 -0.153025 0.710514 -0.674838 0.12785
53.2068 -19.1299 -229.508 5.63504 -0.153601 0.70929 -0.675516 0.130359
53.3105 -18.8134 -230.22 5.59846 -0.154183 0.706542 -0.677765 0.132897
53.4143 -18.4849 -230.932 5.56341 -0.157044 0.704254 -0.679563 0.132507
53.5182 -18.1496 -231.652 5.53166 -0.160751 0.704558 -0.678673 0.130998
53.6218 -17.8196 -232.38 5.50084 -0.162538 0.708101 -0.674533 0.13107
53.7255 -17.4914 -233.113 5.4622 -0.162629 0.712118 -0.67003 0.132286
53.8293 -17.1551 -233.843 5.42173 -0.164118 0.715076 -0.66659 0.131869
53.933 -16.818 -234.568 5.38333 -0.16592 0.716094 -0.665111 0.131556
54.0367 -16.4861 -235.284 5.33871 -0.166371 0.714274 -0.666605 0.133305
54.1404 -16.1522 -235.999 5.29188 -0.167042 0.71163 -0.668733 0.135923
54.244 -15.8099 -236.713 5.24813 -0.168286 0.70968 -0.670068 0.137995
54.3478 -15.4652 -237.426 5.21006 -0.169223 0.708535 -0.670565 0.140305
54.4515 -15.1176 -238.137 5.167 -0.170421 0.707323 -0.671126 0.142269
54.5552 -14.7652 -238.852 5.12656 -0.171358 0.707402 -0.67037 0.144303
54.6589 -14.4066 -239.572 5.0897 -0.17289 0.708912 -0.668158 0.145319
54.7625 -14.0467 -240.293 5.05471 -0.173739 0.71062 -0.665816 0.146706
54.8663 -13.6835 -241.017 5.01492 -0.174491 0.712335 -0.663532 0.147839
54.97 -13.3175 -241.74 4.96792 -0.17497 0.714042 -0.661349 0.148816
55.0739 -12.9487 -242.468 4.91989 -0.175579 0.716291 -0.658638 0.149314
55.1776 -12.5787 -243.189 4.86615 -0.176384 0.716672 -0.657895 0.149814
55.2813 -12.2027 -243.893 4.8206 -0.179329 0.713323 -0.661104 0.148162
55.3851 -11.8327 -244.598 4.7682 -0.179454 0.70848 -0.666098 0.148881
55.4887 -11.4687 -245.304 4.71541 -0.178891 0.704808 -0.669821 0.150278
55.5924 -11.0979 -246.024 4.66697 -0.179009 0.705695 -0.668898 0.150088
55.6962 -10.7211 -246.748 4.62833 -0.180063 0.708063 -0.666335 0.149067
55.7998 -10.3497 -247.468 4.58501 -0.180117 0.708473 -0.665653 0.150099
55.9035 -9.97983 -248.189 4.5429 -0.179353 0.708071 -0.665922 0.15171
56.0072 -9.60805 -248.917 4.5063 -0.178331 0.708125 -0.665643 0.153874
56.1109 -9.23101 -249.645 4.46569 -0.179191 0.709784 -0.663588 0.154106
56.2145 -8.85141 -250.367 4.41971 -0.180544 0.710893 -0.662184 0.153452
56.3183 -8.4704 -251.088 4.37133 -0.181324 0.7104 -0.662492 0.153482
56.422 -8.09011 -251.806 4.32552 -0.18114 0.709076 -0.663687 0.154656
56.5258 -7.70707 -252.522 4.27556 -0.181362 0.708002 -0.664534 0.155678
56.6295 -7.32554 -253.242 4.22072 -0.181123 0.70866 -0.663501 0.15736
56.7333 -6.93893 -253.961 4.16142 -0.182679 0.709589 -0.661833 0.158397
56.837 -6.54558 -254.678 4.11035 -0.184129 0.709944 -0.660725 0.159743
56.9408 -6.15261 -255.392 4.04881 -0.185006 0.709605 -0.660246 0.1622
57.0445 -5.75564 -256.101 3.99038 -0.186764 0.708592 -0.660465 0.163714
57.1483 -5.35058 -256.805 3.93008 -0.189779 0.707076 -0.661211 0.163793
57.252 -4.9489 -257.508 3.8784 -0.191252 0.704903 -0.662462 0.166367
57.3557 -4.54363 -258.215 3.82639 -0.19244 0.703713 -0.662211 0.170973
57.4594 -4.12844 -258.918 3.77989 -0.194361 0.702743 -0.661401 0.175858
57.563 -3.70526 -259.619 3.73333 -0.196572 0.70243 -0.659536 0.181558
57.6667 -3.27295 -260.308 3.68313 -0.200582 0.701032 -0.658131 0.187578
57.7703 -2.82016 -260.992 3.63392 -0.206228 0.700091 -0.65598 0.19244
57.874 -2.35759 -261.673 3.58098 -0.211406 0.700109 -0.652713 0.19779
57.9778 -1.88306 -262.344 3.53177 -0.217669 0.700019 -0.649526 0.201765
58.0815 -1.3977 -263.005 3.48015 -0.223631 0.698288 -0.648491 0.204554
58.1853 -0.90779 -263.656 3.42759 -0.22882 0.69565 -0.648871 0.206588
58.2892 -0.414263 -264.303 3.3731 -0.232868 0.693382 -0.649518 0.207653
58.3932 0.084217 -264.952 3.32058 -0.235555 0.692377 -0.649982 0.206521
58.4972 0.581562 -265.6 3.27787 -0.23695 0.691137 -0.651893 0.203027
58.6012 1.06853 -266.252 3.23142 -0.236273 0.690019 -0.654879 0.197948
58.7052 1.5397 -266.912 3.1869 -0.233116 0.689212 -0.658147 0.193614
58.8093 1.99522 -267.583 3.13896 -0.226717 0.690181 -0.660004 0.191426
58.9133 2.44733 -268.266 3.09529 -0.222261 0.692622 -0.66 0.187819
59.0172 2.90051 -268.944 3.05727 -0.219788 0.693804 -0.661143 0.182261
59.1212 3.33709 -269.632 3.0148 -0.215387 0.695574 -0.661616 0.179023
59.225 3.75947 -270.325 2.97191 -0.210202 0.69613 -0.663045 0.177734
59.3289 4.1802 -271.018 2.93354 -0.205415 0.696632 -0.664627 0.175439
59.4327 4.60438 -271.717 2.89719 -0.203199 0.696828 -0.666072 0.17172
59.5364 5.02229 -272.42 2.85774 -0.201494 0.697799 -0.666454 0.168275
59.6402 5.44154 -273.129 2.81449 -0.200968 0.699852 -0.66538 0.164583
59.7438 5.85579 -273.843 2.77245 -0.199956 0.702089 -0.66408 0.161512
59.8476 6.26691 -274.561 2.72192 -0.198631 0.704318 -0.662609 0.159473
59.9513 6.67512 -275.275 2.67315 -0.198444 0.703635 -0.663888 0.157389
60.055 7.0826 -275.985 2.62843 -0.198758 0.700561 -0.667555 0.155174
60.1587 7.48334 -276.694 2.58556 -0.197782 0.696252 -0.672352 0.155107
60.2624 7.8848 -277.412 2.5383 -0.196374 0.693933 -0.675057 0.155538
60.3662 8.29175 -278.138 2.49509 -0.196452 0.693753 -0.675483 0.154393
60.4699 8.7038 -278.872 2.46362 -0.197212 0.695371 -0.673971 0.152744
60.5735 9.10934 -279.609 2.42785 -0.196621 0.696251 -0.673116 0.153262
60.6773 9.51622 -280.353 2.39297 -0.195806 0.697159 -0.672087 0.154688
60.781 9.93507 -281.098 2.36105 -0.196533 0.698029 -0.670847 0.155223
60.8848 10.3591 -281.843 2.32755 -0.197705 0.698296 -0.669884 0.156688
60.9884 10.7858 -282.59 2.29319 -0.199165 0.697673 -0.66967 0.158518
61.0922 11.2198 -283.337 2.25985 -0.200889 0.697436 -0.669109 0.159751
61.1958 11.6632 -284.085 2.23422 -0.203556 0.696755 -0.668994 0.159826
61.2994 12.105 -284.827 2.20177 -0.20541 0.695609 -0.669274 0.161268
61.4032 12.5449 -285.578 2.17473 -0.205131 0.694271 -0.669802 0.165148
61.5068 12.9877 -286.328 2.15749 -0.206122 0.692596 -0.670431 0.168363
61.6105 13.442 -287.08 2.14121 -0.207984 0.691225 -0.670421 0.171715
61.7142 13.9115 -287.832 2.117 -0.211275 0.691056 -0.668842 0.174511
61.8179 14.3951 -288.581 2.09228 -0.215662 0.691831 -0.666364 0.175555
61.9215 14.8887 -289.335 2.06417 -0.219921 0.692906 -0.663539 0.176725
62.0253 15.3963 -290.089 2.02844 -0.224622 0.694152 -0.660443 0.17752
62.1289 15.9052 -290.838 1.99499 -0.228332 0.694237 -0.658589 0.179333
62.2327 16.4167 -291.581 1.954 -0.231176 0.6925 -0.658494 0.182723
62.3363 16.933 -292.312 1.90998 -0.232995 0.689328 -0.659916 0.187222
62.44 17.4438 -293.039 1.86413 -0.235203 0.685546 -0.661872 0.191394
62.5438 17.9597 -293.767 1.82444 -0.235859 0.68296 -0.662812 0.196509
62.6474 18.4816 -294.494 1.78922 -0.236318 0.681027 -0.663023 0.201884
62.7512 19.0127 -295.227 1.75546 -0.236523 0.681674 -0.660668 0.207113
62.8548 19.5437 -295.976 1.73389 -0.238481 0.682702 -0.657543 0.211379
62.9585 20.0909 -296.721 1.70706 -0.241032 0.684703 -0.653372 0.214919
63.0623 20.6419 -297.465 1.67637 -0.243595 0.685256 -0.650684 0.218395
63.1661 21.2123 -298.192 1.63598 -0.246669 0.685344 -0.648679 0.220619
63.2698 21.8049 -298.978 1.65707 -0.250964 0.684071 -0.647942 0.221888
63.3736 22.417 -299.779 1.69364 -0.25547 0.683228 -0.646857 0.22251
63.4773 23.0243 -300.585 1.73254 -0.256627 0.683379 -0.645321 0.225161
63.581 23.6338 -301.361 1.74705 -0.258766 0.68233 -0.645018 0.226753
63.6849 24.245 -302.128 1.74994 -0.259412 0.680691 -0.645416 0.22979
63.7887 24.8606 -302.893 1.76246 -0.260467 0.678244 -0.646352 0.233177
63.8924 25.4875 -303.645 1.75706 -0.262049 0.677969 -0.64533 0.235029
63.9961 26.1287 -304.394 1.75371 -0.265584 0.678337 -0.643539 0.234908
64.1 26.779 -305.133 1.73606 -0.268786 0.679489 -0.64096 0.234987
64.2036 27.4276 -305.87 1.71808 -0.270205 0.678424 -0.64061 0.23738
64.3073 28.0763 -306.583 1.69422 -0.272346 0.675825 -0.641855 0.238977
64.411 28.7355 -307.303 1.67757 -0.27373 0.673553 -0.64274 0.24142
64.5148 29.387 -308.019 1.65553 -0.273314 0.672982 -0.641952 0.245545
64.6185 30.0465 -308.736 1.63568 -0.274064 0.6735 -0.639954 0.248487
64.7223 30.7069 -309.439 1.61096 -0.27402 0.673756 -0.638172 0.252393
64.8262 31.3745 -310.141 1.58543 -0.274627 0.673399 -0.636739 0.256275
64.9298 32.0401 -310.836 1.5577 -0.274552 0.67396 -0.634572 0.260226
65.0335 32.7163 -311.52 1.53165 -0.276935 0.67355 -0.633426 0.261551
65.1373 33.3994 -312.195 1.50223 -0.279153 0.673104 -0.632633 0.262259
65.241 34.0758 -312.863 1.47195 -0.280356 0.67162 -0.632595 0.264859
65.3448 34.7654 -313.527 1.44211 -0.28288 0.67025 -0.632524 0.265812
65.4485 35.4472 -314.189 1.40586 -0.283089 0.670709 -0.630541 0.269125
65.5523 36.138 -314.844 1.37831 -0.286044 0.670165 -0.629168 0.270563
65.6562 36.8274 -315.489 1.34639 -0.287047 0.668839 -0.629184 0.27274
65.7599 37.5173 -316.139 1.31285 -0.28757 0.668482 -0.627878 0.276052
65.8637 38.218 -316.781 1.28052 -0.29036 0.668552 -0.626477 0.276143
65.9674 38.9253 -317.414 1.25072 -0.294315 0.668032 -0.625865 0.274601
66.0713 39.6281 -318.049 1.20997 -0.296126 0.667653 -0.62506 0.275405
66.175 40.3286 -318.687 1.16632 -0.296732 0.669114 -0.622747 0.276446
66.2788 41.0295 -319.314 1.13094 -0.298882 0.668964 -0.622012 0.276148
66.3827 41.7286 -319.943 1.09433 -0.298472 0.666569 -0.623965 0.277971
66.4865 42.4203 -320.57 1.05512 -0.297048 0.664444 -0.625918 0.280185
66.5904 43.1188 -321.198 1.01979 -0.296615 0.664382 -0.62619 0.280181
66.6942 43.8226 -321.829 0.98559 -0.297084 0.665393 -0.625492 0.278842
66.798 44.5278 -322.465 0.946947 -0.297242 0.666979 -0.624339 0.277467
66.9019 45.2335 -323.106 0.906178 -0.2964 0.668118 -0.624141 0.276066
67.0058 45.9343 -323.748 0.865048 -0.294942 0.668619 -0.625085 0.274274
67.1097 46.6332 -324.392 0.825081 -0.293683 0.667605 -0.62796 0.271514
67.2136 47.3268 -325.044 0.786528 -0.291522 0.666957 -0.630745 0.268969
67.3174 48.018 -325.707 0.749624 -0.288441 0.667344 -0.63246 0.267298
67.4212 48.7092 -326.377 0.715794 -0.286261 0.668554 -0.633566 0.263979
67.525 49.3948 -327.056 0.68218 -0.283351 0.669831 -0.634576 0.261442
67.6288 50.0809 -327.74 0.643797 -0.28237 0.671503 -0.634947 0.257282
67.7327 50.7653 -328.438 0.600211 -0.280631 0.674796 -0.633924 0.253056
67.8364 51.4486 -329.139 0.556063 -0.279835 0.677787 -0.633162 0.247796
67.9402 52.1179 -329.84 0.50827 -0.277304 0.677747 -0.635647 0.244364
68.0439 52.778 -330.549 0.46106 -0.27387 0.676081 -0.639491 0.24282
68.1477 53.4341 -331.267 0.417499 -0.270353 0.675336 -0.642274 0.241486
68.2514 54.0887 -331.998 0.378688 -0.267234 0.67662 -0.642891 0.239713
68.355 54.744 -332.737 0.341161 -0.265208 0.678511 -0.642697 0.237123
68.4588 55.3972 -333.479 0.303308 -0.263474 0.679843 -0.642914 0.234643
68.5626 56.0461 -334.23 0.260802 -0.261366 0.681143 -0.643029 0.232907
68.6662 56.6961 -334.983 0.217742 -0.260183 0.682077 -0.643426 0.230388
68.7699 57.3495 -335.739 0.173048 -0.259674 0.682629 -0.64419 0.22717
68.8736 57.9952 -336.5 0.128099 -0.258721 0.683049 -0.644983 0.224731
68.9773 58.6405 -337.267 0.0843299 -0.257889 0.683317 -0.645809 0.222489
69.0809 59.2831 -338.04 0.0392277 -0.256766 0.683447 -0.646805 0.220487
69.1847 59.9256 -338.817 -0.00791583 -0.255899 0.683497 -0.647834 0.218307
69.2883 60.5603 -339.599 -0.0539048 -0.254103 0.684264 -0.648049 0.217362
69.3921 61.1994 -340.389 -0.101152 -0.252899 0.684868 -0.648333 0.216016
69.4958 61.8334 -341.178 -0.150229 -0.251823 0.685591 -0.648487 0.214511
69.5994 62.4663 -341.969 -0.197176 -0.251674 0.686041 -0.648798 0.212296
69.7032 63.0976 -342.763 -0.243271 -0.251026 0.686879 -0.648839 0.210218
69.8068 63.7223 -343.555 -0.287612 -0.250281 0.686965 -0.649615 0.20842
69.9106 64.3415 -344.351 -0.331581 -0.248659 0.686282 -0.65125 0.207506
70.0142 64.9592 -345.151 -0.377041 -0.247618 0.686646 -0.651466 0.206867
70.118 65.5768 -345.958 -0.421119 -0.246418 0.688797 -0.649565 0.20713
70.2216 66.1916 -346.77 -0.47077 -0.245585 0.692132 -0.646237 0.207411
70.3253 66.8072 -347.581 -0.527358 -0.245316 0.694292 -0.644146 0.207015
70.429 67.4182 -348.387 -0.583138 -0.244476 0.694216 -0.644506 0.207144
70.5327 68.0222 -349.19 -0.637394 -0.242676 0.692188 -0.646895 0.208595
70.6365 68.6268 -349.993 -0.686756 -0.241074 0.689939 -0.649517 0.209751
70.7402 69.2292 -350.802 -0.730696 -0.239325 0.68945 -0.650378 0.210691
70.844 69.8358 -351.618 -0.771935 -0.238148 0.690593 -0.649528 0.210903
70.9476 70.437 -352.436 -0.811863 -0.236848 0.692655 -0.647703 0.211217
71.0512 71.0388 -353.254 -0.857017 -0.235999 0.694451 -0.646009 0.211459
71.155 71.6419 -354.072 -0.906118 -0.235188 0.695742 -0.644833 0.211706
71.2586 72.2422 -354.885 -0.955382 -0.234767 0.696287 -0.644375 0.21178
71.3623 72.8449 -355.699 -1.00471 -0.234085 0.695707 -0.645016 0.212486
71.4659 73.4437 -356.509 -1.0543 -0.233161 0.694798 -0.645981 0.213541
71.5697 74.0485 -357.324 -1.10504 -0.233052 0.694995 -0.645733 0.213772
71.6733 74.6509 -358.142 -1.15442 -0.232647 0.696303 -0.644426 0.213901
71.7769 75.2521 -358.955 -1.20551 -0.232426 0.697079 -0.643712 0.213761
71.8807 75.8526 -359.77 -1.25526 -0.231446 0.696534 -0.644493 0.21425
71.9843 76.4529 -360.583 -1.30754 -0.230696 0.696142 -0.645055 0.214636
72.0881 77.0534 -361.399 -1.35861 -0.22997 0.696496 -0.644822 0.21497
72.1917 77.6559 -362.213 -1.40961 -0.229987 0.69748 -0.64378 0.214882
72.2954 78.2559 -363.026 -1.46345 -0.229144 0.698053 -0.643136 0.21585
72.3992 78.8546 -363.838 -1.51844 -0.228194 0.698824 -0.642211 0.217115
72.5029 79.4517 -364.647 -1.57509 -0.22681 0.699787 -0.641086 0.218779
72.6067 80.0447 -365.452 -1.63287 -0.225201 0.701033 -0.639584 0.22084
72.7104 80.6348 -366.257 -1.69309 -0.223054 0.701947 -0.63843 0.223439
72.8142 81.2298 -367.053 -1.75506 -0.222608 0.702629 -0.637363 0.224781
72.9179 81.8234 -367.845 -1.81898 -0.221991 0.703279 -0.636369 0.226173
73.0217 82.4145 -368.627 -1.88129 -0.222335 0.70383 -0.635433 0.22675
73.1254 82.9995 -369.402 -1.94329 -0.222845 0.704187 -0.634681 0.227244
73.2292 83.5798 -370.166 -2.00537 -0.222727 0.704052 -0.634439 0.228454
73.3329 84.1551 -370.92 -2.06545 -0.223028 0.704316 -0.633734 0.229301
73.4365 84.7244 -371.663 -2.12533 -0.223608 0.705025 -0.632553 0.229815
73.5403 85.2882 -372.393 -2.18599 -0.224943 0.70595 -0.631285 0.229159
73.6441 85.8487 -373.111 -2.25108 -0.227316 0.707784 -0.629191 0.22691
73.7478 86.4018 -373.811 -2.31655 -0.230292 0.70904 -0.62783 0.223737
73.8515 86.9445 -374.498 -2.38407 -0.232674 0.709264 -0.627677 0.220974
73.9553 87.475 -375.169 -2.45595 -0.23488 0.709142 -0.627896 0.218394
74.0591 87.992 -375.83 -2.5254 -0.236707 0.708689 -0.62854 0.216027
74.1628 88.4956 -376.478 -2.59337 -0.237579 0.70814 -0.629348 0.214509
74.2665 88.9848 -377.116 -2.65839 -0.237797 0.707578 -0.630128 0.213831
74.3702 89.4635 -377.747 -2.72215 -0.23714 0.707025 -0.6309 0.214116
74.4739 89.9337 -378.371 -2.78243 -0.236667 0.707164 -0.63089 0.214209
74.5776 90.3977 -378.985 -2.83942 -0.236595 0.706975 -0.631228 0.213919
74.6813 90.8545 -379.588 -2.89564 -0.236229 0.707093 -0.631545 0.212993
74.7851 91.3009 -380.183 -2.95365 -0.23552 0.707583 -0.631832 0.211292
74.8888 91.7401 -380.773 -3.00936 -0.235098 0.708168 -0.632432 0.207982
74.9927 92.1634 -381.358 -3.06233 -0.233273 0.709312 -0.632789 0.205032
75.0964 92.5737 -381.933 -3.11264 -0.231922 0.709578 -0.633986 0.201925
75.2002 92.9764 -382.505 -3.16092 -0.229834 0.708416 -0.636903 0.199191
75.304 93.373 -383.079 -3.21004 -0.227686 0.706919 -0.640327 0.195974
75.4078 93.7636 -383.661 -3.26173 -0.224606 0.706791 -0.642611 0.192484
75.5117 94.1522 -384.258 -3.31136 -0.221142 0.708344 -0.643459 0.187897
75.6154 94.541 -384.862 -3.36085 -0.218869 0.711399 -0.642645 0.1817
75.7192 94.9219 -385.476 -3.41674 -0.215684 0.714429 -0.641669 0.177008
75.8229 95.2975 -386.1 -3.47518 -0.212071 0.717087 -0.641128 0.172534
75.9267 95.6662 -386.726 -3.53698 -0.207879 0.718914 -0.641433 0.168856
76.0304 96.0294 -387.359 -3.60146 -0.203204 0.71964 -0.642846 0.166056
76.134 96.3849 -387.996 -3.66498 -0.198534 0.719581 -0.644732 0.164648
76.2378 96.735 -388.642 -3.73156 -0.193385 0.719086 -0.646877 0.164521
76.3416 97.0863 -389.298 -3.79893 -0.188722 0.719457 -0.647797 0.164694
76.4454 97.441 -389.962 -3.86998 -0.185066 0.721772 -0.646418 0.164133
76.5491 97.8023 -390.645 -3.94535 -0.183397 0.727049 -0.641527 0.16189
76.6529 98.175 -391.334 -4.02703 -0.18356 0.732485 -0.636139 0.158426
76.7567 98.5453 -392.025 -4.11623 -0.183772 0.737923 -0.630849 0.154034
76.8604 98.9072 -392.718 -4.21158 -0.181846 0.739778 -0.629818 0.151625
76.9643 99.267 -393.414 -4.31294 -0.180067 0.739325 -0.631379 0.149451
77.0681 99.6239 -394.115 -4.41669 -0.1777 0.739205 -0.632686 0.147331
77.1719 99.9754 -394.831 -4.52682 -0.174133 0.741481 -0.63124 0.146357
77.2756 100.323 -395.55 -4.64089 -0.171324 0.744263 -0.629143 0.144564
77.3793 100.661 -396.276 -4.75419 -0.167594 0.746398 -0.627884 0.143402
77.4831 100.994 -396.994 -4.86832 -0.164552 0.747787 -0.627253 0.142445
77.5868 101.323 -397.704 -4.98705 -0.161569 0.747963 -0.62812 0.141111
77.6906 101.647 -398.414 -5.1035 -0.159049 0.74804 -0.629088 0.13924
77.7943 101.968 -399.121 -5.21982 -0.157032 0.748691 -0.629419 0.136511
77.8982 102.28 -399.824 -5.33259 -0.15475 0.749481 -0.629818 0.132894
78.0019 102.579 -400.526 -5.44366 -0.151206 0.750179 -0.630528 0.129626
78.1058 102.863 -401.223 -5.55155 -0.146754 0.751013 -0.631199 0.126612
78.2097 103.141 -401.917 -5.65744 -0.142875 0.752034 -0.631606 0.122902
78.3134 103.408 -402.603 -5.76267 -0.139542 0.753028 -0.631934 0.118895
78.4173 103.659 -403.28 -5.86632 -0.134744 0.753496 -0.632906 0.116267
78.5211 103.903 -403.951 -5.96465 -0.130918 0.752655 -0.635365 0.112616
78.6249 104.142 -404.617 -6.06125 -0.127692 0.750245 -0.639787 0.107235
78.7287 104.375 -405.28 -6.15174 -0.125226 0.74799 -0.644086 0.0999077
78.8327 104.591 -405.96 -6.23991 -0.120175 0.746918 -0.647301 0.0931268
78.9366 104.78 -406.632 -6.32523 -0.112505 0.746777 -0.64966 0.0872298
79.0404 104.953 -407.317 -6.40591 -0.104221 0.746488 -0.652195 0.080845
79.1443 105.108 -408.011 -6.48103 -0.0948707 0.745382 -0.655563 0.0751135
79.2482 105.246 -408.702 -6.55159 -0.0854082 0.744042 -0.658955 0.0698894
79.3521 105.371 -409.419 -6.61928 -0.0754981 0.743372 -0.661395 0.0652284
79.4558 105.485 -410.135 -6.69106 -0.0668955 0.743498 -0.662683 0.0598935
79.5596 105.595 -410.872 -6.76375 -0.0600364 0.745497 -0.661621 0.0537317
79.6633 105.7 -411.617 -6.83806 -0.0553272 0.748535 -0.659079 0.0474297
79.7669 105.791 -412.361 -6.919 -0.0497738 0.752302 -0.655502 0.0433771
79.8707 105.879 -413.112 -7.00038 -0.0460184 0.754372 -0.653612 0.0399534
79.9743 105.97 -413.866 -7.08202 -0.0439944 0.755374 -0.652814 0.0361735
80.0781 106.059 -414.625 -7.16774 -0.0428346 0.756091 -0.652286 0.0318614
80.1818 106.137 -415.389 -7.26174 -0.0404736 0.757922 -0.650458 0.0286345
80.2856 106.212 -416.148 -7.35054 -0.0395601 0.75871 -0.64976 0.0246128
80.3893 106.298 -416.897 -7.42776 -0.042543 0.755416 -0.653639 0.017114
80.4931 106.375 -417.643 -7.50502 -0.0430519 0.748972 -0.661083 0.0125258
80.5968 106.435 -418.392 -7.58941 -0.0404531 0.743188 -0.667742 0.0124808
80.7006 106.507 -419.164 -7.66817 -0.0411411 0.742792 -0.668195 0.00904797
80.8042 106.586 -419.95 -7.7397 -0.0442714 0.746385 -0.664021 0.00507217
80.908 106.656 -420.732 -7.80996 -0.0455979 0.748972 -0.661013 0.00482184
81.0116 106.727 -421.493 -7.86526 -0.048014 0.744014 -0.666421 0.00458742
81.1153 106.8 -422.23 -7.91667 -0.0494951 0.735174 -0.676045 0.00577581
81.2189 106.871 -422.977 -7.9717 -0.0518021 0.727712 -0.683878 0.0079448
81.3227 106.948 -423.737 -8.02069 -0.0546243 0.727476 -0.683905 0.00829788
81.4264 107.035 -424.501 -8.05933 -0.0579792 0.73246 -0.678302 0.00684053
81.5302 107.119 -425.25 -8.09365 -0.0594971 0.73527 -0.675122 0.00689182
81.6338 107.192 -425.977 -8.12946 -0.0585156 0.734095 -0.676453 0.00960794
81.7376 107.263 -426.689 -8.16719 -0.0578871 0.73069 -0.680133 0.0126669
81.8413 107.339 -427.398 -8.20232 -0.0574998 0.728486 -0.68248 0.0149544
81.9451 107.42 -428.103 -8.23372 -0.0574188 0.727774 -0.683197 0.0170179
82.0488 107.501 -428.797 -8.26406 -0.0563836 0.726588 -0.684507 0.0184724
82.1526 107.584 -429.478 -8.29082 -0.056133 0.724409 -0.686834 0.0184038
82.2564 107.671 -430.149 -8.31359 -0.0565821 0.722879 -0.688431 0.017522
82.3601 107.757 -430.81 -8.33291 -0.0578233 0.721426 -0.689908 0.0151168
82.464 107.838 -431.467 -8.34658 -0.0573092 0.720629 -0.690857 0.0112319
82.5679 107.908 -432.117 -8.35537 -0.054675 0.720283 -0.691504 0.00513515
82.6718 107.96 -432.765 -8.36516 -0.049742 0.719651 -0.69255 -0.00173378
82.7758 107.991 -433.398 -8.37606 -0.0425524 0.719321 -0.693331 -0.00766724
82.8798 108.008 -434.026 -8.38194 -0.0344486 0.719705 -0.693305 -0.0128936
82.9837 108.019 -434.625 -8.38746 -0.0270384 0.71954 -0.693689 -0.0181064
83.0876 108.016 -435.2 -8.39072 -0.0198778 0.719057 -0.694275 -0.0233326
83.1914 108.009 -435.758 -8.39546 -0.0132501 0.718731 -0.694547 -0.0292362
83.2954 107.99 -436.292 -8.39945 -0.00753914 0.718797 -0.694237 -0.036169
83.3993 107.968 -436.809 -8.40329 -0.00189966 0.71908 -0.693523 -0.0441225
83.5032 107.93 -437.299 -8.40148 0.00563625 0.718718 -0.693471 -0.050105
83.6071 107.883 -437.753 -8.39434 0.0126864 0.716845 -0.694947 -0.0549677
83.7108 107.826 -438.179 -8.38508 0.020741 0.713219 -0.698214 -0.0581835
83.8147 107.769 -438.581 -8.37812 0.0276836 0.708999 -0.701966 -0.0616352
83.9184 107.718 -438.956 -8.37189 0.032654 0.70551 -0.704883 -0.0658028
84.0222 107.667 -439.32 -8.3711 -0.0352221 -0.702696 0.707081 0.0708038
84.126 107.607 -439.666 -8.36854 -0.0388281 -0.700986 0.708261 0.0740127
84.2297 107.545 -439.997 -8.35879 -0.043077 -0.700024 0.708782 0.0757584
84.3333 107.476 -440.312 -8.34814 -0.0481112 -0.700034 0.708504 0.0752266
84.4371 107.409 -440.609 -8.33922 -0.0532906 -0.700296 0.708035 0.0737024
84.5407 107.36 -440.891 -8.33084 -0.0547553 -0.700985 0.707011 0.0758818
84.6444 107.323 -441.154 -8.32006 -0.054502 -0.701432 0.706163 0.0797322
84.7481 107.289 -441.399 -8.31238 -0.053453 -0.702101 0.70515 0.0834288
84.8517 107.254 -441.621 -8.30838 -0.0537539 -0.702553 0.704449 0.0853312
84.9553 107.216 -441.82 -8.30217 -0.0551019 -0.702118 0.70475 0.0855653
85.0591 107.179 -441.993 -8.29294 -0.0572564 -0.701375 0.705418 0.0847378
85.1627 107.147 -442.149 -8.28469 -0.0590643 -0.700756 0.706032 0.0834925
85.2663 107.125 -442.299 -8.28411 -0.0597028 -0.699803 0.707014 0.0827137
85.3701 107.111 -442.449 -8.28134 -0.0584336 -0.699032 0.707865 0.082872
85.4737 107.093 -442.6 -8.28135 -0.0581988 -0.699189 0.707898 0.081416
85.5774 107.063 -442.755 -8.28271 -0.0598559 -0.700667 0.706813 0.0768042
85.6811 107.039 -442.906 -8.2851 -0.0601446 -0.701597 0.706297 0.072724
85.7848 107.023 -443.053 -8.28327 -0.0595606 -0.701177 0.707003 0.070361
85.8886 107.017 -443.2 -8.2802 -0.0571826 -0.700752 0.70765 0.0700551
85.9922 107.014 -443.347 -8.2762 -0.0542002 -0.700466 0.708196 0.0697645
86.0959 107.009 -443.497 -8.27367 -0.051331 -0.699984 0.708973 0.0688798
86.1997 106.999 -443.659 -8.27152 -0.0491135 -0.699912 0.709392 0.0668924
86.3033 106.989 -443.836 -8.27071 -0.0467914 -0.700211 0.709458 0.0646851
86.4071 106.985 -444.032 -8.27288 -0.0427175 -0.701071 0.708911 0.0641844
86.5107 106.989 -444.247 -8.27468 -0.0367327 -0.70221 0.70814 0.0639454
86.6143 106.99 -444.473 -8.27142 -0.0314496 -0.703171 0.707538 0.0628648
86.7181 106.976 -444.707 -8.26139 -0.0290351 -0.704311 0.706869 0.0586446
86.8217 106.958 -444.954 -8.25282 -0.0275482 -0.705234 0.706515 0.0521784
86.9254 106.946 -445.206 -8.24467 -0.0251709 -0.705949 0.706295 0.0463776
87.0291 106.943 -445.47 -8.24266 -0.0209384 -0.706235 0.706543 0.039883
87.1328 106.943 -445.741 -8.24274 -0.016712 -0.706372 0.706894 0.0325441
87.2364 106.953 -446.013 -8.23648 0.0106804 0.706969 -0.706679 -0.0261834
87.3401 106.973 -446.302 -8.23085 0.00359487 0.707581 -0.706378 -0.0185779
87.4437 106.999 -446.603 -8.22677 -0.00408781 0.70756 -0.70656 -0.0107526
87.5473 107.034 -446.903 -8.22567 0.012218 -0.706901 0.707199 0.0034214
87.6511 107.087 -447.226 -8.22576 0.0227353 -0.705494 0.708347 -0.00243211
87.7547 107.15 -447.559 -8.22651 0.0326136 -0.70414 0.709256 -0.00887114
87.8583 107.21 -447.89 -8.22285 0.04271 -0.703911 0.708801 -0.0169442
87.9621 107.277 -448.25 -8.21745 0.0504447 -0.704059 0.70782 -0.0273311
88.0657 107.352 -448.605 -8.2117 0.0584098 -0.704152 0.706659 -0.0372959
88.1693 107.447 -448.987 -8.20774 0.0676379 -0.703711 0.705726 -0.0465558
88.2731 107.557 -449.381 -8.20423 0.0771649 -0.703039 0.704762 -0.0556025
88.3767 107.676 -449.773 -8.20133 0.0870409 -0.702188 0.703726 -0.064235
88.4803 107.822 -450.19 -8.19893 0.0956697 -0.701022 0.70283 -0.0737945
88.5841 108.004 -450.611 -8.19576 0.104036 -0.700114 0.701562 -0.0826336
88.6878 108.2 -451.038 -8.19206 0.111461 -0.699386 0.70011 -0.0909999
88.7916 108.402 -451.491 -8.18882 0.118669 -0.698423 0.698885 -0.0983984
88.8953 108.618 -451.949 -8.18649 0.125342 -0.697501 0.697618 -0.105408
88.9991 108.844 -452.432 -8.18353 0.131968 -0.696271 0.696633 -0.111773
89.1028 109.085 -452.929 -8.18184 0.137531 -0.695245 0.695387 -0.118983
89.2066 109.319 -453.435 -8.17965 -0.142705 0.69445 -0.693778 0.126675
89.3103 109.547 -453.964 -8.18257 -0.147815 0.693453 -0.69218 0.13476
89.4139 109.798 -454.502 -8.18384 -0.152775 0.69218 -0.690725 0.142987
89.5177 110.067 -455.043 -8.18392 -0.1586 0.690818 -0.689394 0.149509
89.6214 110.36 -455.598 -8.18201 -0.164552 0.689098 -0.688545 0.154826
89.7253 110.667 -456.158 -8.18166 -0.17023 0.687619 -0.687607 0.15937
89.8291 110.983 -456.749 -8.16962 -0.174975 0.68704 -0.686021 0.163507
89.9328 111.308 -457.354 -8.1528 -0.179015 0.686615 -0.684534 0.167109
90.0367 111.646 -457.972 -8.13288 -0.182608 0.686757 -0.682844 0.169539
90.1406 111.999 -458.597 -8.11907 -0.185444 0.686869 -0.681466 0.171539
90.2443 112.359 -459.233 -8.10647 -0.187625 0.686429 -0.680934 0.173036
90.3482 112.736 -459.877 -8.10021 -0.189455 0.686112 -0.680483 0.174067
90.4519 113.118 -460.536 -8.09204 -0.191035 0.685831 -0.680135 0.174809
90.5558 113.515 -461.202 -8.08626 -0.192276 0.685223 -0.680189 0.175622
90.6596 113.915 -461.883 -8.07973 -0.192795 0.684929 -0.67995 0.177116
90.7633 114.327 -462.574 -8.07638 -0.193142 0.684391 -0.679955 0.178792
90.8672 114.749 -463.278 -8.07054 -0.193666 0.683702 -0.680135 0.180173
90.9708 115.182 -463.989 -8.06433 -0.194429 0.682981 -0.680316 0.181396
91.0747 115.622 -464.71 -8.05684 -0.194783 0.682241 -0.680554 0.182902
91.1784 116.067 -465.44 -8.04822 -0.194677 0.682008 -0.680332 0.184699
91.2822 116.518 -466.176 -8.03972 -0.194264 0.681845 -0.680136 0.186453
91.3859 116.979 -466.923 -8.02974 -0.194418 0.681713 -0.679867 0.187751
91.4896 117.45 -467.673 -8.01719 0.195158 -0.68057 0.680688 -0.188153
91.5933 117.925 -468.435 -8.00505 0.194951 -0.679335 0.681663 -0.189298
91.6972 118.409 -469.206 -7.99385 0.194718 -0.678378 0.682555 -0.189758
91.8009 118.904 -469.987 -7.98081 0.195884 -0.678643 0.682184 -0.188938
91.9047 119.404 -470.781 -7.96728 0.196091 -0.679597 0.681238 -0.188707
92.0085 119.909 -471.584 -7.95208 0.196815 -0.680343 0.680353 -0.188461
92.1122 120.416 -472.397 -7.94259 -0.196058 0.680387 -0.680216 0.189581
92.216 120.927 -473.219 -7.93244 0.195336 -0.680005 0.680409 -0.190998
92.3197 121.447 -474.052 -7.9201 0.194596 -0.680007 0.680284 -0.19219
92.4234 121.975 -474.892 -7.90854 -0.194465 0.680136 -0.67998 0.192937
92.5272 122.511 -475.743 -7.89633 -0.194215 0.68032 -0.67962 0.193811
92.631 123.054 -476.601 -7.88271 -0.194294 0.680413 -0.679355 0.19433
92.7347 123.602 -477.467 -7.87002 -0.194461 0.680039 -0.679585 0.19467
92.8385 124.16 -478.344 -7.85653 0.195168 -0.679501 0.679922 -0.194664
92.9422 124.723 -479.23 -7.8427 0.195586 -0.679446 0.679896 -0.194526
93.046 125.286 -480.118 -7.81602 -0.195518 0.679987 -0.679422 0.194363
93.1497 125.864 -480.992 -7.79987 -0.196857 0.679828 -0.679759 0.192378
93.2534 126.441 -481.879 -7.78464 0.197115 -0.679173 0.680822 -0.190659
93.3572 127.016 -482.772 -7.76861 0.196221 -0.678283 0.682456 -0.188901
93.4611 127.593 -483.68 -7.74817 0.195284 -0.677926 0.684173 -0.184898
93.5649 128.165 -484.591 -7.72335 0.193883 -0.677554 0.686377 -0.17949
93.6688 128.725 -485.516 -7.70278 0.190859 -0.677582 0.688707 -0.173603
93.7727 129.274 -486.448 -7.68909 0.186912 -0.678558 0.690412 -0.167194
93.8767 129.806 -487.387 -7.6759 0.182105 -0.680558 0.691271 -0.160694
93.9806 130.325 -488.35 -7.65976 0.177306 -0.682998 0.691709 -0.15367
94.0844 130.827 -489.32 -7.64466 0.172193 -0.684644 0.692947 -0.146414
94.1885 131.305 -490.296 -7.62758 0.165663 -0.685126 0.695334 -0.140243
94.2923 131.768 -491.286 -7.6083 0.159446 -0.685031 0.69828 -0.133094
94.3962 132.213 -492.283 -7.57762 0.152373 -0.685736 0.700503 -0.125869
94.5001 132.653 -493.302 -7.5296 0.145539 -0.687897 0.701298 -0.117463
94.6038 133.059 -494.335 -7.48667 0.137278 -0.69004 0.702154 -0.109451
94.7078 133.438 -495.358 -7.44174 0.128563 -0.690421 0.704704 -0.100911
94.8117 133.794 -496.406 -7.3959 0.120332 -0.689064 0.70884 -0.0908729
94.9155 134.116 -497.446 -7.34366 0.110559 -0.688528 0.712058 -0.0817243
95.0193 134.41 -498.514 -7.29195 0.102884 -0.687969 0.715123 -0.0686461
95.1233 134.661 -499.593 -7.23998 0.0905022 -0.687809 0.717792 -0.0591885
95.2271 134.878 -500.656 -7.17921 0.0816332 -0.687971 0.719639 -0.0463729
95.3309 135.064 -501.751 -7.10786 0.070356 -0.687588 0.721744 -0.0368653
95.4348 135.211 -502.831 -7.03087 0.0593196 -0.685903 0.724729 -0.028027
95.5386 135.333 -503.934 -6.94878 0.0486377 -0.685043 0.7266 -0.0200662
95.6422 135.428 -505.042 -6.85995 0.0390896 -0.685016 0.727373 -0.0124189
95.7459 135.492 -506.147 -6.76805 0.030516 -0.685017 0.727871 -0.00485683
95.8496 135.536 -507.272 -6.67505 0.0229878 -0.684471 0.72867 0.00343216
95.9533 135.557 -508.395 -6.58016 0.0151381 -0.683323 0.729871 0.0113412
96.057 135.551 -509.511 -6.48531 0.00723004 -0.682805 0.730332 0.0184172
96.1606 135.523 -510.642 -6.38929 -0.00047925 -0.684001 0.729098 0.0236212
96.2642 135.476 -511.77 -6.29429 -0.00709382 -0.684422 0.728567 0.0265621
96.3677 135.416 -512.907 -6.20817 -0.0128369 -0.683465 0.729363 0.0272107
96.4713 135.357 -514.044 -6.11989 -0.0161359 -0.682022 0.730609 0.0282148
96.575 135.299 -515.185 -6.0255 -0.0173552 -0.681782 0.730728 0.0301272
96.6786 135.239 -516.326 -5.92845 -0.0181318 -0.681765 0.730652 0.0318566
96.7822 135.172 -517.472 -5.83264 -0.0191256 -0.680952 0.731326 0.0331714
96.8859 135.098 -518.623 -5.73403 -0.0207142 -0.679646 0.732458 0.0340152
96.9896 135.017 -519.786 -5.63475 -0.0226374 -0.678555 0.733393 0.0344185
97.0932 134.933 -520.959 -5.53239 -0.0240738 -0.67867 0.733208 0.0351208
97.197 134.847 -522.145 -5.43045 -0.0248928 -0.68018 0.731721 0.0363279
97.3006 134.757 -523.337 -5.33095 -0.0255448 -0.681197 0.730708 0.0371861
97.4042 134.67 -524.535 -5.23182 -0.0251936 -0.681023 0.730811 0.0385711
97.5078 134.579 -525.734 -5.13112 -0.0250035 -0.679389 0.732308 0.0391338
97.6116 134.484 -526.947 -5.02415 -0.0250498 -0.67827 0.733349 0.0390175
97.7152 134.388 -528.167 -4.91371 -0.0255748 -0.678288 0.733357 0.0381937
97.8189 134.294 -529.399 -4.80118 -0.0252009 -0.678482 0.733172 0.0385378
97.9227 134.201 -530.638 -4.68787 -0.0244691 -0.678191 0.733418 0.0394525
98.0263 134.109 -531.88 -4.57569 -0.023757 -0.678006 0.73355 0.0405943
98.1301 134.01 -533.134 -4.46248 -0.0243652 -0.678398 0.733117 0.0414934
98.2338 133.91 -534.398 -4.34746 -0.0247849 -0.678932 0.732514 0.0431311
98.3374 133.799 -535.661 -4.23497 -0.0262664 -0.678151 0.733191 0.0430351
98.4412 133.686 -536.937 -4.11956 -0.0273008 -0.67799 0.733266 0.043654
98.5448 133.572 -538.219 -4.00308 -0.0279061 -0.678148 0.733004 0.0451886
98.6486 133.45 -539.509 -3.88504 -0.0294202 -0.67838 0.732668 0.0461872
98.7523 133.326 -540.806 -3.7681 -0.0298971 -0.678512 0.732393 0.0482579
98.8559 133.186 -542.131 -3.67099 -0.0311658 -0.679134 0.731681 0.0494749
98.9597 133.042 -543.463 -3.57311 -0.031759 -0.679138 0.731542 0.0510795
99.0633 132.892 -544.802 -3.47682 -0.032612 -0.678695 0.731834 0.0522291
99.1671 132.74 -546.143 -3.37072 -0.0336377 -0.678478 0.731926 0.0531148
99.2708 132.579 -547.493 -3.2671 -0.0347399 -0.67859 0.731724 0.0537526
99.3745 132.416 -548.848 -3.15655 -0.0357866 -0.677984 0.732183 0.0544558
99.4782 132.249 -550.21 -3.04196 -0.0368266 -0.677737 0.732294 0.0553344
99.5819 132.078 -551.575 -2.91327 -0.0377407 -0.677697 0.732186 0.0566291
99.6857 131.901 -552.948 -2.78376 -0.0387001 -0.677733 0.731977 0.058219
99.7895 131.716 -554.326 -2.6568 -0.0403766 -0.677799 0.73173 0.0594094
99.8932 131.526 -555.712 -2.52857 -0.0416586 -0.677681 0.731649 0.060858
99.997 131.328 -557.104 -2.39987 -0.0432749 -0.677446 0.731687 0.0618683
100.101 131.126 -558.5 -2.2699 -0.0443172 -0.677014 0.731956 0.062682
100.204 130.917 -559.908 -2.13877 -0.0454137 -0.676751 0.73209 0.0631725
100.308 130.707 -561.318 -2.00831 -0.0461596 -0.676682 0.732051 0.0638138
100.412 130.49 -562.739 -1.87561 -0.0468377 -0.676594 0.732056 0.0641999
100.515 130.274 -564.166 -1.74231 -0.0474789 -0.676594 0.731995 0.0644272
100.619 130.051 -565.6 -1.60728 -0.0483211 -0.676336 0.732171 0.0645049
100.723 129.826 -567.038 -1.4732 -0.0491676 -0.676108 0.732329 0.0644575
100.826 129.596 -568.489 -1.33824 -0.0499708 -0.676812 0.731629 0.0644001
100.93 129.367 -569.942 -1.20476 -0.0501345 -0.676411 0.73194 0.0649497
101.034 129.137 -571.403 -1.07045 -0.0504034 -0.676574 0.731721 0.0655048
101.137 128.905 -572.871 -0.934715 -0.0504097 -0.677048 0.731208 0.0663294
101.241 128.667 -574.352 -0.794871 -0.0510128 -0.677973 0.730284 0.0666005
101.345 128.428 -575.828 -0.659611 -0.051781 -0.677923 0.730295 0.0664044
101.449 128.191 -577.301 -0.526595 -0.0520289 -0.676979 0.731164 0.0662685
101.552 127.954 -578.78 -0.391161 -0.0521867 -0.67707 0.731083 0.0661077
101.656 127.718 -580.26 -0.252798 -0.051949 -0.676848 0.731263 0.06658
101.76 127.487 -581.746 -0.101616 -0.0521339 -0.677074 0.731065 0.0663021
101.863 127.259 -583.237 0.0558802 -0.0517393 -0.67669 0.731436 0.0664435
101.967 127.031 -584.727 0.215731 -0.0516018 -0.676114 0.732008 0.0661205
102.071 126.799 -586.219 0.372869 -0.0522075 -0.675576 0.732574 0.0648677
102.174 126.567 -587.713 0.529125 -0.0522456 -0.675869 0.732407 0.0636471
102.278 126.337 -589.206 0.683936 -0.0524974 -0.67676 0.731727 0.0617729
102.382 126.107 -590.706 0.834954 -0.0519482 -0.677138 0.731487 0.0609289
102.486 125.885 -592.202 0.985596 -0.0512797 -0.676907 0.731766 0.0607036
102.589 125.66 -593.696 1.13319 -0.0515883 -0.677409 0.731343 0.0599393
102.693 125.44 -595.189 1.27992 -0.0510237 -0.677281 0.731511 0.0598144
102.797 125.215 -596.684 1.42522 -0.0511125 -0.677033 0.731794 0.059095
102.901 124.993 -598.177 1.56948 -0.0505947 -0.677277 0.731609 0.0590242
103.004 124.776 -599.666 1.71363 -0.0497892 -0.677081 0.731823 0.0593021
103.108 124.558 -601.15 1.85577 -0.0487096 -0.677563 0.731392 0.060013
103.212 124.334 -602.635 1.99626 -0.0493658 -0.678027 0.730986 0.059182
103.315 124.105 -604.119 2.13433 -0.0497424 -0.678295 0.73079 0.0582042
103.419 123.87 -605.602 2.2668 -0.052117 -0.678712 0.730472 0.0551769
103.523 123.638 -607.08 2.40203 -0.0525159 -0.677949 0.731231 0.0541156
103.626 123.413 -608.555 2.53986 -0.0523405 -0.676606 0.732508 0.0538215
103.73 123.194 -610.039 2.68265 -0.0511992 -0.67664 0.732485 0.0548067
103.834 122.977 -611.521 2.8248 -0.0499325 -0.677519 0.73171 0.0554623
103.937 122.763 -613.002 2.96384 -0.04894 -0.677782 0.731521 0.0556236
104.041 122.547 -614.484 3.09968 -0.0480738 -0.677681 0.731657 0.0558133
104.145 122.335 -615.966 3.23524 -0.0468947 -0.677493 0.731869 0.0563285
104.248 122.117 -617.445 3.3709 -0.046391 -0.677763 0.731649 0.0563454
104.352 121.903 -618.926 3.50959 -0.0457497 -0.678101 0.731332 0.0569107
104.456 121.686 -620.402 3.64495 -0.04668 -0.677828 0.731578 0.0562466
104.559 121.471 -621.878 3.78248 -0.0469498 -0.677593 0.731808 0.0558706
104.663 121.254 -623.35 3.91962 -0.0479372 -0.677821 0.731623 0.0546753
104.767 121.035 -624.824 4.05832 -0.0481043 -0.67851 0.731044 0.0537155
104.87 120.823 -626.288 4.19743 -0.0476515 -0.678039 0.731566 0.0529539
104.974 120.615 -627.742 4.33943 -0.0463672 -0.676652 0.732918 0.0531282
105.078 120.415 -629.195 4.48525 -0.0451012 -0.676962 0.732659 0.0538526
105.181 120.216 -630.638 4.63181 -0.0430976 -0.677833 0.731892 0.0549478
105.285 120.017 -632.072 4.77211 -0.0428907 -0.678589 0.731242 0.0544272
105.389 119.812 -633.494 4.90625 -0.0432173 -0.679687 0.730238 0.0539439
105.492 119.611 -634.91 5.03917 -0.0440556 -0.679817 0.730142 0.0529202
105.596 119.413 -636.319 5.17387 -0.0439553 -0.679858 0.73011 0.0529206
105.7 119.216 -637.717 5.3068 -0.0443013 -0.67952 0.730394 0.0530507
105.803 119.021 -639.108 5.44021 -0.0444293 -0.679728 0.730151 0.0536129
105.907 118.825 -640.484 5.57317 -0.0443453 -0.679919 0.729929 0.0542953
106.011 118.633 -641.845 5.70448 -0.0440981 -0.680031 0.72979 0.0549525
106.114 118.442 -643.18 5.82978 -0.0443774 -0.680353 0.729457 0.0551635
106.218 118.256 -644.498 5.95274 -0.0444691 -0.681537 0.728302 0.055738
106.322 118.07 -645.788 6.06931 -0.0446235 -0.682607 0.727251 0.056246
106.426 117.884 -647.05 6.18097 -0.044802 -0.682289 0.727527 0.0563815
106.529 117.698 -648.278 6.29365 -0.0455151 -0.680393 0.72929 0.0559455
106.633 117.521 -649.485 6.4105 -0.0457205 -0.679805 0.729831 0.0558803
106.737 117.345 -650.669 6.52645 -0.0459331 -0.68115 0.728602 0.0553589
106.84 117.176 -651.817 6.63389 -0.045652 -0.681847 0.728019 0.0546714
106.944 117.016 -652.933 6.73694 -0.0448849 -0.682124 0.727836 0.0542791
107.048 116.863 -654.016 6.83414 -0.0437605 -0.682663 0.727416 0.0540484
107.151 116.712 -655.065 6.92894 -0.0433187 -0.683658 0.726601 0.0527849
107.255 116.567 -656.074 7.01934 -0.0428728 -0.685049 0.725394 0.0516997
107.359 116.44 -657.051 7.10962 -0.0414535 -0.685721 0.72479 0.0524229
107.462 116.314 -657.981 7.19432 -0.0417178 -0.685493 0.725034 0.0518056
107.566 116.194 -658.87 7.2751 -0.0417703 -0.684588 0.72593 0.0511863
107.67 116.077 -659.721 7.35635 -0.041424 -0.684543 0.725975 0.0514269
107.774 115.965 -660.526 7.43287 -0.0407657 -0.684463 0.726047 0.0520081
107.877 115.858 -661.293 7.50642 -0.0403611 -0.684532 0.725837 0.0542965
107.981 115.751 -662.02 7.57377 -0.0422064 -0.684121 0.72577 0.0587738
108.085 115.631 -662.701 7.64033 -0.0463851 -0.683581 0.725412 0.0659031
108.189 115.506 -663.355 7.70083 -0.0529182 -0.682773 0.72475 0.0758871
108.293 115.359 -663.98 7.75807 -0.062536 -0.680902 0.724559 0.0864635
108.397 115.185 -664.544 7.81258 -0.074199 -0.678452 0.724296 0.097941
108.502 114.999 -665.139 7.87055 -0.0891341 -0.6755 0.723622 0.110118
108.606 114.787 -665.653 7.92767 -0.104881 -0.672902 0.721372 0.1258
108.71 114.558 -666.221 7.98569 -0.122332 -0.670091 0.717991 0.143182
108.814 114.306 -666.781 8.04223 -0.140794 -0.666632 0.713949 0.161415
108.919 114.017 -667.216 8.09573 -0.160156 -0.662816 0.708825 0.180531
109.023 113.722 -667.731 8.15508 -0.180843 -0.656996 0.703805 0.200777
109.127 113.381 -668.081 8.21182 -0.202363 -0.649493 0.698563 0.22185
109.231 113.042 -668.539 8.2656 -0.223582 -0.641204 0.692168 0.244484
109.336 112.652 -668.815 8.30987 -0.245275 -0.63146 0.685568 0.266637
109.44 112.268 -669.19 8.36471 -0.268191 -0.620459 0.679069 0.286304
109.544 111.859 -669.534 8.41955 -0.291642 -0.609468 0.671452 0.304377
109.648 111.421 -669.722 8.46908 -0.31287 -0.598984 0.661674 0.324836
109.752 110.986 -670.017 8.52156 -0.332932 -0.588633 0.650687 0.345361
109.856 110.513 -670.151 8.5675 -0.353565 -0.577378 0.639177 0.3648
109.96 110.04 -670.375 8.62458 -0.374955 -0.5643 0.628373 0.382258
110.064 109.553 -670.571 8.67062 -0.395112 -0.549729 0.617748 0.40009
110.168 109.039 -670.6 8.72184 -0.41296 -0.533706 0.606899 0.419875
110.271 108.532 -670.744 8.76215 -0.429984 -0.51735 0.594651 0.440288
110.375 107.991 -670.719 8.8097 -0.447528 -0.500942 0.581469 0.458987
110.479 107.454 -670.799 8.8661 -0.465379 -0.486656 0.565602 0.476113
110.583 106.906 -670.854 8.92687 -0.483338 -0.471304 0.549133 0.492656
110.687 106.335 -670.721 8.98827 -0.499931 -0.4538 0.533113 0.509828
110.791 105.78 -670.692 9.04401 -0.515449 -0.434612 0.51731 0.527082
110.895 105.204 -670.48 9.11001 -0.53003 -0.415394 0.50036 0.544202
110.998 104.646 -670.376 9.16338 -0.54416 -0.395349 0.483 0.560624
111.102 104.083 -670.212 9.21777 -0.557695 -0.376105 0.465479 0.575196
111.206 103.505 -669.886 9.27544 -0.571377 -0.357038 0.448318 0.587421
111.309 102.943 -669.637 9.33392 -0.583105 -0.338937 0.431383 0.599182
111.413 102.381 -669.341 9.38978 -0.593673 -0.322201 0.415409 0.609241
111.517 101.812 -668.934 9.44252 -0.602427 -0.305933 0.401182 0.618498
111.62 101.254 -668.57 9.49007 -0.609574 -0.290582 0.389119 0.626552
111.724 100.696 -668.171 9.54244 -0.615515 -0.278246 0.37806 0.633081
111.827 100.129 -667.713 9.59801 -0.621657 -0.268242 0.368192 0.637199
111.931 99.5692 -667.257 9.65469 -0.627365 -0.261016 0.358789 0.639964
112.034 99 -666.784 9.71183 -0.631718 -0.256148 0.34916 0.642967
112.138 98.4318 -666.285 9.7638 -0.63518 -0.251624 0.340403 0.646032
112.241 97.872 -665.779 9.81734 -0.638601 -0.246374 0.33283 0.648624
112.345 97.3018 -665.233 9.85425 -0.642141 -0.241734 0.324538 0.651072
112.449 96.7302 -664.692 9.90252 -0.645212 -0.238418 0.313977 0.654428
112.552 96.167 -664.141 9.95154 -0.648734 -0.23533 0.303097 0.657188
112.656 95.6135 -663.548 9.98392 -0.652818 -0.229808 0.293807 0.659314
112.76 95.0695 -662.951 10.0192 -0.657433 -0.225749 0.282193 0.6612
112.863 94.5346 -662.337 10.0514 -0.661768 -0.221439 0.269724 0.663534
112.967 94.0097 -661.693 10.0747 -0.665381 -0.216183 0.257636 0.666451
113.071 93.5151 -661.045 10.0929 -0.669098 -0.20785 0.248003 0.66903
113.175 93.0319 -660.361 10.1089 -0.672959 -0.199109 0.238402 0.671302
113.278 92.5689 -659.681 10.1255 -0.677649 -0.190448 0.228625 0.672497
113.382 92.1081 -658.978 10.1321 -0.682552 -0.182121 0.219768 0.672797
113.486 91.6615 -658.25 10.1404 -0.686457 -0.173778 0.213027 0.673199
113.589 91.2308 -657.521 10.1423 -0.68981 -0.167397 0.207451 0.673131
113.693 90.7968 -656.784 10.1477 -0.6919 -0.163959 0.202724 0.673272
113.797 90.3555 -656.027 10.1463 -0.694345 -0.162331 0.199239 0.672189
113.9 89.9059 -655.265 10.145 -0.696154 -0.162882 0.196588 0.670964
114.004 89.4451 -654.502 10.144 -0.69683 -0.165767 0.193066 0.670577
114.108 88.9822 -653.733 10.1416 -0.695957 -0.168286 0.191166 0.671401
114.211 88.5237 -652.963 10.1366 -0.693407 -0.170123 0.19106 0.673603
114.315 88.0606 -652.178 10.133 -0.690084 -0.170708 0.193228 0.676244
114.419 87.5925 -651.392 10.1358 -0.687154 -0.172622 0.195304 0.678143
114.522 87.1119 -650.592 10.1445 -0.686312 -0.173648 0.198084 0.677927
114.626 86.6227 -649.787 10.1622 -0.686367 -0.17668 0.199305 0.676729
114.73 86.1191 -648.984 10.1814 -0.685214 -0.178941 0.199683 0.677191
114.833 85.6103 -648.179 10.2066 -0.682733 -0.180626 0.199337 0.679348
114.937 85.1086 -647.362 10.2349 -0.681054 -0.180075 0.199592 0.681103
115.041 84.5939 -646.531 10.2653 -0.680431 -0.181026 0.199012 0.681643
115.145 84.0734 -645.693 10.2998 -0.68027 -0.181972 0.198446 0.681717
115.248 83.5499 -644.842 10.3249 -0.681366 -0.181997 0.199516 0.680302
115.352 83.0219 -643.981 10.3528 -0.682413 -0.181342 0.201156 0.678943
115.456 82.4828 -643.118 10.3759 -0.683454 -0.183105 0.201341 0.677366
115.56 81.9483 -642.252 10.3945 -0.68359 -0.1836 0.202933 0.676619
115.663 81.4105 -641.393 10.4141 -0.683527 -0.184371 0.204703 0.67594
115.767 80.8691 -640.535 10.4327 -0.683326 -0.18503 0.206794 0.675326
115.87 80.3244 -639.681 10.4508 -0.683871 -0.185707 0.209023 0.673901
115.974 79.768 -638.831 10.4679 -0.683408 -0.186817 0.211309 0.673351
116.078 79.2121 -637.986 10.4847 -0.681926 -0.18831 0.212709 0.673996
116.182 78.6584 -637.149 10.5081 -0.681323 -0.188923 0.214279 0.673938
116.285 78.0991 -636.315 10.537 -0.681984 -0.190229 0.214495 0.672832
116.389 77.5403 -635.487 10.5651 -0.682452 -0.190685 0.215127 0.672026
116.493 76.9938 -634.667 10.5828 -0.681666 -0.191504 0.215552 0.672454
116.597 76.4486 -633.852 10.6025 -0.680563 -0.191343 0.216417 0.673339
116.7 75.9053 -633.052 10.6302 -0.680881 -0.192083 0.216139 0.672896
116.804 75.3551 -632.252 10.6481 -0.682693 -0.192509 0.21535 0.671189
116.908 74.8084 -631.457 10.6579 -0.682476 -0.193223 0.214989 0.671321
117.011 74.2701 -630.666 10.6624 -0.681533 -0.19295 0.215725 0.67212
117.115 73.7386 -629.88 10.6716 -0.681236 -0.192302 0.216883 0.672234
117.219 73.211 -629.107 10.6887 -0.681223 -0.192904 0.217399 0.671908
117.323 72.6846 -628.343 10.7081 -0.680921 -0.193493 0.218566 0.671666
117.426 72.1636 -627.591 10.7213 -0.679982 -0.194077 0.219971 0.671991
117.53 71.6371 -626.845 10.7309 -0.680213 -0.195664 0.220091 0.671257
117.634 71.1209 -626.111 10.7391 -0.681203 -0.19638 0.221203 0.669676
117.737 70.61 -625.387 10.7478 -0.681418 -0.198053 0.221793 0.668769
117.841 70.1031 -624.684 10.7512 -0.679546 -0.199136 0.222458 0.67013
117.945 69.6058 -623.995 10.7559 -0.678671 -0.200163 0.22314 0.670485
118.049 69.1157 -623.318 10.7572 -0.678615 -0.20095 0.223526 0.670177
118.152 68.6358 -622.661 10.759 -0.678994 -0.201639 0.223456 0.669609
118.256 68.166 -622.027 10.7535 -0.678665 -0.202866 0.222687 0.669828
118.36 67.7092 -621.411 10.7596 -0.677776 -0.204096 0.222338 0.67047
118.464 67.2726 -620.809 10.7682 -0.678843 -0.20416 0.223329 0.66904
118.567 66.8512 -620.226 10.7751 -0.679613 -0.203807 0.225354 0.667686
118.671 66.437 -619.67 10.7838 -0.680562 -0.205576 0.224902 0.666328
118.775 66.0357 -619.142 10.7946 -0.68037 -0.207333 0.224368 0.66616
118.879 65.6558 -618.634 10.8029 -0.680245 -0.207597 0.225553 0.665805
118.982 65.2891 -618.154 10.8155 -0.679929 -0.208691 0.225753 0.665718
119.086 64.9448 -617.697 10.824 -0.679161 -0.208747 0.226872 0.666104
119.19 64.6279 -617.268 10.8356 -0.678806 -0.208083 0.228446 0.666135
119.293 64.3276 -616.867 10.8446 -0.679084 -0.207767 0.229418 0.665617
119.397 64.0461 -616.491 10.8505 -0.678074 -0.207379 0.230555 0.666374
119.501 63.7785 -616.147 10.8525 -0.677294 -0.208878 0.229193 0.667169
119.605 63.5309 -615.82 10.8475 -0.677289 -0.210093 0.227862 0.667248
119.708 63.3156 -615.514 10.8426 -0.6778 -0.210021 0.229111 0.666323
119.812 63.1177 -615.23 10.8451 -0.678359 -0.208453 0.231907 0.665278
119.916 62.9321 -614.974 10.8415 -0.677887 -0.207867 0.232391 0.665774
120.019 62.758 -614.744 10.8421 -0.677122 -0.208617 0.2323 0.66635
120.123 62.6042 -614.53 10.836 -0.676777 -0.209555 0.232768 0.666242
120.227 62.4616 -614.331 10.8389 -0.67728 -0.209329 0.233173 0.66566
120.33 62.3264 -614.153 10.8393 -0.677494 -0.209384 0.233061 0.665464
120.434 62.1964 -613.979 10.8331 -0.676144 -0.209079 0.234152 0.66655
120.538 62.0693 -613.811 10.8247 -0.674997 -0.208765 0.234992 0.667514
120.642 61.9449 -613.645 10.8231 -0.674772 -0.208011 0.23523 0.667894
120.745 61.821 -613.479 10.8133 -0.674693 -0.207771 0.235752 0.667863
120.849 61.6942 -613.313 10.8058 -0.674921 -0.207788 0.236072 0.667515
120.953 61.5697 -613.152 10.804 -0.674887 -0.207872 0.235856 0.667599
121.056 61.4476 -612.991 10.798 -0.674615 -0.207929 0.235679 0.667919
121.16 61.3225 -612.83 10.7915 -0.673944 -0.208333 0.235431 0.668558
121.264 61.1981 -612.671 10.785 -0.673728 -0.208719 0.235235 0.668724
121.367 61.0737 -612.507 10.7814 -0.674219 -0.208883 0.235179 0.668197
121.471 60.9568 -612.348 10.7816 -0.674524 -0.208534 0.235631 0.667839
121.575 60.8418 -612.192 10.7875 -0.674686 -0.208129 0.236368 0.667541
121.678 60.7313 -612.044 10.7938 -0.67469 -0.208 0.23653 0.667519
121.782 60.619 -611.901 10.8029 -0.67453 -0.208339 0.236128 0.667719
121.886 60.5064 -611.757 10.8055 -0.674265 -0.20866 0.235988 0.667935
121.99 60.4003 -611.615 10.8125 -0.674417 -0.208645 0.236212 0.667707
122.093 60.2989 -611.476 10.8188 -0.674877 -0.208297 0.236478 0.667256
122.197 60.2013 -611.344 10.8199 -0.675152 -0.208322 0.236453 0.666979
122.301 60.1049 -611.223 10.8178 -0.674947 -0.208678 0.23608 0.667208
122.405 60.0118 -611.109 10.8243 -0.674321 -0.209102 0.235647 0.667861
122.508 59.9238 -610.996 10.8332 -0.673949 -0.209007 0.235881 0.668183
122.612 59.8411 -610.882 10.8392 -0.674023 -0.208214 0.236716 0.66806
122.716 59.7584 -610.766 10.8402 -0.67428 -0.207152 0.237666 0.667794
122.819 59.6713 -610.657 10.8419 -0.674425 -0.20701 0.23756 0.667729
122.923 59.5776 -610.544 10.8356 -0.675011 -0.208364 0.236475 0.667101
123.027 59.4839 -610.434 10.83 -0.67538 -0.209939 0.23497 0.666766
123.131 59.3976 -610.33 10.8337 -0.675002 -0.210552 0.234197 0.667227
123.234 59.3166 -610.229 10.8416 -0.674366 -0.210388 0.234452 0.667832
123.338 59.2363 -610.127 10.8504 -0.673901 -0.209944 0.235014 0.668243
123.441 59.1547 -610.025 10.8567 -0.673829 -0.209762 0.235175 0.668316
123.545 59.07 -609.921 10.858 -0.6737 -0.2099 0.235197 0.668395
123.649 58.9832 -609.811 10.8538 -0.673298 -0.209996 0.235324 0.668726
123.753 58.8905 -609.693 10.8468 -0.672678 -0.20999 0.235531 0.669278
123.856 58.7928 -609.567 10.8453 -0.671625 -0.209774 0.236368 0.670109
123.96 58.6832 -609.427 10.8453 -0.670298 -0.209432 0.23754 0.671128
124.064 58.5568 -609.267 10.8472 -0.669119 -0.209371 0.238731 0.671901
124.167 58.4103 -609.087 10.8514 -0.668073 -0.210313 0.239675 0.672311
124.271 58.245 -608.885 10.8584 -0.666896 -0.211762 0.240966 0.672564
124.375 58.0636 -608.658 10.8627 -0.666161 -0.213045 0.243289 0.67205
124.478 57.8647 -608.408 10.8594 -0.665212 -0.213753 0.24651 0.671592
124.582 57.6432 -608.141 10.851 -0.663544 -0.215327 0.249437 0.671658
124.686 57.3981 -607.855 10.851 -0.662288 -0.21911 0.251439 0.670927
124.789 57.1414 -607.554 10.8573 -0.66116 -0.221311 0.255585 0.66975
124.893 56.8648 -607.226 10.8476 -0.660375 -0.223265 0.260153 0.668115
124.997 56.5717 -606.886 10.8452 -0.660029 -0.226029 0.264123 0.665967
125.101 56.2549 -606.534 10.8476 -0.659885 -0.229705 0.26732 0.663572
125.204 55.9228 -606.175 10.8524 -0.657519 -0.233608 0.270628 0.663217
125.308 55.5711 -605.799 10.8519 -0.655782 -0.236748 0.27426 0.662331
125.411 55.2001 -605.402 10.851 -0.656394 -0.239636 0.277793 0.659206
125.515 54.8158 -604.989 10.8481 -0.656901 -0.241998 0.281622 0.656207
125.619 54.4125 -604.576 10.8491 -0.656324 -0.245282 0.284424 0.654354
125.723 53.9836 -604.157 10.849 -0.65597 -0.249892 0.284467 0.652944
125.826 53.5398 -603.721 10.849 -0.656443 -0.253158 0.284998 0.650976
125.93 53.0868 -603.281 10.8576 -0.655033 -0.256044 0.285479 0.651057
126.034 52.615 -602.824 10.8618 -0.654849 -0.25818 0.284617 0.650776
126.138 52.1298 -602.358 10.8632 -0.654604 -0.260869 0.283028 0.650643
126.242 51.6348 -601.873 10.8637 -0.654286 -0.26149 0.284318 0.650151
126.345 51.1246 -601.378 10.8686 -0.654276 -0.26218 0.284833 0.649657
126.449 50.5989 -600.872 10.8788 -0.654058 -0.261676 0.286061 0.64954
126.553 50.0578 -600.367 10.8905 -0.650749 -0.263928 0.285591 0.652154
126.657 49.5007 -599.85 10.9072 -0.6478 -0.26557 0.284858 0.654739
126.76 48.9408 -599.313 10.9243 -0.645888 -0.264652 0.28694 0.65609
126.864 48.3651 -598.757 10.9456 -0.646382 -0.262988 0.289981 0.654934
126.968 47.7648 -598.2 10.9749 -0.647303 -0.265009 0.288471 0.653876
127.072 47.1539 -597.636 11.0089 -0.647291 -0.2667 0.287597 0.653586
127.175 46.5311 -597.061 11.0402 -0.647661 -0.268449 0.287409 0.652585
127.279 45.9022 -596.478 11.0666 -0.646985 -0.26877 0.288782 0.652516
127.383 45.2482 -595.881 11.0986 -0.647743 -0.269568 0.290017 0.650886
127.487 44.5897 -595.276 11.1229 -0.647785 -0.270519 0.291852 0.649628
127.59 43.9162 -594.671 11.1551 -0.647146 -0.27212 0.293656 0.648782
127.694 43.2366 -594.058 11.1816 -0.64745 -0.273109 0.296439 0.646795
127.798 42.5487 -593.444 11.2169 -0.647752 -0.274262 0.299108 0.644773
127.901 41.8587 -592.834 11.2468 -0.647374 -0.275005 0.301446 0.643746
128.005 41.1661 -592.229 11.2791 -0.646055 -0.276138 0.303006 0.643854
128.109 40.4792 -591.62 11.3111 -0.645102 -0.27607 0.304765 0.644008
128.212 39.7906 -591.019 11.3477 -0.64332 -0.277427 0.304375 0.645391
128.316 39.0973 -590.417 11.387 -0.64248 -0.277278 0.30394 0.646496
128.42 38.4076 -589.812 11.4167 -0.641581 -0.277855 0.302784 0.647682
128.524 37.7199 -589.203 11.4479 -0.641332 -0.278832 0.300301 0.648664
128.628 37.0359 -588.59 11.4753 -0.642319 -0.278384 0.29967 0.648171
128.731 36.3458 -587.971 11.5049 -0.643312 -0.276584 0.300211 0.647707
128.835 35.6501 -587.349 11.5403 -0.644378 -0.275611 0.299471 0.647405
128.939 34.953 -586.727 11.5731 -0.643695 -0.274392 0.298954 0.648839
129.043 34.2594 -586.102 11.606 -0.64357 -0.273211 0.29846 0.649689
129.146 33.5632 -585.471 11.6383 -0.643918 -0.272145 0.297884 0.650055
129.25 32.8691 -584.835 11.6723 -0.644371 -0.27115 0.296897 0.650473
129.354 32.1709 -584.197 11.706 -0.644603 -0.270655 0.295684 0.651002
129.458 31.4726 -583.554 11.7454 -0.644854 -0.26926 0.295294 0.651509
129.561 30.7785 -582.91 11.7797 -0.645079 -0.268287 0.294719 0.651948
129.665 30.0825 -582.261 11.8102 -0.644485 -0.266875 0.294493 0.653215
129.769 29.3826 -581.609 11.843 -0.644802 -0.266693 0.293829 0.653276
129.872 28.6829 -580.956 11.8815 -0.644748 -0.266292 0.293799 0.653507
129.976 27.9771 -580.298 11.9252 -0.645467 -0.267055 0.292912 0.652883
130.08 27.2697 -579.64 11.9684 -0.64508 -0.267096 0.292873 0.653266
130.184 26.5597 -578.982 12.0073 -0.644593 -0.267587 0.292567 0.653683
130.287 25.8473 -578.321 12.043 -0.643696 -0.267878 0.292988 0.654259
130.391 25.1306 -577.656 12.0847 -0.64393 -0.268175 0.293711 0.653582
130.495 24.4121 -576.99 12.1276 -0.644237 -0.268466 0.29443 0.652836
130.598 23.6946 -576.329 12.1716 -0.642711 -0.268739 0.295021 0.65396
130.702 22.9774 -575.67 12.2178 -0.641698 -0.269246 0.295671 0.654453
130.806 22.2618 -575.013 12.2683 -0.640347 -0.26933 0.296989 0.655145
130.909 21.5375 -574.36 12.3219 -0.641239 -0.271544 0.296336 0.653653
131.013 20.8158 -573.711 12.374 -0.641892 -0.272626 0.296879 0.652313
131.117 20.0923 -573.061 12.42 -0.642589 -0.274292 0.29687 0.650931
131.22 19.3769 -572.414 12.4596 -0.642092 -0.273929 0.298373 0.650888
131.324 18.6581 -571.773 12.4979 -0.641476 -0.274573 0.299352 0.650774
131.428 17.942 -571.135 12.5362 -0.640984 -0.274601 0.300669 0.65064
131.531 17.229 -570.502 12.5791 -0.640627 -0.275061 0.301879 0.650236
131.635 16.5213 -569.873 12.6204 -0.639483 -0.274724 0.303362 0.650815
131.739 15.8124 -569.253 12.6664 -0.638347 -0.275541 0.303859 0.651352
131.842 15.1027 -568.635 12.7115 -0.638123 -0.276805 0.303975 0.650982
131.946 14.3928 -568.018 12.7531 -0.638984 -0.278573 0.303451 0.649626
132.05 13.6846 -567.403 12.7953 -0.640551 -0.27983 0.302739 0.647873
132.154 12.9811 -566.796 12.8359 -0.639856 -0.280788 0.301804 0.64858
132.257 12.287 -566.199 12.8819 -0.63831 -0.280602 0.301131 0.650495
132.361 11.5948 -565.597 12.927 -0.637582 -0.279907 0.300816 0.651653
132.465 10.9119 -564.99 12.9675 -0.637992 -0.277537 0.301642 0.651883
132.568 10.2361 -564.381 13.0093 -0.639691 -0.275026 0.302537 0.650867
132.672 9.56887 -563.777 13.0504 -0.640202 -0.273091 0.303227 0.650858
132.776 8.90922 -563.184 13.0992 -0.640549 -0.271869 0.303117 0.651079
132.879 8.25545 -562.594 13.1478 -0.641023 -0.270303 0.303488 0.651092
132.983 7.61088 -562.016 13.198 -0.640673 -0.269978 0.302303 0.652121
133.087 6.97382 -561.448 13.2484 -0.639751 -0.269751 0.300813 0.653808
133.191 6.35951 -560.897 13.2987 -0.636254 -0.268465 0.30048 0.65789
133.294 5.76176 -560.358 13.3548 -0.634334 -0.267303 0.300072 0.660399
133.398 5.17445 -559.83 13.4104 -0.633229 -0.268055 0.298361 0.661928
133.501 4.60728 -559.305 13.4574 -0.634949 -0.267006 0.298479 0.66065
133.605 4.05916 -558.791 13.5026 -0.636849 -0.266336 0.298769 0.658958
133.709 3.53741 -558.301 13.5474 -0.637168 -0.264985 0.299623 0.658807
133.813 3.03159 -557.837 13.5986 -0.636882 -0.264536 0.299633 0.659259
133.916 2.55665 -557.389 13.6487 -0.636032 -0.261502 0.30254 0.659962
134.02 2.099 -556.964 13.6966 -0.634758 -0.26083 0.303616 0.660959
134.124 1.65329 -556.556 13.7455 -0.634984 -0.261151 0.303055 0.660873
134.228 1.2243 -556.166 13.7944 -0.635093 -0.262329 0.30171 0.660918
134.331 0.81692 -555.788 13.8459 -0.635594 -0.262103 0.302694 0.660075
134.435 0.423318 -555.429 13.9031 -0.634862 -0.2622 0.302636 0.660767
134.539 0.0381196 -555.087 13.9531 -0.632629 -0.262303 0.302007 0.663151
134.643 -0.339994 -554.752 14.0016 -0.631347 -0.263411 0.300772 0.664494
134.746 -0.707363 -554.419 14.0438 -0.631545 -0.263655 0.300393 0.66438
134.85 -1.06524 -554.092 14.0901 -0.632252 -0.263812 0.300316 0.66368
134.954 -1.41705 -553.771 14.1314 -0.63343 -0.263861 0.29987 0.662738
135.057 -1.75981 -553.461 14.1721 -0.633041 -0.265168 0.298354 0.663273
135.161 -2.09321 -553.156 14.2064 -0.632934 -0.265397 0.297535 0.66365
135.265 -2.41614 -552.854 14.2397 -0.63301 -0.265115 0.297527 0.663694
135.369 -2.73076 -552.556 14.2707 -0.633598 -0.263414 0.298628 0.663316
135.472 -3.03912 -552.265 14.3004 -0.634087 -0.2624 0.299467 0.662872
135.576 -3.34135 -551.981 14.33 -0.634259 -0.261562 0.300276 0.662673
135.68 -3.63566 -551.708 14.3577 -0.634434 -0.261518 0.300253 0.662532
135.783 -3.91882 -551.446 14.3906 -0.634348 -0.260859 0.300829 0.662614
135.887 -4.19137 -551.192 14.4252 -0.634109 -0.260428 0.301855 0.662545
135.991 -4.45191 -550.948 14.4694 -0.634124 -0.260013 0.302483 0.662408
136.095 -4.70915 -550.715 14.5069 -0.633293 -0.260364 0.302347 0.663126
136.198 -4.95398 -550.491 14.5497 -0.632184 -0.260073 0.303083 0.663963
136.302 -5.18717 -550.27 14.589 -0.631128 -0.258881 0.305075 0.664521
136.406 -5.41146 -550.055 14.6277 -0.630626 -0.257693 0.307298 0.664434
136.509 -5.63437 -549.848 14.656 -0.630429 -0.257982 0.309014 0.663713
136.613 -5.85343 -549.654 14.6834 -0.629201 -0.259381 0.310096 0.663828
136.717 -6.0635 -549.472 14.71 -0.628222 -0.260686 0.310253 0.664171
136.82 -6.26449 -549.302 14.7354 -0.627036 -0.262182 0.310307 0.664678
136.924 -6.45432 -549.141 14.7644 -0.626552 -0.263838 0.310563 0.664359
137.028 -6.62788 -548.991 14.7927 -0.626192 -0.264782 0.311285 0.663985
137.132 -6.78974 -548.846 14.8143 -0.625901 -0.265182 0.312487 0.663535
137.235 -6.94346 -548.71 14.8361 -0.62561 -0.265565 0.313736 0.663066
137.339 -7.09067 -548.582 14.8593 -0.625328 -0.265657 0.31471 0.662833
137.443 -7.22778 -548.467 14.8839 -0.624655 -0.265651 0.31482 0.663418
137.547 -7.35914 -548.36 14.9062 -0.623614 -0.265939 0.314289 0.664533
137.65 -7.47997 -548.258 14.9216 -0.62321 -0.265397 0.314418 0.665068
137.754 -7.59253 -548.16 14.9354 -0.623205 -0.26469 0.314691 0.665225
137.858 -7.70128 -548.07 14.9483 -0.623069 -0.264069 0.314814 0.665541
137.962 -7.80318 -547.987 14.9615 -0.62252 -0.264106 0.315042 0.665932
138.065 -7.89946 -547.909 14.9738 -0.622053 -0.264469 0.315431 0.66604
138.169 -7.98836 -547.835 14.9859 -0.622127 -0.264502 0.315579 0.665888
138.273 -8.07023 -547.769 14.9999 -0.621911 -0.264582 0.315664 0.666017
138.376 -8.14921 -547.708 15.0115 -0.621246 -0.264935 0.315543 0.666555
138.48 -8.2245 -547.651 15.0243 -0.620594 -0.265614 0.315131 0.667087
138.584 -8.29372 -547.593 15.0334 -0.620382 -0.26581 0.315235 0.667156
138.687 -8.35571 -547.535 15.0424 -0.620506 -0.265537 0.315802 0.666882
138.791 -8.41401 -547.485 15.0513 -0.620476 -0.265382 0.316207 0.66678
138.895 -8.46881 -547.439 15.058 -0.620093 -0.26575 0.316198 0.666994
138.999 -8.51978 -547.392 15.0584 -0.619697 -0.265969 0.316209 0.66727
139.102 -8.5666 -547.351 15.0647 -0.61943 -0.266013 0.31641 0.667404
139.206 -8.60927 -547.312 15.0754 -0.619423 -0.265881 0.316787 0.667284
139.31 -8.65092 -547.276 15.0836 -0.619352 -0.26581 0.317042 0.667257
139.413 -8.69068 -547.243 15.0915 -0.619181 -0.26572 0.31735 0.667306
139.517 -8.72703 -547.213 15.0972 -0.618996 -0.265803 0.317429 0.667406
139.621 -8.75997 -547.185 15.1042 -0.618834 -0.265822 0.317593 0.667471
139.724 -8.78895 -547.16 15.1105 -0.618688 -0.265768 0.31782 0.66752
139.828 -8.81612 -547.138 15.1179 -0.618635 -0.265725 0.317972 0.667514
139.932 -8.84031 -547.12 15.1242 -0.618552 -0.265788 0.317997 0.667553
140.036 -8.86112 -547.104 15.1305 -0.618465 -0.265838 0.318011 0.667608
140.139 -8.8782 -547.093 15.1344 -0.618271 -0.265972 0.317977 0.66775
140.243 -8.8925 -547.084 15.1371 -0.618161 -0.266079 0.317966 0.667815
140.347 -8.9047 -547.076 15.1396 -0.618093 -0.266123 0.317961 0.667863
140.45 -8.915 -547.07 15.1385 -0.618008 -0.26605 0.318023 0.667941
140.554 -8.92501 -547.063 15.1361 -0.617802 -0.266019 0.318118 0.668098
140.658 -8.93505 -547.056 15.1339 -0.617492 -0.26599 0.318252 0.668333
140.761 -8.94821 -547.04 15.1263 -0.617213 -0.265908 0.318363 0.66857
140.865 -8.96222 -547.025 15.12 -0.617061 -0.265878 0.318457 0.668678
140.969 -8.98074 -547.001 15.1095 -0.616989 -0.265849 0.318514 0.668728
141.072 -9.00235 -546.977 15.1025 -0.617057 -0.265936 0.3185 0.668638
141.176 -9.02531 -546.952 15.0971 -0.617064 -0.26603 0.318546 0.668572
141.28 -9.04907 -546.929 15.0958 -0.617163 -0.265975 0.318519 0.668515
141.383 -9.07505 -546.906 15.0961 -0.617209 -0.266098 0.318366 0.668497
141.487 -9.10493 -546.881 15.0967 -0.617169 -0.266111 0.318436 0.668495
141.591 -9.138 -546.853 15.0981 -0.617233 -0.266168 0.318385 0.668437
141.695 -9.1754 -546.823 15.1 -0.617363 -0.266161 0.318257 0.668382
141.798 -9.21574 -546.792 15.1035 -0.61747 -0.266283 0.318098 0.66831
141.902 -9.26073 -546.756 15.1118 -0.617393 -0.266483 0.317988 0.668354
142.006 -9.30775 -546.718 15.1197 -0.617336 -0.266597 0.317896 0.668404
142.109 -9.35943 -546.674 15.131 -0.617249 -0.266661 0.31799 0.668414
142.213 -9.41305 -546.627 15.1422 -0.617224 -0.266611 0.318247 0.668335
142.317 -9.47136 -546.578 15.1564 -0.61732 -0.266475 0.318383 0.668236
142.421 -9.53299 -546.526 15.171 -0.617338 -0.26625 0.318494 0.668257
142.524 -9.59882 -546.47 15.1883 -0.617303 -0.266179 0.318582 0.668275
142.628 -9.66737 -546.411 15.2047 -0.617228 -0.266302 0.318613 0.66828
142.732 -9.73853 -546.35 15.2212 -0.61731 -0.266275 0.318729 0.66816
142.835 -9.81626 -546.287 15.2398 -0.617436 -0.266436 0.318547 0.668066
142.939 -9.8961 -546.222 15.2556 -0.617482 -0.266811 0.318272 0.668005
143.043 -9.97697 -546.157 15.2759 -0.617482 -0.267028 0.318022 0.668037
143.146 -10.0578 -546.088 15.2909 -0.617275 -0.266896 0.318227 0.668183
143.25 -10.1418 -546.014 15.3081 -0.617351 -0.266441 0.318661 0.668088
143.354 -10.2276 -545.939 15.3262 -0.617432 -0.266051 0.318805 0.668101
143.457 -10.3136 -545.862 15.3465 -0.617586 -0.265895 0.319085 0.667886
143.561 -10.3983 -545.783 15.3645 -0.618028 -0.265089 0.320071 0.667326
143.665 -10.4825 -545.706 15.3855 -0.618762 -0.264249 0.320643 0.666704
143.768 -10.566 -545.635 15.4094 -0.619065 -0.264398 0.320513 0.666426
143.872 -10.6467 -545.57 15.4309 -0.619045 -0.264864 0.320202 0.66641
143.976 -10.7245 -545.507 15.4511 -0.618932 -0.264842 0.320019 0.666611
144.08 -10.798 -545.445 15.466 -0.61896 -0.264837 0.320169 0.666514
144.183 -10.8685 -545.388 15.4837 -0.618996 -0.265154 0.320353 0.666267
144.287 -10.9335 -545.334 15.4995 -0.619197 -0.265348 0.320485 0.665939
144.391 -10.9949 -545.286 15.5183 -0.61945 -0.265775 0.320277 0.665633
