0.311874 0.115723 -0.00244141 0 0 0 -0.0107159 0.999943
0.415872 0.339355 -0.0324097 0 0 0 -0.0294349 0.999567
0.519999 0.516724 -0.125488 0 0 0 -0.0491106 0.998793
0.62412 0.784912 -0.21344 0 0 0 -0.0709763 0.997478
0.728246 0.996338 -0.30011 0 0 0 -0.0931559 0.995652
0.832496 1.19702 -0.349609 0 0 0 -0.117027 0.993129
0.936622 1.4212 -0.426941 0 0 0 -0.141075 0.989999
1.04077 1.53687 -0.471191 0 0 0 -0.165889 0.986144
1.14487 1.73157 -0.539978 0 0 0 -0.192984 0.981202
1.249 2.10748 -0.785828 0 0 0 -0.218995 0.975726
1.35315 2.32263 -1.03552 0 0 0 -0.249498 0.968375
1.45712 2.47205 -1.11029 0 0 0 -0.277195 0.960814
1.56112 2.73059 -1.34967 0 0 0 -0.30723 0.951635
1.66513 2.97119 -1.61969 0 0 0 -0.33282 0.94299
1.769 3.19513 -1.87567 0 0 0 -0.363009 0.931786
1.87287 3.43158 -2.1889 0 0 0 -0.388752 0.921342
1.97677 3.69507 -2.48804 0 0 0 -0.413516 0.910497
2.0805 3.93994 -2.90234 0 0 0 -0.437222 0.899354
2.18412 4.16199 -3.19104 0 0 0 -0.459768 0.888039
2.28789 4.39313 -3.62408 0 0 0 -0.478151 0.878278
2.3915 4.61139 -4.08887 0 0 0 -0.496652 0.86795
2.49513 4.79828 -4.46698 0 0 0 -0.515932 0.856629
2.59875 5.07672 -5.04852 0 0 0 -0.532255 0.846584
2.70227 5.17365 -5.50275 0 0 0 -0.543936 0.839127
2.80587 5.42767 -5.98615 0 0 0 -0.556224 0.831032
2.90937 5.57312 -6.53979 0 0 0 -0.56548 0.824762
3.01288 5.84442 -7.18341 0 0 0 -0.57229 0.820051
3.1165 6.09186 -7.79889 0 0 0 -0.5786 0.815612
3.22012 6.31873 -8.44733 0 0 0 -0.583205 0.812325
3.32375 6.53815 -9.09979 0 0 0 -0.58762 0.809137
3.42737 6.70435 -9.76105 0 0 0 -0.592281 0.805732
3.531 6.95026 -10.4541 0 0 0 -0.595574 0.803301
3.63476 7.08099 -11.1758 0 0 0 -0.599305 0.800521
3.73839 7.30969 -11.8891 0 0 0 -0.604872 0.796322
3.84214 7.55121 -12.7833 0 0 0 -0.609808 0.792549
3.94577 7.77484 -13.6671 0 0 0 -0.615079 0.788465
4.0495 7.98358 -14.4999 0 0 0 -0.620043 0.784568
4.15325 8.14252 -15.2886 0 0 0 -0.621483 0.783428
4.257 8.25812 -16.1152 0 0 0 -0.625481 0.78024
4.36075 8.43268 -16.9308 0 0 0 -0.636899 0.770947
4.46454 8.56616 -17.6517 0 0 0 -0.641629 0.767015
4.5684 8.71906 -18.3896 0 0 0 -0.650704 0.759331
4.67227 8.8573 -19.2335 0 0 0 -0.661238 0.750176
4.77613 8.90234 -20.108 0 0 0 -0.672794 0.73983
4.88013 8.93811 -20.9578 0 0 0 -0.686106 0.727502
4.98415 8.95093 -21.7719 0 0 0 -0.699095 0.715029
5.08813 8.89618 -22.5681 0 0 0 -0.71263 0.70154
5.19202 8.84668 -23.3552 0 0 0 -0.721122 0.692808
5.29588 8.73169 -24.1928 0 0 0 -0.734231 0.6789
5.39975 8.57294 -24.9459 0 0 0 -0.745284 0.666747
5.50363 8.48956 -25.8008 0 0 0 -0.754259 0.656577
5.6074 8.30084 -26.65 0 0 0 -0.767536 0.641005
5.71125 8.15796 -27.4057 0 0 0 -0.775369 0.631509
5.815 7.95624 -28.3254 0 0 0 -0.787589 0.616201
5.91875 7.68213 -29.1603 0 0 0 -0.796492 0.604649
6.02238 7.38513 -29.9351 0 0 0 -0.804047 0.594566
6.12613 7.05261 -30.7241 0 0 0 -0.811465 0.584402
6.22977 6.80292 -31.4989 0 0 0 -0.818116 0.575054
6.3335 6.61658 -32.2959 0 0 0 -0.824912 0.565261
6.43713 6.33954 -33.0835 0 0 0 -0.832084 0.55465
6.54088 5.92523 -33.7709 0 0 0 -0.839227 0.543781
6.64451 5.5094 -34.4746 0 0 0 -0.847668 0.530527
6.74825 5.1582 -35.2044 0 0 0 -0.852743 0.522331
6.85188 4.72125 -35.9333 0 0 0 -0.855898 0.517145
6.9555 4.33331 -36.6157 0 0 0 -0.859544 0.511061
7.059 3.89612 -37.3479 0 0 0 -0.8647 0.502289
7.16275 3.54175 -38.0399 0 0 0 -0.865472 0.500958
7.26638 3.11212 -38.7353 0 0 0 0.868594 -0.495525
7.37013 2.73615 -39.3612 0 0 0 0.872965 -0.487782
7.47375 2.19086 -40.0718 0 0 0 0.873299 -0.487185
7.5774 1.79333 -40.7643 0 0 0 0.874597 -0.484851
7.681 1.42035 -41.4323 0 0 0 0.874542 -0.484949
7.78466 0.852112 -42.1714 0 0 0 0.874115 -0.48572
7.88828 0.395569 -42.8583 0 0 0 0.872538 -0.488546
7.99188 -0.0369263 -43.583 0 0 0 0.871646 -0.490135
8.09563 -0.497803 -44.3687 0 0 0 0.869536 -0.49387
8.19939 -0.980957 -45.1653 0 0 0 0.867304 -0.497779
8.30313 -1.4397 -45.982 0 0 0 -0.864799 0.502118
8.40701 -1.89703 -46.822 0 0 0 -0.864866 0.502003
8.51075 -2.34943 -47.6934 0 0 0 -0.863825 0.503792
8.61463 -2.86823 -48.4883 0 0 0 -0.865076 0.501641
8.71838 -3.37311 -49.3391 0 0 0 -0.86559 0.500753
8.82213 -3.89044 -50.2117 0 0 0 -0.865601 0.500733
8.92588 -4.40393 -51.0975 0 0 0 -0.865961 0.500112
9.02963 -5.01447 -51.9396 0 0 0 -0.865966 0.500102
9.1335 -5.49921 -52.883 0 0 0 -0.865765 0.500451
9.23728 -6.04663 -53.7253 0 0 0 0.86635 -0.499437
9.34101 -6.50208 -54.6422 0 0 0 -0.865836 0.500327
9.44475 -7.04083 -55.5353 0 0 0 0.866093 -0.499883
9.54851 -7.61877 -56.4057 0 0 0 -0.865046 0.501692
9.65215 -8.16437 -57.3146 0 0 0 -0.864122 0.503283
9.75588 -8.62164 -58.0956 0 0 0 -0.864713 0.502267
9.85963 -9.11023 -59.0562 0 0 0 -0.864434 0.502746
9.96351 -9.65472 -59.9347 0 0 0 -0.863071 0.505082
10.0673 -10.1086 -60.7661 0 0 0 -0.863846 0.503756
10.1711 -10.6233 -61.6372 0 0 0 -0.864874 0.501989
10.275 -11.077 -62.4493 0 0 0 0.866191 -0.499714
10.3789 -11.6217 -63.3826 0 0 0 0.86773 -0.497036
10.4828 -12.1535 -64.2877 0 0 0 0.867709 -0.497072
10.5865 -12.6581 -65.1162 0 0 0 0.870141 -0.492803
10.6904 -13.1469 -65.9089 0 0 0 0.871813 -0.489838
10.7941 -13.7184 -66.6879 0 0 0 0.873238 -0.487294
10.898 -14.2608 -67.5646 0 0 0 0.874642 -0.48477
11.0017 -14.7488 -68.3332 0 0 0 0.876586 -0.481245
11.1054 -15.2732 -69.2061 0 0 0 0.876778 -0.480896
11.2091 -15.8907 -69.9868 0 0 0 0.876996 -0.480498
11.3129 -16.4226 -70.9327 0 0 0 0.875969 -0.482368
11.4166 -16.9131 -71.7658 0 0 0 0.877209 -0.48011
11.5204 -17.4368 -72.5679 0 0 0 0.878248 -0.478205
11.624 -17.9488 -73.2942 0 0 0 0.878502 -0.477739
11.7278 -18.4863 -74.0526 0 0 0 0.879623 -0.475672
11.8315 -19.0187 -74.8242 0 0 0 0.880256 -0.4745
11.9353 -19.5734 -75.6223 0 0 0 0.88026 -0.474492
12.0389 -20.0692 -76.3873 0 0 0 0.880111 -0.474768
12.1426 -20.5757 -77.222 0 0 0 0.879558 -0.475791
12.2464 -21.1072 -77.9958 0 0 0 0.880062 -0.474858
12.3502 -21.6188 -78.7598 0 0 0 0.879325 -0.476222
12.4539 -22.0995 -79.5215 0 0 0 0.878585 -0.477587
12.5576 -22.6492 -80.3013 0 0 0 0.878542 -0.477665
12.6614 -23.1611 -81.092 0 0 0 0.877084 -0.480338
12.765 -23.6694 -81.838 0 0 0 0.874651 -0.484753
12.8688 -24.1435 -82.6435 0 0 0 0.872502 -0.48861
12.9724 -24.5965 -83.3817 0 0 0 0.869963 -0.493117
13.0762 -25.091 -84.1793 0 0 0 -0.865697 0.500569
13.1799 -25.5491 -84.9594 0 0 0 -0.862209 0.506552
13.2837 -25.9851 -85.7461 0 0 0 -0.859453 0.511214
13.3874 -26.4808 -86.6749 0 0 0 -0.855227 0.518254
13.4911 -26.9078 -87.4068 0 0 0 -0.849731 0.527216
13.5949 -27.2759 -88.2157 0 0 0 -0.848969 0.528443
13.6988 -27.6901 -89.0535 0 0 0 -0.844611 0.535381
13.8025 -28.0281 -89.8578 0 0 0 -0.84225 0.539087
13.9063 -28.4089 -90.695 0 0 0 -0.838901 0.544284
14.01 -28.7773 -91.535 0 0 0 -0.834477 0.551042
14.1138 -29.1337 -92.3605 0 0 0 -0.832427 0.554134
14.2176 -29.4329 -93.1688 0 0 0 -0.83068 0.55675
14.3215 -29.7657 -94.0352 0 0 0 -0.828132 0.560533
14.4254 -30.1111 -94.8638 0 0 0 -0.826698 0.562646
14.5293 -30.4188 -95.7167 0 0 0 -0.826501 0.562935
14.6331 -30.7694 -96.5824 0 0 0 -0.824983 0.565158
14.7369 -31.0772 -97.3647 0 0 0 -0.824331 0.566108
14.8408 -31.4462 -98.2525 0 0 0 -0.821777 0.569809
14.9445 -31.7244 -99.0532 0 0 0 -0.821343 0.570434
15.0483 -32.0126 -99.9425 0 0 0 -0.82103 0.570885
15.152 -32.3226 -100.751 0 0 0 -0.817886 0.57538
15.2558 -32.6439 -101.675 0 0 0 -0.815584 0.578639
15.3595 -32.9611 -102.589 0 0 0 -0.813299 0.581846
15.4633 -33.2202 -103.423 0 0 0 -0.81114 0.584851
15.5671 -33.513 -104.272 0 0 0 -0.810257 0.586074
15.6709 -33.7648 -105.091 0 0 0 -0.807576 0.589764
15.7746 -34.0421 -105.924 0 0 0 -0.806034 0.591869
15.8784 -34.2941 -106.748 0 0 0 -0.803459 0.59536
15.9822 -34.5452 -107.566 0 0 0 -0.802712 0.596367
16.0861 -34.796 -108.44 0 0 0 -0.800012 0.599985
16.1898 -35.0678 -109.275 0 0 0 -0.796761 0.604295
16.2935 -35.3575 -110.194 0 0 0 -0.792424 0.609971
16.3973 -35.5528 -110.988 0 0 0 -0.792777 0.609512
16.501 -35.7817 -111.865 0 0 0 -0.790098 0.61298
16.6048 -35.9886 -112.716 0 0 0 -0.786307 0.617837
16.7086 -36.2356 -113.637 0 0 0 -0.784223 0.620479
16.8124 -36.4249 -114.462 0 0 0 -0.784888 0.619638
16.9162 -36.6209 -115.343 0 0 0 -0.782559 0.622576
17.02 -36.8545 -116.238 0 0 0 -0.782303 0.622898
17.1238 -37.0912 -117.08 0 0 0 -0.780367 0.625322
17.2275 -37.2847 -118.001 0 0 0 -0.776904 0.629619
17.3314 -37.4524 -118.82 0 0 0 -0.777273 0.629164
17.4351 -37.6625 -119.717 0 0 0 -0.775826 0.630946
17.539 -37.8436 -120.59 0 0 0 -0.774606 0.632444
17.6429 -38.0266 -121.457 0 0 0 -0.773915 0.633289
17.7466 -38.2265 -122.315 0 0 0 -0.77361 0.633661
17.8505 -38.3719 -123.198 0 0 0 -0.773571 0.63371
17.9543 -38.5669 -124.087 0 0 0 -0.772756 0.634704
18.0581 -38.7526 -124.905 0 0 0 -0.772312 0.635244
18.1619 -38.9111 -125.779 0 0 0 -0.772889 0.634542
18.2658 -39.0743 -126.641 0 0 0 -0.773186 0.63418
18.3696 -39.2545 -127.505 0 0 0 -0.772183 0.6354
18.4734 -39.4158 -128.345 0 0 0 -0.772465 0.635058
18.5772 -39.5486 -129.155 0 0 0 -0.77231 0.635246
18.681 -39.7082 -129.965 0 0 0 -0.772182 0.635401
18.7849 -39.8677 -130.777 0 0 0 -0.770867 0.636996
18.8885 -39.9821 -131.523 0 0 0 -0.77118 0.636617
18.9924 -40.1435 -132.359 0 0 0 -0.771931 0.635706
19.096 -40.3242 -133.17 0 0 0 -0.77233 0.635222
19.1999 -40.4964 -134.048 0 0 0 -0.770847 0.63702
19.3035 -40.6428 -134.87 0 0 0 -0.769402 0.638764
19.4074 -40.7946 -135.633 0 0 0 -0.768532 0.639811
19.5112 -40.9542 -136.419 0 0 0 -0.767791 0.640701
19.6148 -41.0695 -137.191 0 0 0 -0.766968 0.641686
19.7184 -41.2202 -137.99 0 0 0 -0.765405 0.643549
19.8221 -41.3296 -138.809 0 0 0 -0.763044 0.646346
19.9257 -41.4559 -139.597 0 0 0 -0.758579 0.651581
20.0294 -41.5106 -140.063 0 0 0 -0.756077 0.654482
20.1329 -41.4471 -139.684 0 0 0 -0.756902 0.653528
20.2366 -41.4225 -139.667 0 0 0 -0.755742 0.65487
20.3404 -41.5413 -140.357 0 0 0 -0.751931 0.659242
20.444 -41.6732 -141.061 0 0 0 -0.749706 0.661771
20.5478 -41.8054 -142.054 0 0 0 -0.746895 0.664942
20.6515 -41.9039 -142.654 0 0 0 -0.740894 0.671622
20.7553 -41.9772 -143.388 0 0 0 -0.735051 0.678012
20.8591 -41.9839 -144.097 0 0 0 -0.734259 0.678869
20.9629 -42.1677 -144.971 0 0 0 -0.725138 0.688603
21.0668 -42.2394 -145.887 0 0 0 -0.721477 0.692438
21.1706 -42.275 -146.695 0 0 0 -0.720174 0.693794
21.2745 -42.2822 -147.089 0 0 0 -0.720534 0.693419
21.3785 -42.3035 -147.449 0 0 0 -0.718594 0.69543
21.4825 -42.2865 -147.357 0 0 0 -0.720608 0.693343
21.5864 -42.3376 -147.717 0 0 0 -0.719978 0.693997
21.6904 -42.3317 -147.172 0 0 0 -0.725586 0.688132
21.7943 -42.2711 -146.637 0 0 0 -0.731746 0.681577
21.8983 -42.3555 -147.563 0 0 0 -0.731854 0.681462
22.0021 -42.4177 -148.304 0 0 0 -0.733475 0.679716
22.1061 -42.4476 -149.039 0 0 0 -0.738087 0.674706
22.2101 -42.5415 -149.894 0 0 0 -0.739078 0.67362
22.3139 -42.5912 -150.768 0 0 0 -0.740274 0.672305
22.4178 -42.6483 -151.507 0 0 0 -0.741677 0.670757
22.5215 -42.7142 -152.32 0 0 0 -0.744069 0.668103
22.6254 -42.8013 -153.026 0 0 0 -0.744832 0.667252
22.7292 -42.8622 -153.539 0 0 0 -0.746766 0.665087
22.8329 -42.977 -154.422 0 0 0 -0.74754 0.664216
22.9365 -43.0466 -154.965 0 0 0 -0.747819 0.663903
23.0401 -43.1415 -155.682 0 0 0 -0.745101 0.666952
23.1438 -43.2425 -156.391 0 0 0 -0.744328 0.667814
23.2474 -43.312 -157.072 0 0 0 -0.739935 0.672679
23.351 -43.3707 -157.7 0 0 0 -0.736928 0.675971
23.4547 -43.4108 -158.4 0 0 0 -0.731753 0.68157
23.5583 -43.4225 -159.159 0 0 0 -0.724757 0.689005
23.662 -43.451 -159.785 0 0 0 -0.718335 0.695697
23.7656 -43.4555 -160.426 0 0 0 -0.713358 0.7008
23.8694 -43.4773 -161.115 0 0 0 -0.707351 0.706863
23.973 -43.4722 -161.829 0 0 0 -0.700126 0.71402
24.0768 -43.4639 -162.446 0 0 0 -0.693635 0.720327
24.1805 -43.4357 -163.057 0 0 0 -0.687688 0.726007
24.2842 -43.4055 -163.669 0 0 0 -0.680058 0.733158
24.3879 -43.3687 -164.277 0 0 0 -0.674134 0.738609
24.4916 -43.3137 -164.891 0 0 0 -0.669784 0.742556
24.5954 -43.2258 -165.598 0 0 0 -0.663892 0.747829
24.6993 -43.1383 -166.24 0 0 0 -0.660781 0.750579
24.8031 -43.0627 -166.804 0 0 0 -0.656557 0.754276
24.9068 -42.9534 -167.445 0 0 0 -0.652826 0.757508
25.0105 -42.8786 -167.919 0 0 0 -0.649344 0.760495
25.1143 -42.7908 -168.442 0 0 0 -0.647005 0.762486
25.218 -42.6497 -169.1 0 0 0 -0.642384 0.766383
25.3218 -42.5431 -169.782 0 0 0 -0.640372 0.768065
25.4255 -42.4354 -170.449 0 0 0 -0.636573 0.771217
25.5294 -42.3019 -171.097 0 0 0 -0.634727 0.772736
25.6332 -42.1881 -171.669 0 0 0 -0.635989 0.771699
25.737 -42.0673 -172.237 0 0 0 -0.634567 0.772868
25.8408 -41.938 -172.906 0 0 0 -0.634193 0.773175
25.9445 -41.8336 -173.523 0 0 0 -0.633792 0.773503
26.0481 -41.7239 -174.133 0 0 0 -0.632829 0.774292
26.1519 -41.5997 -174.788 0 0 0 -0.63138 0.775474
26.2555 -41.4584 -175.399 0 0 0 -0.628818 0.777552
26.3591 -41.3658 -176.01 0 0 0 -0.627397 0.7787
26.4628 -41.2205 -176.697 0 0 0 -0.624588 0.780954
26.5666 -41.0599 -177.321 0 0 0 -0.620589 0.784136
26.6703 -40.9002 -177.948 0 0 0 -0.615335 0.788265
26.7739 -40.7402 -178.541 0 0 0 -0.609555 0.792744
26.8777 -40.545 -179.176 0 0 0 -0.604731 0.79643
26.9813 -40.3307 -179.833 0 0 0 -0.600802 0.799398
27.085 -40.1467 -180.493 0 0 0 -0.59522 0.803563
27.1888 -39.9619 -181.117 0 0 0 -0.590618 0.806951
27.2925 -39.7397 -181.767 0 0 0 -0.58605 0.810275
27.3963 -39.5383 -182.384 0 0 0 -0.581618 0.813462
27.5 -39.2952 -183.045 0 0 0 -0.578572 0.815632
27.6039 -39.0813 -183.703 0 0 0 -0.576742 0.816927
27.7078 -38.8494 -184.407 0 0 0 -0.576105 0.817376
27.8116 -38.6006 -185.068 0 0 0 -0.575691 0.817667
27.9155 -38.3727 -185.725 0 0 0 -0.576106 0.817375
28.0194 -38.1279 -186.444 0 0 0 -0.576584 0.817038
28.1233 -37.8826 -187.128 0 0 0 -0.576022 0.817434
28.2271 -37.6434 -187.81 0 0 0 -0.57639 0.817175
28.3309 -37.3959 -188.531 0 0 0 -0.578024 0.81602
28.4348 -37.1437 -189.236 0 0 0 -0.57745 0.816426
28.5387 -36.9088 -189.906 0 0 0 -0.577679 0.816264
28.6424 -36.6677 -190.624 0 0 0 -0.577454 0.816424
28.7461 -36.4123 -191.323 0 0 0 -0.578376 0.815771
28.8499 -36.1613 -192.006 0 0 0 -0.57817 0.815916
28.9538 -35.9175 -192.779 0 0 0 -0.57845 0.815718
29.0575 -35.6708 -193.509 0 0 0 -0.579674 0.814848
29.1613 -35.4401 -194.208 0 0 0 -0.580439 0.814304
29.2649 -35.2084 -194.964 0 0 0 -0.581389 0.813626
29.3687 -34.9575 -195.668 0 0 0 -0.583272 0.812277
29.4725 -34.7029 -196.338 0 0 0 -0.583858 0.811856
29.5763 -34.5371 -197 0 0 0 -0.586608 0.809871
29.6802 -34.3198 -197.681 0 0 0 -0.591935 0.805986
29.7839 -34.1823 -198.457 0 0 0 -0.595697 0.803209
29.8878 -33.9723 -199.185 0 0 0 -0.600077 0.799942
29.9917 -33.7276 -199.874 0 0 0 -0.604724 0.796435
30.0955 -33.5698 -200.58 0 0 0 -0.61029 0.792178
30.1993 -33.331 -201.341 0 0 0 -0.613952 0.789343
30.303 -33.2235 -201.964 0 0 0 -0.617692 0.78642
30.4068 -33.0528 -202.685 0 0 0 -0.619355 0.785111
30.5104 -32.8672 -203.433 0 0 0 -0.618643 0.785672
30.614 -32.7272 -204.13 0 0 0 -0.619977 0.78462
30.7178 -32.5483 -204.856 0 0 0 -0.620087 0.784533
30.8214 -32.3605 -205.597 0 0 0 -0.621495 0.783418
30.9252 -32.1766 -206.35 0 0 0 -0.620502 0.784205
31.0288 -32.0364 -207.084 0 0 0 -0.619208 0.785227
31.1325 -31.8699 -207.828 0 0 0 -0.61844 0.785832
31.2363 -31.7122 -208.59 0 0 0 -0.618344 0.785907
31.34 -31.5417 -209.362 0 0 0 -0.617311 0.786719
31.4436 -31.3407 -210.079 0 0 0 -0.615809 0.787896
31.5474 -31.1151 -210.817 0 0 0 -0.611015 0.791619
31.651 -30.8875 -211.661 0 0 0 -0.610213 0.792237
31.7548 -30.7178 -212.381 0 0 0 -0.607798 0.794092
31.8585 -30.5341 -213.069 0 0 0 -0.607276 0.794491
31.9623 -30.3021 -213.868 0 0 0 -0.607719 0.794152
32.066 -30.0966 -214.641 0 0 0 -0.6052 0.796074
32.1697 -29.8981 -215.355 0 0 0 -0.605535 0.795819
32.2734 -29.6915 -216.169 0 0 0 -0.600451 0.799662
32.3772 -29.4868 -216.893 0 0 0 -0.601537 0.798845
32.4809 -29.2834 -217.643 0 0 0 -0.599839 0.800121
32.5845 -29.0666 -218.436 0 0 0 -0.598498 0.801124
32.6883 -28.8817 -219.214 0 0 0 -0.598397 0.8012
32.7919 -28.658 -219.935 0 0 0 -0.597913 0.801561
32.8957 -28.377 -220.746 0 0 0 -0.591769 0.806107
32.9994 -28.1337 -221.474 0 0 0 -0.590314 0.807174
33.1032 -27.8417 -222.242 0 0 0 -0.586449 0.809986
33.2068 -27.6204 -223.004 0 0 0 -0.585608 0.810595
33.3105 -27.3694 -223.777 0 0 0 -0.583404 0.812182
33.4143 -27.1089 -224.446 0 0 0 -0.584253 0.811571
33.5182 -26.9074 -225.177 0 0 0 -0.581773 0.813351
33.6218 -26.6779 -225.925 0 0 0 -0.578345 0.815793
33.7255 -26.3882 -226.727 0 0 0 -0.579224 0.815169
33.8293 -26.137 -227.455 0 0 0 -0.580519 0.814247
33.933 -25.8505 -228.223 0 0 0 -0.578811 0.815462
34.0367 -25.6404 -228.907 0 0 0 -0.576377 0.817184
34.1404 -25.3543 -229.695 0 0 0 -0.573376 0.819292
34.244 -25.0727 -230.462 0 0 0 -0.571349 0.820707
34.3478 -24.8568 -231.093 0 0 0 -0.567373 0.823461
34.4515 -24.5726 -231.862 0 0 0 -0.567404 0.823439
34.5552 -24.3003 -232.55 0 0 0 -0.563719 0.825967
34.6589 -23.989 -233.32 0 0 0 -0.562816 0.826582
34.7625 -23.6861 -234.076 0 0 0 -0.561445 0.827514
34.8663 -23.3858 -234.836 0 0 0 -0.562834 0.82657
34.97 -23.0746 -235.615 0 0 0 -0.561255 0.827643
35.0739 -22.7803 -236.381 0 0 0 -0.560423 0.828207
35.1776 -22.4767 -237.13 0 0 0 -0.561598 0.827411
35.2813 -22.1589 -237.904 0 0 0 -0.559623 0.828747
35.3851 -21.8716 -238.624 0 0 0 -0.559127 0.829082
35.4887 -21.6091 -239.358 0 0 0 -0.560445 0.828192
35.5924 -21.2946 -240.099 0 0 0 -0.558238 0.829681
35.6962 -20.9698 -240.874 0 0 0 -0.557395 0.830248
35.7998 -20.663 -241.659 0 0 0 -0.556565 0.830804
35.9035 -20.3574 -242.398 0 0 0 -0.558295 0.829643
36.0072 -20.0943 -243.141 0 0 0 -0.557007 0.830508
36.1109 -19.7189 -243.968 0 0 0 -0.555123 0.831768
36.2145 -19.4025 -244.739 0 0 0 -0.555117 0.831772
36.3183 -19.0988 -245.459 0 0 0 -0.556693 0.830718
36.422 -18.8096 -246.21 0 0 0 -0.555272 0.831669
36.5258 -18.532 -246.938 0 0 0 -0.553821 0.832636
36.6295 -18.225 -247.682 0 0 0 -0.554236 0.83236
36.7333 -17.8855 -248.436 0 0 0 -0.553247 0.833017
36.837 -17.5898 -249.208 0 0 0 -0.550143 0.835071
36.9408 -17.2866 -249.911 0 0 0 -0.550505 0.834832
37.0445 -16.9494 -250.725 0 0 0 -0.548612 0.836077
37.1483 -16.6286 -251.436 0 0 0 -0.547088 0.837075
37.252 -16.3192 -252.219 0 0 0 -0.544466 0.838783
37.3557 -15.9852 -252.956 0 0 0 -0.540994 0.841027
37.4594 -15.6491 -253.718 0 0 0 -0.537175 0.843471
37.563 -15.299 -254.427 0 0 0 -0.53299 0.846122
37.6667 -14.9673 -255.207 0 0 0 -0.526235 0.850339
37.7703 -14.5969 -255.91 0 0 0 -0.519013 0.854766
37.874 -14.1925 -256.653 0 0 0 -0.511842 0.85908
37.9778 -13.788 -257.421 0 0 0 -0.506172 0.862433
38.0815 -13.3325 -258.176 0 0 0 -0.497237 0.867615
38.1853 -12.9026 -258.802 0 0 0 -0.495278 0.868735
38.2892 -12.4568 -259.52 0 0 0 -0.493864 0.869539
38.3932 -12.0764 -260.263 0 0 0 -0.491983 0.870605
38.4972 -11.548 -260.952 0 0 0 -0.497319 0.867568
38.6012 -11.0338 -261.671 0 0 0 -0.500013 0.866018
38.7052 -10.6339 -262.394 0 0 0 -0.506175 0.862431
38.8093 -10.4388 -263.091 0 0 0 -0.509338 0.860566
38.9133 -10.0757 -263.81 0 0 0 -0.5139 0.85785
39.0172 -9.66345 -264.538 0 0 0 -0.518432 0.855119
39.1212 -9.3266 -265.304 0 0 0 -0.522808 0.852451
39.225 -8.9682 -266.032 0 0 0 -0.526866 0.849948
39.3289 -8.60498 -266.745 0 0 0 -0.530769 0.847516
39.4327 -8.24719 -267.526 0 0 0 -0.534443 0.845205
39.5364 -7.90442 -268.253 0 0 0 -0.538023 0.84293
39.6402 -7.59204 -268.992 0 0 0 -0.540604 0.841277
39.7438 -7.27631 -269.764 0 0 0 -0.543002 0.839731
39.8476 -6.95953 -270.475 0 0 0 -0.544221 0.838942
39.9513 -6.59009 -271.23 0 0 0 -0.546606 0.83739
40.055 -6.23309 -272.004 0 0 0 -0.548173 0.836365
40.1587 -5.90387 -272.749 0 0 0 -0.548768 0.835974
40.2624 -5.57349 -273.548 0 0 0 -0.549059 0.835783
40.3662 -5.22235 -274.317 0 0 0 -0.549933 0.835209
40.4699 -4.92352 -275.114 0 0 0 -0.549318 0.835614
40.5735 -4.59106 -275.881 0 0 0 -0.549716 0.835351
40.6773 -4.25873 -276.627 0 0 0 -0.550498 0.834837
40.781 -3.93488 -277.411 0 0 0 -0.550788 0.834645
40.8848 -3.60803 -278.177 0 0 0 -0.549204 0.835688
40.9884 -3.26422 -278.953 0 0 0 -0.547884 0.836554
41.0922 -2.90198 -279.76 0 0 0 -0.546156 0.837684
41.1958 -2.57147 -280.539 0 0 0 -0.54489 0.838508
41.2994 -2.22333 -281.329 0 0 0 -0.54285 0.83983
41.4032 -1.84003 -282.141 0 0 0 -0.540381 0.84142
41.5068 -1.47455 -282.926 0 0 0 -0.539367 0.842071
41.6105 -1.0929 -283.727 0 0 0 -0.534742 0.845016
41.7142 -0.715027 -284.538 0 0 0 -0.531512 0.847051
41.8179 -0.338928 -285.347 0 0 0 -0.529623 0.848233
41.9215 0.0505371 -286.142 0 0 0 -0.525246 0.85095
42.0253 0.483704 -286.938 0 0 0 -0.521501 0.853251
42.1289 0.872498 -287.738 0 0 0 -0.51989 0.854233
42.2327 1.31329 -288.537 0 0 0 -0.512915 0.858439
42.3363 1.72766 -289.299 0 0 0 -0.509812 0.860286
42.44 2.14252 -290.048 0 0 0 -0.506497 0.862242
42.5438 2.61017 -290.859 0 0 0 -0.502743 0.864436
42.6474 2.99512 -291.627 0 0 0 -0.499716 0.866189
42.7512 3.46399 -292.437 0 0 0 -0.496468 0.868055
42.8548 3.94653 -293.232 0 0 0 -0.492738 0.870178
42.9585 4.41504 -294.018 0 0 0 -0.488954 0.87231
43.0623 4.90186 -294.801 0 0 0 -0.486339 0.87377
43.1661 5.38757 -295.556 0 0 0 -0.482849 0.875704
43.2698 5.89423 -296.34 0 0 0 -0.478711 0.877972
43.3736 6.40076 -297.124 0 0 0 -0.474405 0.880307
43.4773 6.92615 -297.908 0 0 0 -0.473084 0.881018
43.581 7.41284 -298.68 0 0 0 -0.469833 0.882755
43.6849 7.96155 -299.456 0 0 0 -0.467665 0.883906
43.7887 8.5249 -300.25 0 0 0 -0.46686 0.884331
43.8924 9.03973 -301.022 0 0 0 -0.462069 0.886844
43.9961 9.57275 -301.827 0 0 0 -0.459302 0.88828
44.1 10.15 -302.606 0 0 0 -0.456004 0.889978
44.2036 10.7223 -303.381 0 0 0 -0.453947 0.891029
44.3073 11.2579 -304.131 0 0 0 -0.452121 0.891957
44.411 11.8197 -304.856 0 0 0 -0.451208 0.892419
44.5148 12.3789 -305.652 0 0 0 -0.448753 0.893656
44.6185 12.9379 -306.443 0 0 0 -0.446322 0.894872
44.7223 13.5142 -307.227 0 0 0 -0.444248 0.895904
44.8262 14.0831 -307.966 0 0 0 -0.439683 0.898153
44.9298 14.6874 -308.727 0 0 0 -0.436623 0.899644
45.0335 15.2488 -309.432 0 0 0 -0.433822 0.900999
45.1373 15.8621 -310.179 0 0 0 -0.432044 0.901852
45.241 16.4459 -310.914 0 0 0 -0.429335 0.903145
45.3448 17.0403 -311.616 0 0 0 -0.426486 0.904494
45.4485 17.6156 -312.352 0 0 0 -0.425415 0.904998
45.5523 18.2363 -313.039 0 0 0 -0.42263 0.906302
45.6562 18.8132 -313.746 0 0 0 -0.419822 0.907607
45.7599 19.4304 -314.488 0 0 0 -0.41918 0.907903
45.8637 20.0109 -315.169 0 0 0 -0.416618 0.909081
45.9674 20.6298 -315.849 0 0 0 -0.414876 0.909878
46.0713 21.251 -316.574 0 0 0 -0.410979 0.911645
46.175 21.837 -317.297 0 0 0 -0.40883 0.91261
46.2788 22.4865 -318.02 0 0 0 -0.407793 0.913074
46.3827 23.0649 -318.665 0 0 0 -0.407623 0.91315
46.4865 23.6815 -319.374 0 0 0 -0.404367 0.914597
46.5904 24.3309 -320.099 0 0 0 -0.406487 0.913656
46.6942 24.9586 -320.783 0 0 0 -0.408465 0.912774
46.798 25.517 -321.436 0 0 0 -0.408132 0.912923
46.9019 26.1304 -322.132 0 0 0 -0.41017 0.912009
47.0058 26.7463 -322.848 0 0 0 -0.413619 0.91045
47.1097 27.3652 -323.543 0 0 0 -0.416262 0.909245
47.2136 27.9681 -324.292 0 0 0 -0.419377 0.907812
47.3174 28.5553 -324.985 0 0 0 -0.422886 0.906183
47.4212 29.1649 -325.709 0 0 0 -0.426804 0.904344
47.5251 29.7804 -326.456 0 0 0 -0.430933 0.902384
47.6288 30.371 -327.205 0 0 0 -0.434009 0.900909
47.7327 30.9655 -327.989 0 0 0 -0.439253 0.898364
47.8364 31.5519 -328.746 0 0 0 -0.442313 0.896861
47.9402 32.0957 -329.455 0 0 0 -0.445695 0.895185
48.0439 32.6549 -330.231 0 0 0 -0.448728 0.893668
48.1477 33.2601 -331.064 0 0 0 -0.451716 0.892162
48.2514 33.864 -331.855 0 0 0 -0.456808 0.889565
48.355 34.4261 -332.646 0 0 0 -0.459637 0.888107
48.4588 34.9803 -333.457 0 0 0 -0.462555 0.886591
48.5625 35.5494 -334.29 0 0 0 -0.465167 0.885223
48.6662 36.0798 -335.088 0 0 0 -0.467801 0.883834
48.7699 36.604 -335.856 0 0 0 -0.471071 0.882095
48.8736 37.1569 -336.683 0 0 0 -0.472871 0.881132
48.9773 37.717 -337.554 0 0 0 -0.476439 0.879208
49.0809 38.282 -338.432 0 0 0 -0.47514 0.87991
49.1847 38.8234 -339.259 0 0 0 -0.479116 0.877751
49.2883 39.3439 -340.117 0 0 0 -0.48107 0.876682
49.3921 39.8757 -340.977 0 0 0 -0.482075 0.87613
49.4958 40.4515 -341.89 0 0 0 -0.483958 0.875091
49.5994 40.9806 -342.713 0 0 0 -0.484199 0.874958
49.7032 41.5138 -343.592 0 0 0 -0.486477 0.873693
49.8068 42.0344 -344.429 0 0 0 -0.488318 0.872666
49.9105 42.5438 -345.285 0 0 0 -0.489518 0.871993
50.0142 43.0994 -346.219 0 0 0 -0.489724 0.871877
50.118 43.6096 -347.044 0 0 0 -0.491326 0.870976
50.2216 44.1089 -347.91 0 0 0 -0.492674 0.870214
50.3253 44.656 -348.772 0 0 0 -0.493018 0.870019
50.429 45.1666 -349.638 0 0 0 -0.492216 0.870473
50.5327 45.6667 -350.486 0 0 0 -0.493826 0.869561
50.6365 46.1812 -351.362 0 0 0 -0.495144 0.868811
50.7402 46.6829 -352.226 0 0 0 -0.493618 0.869679
50.844 47.2065 -353.113 0 0 0 -0.493495 0.869749
50.9476 47.7278 -353.997 0 0 0 -0.494974 0.868908
51.0512 48.2285 -354.89 0 0 0 -0.494374 0.869249
51.1549 48.7563 -355.773 0 0 0 -0.493376 0.869816
51.2586 49.2172 -356.642 0 0 0 -0.495796 0.868439
51.3623 49.7115 -357.48 0 0 0 -0.497015 0.867742
51.4659 50.2386 -358.322 0 0 0 -0.495243 0.868755
51.5697 50.7045 -359.267 0 0 0 -0.496868 0.867826
51.6733 51.2521 -360.136 0 0 0 -0.496498 0.868038
51.7769 51.7363 -360.981 0 0 0 -0.495182 0.868789
51.8807 52.2209 -361.838 0 0 0 -0.495506 0.868605
51.9843 52.7026 -362.671 0 0 0 -0.49501 0.868887
52.0881 53.2071 -363.543 0 0 0 -0.495922 0.868367
52.1917 53.7573 -364.484 0 0 0 -0.49708 0.867705
52.2954 54.2051 -365.303 0 0 0 -0.495619 0.86854
52.3992 54.7271 -366.247 0 0 0 -0.496653 0.867949
52.5029 55.2088 -367.085 0 0 0 -0.496019 0.868312
52.6067 55.6702 -367.915 0 0 0 -0.494677 0.869077
52.7104 56.1501 -368.811 0 0 0 -0.493307 0.869855
52.8142 56.653 -369.644 0 0 0 -0.491614 0.870813
52.9179 57.1596 -370.507 0 0 0 -0.492273 0.870441
53.0217 57.6845 -371.384 0 0 0 -0.489969 0.87174
53.1254 58.1769 -372.193 0 0 0 -0.490029 0.871706
53.2292 58.6744 -373.015 0 0 0 -0.487882 0.87291
53.3329 59.1896 -373.859 0 0 0 -0.488961 0.872306
53.4366 59.6515 -374.649 0 0 0 -0.489433 0.872041
53.5403 60.0972 -375.384 0 0 0 -0.486318 0.873782
53.6441 60.5724 -376.144 0 0 0 -0.485014 0.874506
53.7478 61.0809 -376.943 0 0 0 -0.486477 0.873694
53.8516 61.5416 -377.683 0 0 0 -0.486792 0.873518
53.9553 61.9971 -378.391 0 0 0 -0.487712 0.873005
54.0591 62.4185 -379.102 0 0 0 -0.486409 0.873731
54.1628 62.8817 -379.862 0 0 0 -0.488299 0.872676
54.2665 63.2783 -380.53 0 0 0 -0.487841 0.872933
54.3702 63.6769 -381.184 0 0 0 -0.487873 0.872915
54.4739 64.0848 -381.874 0 0 0 -0.486511 0.873675
54.5776 64.4871 -382.528 0 0 0 -0.486653 0.873595
54.6813 64.8643 -383.188 0 0 0 -0.487706 0.873008
54.7851 65.241 -383.828 0 0 0 -0.489528 0.871988
54.8888 65.6281 -384.464 0 0 0 -0.492942 0.870062
54.9927 66.0034 -385.098 0 0 0 -0.494309 0.869286
55.0964 66.371 -385.717 0 0 0 -0.499752 0.866169
55.2002 66.6776 -386.255 0 0 0 -0.501979 0.86488
55.3041 67.0302 -386.883 0 0 0 -0.505657 0.862734
55.4078 67.3372 -387.456 0 0 0 -0.509019 0.860756
55.5117 67.7125 -388.124 0 0 0 -0.515298 0.857011
55.6154 68.0304 -388.756 0 0 0 -0.520302 0.853982
55.7192 68.3723 -389.43 0 0 0 -0.52438 0.851484
55.8229 68.6581 -390.054 0 0 0 -0.52851 0.848927
55.9267 68.9394 -390.704 0 0 0 -0.532454 0.846459
56.0304 69.2368 -391.321 0 0 0 -0.537421 0.843314
56.134 69.4517 -391.914 0 0 0 -0.540969 0.841043
56.2378 69.7631 -392.628 0 0 0 -0.543038 0.839708
56.3416 70.0793 -393.328 0 0 0 -0.547086 0.837076
56.4454 70.3091 -393.953 0 0 0 -0.547936 0.83652
56.5491 70.5988 -394.645 0 0 0 -0.54882 0.835941
56.6529 70.8829 -395.369 0 0 0 -0.551483 0.834186
56.7567 71.2032 -396.105 0 0 0 -0.553286 0.832991
56.8604 71.4902 -396.794 0 0 0 -0.555611 0.831443
56.9643 71.7592 -397.487 0 0 0 -0.557268 0.830333
57.0681 72.0813 -398.261 0 0 0 -0.560344 0.82826
57.1719 72.3763 -398.994 0 0 0 -0.563366 0.826207
57.2756 72.6649 -399.766 0 0 0 -0.565202 0.824952
57.3793 72.9425 -400.529 0 0 0 -0.570025 0.821628
57.4831 73.201 -401.292 0 0 0 -0.571677 0.820479
57.5868 73.4437 -402.015 0 0 0 -0.574043 0.818825
57.6906 73.6766 -402.675 0 0 0 -0.576327 0.817219
57.7943 73.936 -403.436 0 0 0 -0.57712 0.81666
57.8982 74.1835 -404.182 0 0 0 -0.579929 0.814667
58.0019 74.4288 -404.916 0 0 0 -0.585009 0.811027
58.1058 74.6648 -405.618 0 0 0 -0.587677 0.809096
58.2097 74.9049 -406.359 0 0 0 -0.590149 0.807294
58.3134 75.1398 -407.13 0 0 0 -0.594435 0.804144
58.4173 75.3377 -407.793 0 0 0 -0.598879 0.80084
58.5211 75.5252 -408.381 0 0 0 -0.601143 0.799142
58.6249 75.7288 -409.081 0 0 0 -0.604315 0.796746
58.7287 75.9083 -409.783 0 0 0 -0.611417 0.791309
58.8327 76.0752 -410.466 0 0 0 -0.620071 0.784546
58.9366 76.2039 -411.186 0 0 0 -0.63024 0.7764
59.0404 76.3182 -411.833 0 0 0 -0.637357 0.770569
59.1443 76.4282 -412.535 0 0 0 -0.644148 0.764901
59.2482 76.5233 -413.223 0 0 0 -0.653155 0.757224
59.3521 76.6021 -413.921 0 0 0 -0.661363 0.750066
59.4558 76.6717 -414.609 0 0 0 -0.66814 0.744036
59.5596 76.7131 -415.314 0 0 0 -0.674239 0.738513
59.6633 76.7662 -416.054 0 0 0 -0.679718 0.733473
59.7669 76.778 -416.884 0 0 0 -0.685316 0.728246
59.8707 76.8259 -417.569 0 0 0 -0.690774 0.723071
59.9743 76.8376 -418.303 0 0 0 -0.695609 0.71842
60.0781 76.8451 -419.22 0 0 0 -0.698254 0.71585
60.1818 76.8467 -419.959 0 0 0 -0.705038 0.70917
60.2856 76.8351 -420.796 0 0 0 -0.707273 0.706941
60.3893 76.8658 -421.599 0 0 0 -0.705277 0.708932
60.4931 76.891 -422.094 0 0 0 -0.705984 0.708228
60.5968 76.8748 -422.865 0 0 0 -0.710428 0.70377
60.7006 76.8842 -423.628 0 0 0 -0.70975 0.704454
60.8042 76.9098 -424.518 0 0 0 -0.708687 0.705523
60.908 76.9016 -425.425 0 0 0 -0.70951 0.704695
61.0116 76.8919 -426.057 0 0 0 -0.710556 0.703641
61.1153 76.8643 -426.707 0 0 0 -0.711141 0.703049
61.2189 76.8649 -427.35 0 0 0 -0.713756 0.700395
61.3227 76.8346 -428.062 0 0 0 -0.711558 0.702627
61.4264 76.8227 -428.753 0 0 0 -0.711127 0.703063
61.5302 76.8725 -429.702 0 0 0 -0.706029 0.708183
61.6338 76.8492 -430.39 0 0 0 -0.704096 0.710105
61.7376 76.8505 -431.085 0 0 0 -0.705495 0.708715
61.8413 76.8232 -431.721 0 0 0 -0.705808 0.708403
61.9451 76.8199 -432.417 0 0 0 -0.705382 0.708828
62.0488 76.8077 -433.038 0 0 0 -0.705646 0.708564
62.1526 76.8259 -433.735 0 0 0 -0.705063 0.709145
62.2564 76.8348 -434.361 0 0 0 -0.704712 0.709493
62.3601 76.8212 -435.136 0 0 0 -0.703911 0.710288
62.464 76.8271 -435.687 0 0 0 -0.707495 0.706718
62.5679 76.7668 -436.234 0 0 0 -0.712916 0.701249
62.6718 76.7502 -436.87 0 0 0 -0.720165 0.693802
62.7758 76.7245 -437.455 0 0 0 -0.726249 0.687431
62.8798 76.7303 -438.151 0 0 0 -0.730986 0.682393
62.9837 76.6593 -438.743 0 0 0 -0.736979 0.675915
63.0876 76.6087 -439.334 0 0 0 -0.742964 0.669332
63.1914 76.5222 -439.884 0 0 0 -0.748971 0.662603
63.2954 76.4529 -440.437 0 0 0 -0.755276 0.655406
63.3993 76.3802 -440.984 0 0 0 -0.76057 0.649256
63.5032 76.2689 -441.433 0 0 0 -0.767274 0.641319
63.6071 76.1606 -441.895 0 0 0 -0.77234 0.63521
63.7108 76.0501 -442.301 0 0 0 -0.778132 0.628101
63.8147 75.9492 -442.702 0 0 0 -0.78135 0.624094
63.9184 75.8359 -443.033 0 0 0 -0.78624 0.617922
64.0222 75.7664 -443.426 0 0 0 -0.790788 0.61209
64.126 75.6655 -443.754 0 0 0 -0.793348 0.608768
64.2297 75.5231 -444.033 0 0 0 -0.797356 0.603509
64.3333 75.3757 -444.27 0 0 0 -0.798672 0.601767
64.4371 75.2791 -444.566 0 0 0 -0.801363 0.598178
64.5407 75.2219 -444.864 0 0 0 -0.80235 0.596854
64.6444 75.1547 -445.098 0 0 0 -0.803966 0.594675
64.7481 75.1008 -445.353 0 0 0 -0.805123 0.593108
64.8517 75.0389 -445.587 0 0 0 -0.806058 0.591837
64.9553 75.0107 -445.789 0 0 0 -0.806678 0.590991
65.0591 74.9157 -445.93 0 0 0 -0.807556 0.589791
65.1627 74.8438 -446.063 0 0 0 -0.807813 0.589439
65.2663 74.811 -446.219 0 0 0 -0.807571 0.58977
65.3701 74.7406 -446.341 0 0 0 -0.806997 0.590555
65.4737 74.6945 -446.473 0 0 0 -0.80577 0.592228
65.5774 74.6176 -446.658 0 0 0 -0.804948 0.593345
65.6811 74.5786 -446.788 0 0 0 -0.80409 0.594507
65.7848 74.5394 -446.873 0 0 0 -0.801673 0.597763
65.8886 74.521 -447.073 0 0 0 -0.800763 0.598982
65.9922 74.4734 -447.192 0 0 0 -0.798778 0.601626
66.0959 74.3978 -447.323 0 0 0 -0.797979 0.602685
66.1997 74.3953 -447.501 0 0 0 -0.79581 0.605546
66.3033 74.3331 -447.652 0 0 0 -0.793997 0.607922
66.4071 74.3281 -447.879 0 0 0 -0.792037 0.610473
66.5107 74.3026 -448.098 0 0 0 -0.789921 0.613208
66.6143 74.2358 -448.291 0 0 0 -0.786825 0.617176
66.7181 74.2136 -448.551 0 0 0 -0.783456 0.621447
66.8217 74.1784 -448.828 0 0 0 -0.780192 0.625541
66.9254 74.1205 -449.055 0 0 0 -0.77717 0.62929
67.0291 74.0838 -449.323 0 0 0 -0.772477 0.635043
67.1328 74.0095 -449.568 0 0 0 -0.766471 0.642279
67.2364 73.975 -449.812 0 0 0 -0.760954 0.648806
67.3401 73.9602 -450.121 0 0 0 -0.753364 0.657604
67.4437 73.9473 -450.42 0 0 0 -0.746671 0.665194
67.5473 73.8792 -450.677 0 0 0 -0.739526 0.673128
67.6511 73.8879 -450.995 0 0 0 -0.731526 0.681814
67.7547 73.9034 -451.362 0 0 0 -0.723441 0.690386
67.8583 73.9161 -451.685 0 0 0 -0.714623 0.69951
67.9621 73.8789 -452.023 0 0 0 -0.706096 0.708116
68.0657 73.9235 -452.41 0 0 0 -0.696887 0.717181
68.1693 73.9332 -452.75 0 0 0 -0.687666 0.726027
68.2731 73.9897 -453.168 0 0 0 -0.678485 0.734614
68.3767 74.0296 -453.516 0 0 0 -0.669053 0.743215
68.4803 74.1031 -453.933 0 0 0 -0.658863 0.752263
68.5841 74.1996 -454.413 0 0 0 -0.649819 0.760089
68.6878 74.2748 -454.855 0 0 0 -0.641119 0.767441
68.7916 74.3688 -455.329 0 0 0 -0.632384 0.774655
68.8953 74.515 -455.868 0 0 0 -0.62467 0.780889
68.9991 74.6095 -456.358 0 0 0 -0.618104 0.786097
69.1028 74.7747 -456.908 0 0 0 -0.610715 0.79185
69.2066 74.9426 -457.489 0 0 0 -0.603626 0.797268
69.3103 75.0952 -457.995 0 0 0 -0.595738 0.803179
69.4139 75.2456 -458.541 0 0 0 -0.587489 0.809232
69.5177 75.4714 -459.143 0 0 0 -0.581137 0.813806
69.6214 75.7085 -459.693 0 0 0 -0.574662 0.818391
69.7253 75.9192 -460.322 0 0 0 -0.568091 0.822966
69.8291 76.1563 -460.922 0 0 0 -0.562784 0.826604
69.9328 76.4084 -461.528 0 0 0 -0.558306 0.829635
70.0367 76.6694 -462.161 0 0 0 -0.555137 0.831759
70.1406 76.9697 -462.844 0 0 0 -0.551884 0.833921
70.2443 77.249 -463.491 0 0 0 -0.5492 0.835691
70.3482 77.4938 -464.118 0 0 0 -0.548855 0.835918
70.4519 77.7892 -464.824 0 0 0 -0.54708 0.83708
70.5558 78.1118 -465.549 0 0 0 -0.544549 0.838729
70.6596 78.4089 -466.229 0 0 0 -0.543514 0.8394
70.7633 78.7815 -466.991 0 0 0 -0.542492 0.840061
70.8672 79.1083 -467.747 0 0 0 -0.540093 0.841605
70.9708 79.4434 -468.462 0 0 0 -0.540466 0.841366
71.0747 79.779 -469.233 0 0 0 -0.537793 0.843077
71.1784 80.1257 -470.014 0 0 0 -0.537405 0.843324
71.2822 80.5037 -470.802 0 0 0 -0.536187 0.844099
71.3859 80.8407 -471.55 0 0 0 -0.536778 0.843724
71.4896 81.2239 -472.353 0 0 0 -0.535298 0.844663
71.5933 81.597 -473.132 0 0 0 -0.53535 0.84463
71.6972 81.9583 -473.938 0 0 0 -0.53465 0.845074
71.8009 82.3476 -474.766 0 0 0 -0.535276 0.844677
71.9047 82.7303 -475.603 0 0 0 -0.53502 0.844839
72.0085 83.1279 -476.444 0 0 0 -0.53552 0.844523
72.1122 83.575 -477.335 0 0 0 -0.533424 0.845848
72.216 83.9661 -478.201 0 0 0 -0.534272 0.845313
72.3197 84.36 -479.08 0 0 0 -0.532549 0.846399
72.4234 84.7999 -479.942 0 0 0 -0.532776 0.846257
72.5272 85.2318 -480.888 0 0 0 -0.532332 0.846536
72.631 85.6404 -481.762 0 0 0 -0.531233 0.847226
72.7347 86.0983 -482.721 0 0 0 -0.52968 0.848198
72.8385 86.5591 -483.646 0 0 0 -0.530844 0.847469
72.9422 86.9971 -484.58 0 0 0 -0.530673 0.847577
73.046 87.4491 -485.53 0 0 0 -0.530581 0.847634
73.1497 87.9453 -486.46 0 0 0 -0.529632 0.848228
73.2534 88.3928 -487.425 0 0 0 -0.530724 0.847544
73.3572 88.8669 -488.412 0 0 0 -0.532778 0.846255
73.4611 89.3996 -489.341 0 0 0 -0.53452 0.845156
73.5649 89.8563 -490.282 0 0 0 -0.538841 0.842407
73.6688 90.3218 -491.224 0 0 0 -0.542559 0.840018
73.7727 90.7269 -492.231 0 0 0 -0.549269 0.835646
73.8767 91.1556 -493.27 0 0 0 -0.55631 0.830975
73.9806 91.5503 -494.282 0 0 0 -0.564781 0.825241
74.0844 91.9188 -495.269 0 0 0 -0.571683 0.820474
74.1885 92.3105 -496.329 0 0 0 -0.579151 0.81522
74.2923 92.6528 -497.364 0 0 0 -0.587672 0.8091
74.3962 92.9981 -498.469 0 0 0 -0.595268 0.803527
74.5001 93.2913 -499.453 0 0 0 -0.605114 0.796139
74.6038 93.568 -500.556 0 0 0 -0.613835 0.789435
74.7078 93.84 -501.718 0 0 0 -0.623817 0.78157
74.8117 94.0435 -502.675 0 0 0 -0.633702 0.773578
74.9155 94.2022 -503.798 0 0 0 -0.645158 0.764049
75.0193 94.363 -504.839 0 0 0 -0.656063 0.754706
75.1233 94.4744 -506.047 0 0 0 -0.667581 0.744537
75.2271 94.6057 -507.13 0 0 0 -0.677255 0.735748
75.3309 94.6467 -508.209 0 0 0 -0.687193 0.726475
75.4348 94.6473 -509.214 0 0 0 -0.69931 0.714818
75.5386 94.6434 -510.383 0 0 0 -0.709354 0.704852
75.6422 94.6065 -511.474 0 0 0 -0.719936 0.69404
75.7459 94.5284 -512.608 0 0 0 -0.726841 0.686805
75.8496 94.5213 -513.658 0 0 0 -0.732331 0.680949
75.9533 94.4139 -514.804 0 0 0 -0.741382 0.671084
76.057 94.2471 -515.853 0 0 0 -0.748285 0.663377
76.1606 94.0707 -517.018 0 0 0 -0.754341 0.656483
76.2642 93.8873 -518.176 0 0 0 -0.759729 0.650239
76.3677 93.5667 -519.196 0 0 0 -0.762306 0.647217
76.4713 93.3836 -520.43 0 0 0 -0.765235 0.643751
76.575 93.2072 -521.467 0 0 0 -0.766773 0.641918
76.6786 93.0151 -522.587 0 0 0 -0.767386 0.641185
76.7822 92.7847 -523.773 0 0 0 -0.766862 0.641812
76.8859 92.5867 -524.844 0 0 0 -0.768646 0.639674
76.9896 92.3655 -526.003 0 0 0 -0.769542 0.638596
77.0932 92.1189 -527.17 0 0 0 -0.770634 0.637278
77.197 91.8963 -528.291 0 0 0 -0.772729 0.634736
77.3006 91.7039 -529.525 0 0 0 -0.772423 0.635108
77.4042 91.4741 -530.719 0 0 0 -0.773821 0.633404
77.5078 91.2106 -531.805 0 0 0 -0.774087 0.633079
77.6116 90.9963 -533.043 0 0 0 -0.774284 0.632838
77.7152 90.7268 -534.271 0 0 0 -0.772698 0.634774
77.8189 90.498 -535.455 0 0 0 -0.7738 0.633429
77.9227 90.2503 -536.74 0 0 0 -0.773686 0.633569
78.0263 90.0223 -537.933 0 0 0 -0.77334 0.633991
78.1301 89.7595 -539.171 0 0 0 -0.773824 0.6334
78.2338 89.4995 -540.424 0 0 0 -0.775515 0.631329
78.3374 89.2262 -541.637 0 0 0 -0.776202 0.630485
78.4412 88.9475 -542.897 0 0 0 -0.776834 0.629705
78.5448 88.679 -544.196 0 0 0 -0.777791 0.628523
78.6486 88.4086 -545.522 0 0 0 -0.780086 0.625672
78.7523 88.1333 -546.824 0 0 0 -0.780299 0.625407
78.8559 87.8499 -548.1 0 0 0 -0.782341 0.622851
78.9597 87.5673 -549.389 0 0 0 -0.78381 0.621
79.0633 87.2299 -550.7 0 0 0 -0.784651 0.619938
79.1671 86.9049 -551.963 0 0 0 -0.784348 0.620321
79.2708 86.5905 -553.315 0 0 0 -0.784841 0.619697
79.3745 86.2538 -554.606 0 0 0 -0.786747 0.617276
79.4782 85.9169 -555.932 0 0 0 -0.787323 0.61654
79.5819 85.5585 -557.304 0 0 0 -0.788257 0.615347
79.6857 85.2259 -558.617 0 0 0 -0.789554 0.613681
79.7895 84.8332 -559.974 0 0 0 -0.790516 0.612441
79.8932 84.4484 -561.37 0 0 0 -0.792161 0.610312
79.997 84.1062 -562.701 0 0 0 -0.792959 0.609274
80.1006 83.7288 -564.058 0 0 0 -0.793266 0.608876
80.2043 83.3676 -565.43 0 0 0 -0.793696 0.608314
80.308 82.9935 -566.836 0 0 0 -0.794875 0.606774
80.4117 82.6187 -568.221 0 0 0 -0.795822 0.60553
80.5153 82.229 -569.59 0 0 0 -0.796459 0.604693
80.6191 81.8361 -571.001 0 0 0 -0.796183 0.605056
80.7227 81.4301 -572.43 0 0 0 -0.796833 0.6042
80.8264 81.0438 -573.811 0 0 0 -0.797574 0.603221
80.9301 80.6428 -575.234 0 0 0 -0.797111 0.603833
81.0338 80.2249 -576.65 0 0 0 -0.797264 0.60363
81.1375 79.8245 -578.078 0 0 0 -0.798048 0.602594
81.2412 79.3929 -579.499 0 0 0 -0.798116 0.602504
81.3449 78.9722 -580.888 0 0 0 -0.798211 0.602378
81.4486 78.5609 -582.408 0 0 0 -0.79824 0.60234
81.5523 78.1494 -583.797 0 0 0 -0.798012 0.602642
81.6561 77.7296 -585.252 0 0 0 -0.798064 0.602572
81.7597 77.2915 -586.683 0 0 0 -0.79866 0.601783
81.8635 76.8794 -588.184 0 0 0 -0.797919 0.602765
81.9671 76.4621 -589.6 0 0 0 -0.798162 0.602443
82.0708 76.0335 -591.068 0 0 0 -0.797932 0.602747
82.1745 75.6128 -592.506 0 0 0 -0.798024 0.602626
82.2782 75.1991 -593.916 0 0 0 -0.797571 0.603225
82.382 74.7624 -595.429 0 0 0 -0.796509 0.604627
82.4857 74.3273 -596.974 0 0 0 -0.796125 0.605132
82.5894 73.9167 -598.486 0 0 0 -0.795958 0.605351
82.6931 73.5143 -599.847 0 0 0 -0.795207 0.606338
82.7969 73.0782 -601.307 0 0 0 -0.795761 0.605611
82.9006 72.6693 -602.769 0 0 0 -0.795359 0.606139
83.0042 72.2565 -604.18 0 0 0 -0.795237 0.606298
83.1078 71.8605 -605.664 0 0 0 -0.794491 0.607276
83.2116 71.4641 -607.069 0 0 0 -0.79365 0.608375
83.3152 71.0566 -608.526 0 0 0 -0.793876 0.60808
83.419 70.6611 -609.945 0 0 0 -0.793652 0.608372
83.5226 70.2757 -611.386 0 0 0 -0.793 0.609222
83.6262 69.867 -612.852 0 0 0 -0.793486 0.608588
83.73 69.4711 -614.308 0 0 0 -0.792952 0.609284
83.8336 69.0986 -615.778 0 0 0 -0.792349 0.610069
83.9373 68.7408 -617.155 0 0 0 -0.792342 0.610076
84.041 68.3185 -618.65 0 0 0 -0.791682 0.610934
84.1447 67.9305 -620.048 0 0 0 -0.791582 0.611063
84.2484 67.5524 -621.576 0 0 0 -0.790948 0.611884
84.3521 67.1505 -623.013 0 0 0 -0.791157 0.611613
84.4557 66.795 -624.409 0 0 0 -0.7913 0.611427
84.5594 66.4069 -625.885 0 0 0 -0.791077 0.611716
84.663 66.0331 -627.325 0 0 0 -0.791788 0.610796
84.7667 65.6372 -628.738 0 0 0 -0.791322 0.611399
84.8703 65.2575 -630.173 0 0 0 -0.790874 0.61198
84.974 64.8792 -631.583 0 0 0 -0.79018 0.612875
85.0777 64.528 -632.936 0 0 0 -0.791233 0.611514
85.1813 64.1706 -634.373 0 0 0 -0.790205 0.612842
85.2851 63.8044 -635.773 0 0 0 -0.789444 0.613823
85.3887 63.4313 -637.199 0 0 0 -0.789601 0.61362
85.4925 63.0569 -638.592 0 0 0 -0.790412 0.612576
85.5961 62.7041 -639.969 0 0 0 -0.789873 0.613271
85.6998 62.3356 -641.362 0 0 0 -0.789751 0.613428
85.8035 61.9723 -642.712 0 0 0 -0.790083 0.613
85.9071 61.6302 -644.076 0 0 0 -0.790832 0.612033
86.0108 61.2595 -645.405 0 0 0 -0.790613 0.612316
86.1145 60.9203 -646.708 0 0 0 -0.791093 0.611696
86.2182 60.6049 -647.97 0 0 0 -0.79152 0.611144
86.3218 60.2623 -649.231 0 0 0 -0.791914 0.610633
86.4256 59.9161 -650.466 0 0 0 -0.79181 0.610768
86.5292 59.6054 -651.654 0 0 0 -0.791836 0.610734
86.633 59.3118 -652.833 0 0 0 -0.791654 0.61097
86.7367 58.977 -653.977 0 0 0 -0.79163 0.611001
86.8403 58.6938 -655.094 0 0 0 -0.79107 0.611725
86.9441 58.4008 -656.169 0 0 0 -0.790495 0.612469
87.0477 58.1364 -657.258 0 0 0 -0.789716 0.613473
87.1514 57.8607 -658.241 0 0 0 -0.789094 0.614273
87.255 57.6123 -659.255 0 0 0 -0.788515 0.615016
87.3587 57.3926 -660.236 0 0 0 -0.786865 0.617125
87.4625 57.1683 -661.143 0 0 0 -0.786903 0.617076
87.5662 56.9631 -662.009 0 0 0 -0.786675 0.617367
87.6699 56.7488 -662.802 0 0 0 -0.787255 0.616628
87.7736 56.5822 -663.603 0 0 0 -0.786683 0.617357
87.8773 56.3906 -664.386 0 0 0 -0.787939 0.615754
87.9812 56.2686 -665.12 0 0 0 -0.789062 0.614314
88.0852 56.0359 -665.787 0 0 0 -0.794742 0.606948
88.1892 55.8667 -666.421 0 0 0 -0.800874 0.598833
88.2933 55.622 -667.005 0 0 0 -0.809541 0.587063
88.3975 55.4445 -667.578 0 0 0 -0.819176 0.573543
88.5016 55.1633 -668.149 0 0 0 -0.830042 0.5577
88.6058 54.9225 -668.692 0 0 0 -0.842771 0.538272
88.7101 54.6241 -669.223 0 0 0 -0.855619 0.517607
88.8143 54.325 -669.725 0 0 0 0.868732 -0.495283
88.9186 54.0205 -670.205 0 0 0 0.882289 -0.470707
89.0228 53.6788 -670.645 0 0 0 0.895638 -0.444784
89.1271 53.2808 -671.02 0 0 0 0.909235 -0.416284
89.2313 52.9329 -671.398 0 0 0 0.922476 -0.386055
89.3356 52.5571 -671.716 0 0 0 0.934179 -0.356805
89.4396 52.1034 -672.006 0 0 0 0.945726 -0.324966
89.5437 51.5739 -672.273 0 0 0 0.956172 -0.292807
89.6478 51.1412 -672.556 0 0 0 0.965318 -0.261078
89.7518 50.7219 -672.753 0 0 0 0.972792 -0.231679
89.8558 50.2242 -672.911 0 0 0 0.979788 -0.20004
89.9597 49.7128 -673.056 0 0 0 0.985744 -0.168255
90.0637 49.2568 -673.169 0 0 0 0.990833 -0.135093
90.1676 48.721 -673.265 0 0 0 0.994854 -0.101317
90.2715 48.5475 -673.694 0 0 0 0.998537 -0.054068
90.3755 48.5094 -674.201 0 0 0 0.999964 -0.0084512
90.4793 47.7339 -674.111 0 0 0 0.999603 0.0281836
90.5831 46.6744 -673.337 0 0 0 0.999578 0.0290419
90.687 46.4866 -673.746 0 0 0 0.996227 0.0867888
90.7908 45.8342 -673.354 0 0 0 0.993647 0.112538
90.8946 45.14 -673.014 0 0 0 0.991399 0.130872
90.9985 44.7063 -672.894 0 0 0 0.986506 0.163726
91.1021 44.1935 -672.638 0 0 0 0.979838 0.199793
91.2058 43.6355 -672.393 0 0 0 0.972469 0.233031
91.3095 43.0815 -672.064 0 0 0 0.964589 0.263757
91.413 42.6034 -671.71 0 0 0 0.957321 0.289026
91.5166 42.0828 -671.333 0 0 0 0.9486 0.316477
91.6202 41.5813 -670.895 0 0 0 0.93905 0.34378
91.7237 41.0965 -670.404 0 0 0 0.933542 0.358467
91.8272 40.5604 -669.924 0 0 0 0.927475 0.373884
91.9306 40.0112 -669.428 0 0 0 0.92138 0.388662
92.0341 39.4175 -668.806 0 0 0 0.918712 0.394929
92.1377 38.9232 -668.261 0 0 0 0.914326 0.404978
92.2412 38.3843 -667.672 0 0 0 0.911117 0.412148
92.3449 37.9164 -667.099 0 0 0 0.906295 0.422646
92.4486 37.4251 -666.467 0 0 0 0.902791 0.43008
92.5522 36.9178 -665.819 0 0 0 0.896585 0.442872
92.656 36.2947 -665.079 0 0 0 0.891478 0.453064
92.7597 35.9673 -664.487 0 0 0 0.88662 0.462498
92.8635 35.4476 -663.798 0 0 0 0.879768 0.475404
92.9672 34.9137 -663.038 0 0 0 0.872679 0.488295
93.071 34.5319 -662.325 0 0 0 0.864845 0.502039
93.1747 34.1686 -661.64 0 0 0 0.859488 0.511156
93.2785 33.7487 -660.762 0 0 0 0.852422 0.522855
93.3821 33.5166 -660.03 0 0 0 0.847223 0.531238
93.4858 33.3554 -659.368 0 0 0 0.842022 0.539444
93.5895 33.0521 -658.594 0 0 0 0.835926 0.548841
93.6931 32.7346 -657.813 0 0 0 0.832006 0.554766
93.7967 32.3306 -657.047 0 0 0 0.830709 0.556707
93.9004 31.9868 -656.245 0 0 0 0.829053 0.55917
94.004 31.6074 -655.469 0 0 0 0.827961 0.560786
94.1076 31.2316 -654.51 0 0 0 0.82919 0.558966
94.2113 30.8874 -653.749 0 0 0 0.82687 0.562393
94.315 30.5136 -652.831 0 0 0 0.828926 0.559358
94.4186 30.2305 -652.072 0 0 0 0.83071 0.556706
94.5222 29.9412 -651.292 0 0 0 0.831732 0.555177
94.626 29.5576 -650.299 0 0 0 0.836019 0.548701
94.7297 29.1686 -649.39 0 0 0 0.83667 0.547708
94.8335 28.8096 -648.579 0 0 0 0.836487 0.547987
94.9372 28.4467 -647.667 0 0 0 0.836115 0.548554
95.041 28.0682 -646.782 0 0 0 0.835902 0.548879
95.1447 27.6534 -645.829 0 0 0 0.836461 0.548027
95.2484 27.2606 -644.886 0 0 0 0.83706 0.547111
95.3521 26.8868 -643.914 0 0 0 0.8387 0.544594
95.4559 26.493 -642.923 0 0 0 0.83941 0.543499
95.5595 26.1702 -642.155 0 0 0 0.839215 0.5438
95.6631 25.7498 -641.091 0 0 0 0.839557 0.543272
95.7669 25.3213 -640.197 0 0 0 0.84075 0.541423
95.8705 24.9679 -639.404 0 0 0 0.841336 0.540513
95.9743 24.5452 -638.542 0 0 0 0.841669 0.539993
96.0779 24.114 -637.614 0 0 0 0.843372 0.53733
96.1816 23.6516 -636.645 0 0 0 0.844821 0.53505
96.2853 23.2399 -635.799 0 0 0 0.8448 0.535082
96.3891 22.8239 -634.959 0 0 0 0.845287 0.534312
96.4929 22.4128 -634.12 0 0 0 0.84524 0.534387
96.5966 21.9142 -633.109 0 0 0 0.845902 0.533339
96.7003 21.5654 -632.423 0 0 0 0.844912 0.534905
96.804 21.2089 -631.627 0 0 0 0.84542 0.534101
96.9077 20.7941 -630.737 0 0 0 0.84539 0.53415
97.0115 20.3919 -629.914 0 0 0 0.845908 0.533328
97.1151 19.9976 -629.069 0 0 0 0.845208 0.534438
97.2189 19.5776 -628.185 0 0 0 0.846342 0.532639
97.3225 19.2188 -627.42 0 0 0 0.846531 0.53234
97.4262 18.8295 -626.605 0 0 0 0.847907 0.530144
97.53 18.3966 -625.72 0 0 0 0.84874 0.52881
97.6337 18.0014 -624.921 0 0 0 0.848557 0.529105
97.7375 17.6385 -624.161 0 0 0 0.849938 0.526883
97.8412 17.2858 -623.456 0 0 0 0.850374 0.526179
97.9451 16.8894 -622.659 0 0 0 0.851092 0.525016
98.0488 16.5721 -622.003 0 0 0 0.851446 0.524442
98.1525 16.175 -621.256 0 0 0 0.852161 0.52328
98.2562 15.8241 -620.531 0 0 0 0.851356 0.524589
98.36 15.4808 -619.859 0 0 0 0.852447 0.522813
98.4637 15.1417 -619.178 0 0 0 0.852634 0.522509
98.5675 14.8217 -618.513 0 0 0 0.853426 0.521213
98.6712 14.4968 -617.89 0 0 0 0.853255 0.521494
98.7749 14.1916 -617.29 0 0 0 0.854783 0.518985
98.8786 13.8857 -616.71 0 0 0 0.855273 0.518177
98.9824 13.6021 -616.179 0 0 0 0.856639 0.515916
99.0861 13.3468 -615.718 0 0 0 0.856961 0.515381
99.1897 13.11 -615.244 0 0 0 0.85736 0.514717
99.2935 12.8709 -614.808 0 0 0 0.857606 0.514308
99.3972 12.6523 -614.4 0 0 0 0.857365 0.514708
99.5008 12.4376 -614.029 0 0 0 0.857855 0.513892
99.6046 12.2079 -613.651 0 0 0 0.857277 0.514856
99.7084 12.0523 -613.314 0 0 0 0.858124 0.513443
99.812 11.897 -613.015 0 0 0 0.858135 0.513425
99.9157 11.7462 -612.733 0 0 0 0.859113 0.511785
100.019 11.6367 -612.511 0 0 0 0.858939 0.512078
100.123 11.4848 -612.266 0 0 0 0.859362 0.511368
100.227 11.3656 -612.052 0 0 0 0.8589 0.512143
100.33 11.2383 -611.844 0 0 0 0.859132 0.511754
100.434 11.1428 -611.646 0 0 0 0.8598 0.510631
100.538 11.0401 -611.465 0 0 0 0.860277 0.509826
100.642 10.9445 -611.266 0 0 0 0.860572 0.509328
100.745 10.8693 -611.096 0 0 0 0.860729 0.509063
100.849 10.779 -610.921 0 0 0 0.859735 0.510741
100.953 10.6787 -610.731 0 0 0 0.859832 0.510577
101.056 10.581 -610.539 0 0 0 0.859826 0.510587
101.16 10.4786 -610.387 0 0 0 0.86007 0.510176
101.264 10.3592 -610.208 0 0 0 0.860394 0.50963
101.367 10.2512 -610.025 0 0 0 0.860143 0.510053
101.471 10.1536 -609.843 0 0 0 0.859979 0.51033
101.575 10.0664 -609.683 0 0 0 0.860601 0.50928
101.678 9.97845 -609.505 0 0 0 0.860342 0.509718
101.782 9.87036 -609.318 0 0 0 0.860576 0.509322
101.886 9.78052 -609.163 0 0 0 0.86012 0.510092
101.99 9.69513 -608.993 0 0 0 0.860805 0.508935
102.093 9.5976 -608.825 0 0 0 0.860016 0.510266
102.197 9.52167 -608.692 0 0 0 0.860024 0.510253
102.301 9.46069 -608.591 0 0 0 0.860255 0.509864
102.405 9.36609 -608.423 0 0 0 0.860607 0.509269
102.508 9.28308 -608.283 0 0 0 0.860682 0.509142
102.612 9.2323 -608.138 0 0 0 0.860786 0.508966
102.716 9.16504 -608.011 0 0 0 0.860162 0.510021
102.819 9.0744 -607.869 0 0 0 0.860253 0.509868
102.923 8.98273 -607.723 0 0 0 0.859482 0.511166
103.027 8.91931 -607.641 0 0 0 0.860452 0.509532
103.131 8.86462 -607.536 0 0 0 0.860661 0.509179
103.234 8.79767 -607.414 0 0 0 0.860087 0.510148
103.338 8.73285 -607.288 0 0 0 0.860446 0.509541
103.441 8.66962 -607.184 0 0 0 0.86048 0.509484
103.545 8.58429 -607.066 0 0 0 0.860402 0.509615
103.649 8.50787 -606.954 0 0 0 0.860544 0.509375
103.753 8.45471 -606.833 0 0 0 0.86158 0.507623
103.856 8.38049 -606.698 0 0 0 0.861648 0.507507
103.96 8.32843 -606.588 0 0 0 0.861501 0.507755
104.064 8.24908 -606.377 0 0 0 0.861125 0.508393
104.167 8.12805 -606.178 0 0 0 0.862334 0.506339
104.271 7.91602 -605.894 0 0 0 0.863647 0.504097
104.375 7.8158 -605.63 0 0 0 0.86439 0.502822
104.478 7.65961 -605.343 0 0 0 0.864922 0.501906
104.582 7.4729 -605.017 0 0 0 0.866737 0.498766
104.686 7.25696 -604.712 0 0 0 0.868692 0.495352
104.789 7.07452 -604.39 0 0 0 0.870967 0.491342
104.893 6.86719 -604.048 0 0 0 0.873815 0.486258
104.997 6.66467 -603.685 0 0 0 0.87568 0.482892
105.101 6.41284 -603.319 0 0 0 0.87863 0.477504
105.204 6.12799 -602.92 0 0 0 0.881155 0.472828
105.308 5.86786 -602.494 0 0 0 0.882969 0.469431
105.411 5.60303 -602.043 0 0 0 0.886113 0.463469
105.515 5.26715 -601.628 0 0 0 0.888343 0.459181
105.619 4.94885 -601.185 0 0 0 0.890848 0.454301
105.723 4.60681 -600.737 0 0 0 0.892121 0.451796
105.826 4.26654 -600.251 0 0 0 0.893124 0.44981
105.93 3.84448 -599.771 0 0 0 0.893939 0.448189
106.034 3.48865 -599.234 0 0 0 0.895541 0.444978
106.138 3.08234 -598.745 0 0 0 0.895925 0.444205
106.242 2.68884 -598.211 0 0 0 0.896288 0.443473
106.345 2.27496 -597.679 0 0 0 0.896656 0.442728
106.449 1.82202 -597.121 0 0 0 0.896896 0.442241
106.553 1.36438 -596.468 0 0 0 0.897873 0.440254
106.657 0.90332 -595.922 0 0 0 0.897681 0.440646
106.76 0.436768 -595.389 0 0 0 0.898135 0.43972
106.864 -0.0679321 -594.708 0 0 0 0.898362 0.439256
106.968 -0.577515 -594.022 0 0 0 0.89835 0.43928
107.072 -1.05865 -593.446 0 0 0 0.897922 0.440155
107.175 -1.61023 -592.807 0 0 0 0.898412 0.439153
107.279 -2.12665 -592.145 0 0 0 0.898889 0.438176
107.383 -2.66302 -591.473 0 0 0 0.899607 0.436701
107.487 -3.23395 -590.738 0 0 0 0.900588 0.434674
107.59 -3.80145 -590.004 0 0 0 0.901327 0.43314
107.694 -4.41803 -589.243 0 0 0 0.902506 0.430677
107.798 -4.97955 -588.552 0 0 0 0.904156 0.427202
107.901 -5.57245 -587.821 0 0 0 0.904214 0.42708
108.005 -6.1153 -587.164 0 0 0 0.906083 0.423101
108.109 -6.70264 -586.441 0 0 0 0.906149 0.422958
108.213 -7.33856 -585.708 0 0 0 0.905602 0.42413
108.316 -7.91559 -585.064 0 0 0 0.90602 0.423236
108.42 -8.52454 -584.324 0 0 0 0.905942 0.423402
108.524 -9.12781 -583.576 0 0 0 0.905683 0.423956
108.628 -9.7049 -582.9 0 0 0 0.905295 0.424784
108.731 -10.2582 -582.274 0 0 0 0.90404 0.427447
108.835 -10.8219 -581.49 0 0 0 0.904354 0.426783
108.939 -11.4003 -580.814 0 0 0 0.904084 0.427355
109.043 -11.9923 -580.103 0 0 0 0.903339 0.428927
109.146 -12.569 -579.4 0 0 0 0.902613 0.430454
109.25 -13.1528 -578.625 0 0 0 0.902126 0.431473
109.354 -13.7446 -577.916 0 0 0 0.901505 0.432768
109.458 -14.3088 -577.179 0 0 0 0.900846 0.434139
109.561 -14.9537 -576.42 0 0 0 0.900339 0.435189
109.665 -15.4838 -575.699 0 0 0 0.899586 0.436743
109.769 -16.0643 -574.966 0 0 0 0.899666 0.436578
109.872 -16.684 -574.179 0 0 0 0.89933 0.437271
109.976 -17.2668 -573.423 0 0 0 0.899114 0.437714
110.08 -17.8447 -572.649 0 0 0 0.899517 0.436886
110.184 -18.446 -571.901 0 0 0 0.899865 0.436168
110.287 -18.9918 -571.202 0 0 0 0.900074 0.435738
110.391 -19.5867 -570.477 0 0 0 0.900337 0.435194
110.495 -20.1608 -569.748 0 0 0 0.900667 0.434509
110.598 -20.812 -568.935 0 0 0 0.90125 0.433299
110.702 -21.3926 -568.229 0 0 0 0.90141 0.432966
110.806 -21.9997 -567.44 0 0 0 0.902057 0.431616
110.909 -22.6605 -566.658 0 0 0 0.902624 0.430429
111.013 -23.2463 -565.951 0 0 0 0.902759 0.430148
111.117 -23.8804 -565.227 0 0 0 0.903388 0.428824
111.22 -24.4933 -564.48 0 0 0 0.904361 0.426769
111.324 -25.1349 -563.75 0 0 0 0.904579 0.426307
111.428 -25.6984 -563.022 0 0 0 0.904639 0.426179
111.531 -26.2899 -562.291 0 0 0 0.905833 0.423636
111.635 -26.9261 -561.542 0 0 0 0.906035 0.423204
111.739 -27.4935 -560.826 0 0 0 0.906305 0.422625
111.842 -28.1132 -560.104 0 0 0 0.907169 0.420767
111.946 -28.7242 -559.378 0 0 0 0.90752 0.420008
112.05 -29.3638 -558.631 0 0 0 0.907793 0.419418
112.154 -29.9053 -557.97 0 0 0 0.908214 0.418506
112.257 -30.5569 -557.232 0 0 0 0.907593 0.419852
112.361 -31.1548 -556.529 0 0 0 0.907363 0.420347
112.465 -31.7453 -555.852 0 0 0 0.906699 0.421779
112.568 -32.3245 -555.157 0 0 0 0.906334 0.422562
112.672 -32.8804 -554.48 0 0 0 0.905596 0.424142
112.776 -33.4037 -553.825 0 0 0 0.905694 0.423933
112.879 -33.9407 -553.179 0 0 0 0.904972 0.425471
112.983 -34.4868 -552.497 0 0 0 0.90473 0.425986
113.087 -35.0022 -551.905 0 0 0 0.904684 0.426084
113.19 -35.5527 -551.278 0 0 0 0.903822 0.427909
113.294 -36.0718 -550.636 0 0 0 0.903665 0.428239
113.398 -36.5945 -550.001 0 0 0 0.902221 0.431274
113.502 -37.0944 -549.395 0 0 0 0.901472 0.432837
113.605 -37.5576 -548.799 0 0 0 0.901861 0.432027
113.709 -37.9563 -548.276 0 0 0 0.902336 0.431034
113.813 -38.3911 -547.755 0 0 0 0.901283 0.433232
113.916 -38.838 -547.2 0 0 0 0.901726 0.432309
114.02 -39.2105 -546.732 0 0 0 0.901289 0.433218
114.124 -39.5529 -546.276 0 0 0 0.901981 0.431775
114.228 -39.9257 -545.807 0 0 0 0.902166 0.431389
114.331 -40.2898 -545.351 0 0 0 0.902312 0.431083
114.435 -40.5703 -544.984 0 0 0 0.901838 0.432074
114.539 -40.8538 -544.647 0 0 0 0.90135 0.43309
114.643 -41.14 -544.301 0 0 0 0.900935 0.433955
114.746 -41.4789 -543.88 0 0 0 0.90129 0.433216
114.85 -41.8601 -543.434 0 0 0 0.901636 0.432496
114.954 -42.1194 -543.096 0 0 0 0.901189 0.433426
115.057 -42.4272 -542.745 0 0 0 0.901172 0.433461
115.161 -42.7228 -542.364 0 0 0 0.902258 0.431196
115.265 -42.962 -542.081 0 0 0 0.90149 0.4328
115.369 -43.1956 -541.777 0 0 0 0.900479 0.434899
115.472 -43.4895 -541.376 0 0 0 0.899973 0.435945
115.576 -43.8078 -541.003 0 0 0 0.900964 0.433894
115.68 -44.1177 -540.662 0 0 0 0.899758 0.436389
115.784 -44.3432 -540.356 0 0 0 0.899258 0.437418
115.887 -44.5393 -540.074 0 0 0 0.89914 0.437661
115.991 -44.7631 -539.799 0 0 0 0.899915 0.436064
116.095 -45.0197 -539.478 0 0 0 0.899141 0.437659
116.198 -45.2115 -539.219 0 0 0 0.899668 0.436576
116.302 -45.3841 -538.966 0 0 0 0.899907 0.436083
116.406 -45.5621 -538.731 0 0 0 0.899935 0.436023
116.509 -45.7027 -538.492 0 0 0 0.901201 0.433401
116.613 -45.915 -538.254 0 0 0 0.90163 0.432507
116.717 -46.0916 -538.053 0 0 0 0.902406 0.430886
116.821 -46.2708 -537.848 0 0 0 0.903074 0.429484
116.924 -46.4062 -537.66 0 0 0 0.903603 0.428371
117.028 -46.6032 -537.461 0 0 0 0.903413 0.428772
117.132 -46.7067 -537.308 0 0 0 0.904892 0.425642
117.235 -46.8362 -537.165 0 0 0 0.905484 0.424381
117.339 -46.971 -537.004 0 0 0 0.905684 0.423953
117.443 -47.093 -536.875 0 0 0 0.906128 0.423003
117.547 -47.212 -536.748 0 0 0 0.906032 0.423209
117.65 -47.3151 -536.613 0 0 0 0.906195 0.42286
117.754 -47.3935 -536.495 0 0 0 0.906072 0.423123
117.858 -47.493 -536.385 0 0 0 0.906077 0.423113
117.962 -47.5729 -536.285 0 0 0 0.906447 0.42232
118.065 -47.6448 -536.21 0 0 0 0.906465 0.422282
118.169 -47.7261 -536.116 0 0 0 0.906412 0.422395
118.272 -47.7678 -536.054 0 0 0 0.906628 0.421931
118.376 -47.8553 -535.972 0 0 0 0.906382 0.422459
118.48 -47.9305 -535.941 0 0 0 0.906145 0.422968
118.584 -48.0082 -535.837 0 0 0 0.906111 0.42304
118.687 -48.042 -535.79 0 0 0 0.906322 0.422587
118.791 -48.0714 -535.705 0 0 0 0.90663 0.421928
118.895 -48.1312 -535.658 0 0 0 0.907182 0.420739
118.998 -48.1843 -535.624 0 0 0 0.907266 0.420557
119.102 -48.2337 -535.545 0 0 0 0.907585 0.419868
119.206 -48.2809 -535.488 0 0 0 0.907167 0.42077
119.31 -48.2966 -535.469 0 0 0 0.907254 0.420582
119.413 -48.3666 -535.426 0 0 0 0.907335 0.420409
119.517 -48.3715 -535.409 0 0 0 0.907377 0.420318
119.621 -48.3959 -535.379 0 0 0 0.907709 0.419601
119.724 -48.4161 -535.348 0 0 0 0.90763 0.419771
119.828 -48.4398 -535.298 0 0 0 0.907391 0.420287
119.932 -48.4554 -535.289 0 0 0 0.907656 0.419715
120.035 -48.4647 -535.263 0 0 0 0.907497 0.420059
120.139 -48.4966 -535.242 0 0 0 0.907433 0.420197
120.243 -48.518 -535.219 0 0 0 0.907764 0.419481
120.347 -48.5049 -535.235 0 0 0 0.907623 0.419786
120.45 -48.5037 -535.226 0 0 0 0.907517 0.420015
120.554 -48.5392 -535.187 0 0 0 0.907667 0.419691
120.658 -48.5259 -535.18 0 0 0 0.90728 0.420528
120.761 -48.5403 -535.184 0 0 0 0.907775 0.419457
120.865 -48.5513 -535.154 0 0 0 0.907566 0.41991
120.969 -48.5757 -535.126 0 0 0 0.907691 0.419639
121.072 -48.5915 -535.12 0 0 0 0.907841 0.419315
121.176 -48.5823 -535.125 0 0 0 0.90765 0.419729
121.28 -48.5957 -535.089 0 0 0 0.907915 0.419154
121.383 -48.6431 -535.033 0 0 0 0.907565 0.419913
121.487 -48.6919 -535.001 0 0 0 0.907773 0.419462
121.591 -48.7062 -534.974 0 0 0 0.907593 0.419851
121.695 -48.7099 -534.943 0 0 0 0.907171 0.420762
121.798 -48.7761 -534.898 0 0 0 0.907021 0.421086
121.902 -48.8131 -534.857 0 0 0 0.907353 0.42037
122.006 -48.8502 -534.84 0 0 0 0.907384 0.420303
122.109 -48.9118 -534.761 0 0 0 0.907578 0.419885
122.213 -48.9584 -534.72 0 0 0 0.907676 0.419672
122.317 -48.9606 -534.683 0 0 0 0.907952 0.419075
122.421 -49.028 -534.617 0 0 0 0.907871 0.419249
122.524 -49.0909 -534.543 0 0 0 0.907748 0.419516
122.628 -49.1406 -534.493 0 0 0 0.907905 0.419176
122.732 -49.2127 -534.406 0 0 0 0.907851 0.419294
122.835 -49.2653 -534.354 0 0 0 0.907806 0.41939
122.939 -49.3369 -534.238 0 0 0 0.908113 0.418724
123.043 -49.4131 -534.14 0 0 0 0.908334 0.418246
123.146 -49.4755 -534.047 0 0 0 0.907873 0.419244
123.25 -49.5612 -533.978 0 0 0 0.908187 0.418564
123.354 -49.6356 -533.922 0 0 0 0.908655 0.417548
123.457 -49.7103 -533.809 0 0 0 0.908613 0.417639
123.561 -49.7816 -533.731 0 0 0 0.908608 0.417651
123.665 -49.8539 -533.6 0 0 0 0.908151 0.418643
123.769 -49.9427 -533.528 0 0 0 0.907868 0.419256
123.872 -50.0274 -533.447 0 0 0 0.907879 0.419233
123.976 -50.0875 -533.364 0 0 0 0.90792 0.419143
124.08 -50.1554 -533.276 0 0 0 0.908127 0.418695
124.183 -50.2018 -533.235 0 0 0 0.908162 0.418619
124.287 -50.2729 -533.159 0 0 0 0.907835 0.419328
124.391 -50.2954 -533.109 0 0 0 0.907879 0.419231
