3.43265 0.187486 1.46127 0.0177002
6.00778 0.328118 3.73663 0.024231
8.58289 0.468733 6.0672 0.064209
11.1576 0.609309 8.50128 0.0960388
13.7315 0.749824 11.0853 0.239868
16.3694 0.907287 13.6794 0.376007
19.0841 1.06626 16.3721 0.485199
21.8404 1.22428 19.1117 0.612762
24.6518 1.38575 21.8659 0.799988
27.4963 1.53803 24.7363 0.897858
30.3984 1.68097 27.6812 1.00388
33.3363 1.81583 30.6198 1.12515
36.3875 1.99375 33.5875 1.26004
39.5037 2.19097 36.6183 1.45593
42.583 2.39973 39.6282 1.61554
45.5988 2.60002 42.6242 1.78497
48.5786 2.80079 45.5462 1.96661
51.5185 3.00246 48.5106 2.13202
54.428 3.19152 51.4456 2.32031
57.3125 3.37151 54.2871 2.48328
60.1663 3.57919 57.1168 2.67471
62.9168 3.77604 59.8713 2.87842
65.5667 3.97823 62.5372 3.05386
68.0933 4.17999 65.0515 3.23825
70.508 4.38194 67.4316 3.43213
72.7679 4.58021 69.6562 3.61621
74.8515 4.77573 71.7424 3.82205
76.7501 4.93768 73.6224 3.95834
78.4946 5.09273 75.3696 4.12466
80.123 5.18336 77.0554 4.24271
81.6229 5.24889 78.6035 4.29044
83.0085 5.16354 79.9946 4.19702
84.3134 4.93465 81.3306 3.97516
85.5017 4.51919 82.5369 3.58344
86.5259 3.90387 83.6002 3.00931
87.345 3.11539 84.4689 2.2514
88.0081 2.1826 85.1738 1.34729
88.502 1.16558 85.6984 0.38623
88.84 0.0726836 85.9861 -0.722229
89.125 -1.05089 86.3382 -1.72516
89.3295 -2.24074 86.5439 -2.87177
89.4722 -3.53677 86.6851 -4.11209
89.5834 -4.96246 86.8365 -5.54205
89.6383 -6.50462 86.8223 -7.15631
89.6879 -8.19796 86.8744 -8.86755
89.7167 -10.0598 86.8044 -10.6467
89.7202 -12.0746 86.7698 -12.674
89.7524 -14.2439 86.8077 -14.8431
89.8434 -16.5606 86.9207 -17.1651
89.9788 -18.96 87.0364 -19.5826
90.1324 -21.3995 87.2065 -22.0235
90.2737 -23.8515 87.3333 -24.5427
90.4115 -26.2888 87.4692 -26.985
90.5374 -28.7218 87.5991 -29.4935
90.6026 -31.142 87.6533 -31.9245
90.5865 -33.5327 87.6422 -34.2723
90.49 -35.8891 87.526 -36.5721
90.3236 -38.1896 87.3702 -38.886
90.0918 -40.4188 87.1492 -41.1069
89.8161 -42.5748 86.8623 -43.2064
89.5465 -44.6312 86.576 -45.2585
89.3065 -46.5426 86.2724 -47.2058
89.1528 -48.2888 86.073 -48.9604
89.1302 -49.8938 86.0051 -50.575
89.2559 -51.4568 86.0471 -52.1469
89.5927 -52.9598 86.356 -53.6761
90.1642 -54.3315 86.8771 -54.9525
90.9416 -55.4915 87.618 -56.2251
91.9661 -56.4486 88.579 -57.2083
93.1713 -57.1753 89.6998 -58.0067
94.508 -57.6844 91.0294 -58.6308
95.9249 -58.0418 92.4122 -59.0529
97.3803 -58.3833 93.8492 -59.3791
98.9283 -58.6967 95.3482 -59.7292
100.55 -59.0745 96.9387 -60.0816
102.285 -59.4798 98.6733 -60.5342
104.124 -59.9645 100.565 -61.023
106.035 -60.4808 102.551 -61.5745
108.055 -60.9951 104.493 -62.1017
110.2 -61.5276 106.694 -62.6816
112.421 -62.0531 108.86 -63.1616
114.755 -62.6002 111.158 -63.7802
117.193 -63.1574 113.559 -64.3776
119.666 -63.6913 115.957 -64.939
122.181 -64.2533 118.519 -65.5343
124.724 -64.8645 120.969 -66.1796
127.275 -65.459 123.45 -66.8122
129.749 -66.0807 125.847 -67.4328
132.225 -66.7226 128.357 -68.0741
134.663 -67.334 130.81 -68.6977
137.072 -67.9399 133.181 -69.2966
139.482 -68.4874 135.558 -69.8609
141.866 -69.0106 137.948 -70.3894
144.235 -69.5325 140.324 -70.9338
146.634 -69.9928 142.717 -71.4581
149.033 -70.3798 145.097 -71.8727
151.422 -70.7533 147.388 -72.2776
153.855 -71.0522 149.771 -72.6168
156.308 -71.3061 152.242 -72.9437
158.78 -71.4907 154.688 -73.1569
161.238 -71.6275 157.122 -73.3383
163.729 -71.7396 159.585 -73.5052
166.201 -71.8557 161.984 -73.6529
168.681 -71.9145 164.429 -73.7646
171.201 -71.9504 166.95 -73.8491
173.699 -71.9461 169.409 -73.8766
176.266 -71.8381 172.006 -73.8119
178.785 -71.705 174.542 -73.733
181.351 -71.5867 177.036 -73.6519
183.918 -71.4516 179.588 -73.5788
186.471 -71.3413 182.178 -73.4996
189.02 -71.1826 184.792 -73.413
191.536 -71.0196 187.293 -73.3488
194.04 -70.8473 189.807 -73.2948
196.49 -70.6708 192.171 -73.21
198.609 -70.5456 194.497 -73.1069
200.728 -70.4203 196.702 -73.0389
202.848 -70.2949 198.694 -72.9525
204.967 -70.1695 200.811 -72.8829
207.086 -70.0441 202.7 -72.8257
209.093 -69.9831 204.624 -72.8694
211.014 -70.0156 206.523 -72.9576
212.945 -70.0304 208.559 -73.0331
214.903 -70.0079 210.491 -73.0691
216.893 -70.0061 212.433 -73.114
218.964 -69.9676 214.558 -73.1042
220.97 -69.9402 216.632 -73.1135
222.992 -69.9812 218.73 -73.1393
225.028 -69.9854 220.723 -73.1479
227.09 -69.9695 222.808 -73.1606
229.126 -69.9386 224.82 -73.1483
231.112 -69.8864 226.821 -73.114
233.04 -69.8445 228.821 -73.0962
234.818 -69.801 230.696 -73.0877
236.417 -69.7146 232.248 -73.0361
237.943 -69.5209 233.781 -72.884
239.395 -69.1851 235.238 -72.5987
240.709 -68.6478 236.488 -72.1195
241.849 -67.8991 237.623 -71.4457
242.81 -67.0089 238.632 -70.6274
243.591 -65.9825 239.476 -69.5833
244.184 -64.8978 240.085 -68.5485
244.572 -63.7305 240.606 -67.4763
244.825 -62.4053 240.871 -66.1832
244.941 -60.9619 241.077 -64.7646
244.946 -59.4218 241.126 -63.2425
244.876 -57.7712 241.079 -61.6009
244.798 -55.9812 241.068 -59.8342
244.718 -54.0213 240.97 -57.8139
244.528 -51.9441 240.917 -55.6585
244.334 -49.6673 240.849 -53.2882
244.189 -47.2245 240.808 -50.9167
244.057 -44.6501 240.802 -48.157
243.927 -42.0601 240.739 -45.473
243.794 -39.4483 240.7 -42.8172
243.702 -36.832 240.604 -40.2157
243.584 -34.2278 240.487 -37.5659
243.441 -31.5925 240.374 -34.9954
243.315 -28.9871 240.292 -32.4315
243.23 -26.4145 240.149 -29.8763
243.139 -23.8807 240.028 -27.4168
243.055 -21.3812 239.946 -24.896
242.941 -18.9255 239.875 -22.4601
242.799 -16.5023 239.78 -20.17
242.612 -14.1084 239.604 -17.7234
242.377 -11.7708 239.387 -15.422
242.143 -9.51512 239.195 -13.238
241.929 -7.38188 238.973 -11.1553
241.749 -5.37656 238.83 -9.14468
241.606 -3.50502 238.711 -7.35587
241.484 -1.76007 238.575 -5.57886
241.4 -0.170335 238.505 -3.96591
241.346 1.26729 238.476 -2.48651
241.318 2.55969 238.438 -1.17691
241.329 3.69369 238.473 -0.0717468
241.357 4.66357 238.499 0.938507
241.387 5.42348 238.515 1.68243
241.421 5.93561 238.539 2.17526
241.442 6.22444 238.548 2.44449
241.458 6.39191 238.562 2.61459
241.456 6.44834 238.558 2.68433
241.456 6.44112 238.563 2.6282
241.468 6.43573 238.569 2.61661
241.488 6.44933 238.565 2.63431
241.502 6.50242 238.568 2.68353
241.509 6.60386 238.571 2.74811
241.523 6.84121 238.602 2.92453
241.556 7.25677 238.621 3.31711
241.623 7.83498 238.683 3.88348
241.76 8.54086 238.819 4.65402
241.985 9.31672 239.03 5.44647
242.351 10.1481 239.369 6.29404
242.859 11.0146 239.88 7.20737
243.565 11.8278 240.568 8.07077
244.407 12.5484 241.466 8.76746
245.535 13.1523 242.589 9.38828
246.887 13.6027 243.928 9.85229
248.423 13.919 245.433 10.1806
250.169 14.1035 247.178 10.3593
252.058 14.2109 249.047 10.4714
254.103 14.2873 251.076 10.4828
256.29 14.3497 253.262 10.5212
258.632 14.4226 255.57 10.5498
261.094 14.4989 257.933 10.5687
263.692 14.5916 260.444 10.6325
266.404 14.6816 263.172 10.6466
269.198 14.7756 265.877 10.6552
272.122 14.9015 268.846 10.7673
275.142 15.0059 271.855 10.8166
278.208 15.103 274.93 10.9132
281.346 15.2156 278.065 10.9935
284.498 15.3412 281.173 11.0623
287.685 15.4844 284.31 11.1505
290.866 15.6383 287.499 11.2685
293.998 15.7874 290.55 11.4124
297.107 15.9356 293.645 11.5766
300.191 16.1029 296.771 11.6926
303.274 16.2771 299.858 11.7938
306.336 16.4463 302.935 11.9237
309.4 16.613 306.032 12.0372
312.49 16.7503 309.028 12.1767
315.608 16.8839 312.079 12.2576
318.769 17.0222 315.2 12.3901
321.966 17.1721 318.329 12.4942
325.211 17.3388 321.586 12.6082
328.452 17.5089 324.9 12.7104
331.662 17.6671 328.034 12.7516
334.873 17.8359 331.206 12.84
338.047 18.0179 334.331 12.9314
341.164 18.1846 337.376 12.9764
344.192 18.3462 340.458 13.0457
347.144 18.5118 343.351 13.1274
349.997 18.6926 346.205 13.2205
352.738 18.8767 348.928 13.3109
355.339 19.039 351.508 13.3923
357.77 19.1617 353.909 13.4492
360.012 19.2539 356.115 13.4763
362.022 19.3379 358.165 13.5209
363.842 19.4126 360.006 13.4993
365.457 19.4822 361.677 13.4945
366.876 19.5957 363.139 13.5759
368.193 19.7976 364.488 13.6725
369.471 20.1115 365.802 13.9033
370.662 20.5963 366.98 14.2753
371.758 21.2259 368.113 14.8348
372.767 22.0739 369.149 15.5841
373.7 23.1166 370.096 16.571
374.457 24.3704 370.927 17.736
374.935 25.8066 371.501 19.1606
375.153 27.406 371.793 20.7075
375.033 29.122 371.778 22.3792
374.862 30.9465 371.682 24.2626
374.646 32.8073 371.534 26.0135
374.454 34.8065 371.436 28.0552
374.237 36.9022 371.297 30.1191
374.017 39.1112 371.183 32.347
373.828 41.4752 371.06 34.694
373.669 43.9781 370.968 37.2058
373.529 46.6263 370.972 39.7466
373.409 49.3265 370.929 42.4287
373.297 52.0756 370.854 45.1635
373.174 54.8367 370.792 47.9787
373.04 57.583 370.723 50.7062
372.905 60.3085 370.632 53.4528
372.737 63.0311 370.536 56.182
372.532 65.722 370.437 58.8583
372.333 68.4052 370.266 61.5547
372.146 71.0714 370.158 64.2121
371.976 73.7315 370.094 66.7753
371.849 76.3696 370.036 69.3478
371.76 78.9847 370.026 72.0383
371.707 81.5841 370.1 74.2415
371.698 84.1688 370.198 76.834
371.718 86.6521 370.302 79.8343
371.742 88.9667 370.452 82.2353
371.755 91.0872 370.544 84.3681
371.738 92.9909 370.605 86.3645
371.673 94.7746 370.636 88.157
371.571 96.5378 370.615 89.9195
371.439 98.2699 370.571 91.6594
371.272 100.017 370.499 93.3874
371.082 101.82 370.407 95.2091
370.859 103.677 370.26 97.0807
370.634 105.628 370.094 99.0833
370.384 107.71 369.949 101.201
370.14 109.873 369.805 103.345
369.916 112.225 369.743 105.658
369.723 114.671 369.628 108.049
369.517 117.275 369.536 110.562
369.364 119.99 369.535 113.387
369.291 122.844 369.589 116.137
369.236 125.774 369.683 119.053
369.216 128.744 369.84 122.033
369.175 131.739 369.945 125.009
369.142 134.711 370.047 127.906
369.091 137.686 370.141 130.841
368.984 140.608 370.181 133.794
368.873 143.515 370.236 136.745
368.758 146.42 370.251 139.737
368.598 149.275 370.21 142.547
368.425 152.137 370.13 145.442
368.242 154.969 370.068 148.224
368.045 157.761 370.032 151.088
367.874 160.52 369.973 153.749
367.721 163.255 369.938 156.415
367.574 165.891 369.92 159.062
367.427 168.415 369.905 161.569
367.306 170.747 369.844 163.862
367.201 172.931 369.793 166.037
367.076 174.887 369.736 168.018
366.928 176.706 369.653 169.861
366.771 178.406 369.576 171.568
366.524 180.013 369.373 173.198
366.107 181.548 369.046 174.721
365.486 182.977 368.503 176.205
364.633 184.243 367.707 177.485
363.538 185.318 366.702 178.588
362.116 186.123 365.447 179.532
360.581 186.726 363.951 180.236
358.884 187.064 362.285 180.693
357.055 187.18 360.474 180.947
355.126 187.213 358.535 181.096
353.12 187.17 356.566 181.167
350.994 187.03 354.449 181.138
348.759 186.837 352.193 181.083
346.398 186.621 349.737 181.0
343.935 186.343 347.215 180.883
341.378 186.036 344.707 180.728
338.696 185.741 341.93 180.563
335.949 185.47 339.229 180.409
333.155 185.218 336.394 180.299
330.373 184.974 333.588 180.279
327.573 184.757 330.782 180.25
324.774 184.556 327.961 180.216
321.949 184.348 325.179 180.168
319.093 184.17 322.292 180.188
316.225 184.024 319.45 180.246
313.35 183.873 316.56 180.236
310.514 183.71 313.765 180.252
307.674 183.552 310.909 180.212
304.86 183.419 308.13 180.218
302.076 183.317 305.331 180.25
299.286 183.237 302.551 180.383
296.525 183.153 299.805 180.452
293.763 183.04 297.039 180.466
290.973 182.875 294.229 180.487
288.165 182.722 291.468 180.504
285.307 182.553 288.572 180.463
282.428 182.393 285.615 180.445
279.514 182.251 282.701 180.5
276.583 182.098 279.734 180.551
273.653 181.945 276.781 180.574
270.712 181.762 273.864 180.635
267.776 181.569 271.008 180.536
264.806 181.353 267.995 180.546
261.853 181.152 265.226 180.554
258.832 180.929 262.047 180.467
255.838 180.695 259.049 180.39
252.875 180.497 256.065 180.344
249.924 180.312 253.094 180.374
247.017 180.131 250.187 180.378
244.158 179.975 247.389 180.323
241.398 179.84 244.586 180.386
238.763 179.706 241.976 180.453
236.242 179.565 239.462 180.508
233.82 179.462 236.961 180.518
231.559 179.41 234.696 180.609
229.482 179.38 232.621 180.723
227.597 179.367 230.69 180.807
225.903 179.338 229.021 180.878
224.422 179.252 227.488 180.878
223.084 179.091 226.11 180.807
221.793 178.755 224.823 180.592
220.632 178.227 223.625 180.1
219.528 177.539 222.467 179.62
218.519 176.652 221.336 178.801
217.602 175.534 220.254 177.746
216.83 174.123 219.339 176.434
216.26 172.474 218.579 174.864
215.896 170.601 218.116 173.08
215.705 168.566 217.737 171.207
215.622 166.443 217.552 169.116
215.568 164.246 217.366 166.953
215.533 161.991 217.2 164.766
215.512 159.609 217.054 162.331
215.491 157.169 216.888 159.93
215.491 154.651 216.738 157.517
215.537 152.043 216.642 154.937
215.577 149.356 216.507 152.26
215.691 146.665 216.448 149.578
215.798 143.951 216.366 146.888
215.946 141.248 216.362 144.155
216.165 138.556 216.403 141.451
216.415 135.88 216.449 138.798
216.646 133.229 216.544 136.125
216.884 130.658 216.671 133.528
217.076 128.171 216.644 131.023
217.25 125.823 216.776 128.648
217.366 123.657 216.651 126.569
217.439 121.696 216.514 124.591
217.479 119.858 216.44 122.732
217.501 118.053 216.345 120.963
217.492 116.251 216.129 119.115
217.529 114.477 216.028 117.276
217.554 112.752 215.896 115.53
217.696 111.047 215.811 113.844
218.001 109.377 215.891 112.137
218.499 107.764 216.295 110.454
219.215 106.273 216.838 108.857
220.131 104.925 217.54 107.431
221.233 103.745 218.449 106.208
222.5 102.731 219.636 105.01
223.853 101.931 220.859 104.116
225.339 101.375 222.284 103.354
226.91 101.007 223.745 102.905
228.488 100.734 225.231 102.415
230.016 100.447 226.648 102.015
231.508 100.136 228.094 101.539
232.933 99.7501 229.471 100.975
234.199 99.2099 230.599 100.301
235.208 98.5666 231.561 99.6091
236.08 97.8075 232.352 98.7421
236.654 96.8788 232.915 97.8164
237.053 95.9315 233.347 96.8131
237.469 94.9304 233.622 95.748
237.747 93.7849 233.829 94.5402
237.969 92.5189 233.935 93.1475
238.159 91.1075 233.989 91.6927
238.288 89.532 234.052 90.157
238.447 87.7646 234.084 88.4624
238.577 85.8189 234.076 86.5015
238.689 83.7365 234.067 84.4733
238.794 81.501 234.076 82.2764
238.906 79.14 233.999 79.886
239.056 76.7297 233.953 77.449
239.201 74.2535 233.865 75.0081
239.368 71.7261 233.762 72.481
239.481 69.1157 233.716 69.9138
239.579 66.4564 233.584 67.235
239.701 63.7768 233.535 64.6262
239.86 61.1032 233.523 61.995
240.006 58.4305 233.526 59.3585
240.16 55.854 233.545 56.9207
240.331 53.3035 233.571 54.2316
240.471 50.7962 233.532 51.7657
240.614 48.2997 233.477 49.2655
240.771 45.8573 233.485 46.8909
240.948 43.4408 233.471 44.5438
241.162 41.1186 233.445 42.1838
241.385 38.9398 233.487 40.0219
241.61 36.8629 233.531 37.9222
241.816 34.8049 233.576 35.8265
241.998 32.7978 233.621 33.8066
242.184 30.928 233.68 31.8834
242.337 29.2143 233.676 30.138
242.432 27.6821 233.686 28.634
242.479 26.301 233.584 27.2262
242.466 25.064 233.481 26.0017
242.409 23.9679 233.352 24.9273
242.275 23.0239 233.196 23.9867
242.149 22.2492 233.018 23.2706
242.027 21.6752 232.871 22.7341
241.888 21.194 232.706 22.2701
241.743 20.7193 232.518 21.7997
241.586 20.2574 232.37 21.3694
241.362 19.7549 232.124 20.8459
241.001 19.0978 231.679 20.2223
240.465 18.3464 231.181 19.508
239.744 17.5544 230.466 18.7739
238.801 16.8107 229.425 18.0244
237.646 16.1686 228.201 17.4331
236.244 15.6815 226.766 17.0536
234.595 15.3265 225.084 16.7907
232.72 15.0944 223.159 16.6956
230.65 14.9404 221.108 16.6693
228.39 14.8646 218.859 16.7665
225.953 14.8218 216.424 16.8817
223.337 14.7964 213.79 17.0244
220.563 14.762 211.015 17.2038
217.631 14.7082 208.083 17.3742
214.568 14.6052 205.03 17.4861
211.386 14.459 201.889 17.5262
208.096 14.3009 198.623 17.5275
204.744 14.1094 195.361 17.5626
201.336 13.8873 191.967 17.5616
197.892 13.6658 188.561 17.5895
194.403 13.4347 185.063 17.6147
190.876 13.1983 181.558 17.6148
187.299 12.9834 177.954 17.7041
183.673 12.7941 174.256 17.7379
179.987 12.6212 170.617 17.8048
176.246 12.4508 166.895 17.9072
172.45 12.284 163.164 18.0307
168.615 12.1239 159.289 18.1086
164.728 11.9612 155.451 18.2202
160.835 11.7788 151.496 18.3342
156.912 11.5911 147.535 18.4389
152.976 11.4047 143.599 18.5065
148.998 11.2175 139.698 18.5923
145.065 10.9799 135.781 18.6659
141.138 10.7322 131.945 18.7651
137.217 10.4904 128.124 18.7711
133.354 10.2676 124.324 18.7879
129.518 10.0536 120.573 18.8087
125.796 9.84221 116.935 18.8577
122.227 9.62653 113.441 18.8616
118.791 9.43038 110.06 18.9121
115.532 9.25444 106.894 18.9716
112.436 9.10542 103.884 19.0754
109.539 8.97377 101.095 19.1087
106.884 8.85038 98.5514 19.1957
104.429 8.74335 96.1852 19.2727
102.187 8.63715 94.0797 19.3194
100.164 8.41084 92.0533 19.2852
98.3388 8.00436 90.2456 19.0517
96.7221 7.39198 88.5546 18.583
95.2671 6.55899 87.0254 17.8919
93.9915 5.53843 85.6182 16.9742
92.9312 4.351 84.4523 15.8802
92.1057 2.97184 83.5368 14.6453
91.527 1.46182 82.9683 13.2817
91.1806 -0.0849347 82.5364 11.86
90.9604 -1.66986 82.246 10.2899
90.8427 -3.29903 81.9873 8.73337
90.7384 -5.0162 81.7734 7.03854
90.6484 -6.82147 81.4521 5.41638
90.5428 -8.73118 81.373 3.52161
90.4367 -10.7716 81.0681 1.45621
90.3313 -12.9511 80.8019 -0.770752
90.2864 -15.2848 79.947 -2.75806
90.3559 -17.7449 80.5795 -5.4603
90.5223 -20.3132 80.6405 -8.02344
90.7494 -22.9146 80.6976 -10.6946
90.9584 -25.499 80.7394 -13.341
91.0988 -28.0601 80.7684 -15.9567
91.127 -30.6091 80.6532 -18.4918
91.0447 -33.1244 80.4423 -20.9852
90.8711 -35.6416 80.1819 -23.4501
90.6533 -38.1745 79.7925 -25.9086
90.4329 -40.7715 79.3541 -28.5006
90.2242 -43.4443 78.9136 -30.945
90.0342 -46.1437 78.5187 -33.6599
89.8287 -48.8397 78.2742 -36.3086
89.5039 -51.5004 77.8724 -38.7932
88.9954 -54.1154 77.1005 -41.4485
88.3197 -56.6544 76.2637 -44.0399
87.5137 -59.1386 75.3347 -46.3911
86.6161 -61.6501 74.1927 -48.8197
85.6827 -64.1523 73.1356 -51.1452
84.7349 -66.6885 72.02 -53.5857
83.7444 -69.2686 70.8248 -56.0819
82.6715 -71.8591 69.5975 -58.5616
81.457 -74.4337 68.2549 -61.0246
80.1359 -77.0519 66.7988 -63.4545
78.7591 -79.7072 65.2458 -66.0315
77.3842 -82.3612 63.6871 -68.5937
76.0061 -84.9769 62.1608 -71.1048
74.5608 -87.5376 60.5238 -73.5619
73.0378 -89.9981 58.8737 -75.9088
71.4191 -92.344 57.098 -78.1113
69.7026 -94.5863 55.2752 -80.2213
67.9232 -96.7226 53.3233 -82.228
66.1614 -98.7837 51.4259 -84.0989
64.4908 -100.751 49.6186 -85.8938
62.9755 -102.601 47.9815 -87.6472
61.6421 -104.32 46.5449 -89.232
60.3806 -105.943 45.155 -90.7391
59.1028 -107.534 43.7322 -92.2082
57.8239 -109.109 42.3002 -93.6957
56.5332 -110.657 40.9691 -95.1424
55.1825 -112.255 39.5394 -96.6086
53.7751 -113.919 37.9376 -98.1461
52.3668 -115.669 36.4017 -99.7915
50.9728 -117.54 34.9489 -101.538
49.5886 -119.501 33.4232 -103.369
48.1017 -121.547 31.7778 -105.267
46.5606 -123.643 30.1022 -107.271
44.9311 -125.83 28.3254 -109.329
43.2505 -128.092 26.5254 -111.486
41.5053 -130.415 24.6127 -113.691
39.769 -132.741 22.7205 -115.854
38.0213 -135.076 20.8547 -118.077
36.2703 -137.397 18.9501 -120.211
34.577 -139.733 17.1317 -122.434
32.9082 -142.063 15.3046 -124.612
31.2347 -144.364 13.5888 -126.717
29.5517 -146.623 11.7533 -128.891
27.8532 -148.877 9.91211 -131.023
26.2085 -151.073 8.15649 -133.122
24.6123 -153.201 6.45654 -135.109
23.0999 -155.161 4.87418 -136.95
21.6311 -157.005 3.31509 -138.744
20.3007 -158.618 1.89249 -140.272
19.0694 -160.079 0.636139 -141.647
17.9818 -161.512 -0.506561 -143.016
17.1134 -163.042 -1.48856 -144.441
16.511 -164.64 -2.22043 -145.977
16.1241 -166.302 -2.72391 -147.597
15.9413 -168.066 -3.03058 -149.314
15.9252 -169.899 -3.18069 -151.167
15.9666 -171.794 -3.2883 -153.05
15.9682 -173.768 -3.44003 -154.999
15.9283 -175.797 -3.64301 -157.007
15.8333 -177.87 -3.85272 -159.059
15.7095 -180.029 -4.10788 -161.207
15.532 -182.211 -4.43997 -163.322
15.3627 -184.461 -4.75616 -165.557
15.1812 -186.742 -5.06494 -167.794
15.017 -189.048 -5.30554 -170.078
14.8327 -191.344 -5.64297 -172.364
14.6436 -193.677 -5.98981 -174.618
14.4377 -196.036 -6.2876 -176.941
14.2027 -198.448 -6.6669 -179.295
13.9507 -200.922 -7.01813 -181.812
13.7044 -203.427 -7.41309 -184.3
13.4589 -205.951 -7.76245 -186.809
13.2386 -208.477 -8.12671 -189.358
13.047 -211.0 -8.46567 -191.905
12.8551 -213.536 -8.76819 -194.364
12.6614 -216.083 -9.13928 -196.934
12.4331 -218.665 -9.56607 -199.498
12.2092 -221.266 -9.96365 -202.122
12.0095 -223.923 -10.3292 -204.768
11.8062 -226.591 -10.685 -207.425
11.572 -229.281 -11.069 -210.074
11.3102 -231.959 -11.4834 -212.735
11.076 -234.672 -11.9369 -215.425
10.816 -237.34 -12.3588 -218.024
10.544 -240.005 -12.7874 -220.648
10.3195 -242.625 -13.1774 -223.186
10.106 -245.24 -13.5879 -225.83
9.91033 -247.8 -13.9457 -228.342
9.73558 -250.334 -14.3079 -230.986
9.56537 -252.763 -14.6403 -233.435
9.40147 -255.093 -14.9384 -235.736
9.24838 -257.272 -15.1941 -237.802
9.07942 -259.364 -15.4441 -239.913
8.76649 -261.049 -15.7288 -241.858
8.45409 -262.732 -16.1106 -243.748
8.14207 -264.413 -16.5389 -245.568
7.83065 -266.093 -16.961 -247.076
7.51959 -267.772 -17.3571 -248.434
7.21193 -269.091 -17.7187 -249.572
6.97294 -270.081 -17.9853 -250.519
6.82924 -270.923 -18.1771 -251.353
6.77571 -271.689 -18.3105 -252.154
6.82644 -272.449 -18.3342 -252.979
6.98455 -273.191 -18.2598 -253.743
7.23763 -273.937 -18.0301 -254.499
7.63491 -274.708 -17.7361 -255.29
8.26445 -275.458 -17.2081 -256.093
9.55131 -276.03 -16.4011 -256.844
10.8286 -276.582 -15.4806 -257.515
12.0931 -277.115 -14.3141 -258.137
13.3424 -277.632 -12.9582 -258.603
14.5729 -278.135 -11.3231 -259.157
16.2289 -278.511 -9.47882 -259.588
18.2263 -278.749 -7.39587 -259.928
20.4463 -278.952 -5.17184 -260.245
22.8254 -279.082 -2.77975 -260.474
25.3763 -279.199 -0.292694 -260.738
28.0546 -279.367 2.40091 -261.055
30.8422 -279.556 5.23892 -261.393
33.6731 -279.748 8.01047 -261.813
36.6079 -279.97 10.8194 -262.209
39.5709 -280.196 13.7971 -262.648
42.5737 -280.413 16.7748 -263.017
45.6197 -280.623 19.8345 -263.455
48.6866 -280.825 22.8699 -263.872
51.7289 -281.037 25.8471 -264.261
54.7931 -281.27 28.8349 -264.693
57.8613 -281.457 31.7661 -265.083
60.9464 -281.694 34.8979 -265.502
64.0097 -282.0 37.8351 -265.967
67.0949 -282.246 40.9788 -266.422
70.1555 -282.454 43.9089 -266.842
73.228 -282.631 46.9937 -267.194
76.2706 -282.8 49.9944 -267.567
79.317 -283.018 52.9769 -267.944
82.3235 -283.272 55.9449 -268.346
85.375 -283.526 58.9058 -268.788
88.3434 -283.766 61.7863 -269.181
91.3582 -284.034 64.7681 -269.633
94.3448 -284.331 67.6367 -270.051
97.3423 -284.667 70.6227 -270.554
100.306 -285.083 73.5281 -271.108
103.233 -285.542 76.3948 -271.738
106.129 -285.998 79.2534 -272.377
109.007 -286.485 82.052 -273.03
111.86 -286.936 84.8809 -273.653
114.665 -287.354 87.5752 -274.171
117.436 -287.774 90.3373 -274.708
120.084 -288.19 92.9003 -275.211
122.629 -288.577 95.4728 -275.69
125.082 -288.988 97.9221 -276.218
127.382 -289.438 100.206 -276.771
129.525 -289.902 102.231 -277.311
131.439 -290.368 104.187 -277.857
133.189 -290.846 105.932 -278.406
134.789 -291.308 107.488 -278.96
136.36 -291.727 109.038 -279.434
137.961 -292.043 110.664 -279.862
139.538 -292.222 112.185 -280.134
141.132 -292.181 113.82 -280.219
142.635 -291.396 115.431 -280.029
144.044 -290.296 117.02 -279.591
145.419 -289.197 118.538 -278.83
146.762 -288.106 119.913 -277.77
148.077 -287.029 121.179 -276.477
149.306 -285.833 122.348 -274.841
150.224 -283.925 123.36 -273.058
151.148 -281.926 124.428 -271.064
152.146 -279.855 125.53 -269.134
153.209 -277.685 126.652 -266.986
154.371 -275.421 127.898 -264.838
155.634 -273.05 129.245 -262.548
156.967 -270.591 130.662 -260.203
158.343 -268.072 132.153 -257.752
159.743 -265.543 133.679 -255.282
161.212 -262.976 135.287 -252.853
162.759 -260.533 136.906 -250.435
164.396 -258.137 138.632 -248.1
166.083 -255.791 140.456 -245.868
167.785 -253.421 142.335 -243.575
169.471 -250.991 144.134 -241.264
171.103 -248.516 145.87 -238.879
172.702 -245.979 147.579 -236.439
174.227 -243.407 149.229 -233.986
175.693 -240.82 150.83 -231.595
177.109 -238.186 152.425 -228.937
178.478 -235.56 153.889 -226.429
179.851 -232.964 155.349 -223.952
181.204 -230.402 156.819 -221.514
182.57 -227.87 158.334 -219.023
183.934 -225.393 159.816 -216.612
185.243 -222.962 161.259 -214.328
186.534 -220.587 162.688 -212.049
187.742 -218.317 164.003 -209.929
188.895 -216.115 165.246 -207.776
189.949 -214.062 166.383 -205.918
190.917 -212.138 167.48 -204.073
191.813 -210.362 168.453 -202.335
192.618 -208.786 169.359 -200.844
193.351 -207.386 170.14 -199.487
194.007 -206.211 170.902 -198.364
194.579 -205.242 171.513 -197.399
195.041 -204.515 172.046 -196.702
195.462 -203.931 172.485 -196.14
195.917 -203.373 172.922 -195.563
196.461 -202.875 173.403 -195.04
196.951 -202.33 173.799 -194.495
197.534 -201.726 174.376 -193.994
198.26 -200.895 175.081 -193.209
199.107 -199.863 175.968 -192.227
200.101 -198.651 177.123 -191.108
201.146 -197.253 178.258 -189.804
202.234 -195.732 179.472 -188.409
203.351 -193.955 180.68 -186.832
204.502 -191.952 181.921 -185.122
205.653 -189.947 183.206 -183.323
206.803 -187.943 184.465 -181.41
207.953 -185.94 185.783 -179.382
209.1 -183.947 187.097 -177.363
210.347 -181.695 188.452 -175.264
211.625 -179.391 189.916 -172.972
212.902 -177.088 191.329 -170.851
214.188 -174.792 192.83 -168.618
215.457 -172.506 194.245 -166.509
216.717 -170.263 195.674 -164.411
217.945 -168.039 197.041 -162.327
219.102 -165.953 198.333 -160.356
220.165 -164.01 199.496 -158.578
221.084 -162.218 200.532 -156.879
221.867 -160.574 201.42 -155.353
222.53 -158.96 202.204 -153.802
223.003 -157.294 202.819 -152.23
223.28 -155.633 203.188 -150.598
223.381 -153.945 203.407 -148.934
223.327 -152.194 203.454 -147.218
223.185 -150.343 203.394 -145.275
223.004 -148.383 203.333 -143.294
222.825 -146.286 203.401 -141.211
222.644 -144.041 203.407 -139.035
222.436 -141.645 203.38 -136.637
222.259 -139.12 203.365 -134.127
222.118 -136.433 203.462 -131.422
221.995 -133.619 203.563 -128.569
221.894 -130.715 203.728 -125.627
221.75 -127.689 203.807 -122.578
221.606 -124.638 203.909 -119.504
221.44 -121.591 203.96 -116.513
221.243 -118.52 203.979 -113.459
221.036 -115.515 203.992 -110.484
220.838 -112.517 204.041 -107.443
220.645 -109.571 204.084 -104.504
220.477 -106.665 204.169 -101.65
220.32 -103.757 204.228 -98.6901
220.17 -100.889 204.331 -95.8409
220.016 -98.0475 204.396 -92.9509
219.832 -95.2596 204.432 -90.123
219.626 -92.5668 204.434 -87.5896
219.438 -90.0119 204.408 -85.023
219.265 -87.6082 204.373 -82.5744
219.116 -85.4127 204.413 -80.3354
219.023 -83.4001 204.432 -78.2963
219.038 -81.557 204.604 -76.4968
219.181 -79.808 204.907 -74.7426
219.497 -78.1104 205.372 -73.0545
219.968 -76.4766 205.918 -71.4875
220.705 -74.966 206.74 -69.9602
221.768 -73.6354 207.878 -68.6225
223.067 -72.5072 209.156 -67.5074
224.57 -71.5503 210.521 -66.5996
226.303 -70.7974 212.322 -65.989
228.195 -70.2652 214.276 -65.5643
230.203 -69.9556 216.238 -65.3643
232.335 -69.7611 218.367 -65.3158
234.535 -69.64 220.723 -65.431
236.785 -69.5821 222.961 -65.5463
239.133 -69.5355 225.276 -65.6778
241.53 -69.4881 227.674 -65.8125
244.043 -69.4497 230.178 -65.9454
246.652 -69.3384 232.811 -66.0602
249.331 -69.1858 235.521 -66.1418
252.078 -69.0482 238.216 -66.2256
254.95 -68.9023 241.056 -66.3272
257.911 -68.7567 244.069 -66.4177
260.97 -68.5872 247.09 -66.5284
264.135 -68.4038 250.288 -66.6284
267.325 -68.2267 253.532 -66.7554
270.539 -68.0303 256.778 -66.8638
273.749 -67.8442 259.971 -66.9951
276.933 -67.6598 263.142 -67.0836
280.103 -67.4563 266.234 -67.1491
283.26 -67.2488 269.37 -67.1656
286.398 -67.0433 272.546 -67.2664
289.558 -66.8289 275.66 -67.3978
292.697 -66.6192 278.739 -67.4731
295.818 -66.4079 281.834 -67.5544
298.903 -66.2215 284.836 -67.6628
301.971 -65.999 287.874 -67.7307
305.014 -65.7448 290.868 -67.7415
308.026 -65.4805 293.859 -67.7715
311.029 -65.1679 296.88 -67.785
314.024 -64.7996 299.834 -67.7136
316.979 -64.3955 302.761 -67.582
319.931 -63.9443 305.608 -67.4453
322.898 -63.541 308.543 -67.2745
325.899 -63.1906 311.501 -67.232
328.895 -62.8685 314.459 -67.17
331.922 -62.643 317.46 -67.2057
334.935 -62.5014 320.411 -67.2426
337.974 -62.3533 323.451 -67.3084
341.039 -62.2183 326.554 -67.418
344.031 -62.0718 329.494 -67.4807
347.02 -61.9569 332.433 -67.6161
349.962 -61.8244 335.367 -67.7337
352.788 -61.7342 338.207 -67.8494
355.507 -61.6466 340.972 -67.9908
358.113 -61.5652 343.627 -68.122
360.589 -61.5557 346.07 -68.2976
362.882 -61.5836 348.328 -68.5098
364.972 -61.6182 350.435 -68.7294
366.996 -61.632 352.415 -68.9384
369.028 -61.6521 354.523 -69.1411
371.013 -61.5938 356.511 -69.2791
373.016 -61.4454 358.504 -69.3033
375.091 -61.1821 360.595 -69.2278
377.265 -60.8497 362.652 -69.0559
379.59 -60.523 365.06 -68.8974
382.033 -60.2375 367.471 -68.827
384.624 -59.9974 370.026 -68.8022
387.325 -59.8435 372.698 -68.8621
390.16 -59.768 375.477 -68.9951
393.093 -59.7653 378.494 -69.2096
396.16 -59.7616 381.668 -69.4691
399.34 -59.7132 384.896 -69.7031
402.56 -59.6468 387.924 -69.9163
405.772 -59.5288 391.079 -70.077
408.98 -59.3744 394.24 -70.2193
412.156 -59.2059 397.327 -70.3718
415.313 -59.0265 400.484 -70.4749
418.461 -58.8597 403.622 -70.5638
421.557 -58.685 406.717 -70.6688
424.624 -58.5271 409.771 -70.803
427.616 -58.3917 412.805 -70.9512
430.458 -58.2325 415.691 -71.0916
433.169 -58.057 418.433 -71.2314
435.746 -57.8406 420.942 -71.2867
438.174 -57.5691 423.411 -71.253
440.456 -57.26 425.688 -71.1423
442.573 -56.9145 427.845 -71.0192
444.488 -56.5323 429.851 -70.8457
446.192 -56.2444 431.599 -70.7114
447.763 -56.1296 433.168 -70.733
448.909 -56.8575 434.615 -70.9803
450.009 -57.5666 435.903 -71.521
451.068 -58.2483 436.953 -72.3229
452.086 -58.8936 437.838 -73.2713
453.073 -59.4975 438.426 -74.3513
453.673 -60.4355 438.873 -75.5038
453.954 -61.6684 439.041 -76.7489
454.137 -63.0551 439.067 -78.1576
454.21 -64.613 438.971 -79.7289
454.261 -66.3168 438.887 -81.4147
454.349 -68.1686 438.754 -83.248
454.448 -70.1649 438.624 -85.2544
454.553 -72.2875 438.51 -87.3125
454.689 -74.5618 438.402 -89.5717
454.843 -76.9738 438.305 -91.8622
454.994 -79.4997 438.151 -94.4231
455.178 -82.104 438.127 -96.7605
455.363 -84.8388 438.039 -99.6479
455.499 -87.6354 437.908 -102.477
455.63 -90.4832 437.803 -105.32
455.787 -93.3841 437.666 -108.261
455.948 -96.3009 437.576 -111.174
456.109 -99.2281 437.432 -114.102
456.282 -102.159 437.27 -117.12
456.44 -105.06 437.131 -120.017
456.565 -107.967 436.959 -122.871
456.704 -110.853 436.82 -125.662
456.863 -113.704 436.74 -128.597
457.007 -116.548 436.567 -131.398
457.152 -119.319 436.412 -134.155
457.322 -122.057 436.308 -136.91
457.515 -124.783 436.233 -139.705
457.758 -127.476 436.178 -142.361
458.091 -130.119 436.218 -144.995
458.504 -132.753 436.362 -147.658
458.977 -135.326 436.556 -150.229
459.512 -137.905 436.86 -152.905
460.113 -140.409 437.154 -155.44
460.772 -142.913 437.543 -158.09
461.49 -145.34 438.022 -160.601
462.318 -147.735 438.567 -163.155
463.191 -150.103 439.21 -165.734
464.103 -152.414 439.878 -168.021
465.065 -154.717 440.589 -170.413
466.056 -156.963 441.316 -172.661
467.112 -159.169 442.175 -175.037
468.218 -161.323 443.039 -177.296
469.353 -163.407 443.957 -179.44
470.534 -165.441 444.966 -181.632
471.732 -167.41 445.964 -183.665
472.919 -169.219 446.987 -185.653
474.075 -170.884 447.955 -187.411
475.137 -172.393 448.848 -189.028
476.082 -173.735 449.652 -190.47
476.861 -174.942 450.333 -191.762
477.453 -175.991 450.816 -192.904
477.938 -177.002 451.206 -194.03
478.31 -178.056 451.495 -195.12
478.505 -179.128 451.637 -196.192
478.591 -180.182 451.635 -197.299
478.495 -181.298 451.493 -198.397
478.245 -182.475 451.154 -199.57
477.694 -183.643 450.584 -200.734
476.951 -184.888 449.768 -201.904
475.88 -186.18 448.54 -203.091
474.511 -187.531 447.028 -204.317
472.901 -188.961 445.352 -205.542
471.065 -190.462 443.333 -206.872
469.033 -192.064 441.187 -208.25
466.867 -193.802 438.88 -209.717
464.532 -195.63 436.398 -211.262
462.129 -197.482 433.759 -212.91
459.723 -199.356 431.206 -214.497
457.324 -201.244 428.55 -216.137
454.936 -203.145 425.955 -217.775
452.572 -205.047 423.451 -219.408
450.219 -206.956 420.893 -221.017
447.89 -208.854 418.398 -222.568
445.561 -210.739 415.859 -224.214
443.243 -212.595 413.353 -225.808
440.94 -214.456 410.861 -227.396
438.665 -216.302 408.426 -228.937
436.375 -218.193 405.958 -230.544
434.035 -220.122 403.457 -232.23
431.647 -222.119 400.871 -233.958
429.213 -224.14 398.177 -235.679
426.799 -226.16 395.524 -237.408
424.387 -228.18 392.894 -239.11
421.975 -230.199 390.285 -240.843
419.563 -232.219 387.674 -242.548
417.151 -234.238 385.086 -244.218
414.84 -236.197 382.656 -245.871
412.722 -238.006 380.343 -247.389
410.902 -239.166 378.148 -248.747
409.086 -240.324 376.071 -249.997
407.274 -241.48 374.225 -251.041
405.466 -242.637 372.524 -251.795
403.579 -243.776 370.793 -252.242
401.962 -244.073 369.035 -252.354
400.344 -243.935 367.364 -252.073
398.825 -243.431 365.808 -251.403
397.385 -242.596 364.454 -250.422
396.047 -241.492 363.198 -249.206
394.784 -240.169 362.107 -247.782
393.644 -238.707 361.098 -246.188
392.611 -237.025 360.294 -244.55
391.686 -235.132 359.553 -242.435
390.876 -233.042 358.984 -240.192
390.193 -230.737 358.571 -237.85
389.577 -228.259 358.185 -235.307
389.044 -225.596 357.935 -232.623
388.628 -222.77 357.878 -229.887
388.243 -219.783 357.78 -226.917
387.854 -216.66 357.718 -223.806
387.488 -213.454 357.746 -220.564
387.13 -210.187 357.796 -217.293
386.801 -206.882 357.87 -213.957
386.496 -203.539 357.962 -210.618
386.209 -200.166 358.103 -207.214
385.947 -196.796 358.26 -203.84
385.707 -193.429 358.413 -200.485
385.484 -190.099 358.602 -197.073
385.301 -186.786 358.775 -193.721
385.134 -183.511 359.019 -190.53
384.982 -180.27 359.259 -187.206
384.829 -177.061 359.494 -183.976
384.687 -173.885 359.738 -180.825
384.564 -170.742 359.979 -177.638
384.439 -167.64 360.253 -174.565
384.347 -164.609 360.475 -171.583
384.281 -161.695 360.743 -168.617
384.247 -158.947 361.018 -165.905
384.247 -156.376 361.328 -163.419
384.224 -153.975 361.614 -160.986
384.141 -151.742 361.805 -158.743
383.966 -149.693 361.9 -156.702
383.67 -147.906 361.845 -154.883
383.165 -146.391 361.54 -153.285
382.402 -145.093 360.998 -151.851
381.374 -144.04 360.103 -150.733
380.157 -143.257 359.049 -149.766
378.76 -142.75 357.774 -149.031
377.205 -142.421 356.394 -148.512
375.563 -142.272 354.851 -148.163
373.798 -142.162 353.104 -147.796
371.932 -142.14 351.295 -147.49
369.919 -142.121 349.309 -147.229
367.76 -142.115 347.254 -146.974
365.443 -142.153 344.998 -146.689
362.972 -142.238 342.575 -146.465
360.329 -142.334 339.874 -146.227
357.522 -142.469 336.962 -146.035
354.557 -142.639 333.964 -145.906
351.511 -142.787 330.922 -145.739
348.393 -142.952 327.794 -145.523
345.222 -143.117 324.614 -145.304
342.025 -143.288 321.456 -145.058
338.826 -143.492 318.151 -144.895
335.627 -143.673 314.993 -144.691
332.446 -143.864 311.767 -144.47
329.27 -144.083 308.632 -144.226
326.062 -144.292 305.474 -144.003
322.795 -144.478 302.22 -143.739
319.48 -144.642 299.093 -143.492
316.11 -144.815 295.686 -143.211
312.678 -145.015 292.324 -142.932
309.198 -145.23 288.809 -142.663
305.689 -145.436 285.365 -142.386
302.145 -145.64 281.836 -142.086
298.595 -145.849 278.374 -141.807
295.046 -146.074 274.785 -141.536
291.559 -146.312 271.468 -141.294
288.056 -146.544 267.995 -141.037
284.591 -146.755 264.56 -140.766
281.138 -146.963 261.148 -140.467
277.683 -147.177 257.719 -140.241
274.247 -147.372 254.344 -139.955
270.9 -147.524 251.097 -139.667
267.514 -147.704 247.641 -139.392
264.189 -147.89 244.344 -139.101
260.928 -148.08 241.052 -138.903
257.705 -148.247 237.833 -138.621
254.524 -148.422 234.594 -138.333
251.487 -148.595 231.626 -138.055
248.564 -148.751 228.729 -137.79
245.803 -148.907 225.984 -137.628
243.207 -149.071 223.476 -137.417
240.773 -149.24 221.052 -137.266
238.516 -149.41 218.766 -137.112
236.486 -149.573 216.726 -136.941
234.654 -149.74 214.967 -136.867
233.008 -149.863 213.409 -136.807
231.523 -149.906 211.848 -136.595
230.194 -149.789 210.544 -136.261
228.941 -149.527 209.338 -135.897
227.779 -149.087 208.209 -135.368
226.698 -148.509 207.181 -134.632
225.657 -147.698 206.231 -133.798
224.73 -146.703 205.375 -132.704
223.949 -145.503 204.671 -131.397
223.311 -144.068 204.164 -129.96
222.822 -142.464 203.835 -128.348
222.478 -140.72 203.71 -126.61
222.275 -138.794 203.724 -124.788
222.122 -136.708 203.787 -122.646
222.01 -134.423 203.96 -120.409
221.945 -131.985 203.922 -118.231
221.901 -129.368 203.921 -115.944
221.87 -126.551 204.079 -113.147
221.85 -123.649 204.061 -110.051
221.813 -120.664 204.182 -107.178
221.737 -117.647 204.32 -104.275
221.657 -114.635 204.379 -101.288
221.514 -111.631 204.412 -98.3357
221.282 -108.702 204.409 -95.3188
221.097 -105.773 204.391 -92.5393
220.918 -102.852 204.384 -89.675
220.766 -99.978 204.39 -86.9495
220.598 -97.1319 204.459 -84.1776
220.431 -94.3241 204.457 -81.3017
220.307 -91.5938 204.479 -78.7167
220.183 -89.0479 204.492 -76.1624
220.042 -86.7147 204.432 -73.8728
219.898 -84.6474 204.578 -71.801
219.783 -82.8486 204.579 -69.9867
219.699 -81.325 204.735 -68.4278
219.693 -79.9274 204.809 -66.982
219.837 -78.5505 205.072 -65.6076
220.124 -77.2274 205.41 -64.2929
220.585 -75.9566 205.867 -63.0163
221.161 -74.7603 206.474 -61.9315
222.017 -73.6311 207.417 -60.79
223.065 -72.5837 208.483 -59.7531
224.31 -71.6787 209.654 -58.881
225.771 -70.9708 210.998 -58.2491
227.236 -70.3856 212.441 -57.7551
228.711 -69.9868 213.919 -57.4615
230.235 -69.7166 215.485 -57.2837
231.806 -69.5662 217.017 -57.2462
233.426 -69.4779 218.708 -57.2843
235.056 -69.3964 220.31 -57.3171
236.69 -69.2919 221.945 -57.3419
238.317 -69.0847 223.568 -57.2697
239.898 -68.7077 225.12 -57.0712
241.289 -68.2168 226.595 -56.6344
242.497 -67.4447 227.877 -55.9456
243.534 -66.4592 229.077 -55.03
244.371 -65.2972 230.028 -53.8139
244.986 -64.0181 230.823 -52.7095
245.366 -62.5892 231.361 -51.3488
245.503 -61.0668 231.674 -49.869
245.534 -59.4832 231.847 -48.3609
245.462 -57.7829 231.949 -46.6211
245.343 -55.9158 232.028 -44.7811
245.234 -53.8773 232.093 -42.8402
245.141 -51.6648 232.17 -40.614
245.059 -49.2687 232.295 -38.2944
244.986 -46.7097 232.412 -35.9179
244.908 -44.0053 232.528 -33.0666
244.771 -41.1579 232.608 -30.2109
244.62 -38.1373 232.652 -27.1634
244.45 -34.9976 232.702 -23.9658
244.248 -31.7552 232.725 -20.7569
244.057 -28.5157 232.759 -17.4723
243.891 -25.2799 232.871 -14.3494
243.719 -22.0641 232.824 -11.2231
243.497 -18.8694 232.921 -7.94415
243.251 -15.7292 232.933 -4.96152
242.995 -12.6468 232.859 -1.73798
242.729 -9.69718 232.758 1.20914
242.474 -6.90497 232.296 1.97736
242.253 -4.29605 232.264 2.91119
242.055 -1.91013 233.783 2.82458
241.874 0.236394 232.8 4.32935
241.734 2.12728 232.666 3.95953
241.652 3.72838 232.618 4.73126
241.628 5.01516 232.696 5.97052
241.646 6.04276 232.753 6.99445
241.693 6.84525 232.824 7.97525
241.762 7.5446 232.923 8.4838
241.868 8.22585 233.033 9.03323
242.031 8.8842 233.276 9.71365
242.253 9.53687 233.497 10.2941
242.646 10.3162 233.975 11.0485
243.206 11.201 234.615 11.9331
243.958 12.0709 235.382 12.7638
244.955 12.8564 236.371 13.5696
246.227 13.5269 237.637 14.1794
247.763 14.0234 239.19 14.5376
249.535 14.3484 240.992 14.7632
251.538 14.4879 242.953 14.7172
253.758 14.5548 245.102 14.5723
256.182 14.6199 247.539 14.4408
258.805 14.6882 250.169 14.2849
261.601 14.767 252.876 14.2086
264.608 14.8939 255.942 14.1238
267.808 14.9877 258.994 14.0554
271.154 15.0987 262.344 13.8621
274.654 15.2242 265.913 13.7279
278.22 15.3458 269.491 13.5823
281.892 15.491 273.058 13.4727
285.583 15.6457 276.666 13.4233
289.317 15.8256 280.491 13.2841
293.055 15.9994 284.159 13.1661
296.791 16.1486 287.812 13.1254
300.57 16.3153 291.521 12.8958
304.37 16.4803 295.264 12.694
308.161 16.6472 299.096 12.5167
311.982 16.8065 302.865 12.3353
315.816 16.9636 306.67 12.153
319.643 17.1089 310.542 12.0301
323.453 17.2593 312.82 12.1375
327.263 17.4087 316.706 12.1862
331.035 17.5519 320.086 12.3571
334.789 17.703 323.276 12.5206
338.502 17.8533 327.381 12.5964
342.124 18.0252 330.927 12.7694
345.606 18.1934 334.499 13.0276
348.918 18.3735 337.752 13.0681
352.122 18.5583 340.937 13.1761
355.18 18.701 344.01 13.2676
358.052 18.8167 346.765 13.3969
360.737 18.8963 349.276 13.396
363.194 18.964 351.757 13.4689
365.435 19.0085 354.004 13.3574
367.416 19.0761 355.901 13.2532
369.164 19.1907 357.628 13.255
370.756 19.3672 359.22 13.3716
372.244 19.7647 360.663 13.6889
373.59 20.4415 361.963 14.2346
374.742 21.3878 363.123 15.0633
375.665 22.5484 364.082 16.1887
376.335 23.9336 364.857 17.5001
376.658 25.4641 365.281 18.9607
376.658 27.1276 365.368 20.6012
376.43 28.8523 365.199 22.3088
376.116 30.6848 364.961 24.1857
375.767 32.6381 364.722 26.1373
375.42 34.7831 364.453 28.2084
375.053 37.1042 364.177 30.5281
374.707 39.59 363.916 32.9828
374.429 42.2518 363.699 35.6755
374.186 45.0526 363.608 38.2814
373.964 48.0089 363.544 41.1295
373.754 51.0767 363.316 44.0438
373.554 54.2531 363.141 47.325
373.362 57.4889 363.082 50.5751
373.197 60.7458 363.02 53.7872
373.023 64.034 362.911 57.0112
372.85 67.3081 362.781 60.2346
372.669 70.5694 362.633 63.4106
372.466 73.8059 362.475 66.3793
372.296 77.0165 362.378 68.9551
372.157 80.1845 362.344 70.4456
372.06 83.3066 362.257 73.5812
372.01 86.2944 362.193 77.5806
371.996 89.127 362.128 80.3839
371.985 91.8108 360.52 83.0668
371.962 94.4319 360.62 86.0737
371.84 97.0269 360.637 88.6041
371.606 99.5941 360.509 91.0154
371.302 102.216 361.612 93.3654
370.992 104.911 360.101 96.2993
370.685 107.738 359.911 99.256
370.388 110.668 359.737 102.11
370.165 113.797 359.67 105.229
369.963 117.036 359.566 108.333
369.784 120.413 359.549 111.735
369.702 123.918 359.566 115.205
369.664 127.471 359.641 118.739
369.659 131.028 359.718 122.319
369.648 134.554 359.876 125.758
369.609 138.07 359.961 129.225
369.456 141.554 359.922 132.726
369.286 145.023 359.856 136.123
369.099 148.466 359.742 139.568
368.908 151.882 359.592 142.97
368.708 155.288 359.507 146.515
368.452 158.648 359.24 149.853
368.197 161.977 359.054 153.053
367.935 165.272 358.873 156.338
367.658 168.513 358.688 159.677
367.404 171.7 358.498 162.886
367.137 174.9 358.319 166.036
366.867 178.097 358.154 169.254
366.674 181.316 358.027 172.473
366.543 184.556 357.91 174.74
366.436 187.839 357.855 178.124
366.328 191.14 357.797 181.433
366.223 194.469 357.831 184.722
366.18 197.846 357.855 188.154
366.188 201.26 357.945 191.584
366.206 204.683 358.04 194.954
366.247 208.086 358.153 198.299
366.31 211.471 358.274 201.729
366.402 214.818 358.501 205.01
366.53 218.081 358.684 208.323
366.727 221.202 358.941 211.375
366.957 224.168 359.19 214.309
367.192 227.02 359.485 217.002
367.421 229.701 359.748 219.651
367.673 232.184 360.064 222.233
368.003 234.428 360.336 224.41
368.424 236.438 360.783 226.407
368.9 238.259 361.299 228.116
369.352 239.901 361.775 229.717
369.738 241.411 362.163 231.202
370.038 242.783 362.507 232.595
370.267 244.035 362.754 233.788
370.366 245.271 362.885 235.061
370.396 246.478 362.962 236.188
370.365 247.666 362.945 237.415
370.322 248.92 362.953 238.634
370.302 250.217 362.99 239.908
370.309 251.507 363.03 241.208
370.379 252.784 363.13 242.465
370.477 254.052 363.297 243.771
370.636 255.23 363.432 244.993
370.781 256.27 363.622 246.044
370.949 257.24 363.808 246.968
371.054 258.2 363.922 247.885
371.079 259.142 363.998 248.815
371.003 260.14 363.957 249.837
370.75 261.205 363.756 250.941
370.325 262.344 363.36 252.107
369.671 263.513 362.866 253.265
368.735 264.684 362.066 254.504
367.489 265.771 360.899 255.656
365.937 266.72 359.396 256.72
364.087 267.508 357.579 257.646
361.994 268.15 355.476 258.395
359.697 268.667 353.222 259.031
357.154 269.051 350.649 259.485
354.416 269.289 348.011 259.781
351.474 269.539 345.068 260.163
348.348 269.805 341.977 260.579
345.073 270.078 338.732 260.886
341.709 270.346 335.421 261.224
338.24 270.599 331.926 261.617
334.652 270.829 328.394 261.943
331.095 271.009 324.848 262.238
327.501 271.143 321.27 262.476
323.945 271.232 317.721 262.672
320.412 271.276 314.19 262.839
316.906 271.264 310.699 262.915
313.423 271.191 307.231 262.948
309.971 271.077 303.781 262.937
306.545 270.919 300.371 262.901
303.127 270.706 296.933 262.781
299.715 270.436 293.511 262.634
296.286 270.14 290.059 262.462
292.84 269.799 286.62 262.245
289.369 269.415 283.097 261.972
285.868 268.995 279.506 261.654
282.353 268.526 276.028 261.304
278.815 268.012 272.473 260.916
275.249 267.454 268.869 260.493
271.668 266.854 265.374 260.0
268.065 266.184 261.664 259.526
264.456 265.454 257.993 258.961
260.807 264.658 254.332 258.359
257.133 263.79 250.728 257.609
253.479 262.893 247.126 256.817
249.841 261.918 243.42 256.087
246.234 260.894 239.792 255.251
242.64 259.83 236.215 254.328
239.052 258.719 232.508 253.5
235.48 257.568 228.91 252.466
231.918 256.364 225.185 251.494
228.369 255.107 221.637 250.424
224.865 253.809 218.057 249.355
221.386 252.473 214.498 248.177
217.931 251.122 210.957 247.059
214.488 249.748 207.471 245.867
211.078 248.352 204.016 244.665
207.687 246.912 200.567 243.445
204.322 245.423 197.166 242.153
200.984 243.897 193.805 240.854
197.658 242.34 190.333 239.493
194.389 240.739 186.975 238.064
191.167 239.098 183.652 236.624
187.973 237.422 180.368 235.145
184.804 235.734 177.13 233.608
181.661 234.013 173.931 232.027
178.554 232.232 170.822 230.433
175.406 230.379 167.699 228.823
172.166 228.469 164.461 227.059
168.96 226.52 161.227 225.268
165.78 224.495 157.931 223.39
162.641 222.423 154.778 221.508
159.559 220.318 151.552 219.568
156.519 218.195 148.416 217.602
153.52 216.037 145.352 215.556
150.565 213.878 142.373 213.559
147.642 211.691 139.315 211.475
144.771 209.488 136.401 209.425
141.932 207.229 133.503 207.321
139.107 204.937 130.518 205.177
136.324 202.576 127.66 202.943
133.553 200.181 124.805 200.775
130.786 197.72 121.86 198.431
128.023 195.221 119.066 196.037
125.287 192.645 116.267 193.68
122.562 190.014 113.409 191.114
119.867 187.327 110.578 188.563
117.19 184.576 107.753 185.99
114.523 181.782 104.947 183.299
111.882 178.909 102.144 180.59
109.246 175.984 99.36 177.794
106.596 173.04 96.627 174.99
103.954 170.068 93.8382 172.186
101.323 167.07 91.0928 169.338
98.6982 164.066 88.2563 166.474
96.0278 161.116 85.5886 163.647
93.3592 158.18 82.7745 160.899
90.7101 155.247 80.0184 158.07
88.0628 152.34 77.2524 155.344
85.4004 149.455 74.498 152.549
82.7309 146.561 71.701 149.781
80.0894 143.64 68.9569 146.979
77.457 140.702 66.1476 144.219
74.8243 137.766 63.4454 141.402
72.1865 134.821 60.5737 138.581
69.5542 131.887 57.8575 135.87
66.9179 128.958 55.1162 133.117
64.2998 126.036 52.359 130.338
61.6983 123.126 49.5903 127.529
59.096 120.217 46.7865 124.731
56.4885 117.31 43.8635 122.02
53.873 114.419 41.2089 119.277
51.2586 111.511 38.5214 116.512
48.6362 108.596 35.7854 113.766
46.003 105.672 33.0361 110.957
43.3661 102.745 30.2953 108.182
40.7259 99.7851 27.5438 105.416
38.0695 96.8349 24.7563 102.6
35.4168 93.8733 21.9221 99.7596
32.7574 90.8929 19.0945 96.9368
30.103 87.9126 16.2925 94.1471
27.4362 84.9213 13.4116 91.2791
24.79 81.933 10.6322 88.4916
22.1656 78.9488 7.87796 85.6341
19.5546 75.9745 5.12494 82.8789
16.9563 73.0276 2.3924 80.1202
14.3635 70.1292 -0.370941 77.4477
11.7723 67.251 -3.14648 74.7474
9.19775 64.4153 -5.88013 72.1077
6.62229 61.6091 -8.55048 69.4365
4.08413 58.8316 -11.2366 66.8192
1.60798 56.1124 -13.8168 64.349
-0.773922 53.4694 -16.4615 61.926
-3.04592 50.9249 -18.8568 59.5768
-5.25612 48.4447 -21.2282 57.2538
-7.36548 46.0781 -23.5395 55.103
-9.31846 43.8355 -25.6189 53.0184
-11.1046 41.7106 -27.5002 51.0281
-12.717 39.7029 -29.2724 49.169
-14.1554 37.7378 -30.7785 47.3181
-15.3929 35.7638 -32.1667 45.4927
-16.4033 33.7428 -33.318 43.6213
-17.1165 31.6696 -34.2298 41.6161
-17.5144 29.5661 -34.8013 39.5683
-17.5945 27.4708 -35.1253 37.5092
-17.337 25.4451 -35.0872 35.4929
-16.7598 23.5137 -34.6653 33.5966
-15.9113 21.7131 -33.9725 31.7339
-14.8724 20.0675 -33.0599 30.0479
-13.7938 18.4779 -32.1038 28.3384
-12.7465 16.905 -31.2344 26.7396
-11.7395 15.3671 -30.3312 25.1301
-10.8092 13.8732 -29.5197 23.5569
-9.97285 12.4641 -28.7808 22.1164
-9.2312 11.1441 -28.1258 20.7076
-8.57709 9.92565 -27.563 19.4214
-8.02343 8.84301 -27.0272 18.2985
-7.57808 7.92688 -26.6525 17.3029
-7.22548 7.19561 -26.3344 16.5326
-6.88227 6.50916 -26.0944 15.8303
-6.49625 5.88026 -25.7151 15.2296
-6.09482 5.29983 -25.3397 14.5916
-5.64472 4.74575 -25.003 14.0364
-5.07384 4.13046 -24.4665 13.4151
-4.33412 3.47337 -23.789 12.6361
-3.45695 2.82803 -22.97 11.8624
-2.43021 2.19941 -22.0019 11.1183
-1.17714 1.6193 -20.8282 10.3829
0.3018 1.10238 -19.4312 9.72046
2.02044 0.712833 -17.8319 9.19299
3.99253 0.528936 -15.9781 8.80386
6.16218 0.463744 -13.8619 8.53128
8.48903 0.497059 -11.5837 8.36365
10.9591 0.604811 -9.17087 8.23456
13.5692 0.680117 -6.56381 8.11227
16.3073 0.786507 -3.82916 8.0416
19.1449 0.905012 -1.04752 8.00732
22.0736 1.0504 1.9805 7.9444
25.1355 1.24557 4.99313 7.90186
28.2777 1.47706 8.14478 7.93237
31.5049 1.72472 11.3346 7.97311
34.7424 1.96662 14.6193 8.05035
38.0277 2.23825 17.8799 8.17386
41.3638 2.4815 21.1818 8.24103
44.7103 2.71506 24.5438 8.35501
48.0964 2.91476 27.794 8.42929
51.5088 3.09823 31.1526 8.46448
54.9768 3.26826 34.6564 8.40857
58.484 3.43758 38.2141 8.40787
62.0085 3.63703 41.616 8.41516
65.579 3.85719 45.2941 8.35385
69.1687 4.03686 48.8002 8.31537
72.7528 4.25106 52.2693 8.33899
76.2838 4.46503 55.8899 8.31012
79.7989 4.66043 59.309 8.31033
83.2943 4.87128 63.0416 8.25037
86.7357 5.08674 66.3947 8.21069
90.1508 5.27507 69.8265 8.18533
93.5677 5.41899 73.1926 8.1196
