3.96385 -0.46575 0.865845 -0.619507
6.8262 -1.28808 3.37476 -1.21716
9.52739 -2.48868 6.07544 -2.13391
12.0188 -4.03669 8.78308 -3.39001
14.2373 -5.91346 11.1156 -5.07166
16.155 -8.05965 13.1915 -6.95166
17.7358 -10.4357 14.8882 -9.21265
18.9849 -13.0239 16.29 -11.4895
19.9486 -15.7882 17.5615 -14.1708
20.6454 -18.6907 18.5422 -17.0016
21.0745 -21.7416 19.2455 -19.7388
21.2407 -24.9311 19.7131 -22.9229
21.1697 -28.2425 19.8066 -26.2877
20.9398 -31.642 19.9755 -29.7012
20.5853 -35.1147 20.1387 -33.2805
20.1108 -38.7673 20.0391 -36.9939
19.5506 -42.6068 19.9432 -40.9694
18.9223 -46.6485 19.7014 -45.0255
18.2399 -50.8713 19.4581 -49.3662
17.5287 -55.2756 19.2561 -53.8423
16.8055 -59.87 19.0491 -58.5045
16.0655 -64.6615 18.8009 -63.3591
15.3106 -69.5915 18.5836 -68.3663
14.5538 -74.6568 18.3391 -73.4524
13.7761 -79.8642 18.0635 -78.7212
12.98 -85.1938 17.8645 -84.1118
12.1486 -90.6666 17.5695 -89.6465
11.2675 -96.2638 17.3014 -95.3302
10.3099 -101.955 16.9475 -101.164
9.24638 -107.725 16.5315 -107.006
8.08692 -113.581 16.0021 -113.015
6.80828 -119.496 14.8501 -123.076
5.40353 -125.479 14.0355 -129.263
3.88011 -131.523 13.0975 -135.392
2.25799 -137.625 12.1965 -141.785
0.551587 -143.793 11.0719 -148.14
-1.26111 -150.007 9.81519 -154.595
-3.18765 -156.275 8.48779 -161.074
-5.21197 -162.587 7.10803 -167.634
-7.33146 -168.954 5.58911 -174.16
-9.55783 -175.367 4.0072 -180.848
-11.8623 -181.83 2.35974 -187.594
-14.2555 -188.344 0.548462 -194.375
-16.7532 -194.901 -1.2478 -201.148
-19.3445 -201.48 -3.18359 -208.042
-22.0366 -208.075 -5.19336 -214.936
-24.8069 -214.67 -7.25732 -221.795
-27.6423 -221.275 -9.4165 -228.633
-30.5421 -227.869 -11.6025 -235.526
-33.5041 -234.448 -14.5985 -244.685
-36.5336 -241.01 -16.9493 -251.562
-39.632 -247.524 -18.2617 -255.39
-42.8137 -253.99 -20.4517 -262.476
-46.0741 -260.445 -22.7256 -269.45
-49.4345 -266.892 -25.045 -276.375
-52.8877 -273.332 -27.4064 -283.429
-56.4551 -279.827 -30.0035 -290.486
-60.1296 -286.372 -32.6445 -297.622
-63.9234 -292.983 -35.3972 -304.737
-67.8087 -299.642 -38.2876 -311.961
-71.7917 -306.359 -41.2651 -319.435
-75.9001 -313.13 -44.3861 -326.772
-80.1727 -319.895 -47.6632 -334.162
-84.5797 -326.663 -51.1959 -341.444
-89.0867 -333.384 -54.6248 -348.931
-93.7001 -340.056 -57.2782 -354.08
-98.4119 -346.701 -58.7122 -356.679
-103.203 -353.311 -60.1764 -359.461
-108.078 -359.867 -62.1451 -362.966
-113.018 -366.363 -63.071 -364.791
-118.026 -372.793 -65.2294 -368.967
-123.073 -379.149 -66.2987 -370.848
-128.206 -385.462 -67.7357 -373.254
-133.351 -391.717 -68.3785 -374.027
-138.57 -397.893 -68.3047 -373.331
-143.84 -404.013 -68.5674 -373.267
-149.165 -410.086 -70.959 -376.536
-154.506 -416.13 -72.2351 -378.527
-159.858 -422.141 -73.3077 -379.699
-165.238 -428.129 -77.9194 -387.051
-170.628 -434.072 -81.6558 -393.834
-175.971 -440.03 -85.5636 -400.732
-181.288 -446.046 -89.2203 -407.792
-186.533 -452.092 -92.6453 -414.419
-191.72 -458.187 -93.7211 -416.468
-196.906 -464.279 -93.9889 -416.758
-202.048 -470.384 -94.3007 -417.335
-207.186 -476.511 -94.2567 -417.125
-212.285 -482.655 -94.6307 -417.961
-217.371 -488.807 -94.2928 -417.26
-222.448 -494.971 -94.5439 -418.169
-227.527 -501.133 -94.7892 -419.055
-232.607 -507.292 -94.7192 -418.82
-237.691 -513.445 -94.6464 -418.627
-242.768 -519.601 -94.7051 -418.674
-247.846 -525.763 -94.1809 -417.686
-252.916 -531.926 -94.9056 -419.548
-257.983 -538.095 -94.8815 -419.738
-263.055 -544.268 -94.3539 -418.977
-268.134 -550.437 -94.5302 -418.475
-273.22 -556.605 -94.2114 -417.762
-278.311 -562.778 -94.9945 -419.791
-283.395 -568.95 -94.9924 -419.909
-288.477 -575.138 -94.399 -418.135
-293.543 -581.314 -94.816 -419.019
-298.612 -587.519 -94.6292 -418.756
-303.609 -593.672 -94.2601 -418.549
-308.613 -599.867 -94.6331 -419.304
-313.624 -606.07 -94.0822 -417.832
-318.636 -612.271 -94.3452 -418.417
-323.646 -618.466 -94.1194 -417.963
-328.658 -624.675 -94.5308 -418.937
-333.666 -630.889 -94.5081 -418.792
-338.659 -637.095 -94.3939 -418.626
-343.65 -643.305 -94.2963 -418.077
-348.624 -649.516 -94.0649 -417.86
-353.587 -655.736 -94.5242 -418.92
-358.533 -661.959 -94.3016 -418.603
-363.475 -668.19 -94.9218 -420.066
-368.419 -674.432 -94.4438 -419.559
-373.374 -680.666 -93.7616 -418.153
-378.337 -686.894 -94.2109 -418.583
-383.305 -693.116 -94.1373 -418.291
-388.265 -699.346 -94.0774 -417.282
-393.217 -705.583 -93.8162 -415.882
-398.161 -711.824 -93.2452 -414.696
-403.067 -718.063 -92.7958 -413.757
-407.958 -724.316 -92.1398 -412.761
-412.829 -730.589 -91.7208 -411.632
-417.694 -736.856 -91.0651 -410.674
-422.551 -743.142 -90.746 -409.458
-427.413 -749.421 -90.3706 -408.415
-432.271 -755.711 -89.9563 -407.471
-437.112 -762.018 -89.4463 -406.358
-441.935 -768.347 -89.0166 -405.3
-446.741 -774.69 -88.4359 -404.285
-451.529 -781.038 -87.8879 -403.018
-456.304 -787.387 -87.358 -401.762
-461.082 -793.71 -87.093 -400.654
-465.863 -800.012 -86.656 -399.078
-470.637 -806.299 -86.3176 -397.993
-475.413 -812.591 -85.9598 -396.93
-480.175 -818.895 -85.8158 -396.286
-484.918 -825.23 -85.1339 -395.098
-489.632 -831.591 -84.9399 -394.593
-494.345 -837.986 -84.8971 -394.97
-499.056 -844.404 -84.5433 -394.821
-503.767 -850.821 -84.1805 -392.881
-508.487 -857.262 -83.8273 -392.162
-513.214 -863.71 -83.5881 -391.084
-517.922 -870.157 -83.7563 -391.261
-522.608 -876.589 -83.0437 -389.459
-527.248 -883.032 -82.9685 -389.343
-531.831 -889.471 -82.5074 -388.254
-536.37 -895.895 -82.3175 -387.742
-540.866 -902.308 -82.1742 -387.375
-545.332 -908.727 -81.8291 -386.359
-549.773 -915.123 -82.0195 -387.385
-554.202 -921.544 -81.3074 -385.273
-558.595 -927.945 -80.896 -384.148
-562.996 -934.354 -80.6356 -383.481
-567.397 -940.772 -80.1991 -382.276
-571.786 -947.205 -79.8351 -381.412
-576.166 -953.66 -79.3525 -380.115
-580.526 -960.138 -79.4543 -380.82
-584.874 -966.637 -79.7711 -381.728
-589.204 -973.125 -79.7925 -382.459
-593.533 -979.625 -80.86 -384.531
-597.869 -986.127 -80.8085 -384.541
-602.212 -992.63 -81.0182 -385.103
-606.537 -999.138 -81.7266 -387.454
-610.84 -1005.64 -80.9957 -386.291
-615.119 -1012.14 -80.7906 -385.385
-619.381 -1018.62 -80.0244 -383.516
-623.631 -1025.07 -80.7371 -385.011
-627.857 -1031.51 -82.4811 -389.803
-632.024 -1037.94 -83.7135 -392.3
-636.185 -1044.37 -84.3514 -394.092
-640.317 -1050.8 -84.959 -395.509
-644.417 -1057.23 -84.5781 -396.595
-648.492 -1063.67 -84.7687 -396.815
-652.535 -1070.11 -84.9296 -396.599
-656.59 -1076.55 -85.4556 -398.126
-660.639 -1082.99 -87.2958 -404.204
-664.669 -1089.41 -86.3083 -402.562
-668.678 -1095.88 -87.6969 -403.556
-672.673 -1102.35 -87.8396 -402.25
-676.637 -1108.83 -88.1725 -402.441
-680.587 -1115.33 -88.1801 -402.553
-684.512 -1121.84 -88.3314 -403.403
-688.439 -1128.38 -88.58 -404.021
-692.35 -1134.95 -87.519 -404.191
-696.255 -1141.54 -86.9786 -402.953
-700.149 -1148.16 -87.3003 -403.553
-704.041 -1154.8 -87.4412 -403.205
-707.936 -1161.45 -87.6719 -403.549
-711.844 -1168.11 -87.509 -402.81
-715.768 -1174.79 -87.6914 -402.926
-719.711 -1181.52 -87.8271 -403.495
-723.659 -1188.27 -86.99 -402.188
-727.62 -1195.05 -87.6439 -403.394
-731.582 -1201.87 -87.9388 -403.959
-735.534 -1208.71 -87.8831 -402.578
-739.476 -1215.58 -87.3428 -401.262
-743.415 -1222.48 -87.5892 -402.084
-747.328 -1229.42 -87.8788 -403.405
-751.227 -1236.41 -87.6805 -401.648
-755.12 -1243.42 -88.3954 -403.587
-759.014 -1250.48 -87.7705 -403.233
-762.911 -1257.58 -87.7712 -403.079
-766.807 -1264.72 -88.0879 -403.684
-770.693 -1271.87 -87.1639 -402.929
-774.582 -1279.07 -87.5096 -402.757
-778.462 -1286.29 -87.9125 -402.863
-782.328 -1293.51 -87.6704 -402.903
-786.182 -1300.74 -87.9008 -403.365
-790.017 -1307.97 -87.8579 -403.504
-793.844 -1315.21 -87.8151 -404.451
-797.648 -1322.45 -86.7339 -403.235
-801.429 -1329.71 -86.8398 -403.774
-805.211 -1336.96 -88.9454 -408.899
-808.974 -1344.21 -93.0139 -418.965
-812.734 -1351.48 -94.4313 -422.101
-816.481 -1358.74 -95.5388 -425.648
-820.197 -1365.98 -95.376 -424.842
-823.893 -1373.21 -97.9535 -431.251
-827.566 -1380.42 -98.4749 -432.233
-831.216 -1387.65 -98.6875 -433.277
-834.847 -1394.88 -98.869 -433.328
-838.459 -1402.12 -98.8428 -433.051
-842.049 -1409.34 -98.1554 -432.307
-845.603 -1416.55 -98.6514 -432.969
-849.132 -1423.74 -98.3907 -431.383
-852.643 -1430.94 -98.1707 -431.347
-856.139 -1438.13 -99.0972 -431.4
-859.618 -1445.33 -98.5128 -432.486
-863.071 -1452.51 -98.4478 -431.595
-866.49 -1459.67 -97.9481 -431.305
-869.886 -1466.81 -98.032 -432.117
-873.257 -1473.92 -98.2882 -431.922
-876.593 -1481.0 -98.3744 -432.659
-879.897 -1488.04 -98.6246 -433.097
-883.175 -1495.04 -98.1876 -432.333
-886.427 -1502.0 -97.9889 -432.307
-889.652 -1508.91 -97.6404 -431.129
-892.849 -1515.8 -99.5215 -436.964
-896.019 -1522.68 -100.896 -441.542
-899.162 -1529.52 -101.439 -443.291
-902.274 -1536.34 -101.459 -443.22
-905.358 -1543.13 -100.581 -441.493
-908.407 -1549.88 -101.481 -443.701
-911.427 -1556.61 -101.56 -444.776
-914.426 -1563.29 -101.332 -444.329
-917.422 -1569.92 -101.083 -443.153
-920.429 -1576.53 -102.818 -448.175
-923.439 -1583.11 -104.169 -451.974
-926.457 -1589.66 -105.151 -454.909
-929.503 -1596.16 -106.531 -460.305
-932.581 -1602.59 -107.048 -461.9
-935.699 -1608.97 -107.2 -461.117
-938.849 -1615.28 -107.124 -460.408
-942.017 -1621.51 -107.847 -461.17
-945.195 -1627.69 -108.199 -460.824
-948.357 -1633.82 -108.207 -459.621
-951.509 -1639.9 -108.782 -460.215
-954.636 -1645.93 -108.997 -459.928
-957.723 -1651.93 -109.188 -459.825
-960.745 -1657.89 -109.357 -459.942
-963.714 -1663.84 -109.479 -460.168
-966.61 -1669.81 -109.569 -460.218
-969.464 -1675.78 -109.694 -460.08
-972.264 -1681.72 -109.652 -459.779
-975.06 -1687.66 -109.706 -459.744
-977.834 -1693.55 -109.638 -459.175
-980.599 -1699.42 -109.688 -459.155
-983.335 -1705.26 -109.626 -459.24
-986.044 -1711.08 -109.562 -459.204
-988.714 -1716.88 -109.575 -459.621
-991.337 -1722.68 -109.535 -460.217
-993.918 -1728.44 -109.671 -460.455
-996.458 -1734.16 -109.269 -460.857
-998.953 -1739.78 -109.445 -459.837
-1001.4 -1745.31 -109.668 -462.381
-1003.79 -1750.78 -109.411 -460.851
-1006.16 -1756.19 -109.731 -461.703
-1008.54 -1761.51 -110.902 -466.914
-1010.91 -1766.72 -112.468 -467.706
-1013.24 -1771.79 -113.221 -469.088
-1015.55 -1776.73 -114.21 -474.165
-1017.84 -1781.54 -115.277 -478.926
-1020.1 -1786.18 -116.431 -483.618
-1022.36 -1790.64 -117.792 -488.134
-1024.67 -1794.92 -119.388 -492.453
-1027.1 -1798.99 -121.296 -496.729
-1029.7 -1802.85 -125.089 -503.202
-1032.48 -1806.51 -127.742 -506.854
-1035.47 -1809.96 -130.607 -510.283
-1038.63 -1813.13 -133.749 -513.427
-1042.06 -1816.08 -137.217 -516.32
-1045.69 -1818.74 -140.849 -518.869
-1049.52 -1821.1 -144.699 -521.1
-1053.52 -1823.12 -148.753 -523.064
-1057.67 -1824.8 -152.92 -524.659
-1061.93 -1826.1 -157.194 -525.917
-1066.3 -1827.05 -161.56 -526.883
-1070.73 -1827.64 -166.05 -527.526
-1075.15 -1827.81 -170.491 -527.791
-1079.64 -1827.7 -175.039 -527.663
-1084.11 -1827.23 -179.6 -527.171
-1088.57 -1826.41 -183.991 -526.292
-1092.95 -1825.21 -188.371 -525.016
-1097.24 -1823.64 -192.681 -523.334
-1101.36 -1821.68 -196.71 -521.317
-1105.31 -1819.35 -200.596 -518.971
-1109.03 -1816.69 -204.266 -516.223
-1112.44 -1813.65 -207.703 -513.235
-1115.62 -1810.38 -210.922 -509.81
-1118.51 -1806.82 -213.836 -506.285
-1121.09 -1803.01 -216.661 -502.415
-1123.36 -1798.96 -219.221 -498.298
-1125.32 -1794.7 -221.602 -493.9
-1127.0 -1790.26 -223.794 -489.528
-1128.4 -1785.65 -225.882 -485.012
-1129.54 -1780.92 -227.925 -480.27
-1130.49 -1776.08 -229.839 -475.531
-1131.28 -1771.14 -231.697 -470.806
-1131.95 -1766.11 -233.558 -465.964
-1132.53 -1761.05 -235.303 -461.123
-1133.05 -1755.96 -237.723 -454.667
-1133.52 -1750.86 -239.957 -448.202
-1133.96 -1745.76 -241.61 -443.511
-1134.39 -1740.64 -243.233 -438.776
-1134.8 -1735.52 -244.743 -434.081
-1135.19 -1730.43 -246.211 -429.506
-1135.56 -1725.4 -247.458 -424.91
-1135.89 -1720.43 -248.294 -420.446
-1136.16 -1715.54 -248.978 -416.027
-1136.3 -1710.75 -249.304 -410.167
-1136.25 -1706.08 -249.049 -405.795
-1135.97 -1701.55 -248.441 -401.468
-1135.4 -1697.16 -247.354 -397.253
-1134.47 -1692.83 -245.881 -393.147
-1133.23 -1688.62 -244.006 -389.375
-1131.54 -1684.48 -241.723 -385.763
-1129.52 -1680.64 -239.104 -382.487
-1127.1 -1677.08 -236.161 -379.509
-1124.33 -1673.81 -232.906 -376.796
-1121.23 -1670.88 -229.359 -374.277
-1117.83 -1668.32 -225.676 -372.176
-1114.18 -1666.12 -221.706 -370.406
-1110.32 -1664.27 -217.532 -369.122
-1106.3 -1662.78 -213.312 -368.199
-1102.06 -1661.56 -208.978 -367.715
-1097.8 -1660.88 -204.567 -367.589
-1093.44 -1660.62 -200.003 -367.923
-1089.08 -1660.81 -194.044 -368.784
-1084.74 -1661.42 -189.541 -369.648
-1080.42 -1662.47 -184.939 -370.787
-1076.15 -1663.91 -180.196 -371.877
-1071.93 -1665.69 -175.337 -373.165
-1067.76 -1667.75 -170.554 -374.457
-1063.61 -1670.01 -168.865 -374.978
-1059.46 -1672.45 -168.865 -374.978
-1055.28 -1674.99 -168.865 -374.978
-1051.03 -1677.59 -168.865 -374.978
-1046.74 -1680.26 -168.865 -374.978
