6.07941 0.00664887 3.04364 0.0507812
10.5993 0.04481 7.48993 0.0601807
15.0759 0.10778 11.9293 0.115356
19.5164 0.205848 16.2902 0.214172
23.9087 0.297799 20.711 0.289124
28.2351 0.388164 24.9672 0.319153
32.4934 0.467863 29.2258 0.330994
36.6397 0.554867 33.3374 0.410889
40.654 0.635159 37.3519 0.411377
44.5029 0.686541 41.1185 0.459167
48.1977 0.700199 44.8223 0.513733
51.7913 0.67597 48.4403 0.443054
55.2811 0.560062 52.0308 0.281189
58.6401 0.304374 55.3896 0.139404
61.8684 -0.141416 58.5526 -0.425476
64.949 -0.822607 61.5647 -1.26984
67.8562 -1.71945 64.4907 -2.34113
70.5884 -2.83665 67.2789 -3.6496
73.1322 -4.16577 69.8446 -5.06732
75.5014 -5.70743 72.1957 -6.4118
77.6271 -7.46976 74.2483 -8.10474
79.5064 -9.42095 75.9838 -9.96661
81.1617 -11.554 77.9347 -12.2676
82.6605 -13.8564 79.3167 -14.3978
83.906 -16.3519 80.6038 -16.9988
84.8737 -19.0035 81.5773 -19.662
85.5159 -21.7962 82.1328 -22.5855
85.8388 -24.6634 82.4418 -25.394
85.9082 -27.5777 82.4386 -28.3859
85.8096 -30.5206 82.282 -31.3005
85.5875 -33.4852 81.9718 -34.2568
85.3328 -36.4741 81.6992 -37.1824
85.0471 -39.4879 81.3872 -40.2041
84.7334 -42.5415 81.0703 -43.2629
84.3962 -45.6239 80.7716 -46.3198
84.038 -48.7426 80.4917 -49.5056
83.6459 -51.9071 80.0693 -52.7252
83.2312 -55.0895 79.7551 -55.9008
82.8319 -58.3122 79.4026 -59.1287
82.4201 -61.5895 79.0751 -62.3664
81.9717 -64.903 78.3635 -65.5815
81.5274 -68.2284 77.8457 -68.9557
81.1103 -71.6212 77.4393 -72.3238
80.6896 -75.0275 77.0392 -75.7271
80.2607 -78.4968 76.5398 -79.2894
79.8408 -81.9887 76.1251 -82.8054
79.4186 -85.4813 75.6322 -86.3162
78.9918 -89.0303 75.0925 -89.8493
78.5734 -92.6664 74.6252 -93.532
78.1715 -96.338 74.2477 -97.2482
77.8218 -100.043 73.9119 -100.996
77.4504 -103.785 73.5005 -104.798
77.0473 -107.533 73.004 -108.624
76.6079 -111.239 72.5869 -112.385
76.049 -114.911 72.0038 -116.051
75.3166 -118.541 71.2346 -119.659
74.4473 -122.08 70.4714 -123.265
73.4272 -125.597 69.5966 -126.819
72.2359 -129.015 68.3601 -130.09
70.9045 -132.355 67.0679 -133.504
69.4146 -135.604 65.4943 -136.668
67.7536 -138.81 63.884 -139.911
65.9118 -141.967 62.1447 -143.088
63.8755 -145.045 60.1313 -146.249
61.6407 -148.036 57.8727 -149.282
59.2263 -150.918 55.4825 -152.172
56.6081 -153.688 52.8442 -154.941
53.772 -156.298 50.0543 -157.616
50.7264 -158.756 47.0153 -159.782
47.5606 -161.003 43.767 -161.871
44.229 -162.973 40.3462 -163.685
40.7888 -164.751 37.0419 -165.393
37.2625 -166.349 33.517 -167.046
33.6581 -167.797 29.8118 -168.228
30.0282 -169.138 26.1865 -169.436
26.3551 -170.362 22.4886 -171.033
22.6727 -171.513 18.9255 -172.078
19.0101 -172.618 15.2979 -173.113
15.4012 -173.783 11.562 -174.282
11.8119 -175.061 7.94183 -175.553
8.27014 -176.4 4.33685 -176.795
4.7515 -177.861 0.797363 -178.169
1.2863 -179.498 -2.63171 -179.646
-2.08345 -181.288 -5.96375 -181.334
-5.31267 -183.206 -9.24567 -183.138
-8.39702 -185.272 -12.3426 -185.019
-11.3224 -187.524 -15.3206 -186.995
-14.0031 -189.943 -18.0305 -189.191
-16.4366 -192.559 -20.7119 -191.711
-18.6443 -195.323 -23.061 -194.28
-20.6057 -198.214 -25.1999 -197.032
-22.2634 -201.311 -26.6524 -199.169
-23.6192 -204.529 -28.4619 -202.677
-24.6144 -207.905 -29.626 -205.596
-25.2291 -211.336 -30.6518 -208.885
-25.4606 -214.798 -31.2875 -212.402
-25.3195 -218.271 -31.5208 -215.882
-24.8474 -221.723 -31.4731 -219.403
-24.0686 -225.163 -31.0524 -222.917
-22.9704 -228.539 -30.3684 -226.299
-21.5549 -231.818 -29.3301 -229.678
-19.8355 -234.979 -27.9416 -233.128
-17.8278 -238.016 -26.3308 -236.295
-15.5848 -240.914 -24.3794 -239.441
-13.1589 -243.698 -22.3276 -242.531
-10.5186 -246.324 -20.1992 -245.352
-7.72309 -248.811 -17.8217 -248.219
-4.75083 -251.159 -15.457 -251.071
-1.62979 -253.382 -13.1034 -253.906
1.62872 -255.497 -10.4487 -256.561
4.98932 -257.54 -7.28467 -259.021
8.41091 -259.554 -4.16632 -261.444
11.883 -261.532 -1.0022 -263.969
15.3951 -263.468 2.20258 -266.432
18.917 -265.374 5.45343 -268.898
22.4411 -267.266 8.72559 -271.419
25.9592 -269.162 11.907 -273.906
29.5258 -270.976 15.176 -276.403
33.1201 -272.843 18.3936 -278.869
36.6943 -274.772 21.6955 -281.403
40.2589 -276.68 24.8883 -283.832
43.8693 -278.641 28.1344 -286.259
47.5169 -280.538 31.4312 -288.742
51.1508 -282.375 34.6451 -291.185
54.7116 -284.167 37.8955 -293.57
58.2246 -285.94 41.0997 -295.905
61.6848 -287.629 44.2516 -298.09
65.0785 -289.248 47.3579 -300.196
68.3854 -290.816 50.3906 -302.292
71.634 -292.408 53.3781 -304.441
74.7982 -294.13 56.2123 -306.66
77.887 -295.971 58.9342 -308.895
80.8724 -297.947 61.5369 -311.246
83.6885 -300.113 64.1431 -313.76
86.2844 -302.463 66.4271 -316.452
88.62 -304.988 68.5469 -319.281
90.6456 -307.705 70.3237 -322.234
92.3417 -310.567 71.7184 -325.329
93.7043 -313.549 72.7057 -328.439
94.7333 -316.637 73.3258 -331.615
95.4223 -319.795 73.6144 -334.851
95.8114 -323.038 73.7047 -338.072
95.8511 -326.29 73.295 -341.209
95.5237 -329.44 72.5807 -344.285
94.8117 -332.691 71.5164 -347.321
93.8008 -335.719 70.174 -350.193
92.4881 -338.557 68.5524 -352.893
90.9184 -341.251 66.698 -355.444
89.0164 -343.805 64.4832 -357.867
86.7917 -346.174 62.0155 -359.983
84.1882 -348.26 59.2023 -361.825
81.3612 -350.027 56.2285 -363.317
78.4074 -351.45 53.2505 -364.466
75.3875 -352.529 50.0946 -365.242
72.2439 -353.354 46.8131 -365.601
69.0295 -354.038 43.5791 -365.934
65.8108 -354.673 40.3506 -366.195
62.5883 -355.21 37.1309 -366.37
59.3878 -355.632 33.944 -366.514
56.259 -355.981 30.6013 -366.428
53.2004 -356.312 27.506 -366.321
50.2541 -356.643 24.6005 -366.448
47.4713 -357.147 21.777 -366.685
44.9389 -357.77 19.1979 -367.045
42.6479 -358.587 16.8221 -367.657
40.5858 -359.688 14.5815 -368.523
38.8272 -361.095 12.574 -369.671
37.4053 -362.759 10.8269 -371.186
36.3039 -364.588 9.63409 -372.841
35.5499 -366.828 8.51129 -374.965
35.1265 -369.39 7.70093 -377.214
35.0567 -372.055 7.40454 -379.815
35.2906 -374.838 7.3905 -382.494
35.8176 -377.631 7.54071 -385.247
36.6141 -380.381 8.03998 -388.092
37.6771 -383.095 8.70123 -390.863
38.9769 -385.712 9.70734 -393.588
40.5565 -388.175 10.9854 -396.217
42.44 -390.437 12.5833 -398.689
44.5757 -392.465 14.4832 -401.013
46.8836 -394.271 16.5371 -403.082
49.2827 -395.919 18.7074 -404.952
51.7576 -397.415 21.0128 -406.723
54.3055 -398.746 23.2723 -408.248
56.937 -399.918 25.8073 -409.736
59.6363 -400.877 28.2845 -410.994
62.43 -401.618 31.0391 -412.1
65.2972 -402.129 33.8048 -412.961
68.2463 -402.404 36.6639 -413.627
71.2852 -402.483 39.6814 -414.076
74.4039 -402.408 42.7933 -414.319
77.6211 -402.311 45.9392 -414.549
80.9092 -402.177 49.1923 -414.702
84.2996 -402.028 52.6094 -414.901
87.7536 -401.867 56.0676 -415.083
91.3107 -401.633 59.5731 -415.226
94.9645 -401.364 63.2135 -415.33
98.684 -401.063 66.9489 -415.419
102.458 -400.718 70.7207 -415.461
106.24 -400.356 74.4487 -415.526
109.993 -399.945 78.2343 -415.546
113.741 -399.476 81.9932 -415.525
117.463 -398.967 85.7998 -415.474
121.154 -398.415 89.4954 -415.375
124.844 -397.823 93.2418 -415.268
128.545 -397.215 96.9397 -415.085
132.24 -396.63 100.603 -414.989
135.892 -396.01 104.362 -414.805
139.484 -395.412 107.997 -414.692
143.084 -394.847 111.593 -414.578
146.685 -394.305 115.29 -414.465
150.3 -393.792 118.977 -414.411
153.935 -393.29 122.675 -414.333
157.578 -392.8 126.35 -414.293
161.234 -392.31 130.038 -414.238
164.904 -391.829 133.784 -414.246
168.586 -391.352 137.532 -414.2
172.272 -390.884 141.238 -414.171
175.978 -390.417 144.986 -414.166
179.676 -389.96 148.661 -414.176
183.387 -389.516 152.372 -414.188
187.155 -389.119 156.167 -414.287
190.939 -388.793 159.936 -414.43
194.721 -388.529 163.696 -414.643
198.516 -388.337 167.463 -414.891
202.318 -388.209 171.252 -415.174
206.115 -388.155 175.028 -415.564
209.926 -388.179 178.808 -416.055
213.735 -388.259 182.667 -416.586
217.548 -388.387 186.463 -417.13
221.371 -388.603 190.229 -417.8
225.205 -388.881 194.005 -418.532
229.043 -389.239 197.779 -419.345
232.882 -389.673 201.49 -420.157
236.742 -390.175 205.288 -421.101
240.619 -390.72 209.039 -422.107
244.486 -391.348 212.708 -423.15
248.379 -392.061 216.496 -424.316
252.307 -392.661 220.294 -425.563
256.243 -393.5 224.087 -426.932
260.14 -394.474 227.942 -428.446
264.012 -395.594 231.624 -429.992
267.818 -396.784 235.282 -431.629
271.542 -398.022 238.848 -433.33
275.204 -399.361 242.335 -435.057
278.821 -400.731 245.815 -436.792
282.436 -402.141 249.202 -438.598
286.018 -403.594 252.529 -440.388
289.538 -405.029 255.895 -442.201
293.008 -406.455 259.217 -444.025
296.417 -407.866 262.434 -445.833
299.766 -409.245 265.633 -447.609
303.062 -410.617 268.802 -449.328
306.34 -411.993 272.041 -451.105
309.608 -413.37 275.065 -452.831
312.922 -414.741 278.186 -454.582
316.288 -416.074 281.374 -456.369
319.686 -417.411 284.66 -458.316
323.089 -418.857 287.942 -460.318
326.495 -420.476 291.05 -462.357
329.918 -422.222 294.257 -464.568
333.348 -424.097 297.29 -466.842
336.793 -426.05 300.515 -469.275
340.191 -428.071 303.608 -471.753
343.537 -430.129 306.668 -474.32
346.837 -432.186 309.62 -476.751
350.137 -434.247 312.665 -479.258
353.456 -436.348 315.623 -481.799
356.783 -438.434 318.635 -484.341
360.13 -440.558 321.617 -486.89
363.473 -442.628 324.638 -489.421
366.82 -444.704 327.672 -491.976
370.16 -446.759 330.706 -494.529
373.508 -448.775 333.682 -497.053
376.861 -450.761 336.657 -499.51
380.183 -452.74 339.68 -502.085
383.483 -454.748 342.654 -504.667
386.769 -456.868 345.519 -507.189
390.053 -458.921 348.374 -509.736
393.274 -461.076 351.265 -512.369
396.422 -463.2 354.037 -514.966
399.398 -465.258 356.663 -517.449
402.311 -467.313 359.194 -519.925
405.167 -469.324 361.682 -522.288
407.972 -471.318 364.154 -524.7
410.686 -473.349 366.524 -527.024
413.382 -475.304 368.883 -529.369
416.004 -477.228 371.185 -531.648
418.555 -479.129 373.451 -533.872
421.025 -480.989 375.658 -536.067
423.367 -482.788 377.686 -538.172
425.557 -484.526 379.631 -540.143
427.581 -486.157 381.409 -541.968
429.498 -487.703 383.151 -543.811
431.332 -489.178 384.646 -545.653
433.053 -490.549 386.097 -547.129
434.657 -491.769 387.545 -548.481
436.147 -492.877 388.816 -549.748
437.555 -493.937 390.035 -551.088
438.98 -494.921 391.273 -552.292
440.449 -495.765 392.54 -553.337
441.993 -496.393 393.956 -554.193
443.598 -496.763 395.418 -554.783
445.221 -496.888 397.064 -555.28
446.996 -496.743 398.804 -555.551
448.813 -496.408 400.638 -555.459
450.663 -495.818 402.562 -555.26
452.496 -495.028 404.455 -554.768
454.336 -494.051 406.409 -554.163
456.227 -492.993 408.45 -553.404
458.188 -491.893 410.552 -552.674
460.21 -490.753 412.802 -551.835
462.284 -489.581 414.966 -551.031
464.466 -488.365 417.399 -550.153
466.762 -487.102 419.898 -549.26
469.134 -485.809 422.392 -548.386
471.563 -484.486 424.969 -547.465
474.023 -483.147 427.566 -546.526
476.503 -481.79 430.249 -545.597
479.025 -480.421 432.974 -544.626
481.565 -479.056 435.642 -543.708
484.085 -477.68 438.363 -542.73
486.641 -476.265 441.136 -541.754
489.214 -474.858 443.864 -540.79
491.781 -473.426 446.461 -539.875
494.358 -471.982 449.18 -538.922
496.875 -470.565 451.779 -537.988
499.297 -469.203 454.324 -537.071
501.67 -467.867 456.933 -536.153
503.944 -466.582 459.37 -535.27
506.081 -465.373 461.667 -534.465
508.066 -464.254 463.772 -533.732
509.899 -463.232 465.703 -533.068
511.666 -462.26 467.617 -532.408
513.398 -461.308 469.472 -531.766
515.058 -460.403 471.295 -531.179
516.619 -459.552 472.969 -530.649
518.037 -458.789 474.433 -530.184
519.336 -458.077 475.882 -529.703
520.582 -457.324 477.271 -529.191
521.748 -456.462 478.59 -528.559
522.795 -455.463 479.819 -527.798
523.592 -454.317 480.874 -526.887
524.175 -453.027 481.772 -525.736
524.592 -451.505 482.471 -524.404
524.718 -449.835 482.996 -522.825
524.563 -448.083 483.207 -521.074
524.067 -446.256 483.139 -519.234
523.3 -444.348 482.782 -517.301
522.36 -442.392 482.232 -515.244
521.227 -440.406 481.489 -513.086
519.955 -438.401 480.613 -510.902
518.634 -436.415 479.642 -508.651
517.234 -434.501 478.637 -506.526
515.782 -432.627 477.621 -504.542
514.256 -430.807 476.463 -502.492
512.654 -429.087 475.181 -500.437
510.996 -427.438 473.844 -498.45
509.308 -425.873 472.486 -496.627
507.578 -424.415 471.071 -494.853
505.798 -423.027 469.58 -493.166
503.994 -421.723 468.104 -491.581
502.126 -420.486 466.481 -489.939
500.198 -419.312 464.797 -488.386
498.209 -418.179 462.983 -486.808
496.165 -417.07 461.188 -485.318
494.061 -415.986 459.312 -483.849
491.879 -414.957 457.344 -482.357
489.66 -413.949 455.392 -480.964
487.43 -412.961 453.364 -479.557
485.172 -411.973 451.3 -478.14
482.901 -411.009 449.237 -476.804
480.604 -410.08 447.114 -475.441
478.299 -409.187 445.023 -474.149
476.007 -408.316 442.94 -472.898
473.72 -407.466 440.838 -471.692
471.434 -406.645 438.694 -470.464
469.178 -405.842 436.653 -469.312
467.0 -405.068 434.56 -468.168
464.943 -404.345 432.591 -467.042
463.027 -403.658 430.867 -466.094
461.253 -402.988 429.29 -465.191
459.487 -402.353 427.64 -464.306
457.723 -401.73 426.005 -463.322
455.955 -401.087 424.384 -462.392
454.181 -400.427 422.785 -461.404
452.376 -399.78 421.121 -460.448
450.492 -399.095 419.376 -459.419
448.569 -398.369 417.633 -458.335
446.573 -397.536 415.769 -457.207
444.516 -396.693 413.858 -456.039
442.405 -395.819 411.982 -454.788
440.235 -394.907 409.987 -453.51
437.999 -393.977 407.982 -452.242
435.742 -393.018 405.984 -450.882
433.458 -392.025 403.887 -449.517
431.122 -390.997 401.785 -448.107
428.729 -389.92 399.709 -446.693
426.284 -388.794 397.592 -445.235
423.807 -387.602 395.397 -443.636
421.322 -386.37 393.201 -442.027
418.805 -385.11 390.932 -440.382
416.271 -383.813 388.647 -438.633
413.734 -382.48 386.392 -436.903
411.173 -381.14 384.102 -435.135
408.609 -379.765 381.866 -433.371
406.027 -378.356 379.576 -431.517
403.443 -376.922 377.285 -429.716
400.863 -375.444 374.997 -427.784
398.272 -373.918 372.812 -425.917
395.687 -372.351 370.452 -423.83
393.099 -370.745 368.204 -421.838
390.507 -369.116 365.905 -419.762
387.952 -367.466 363.645 -417.682
385.402 -365.799 361.42 -415.541
382.821 -364.125 359.183 -413.38
380.247 -362.42 356.91 -411.246
377.709 -360.666 354.664 -409.063
375.281 -358.895 352.598 -406.963
372.944 -357.177 350.558 -404.86
370.668 -355.48 348.724 -402.941
368.42 -353.782 346.781 -400.909
366.215 -352.11 344.858 -398.816
364.075 -350.487 343.117 -396.93
362.0 -348.94 341.36 -395.027
360.018 -347.502 339.705 -393.232
358.155 -346.143 338.101 -391.505
356.457 -344.839 336.65 -389.91
354.917 -343.565 335.364 -388.416
353.479 -342.292 334.149 -386.836
352.191 -341.005 333.1 -385.343
351.082 -339.691 332.242 -383.847
350.136 -338.279 331.576 -382.334
349.451 -336.822 331.074 -380.765
349.046 -335.258 330.993 -379.21
348.931 -333.593 331.089 -377.479
349.156 -331.918 331.495 -375.908
349.593 -330.223 332.289 -374.372
350.44 -328.662 333.233 -373.01
351.445 -327.114 334.489 -371.65
352.641 -325.569 335.906 -370.357
353.935 -323.978 337.433 -369.066
355.343 -322.313 339.211 -367.679
356.788 -320.525 340.818 -366.166
358.153 -318.597 342.48 -364.553
359.408 -316.541 344.076 -362.842
360.518 -314.362 345.546 -360.956
361.473 -312.088 346.952 -358.976
362.251 -309.711 348.155 -356.742
362.838 -307.235 349.204 -354.402
363.257 -304.694 350.107 -351.994
363.494 -302.075 350.863 -349.467
363.562 -299.43 351.415 -346.833
363.487 -296.724 351.856 -344.148
363.318 -293.96 352.192 -341.405
363.096 -291.172 352.435 -338.572
362.857 -288.366 352.766 -335.732
362.583 -285.549 352.97 -332.947
362.273 -282.767 353.166 -330.155
362.013 -280.0 353.425 -327.408
361.786 -277.259 353.683 -324.714
361.603 -274.542 353.996 -321.98
361.489 -271.837 354.37 -319.291
361.458 -269.134 354.833 -316.593
361.538 -266.427 355.426 -313.92
361.762 -263.73 356.121 -311.219
362.109 -261.044 356.932 -308.674
362.576 -258.353 357.879 -306.061
363.182 -255.686 358.888 -303.641
363.918 -253.046 360.073 -301.137
364.821 -250.412 361.423 -298.681
365.879 -247.814 362.918 -296.302
367.093 -245.252 364.563 -293.999
368.473 -242.722 366.378 -291.754
370.044 -240.268 368.344 -289.632
371.758 -237.931 370.434 -287.628
373.619 -235.701 372.596 -285.822
375.586 -233.589 374.906 -284.109
377.678 -231.564 377.281 -282.537
379.887 -229.656 379.771 -281.115
382.19 -227.871 382.311 -279.825
384.605 -226.231 384.993 -278.667
387.13 -224.762 387.817 -277.685
389.76 -223.446 390.611 -276.871
392.511 -222.287 393.499 -276.24
395.38 -221.303 396.454 -275.783
398.349 -220.481 399.441 -275.506
401.417 -219.837 402.581 -275.452
404.635 -219.356 405.863 -275.559
407.942 -219.056 409.117 -275.933
411.297 -218.937 412.407 -276.469
414.695 -219.003 415.654 -277.139
418.104 -219.232 418.867 -277.994
421.527 -219.57 422.106 -278.963
424.968 -219.98 425.362 -280.015
428.387 -220.489 428.642 -281.163
431.841 -221.059 431.831 -282.358
435.326 -221.636 435.177 -283.584
438.836 -222.245 438.436 -284.852
442.378 -222.891 441.801 -286.165
445.968 -223.543 445.223 -287.535
449.606 -224.197 448.691 -288.891
453.276 -224.87 452.104 -290.248
456.975 -225.55 455.568 -291.605
460.668 -226.251 458.946 -292.952
464.366 -226.993 462.413 -294.421
468.06 -227.74 465.879 -295.871
471.758 -228.502 469.344 -297.332
475.444 -229.263 472.833 -298.827
479.122 -230.005 476.264 -300.348
482.792 -230.747 479.623 -301.807
486.453 -231.505 482.96 -303.256
490.102 -232.263 486.193 -304.677
493.749 -233.024 489.602 -306.184
497.379 -233.808 493.005 -307.7
501.02 -234.586 496.485 -309.245
504.621 -235.372 499.802 -310.715
508.216 -236.176 503.139 -312.277
511.793 -236.965 506.37 -313.786
515.342 -237.735 509.737 -315.254
518.883 -238.508 512.991 -316.694
522.4 -239.263 516.256 -318.137
525.905 -239.984 519.458 -319.519
529.39 -240.66 522.717 -320.929
532.839 -241.316 525.958 -322.3
536.275 -241.949 529.213 -323.65
539.683 -242.568 532.368 -324.94
543.057 -243.21 535.538 -326.281
546.414 -243.874 538.638 -327.625
549.731 -244.53 541.711 -328.963
553.012 -245.216 544.704 -330.315
556.27 -245.92 547.747 -331.789
559.477 -246.651 550.673 -333.225
562.654 -247.42 553.703 -334.672
565.792 -248.231 556.638 -336.204
568.859 -249.097 559.339 -337.673
571.885 -250.042 562.062 -339.244
574.862 -251.03 564.789 -340.894
577.787 -252.077 567.372 -342.536
580.683 -253.161 569.878 -344.199
583.591 -254.267 572.546 -345.925
586.519 -255.369 575.17 -347.682
589.439 -256.436 577.748 -349.326
592.394 -257.477 580.389 -350.999
595.315 -258.479 582.93 -352.58
598.277 -259.476 585.571 -354.232
601.204 -260.46 588.181 -355.806
604.108 -261.468 590.782 -357.428
606.967 -262.544 593.367 -359.107
609.772 -263.733 595.888 -360.949
612.505 -265.053 598.209 -362.797
615.147 -266.516 600.509 -364.819
617.731 -268.145 602.674 -366.976
620.254 -269.933 604.642 -369.183
622.685 -271.874 606.609 -371.592
625.021 -273.939 608.423 -374.139
627.239 -276.112 610.128 -376.792
629.315 -278.399 611.629 -379.493
631.24 -280.789 612.994 -382.246
633.003 -283.304 614.166 -385.076
634.639 -285.956 615.169 -387.977
636.189 -288.709 616.068 -390.981
637.636 -291.584 616.823 -394.097
639.007 -294.589 617.489 -397.316
640.337 -297.685 618.106 -400.696
641.634 -300.899 618.676 -404.265
642.921 -304.169 619.226 -407.807
644.185 -307.459 619.778 -411.446
645.432 -310.782 620.297 -414.933
646.648 -314.113 620.739 -418.427
647.864 -317.451 621.187 -421.947
649.106 -320.755 621.695 -425.413
650.403 -324.028 622.21 -428.878
651.782 -327.228 622.834 -432.336
653.228 -330.381 623.538 -435.759
654.694 -333.452 624.282 -439.08
656.138 -336.342 624.99 -442.085
657.57 -339.087 625.744 -445.133
658.988 -341.71 626.478 -447.916
660.352 -344.21 626.983 -449.753
661.644 -346.565 627.522 -451.85
662.876 -348.795 628.214 -454.439
664.04 -350.924 628.812 -456.602
665.106 -352.921 629.373 -458.83
666.045 -354.756 629.848 -460.852
666.848 -356.396 630.273 -462.75
667.543 -357.845 630.645 -464.284
668.126 -359.076 630.946 -465.656
668.607 -360.108 631.181 -466.775
669.0 -360.944 631.418 -467.709
669.361 -361.708 631.577 -468.487
669.752 -362.44 631.812 -469.267
670.219 -363.112 632.115 -470.039
670.833 -363.779 632.552 -470.815
671.664 -364.445 633.167 -471.657
672.612 -364.986 634.037 -472.482
673.938 -365.438 635.198 -473.242
675.544 -365.713 636.614 -473.827
677.317 -365.687 638.354 -474.179
679.2 -365.415 640.318 -474.317
681.164 -364.905 642.429 -474.231
683.214 -364.213 644.78 -473.952
685.31 -363.259 646.933 -473.562
687.487 -362.089 649.202 -472.977
689.76 -360.809 651.633 -472.29
692.14 -359.459 654.258 -471.512
694.658 -358.03 656.023 -471.054
697.301 -356.534 656.596 -470.96
700.041 -354.981 657.725 -470.622
702.883 -353.361 659.2 -470.141
705.805 -351.697 660.58 -469.75
708.813 -349.992 661.521 -469.467
711.876 -348.258 661.826 -469.403
715.002 -346.453 661.672 -469.436
718.206 -344.633 662.218 -469.298
721.482 -342.77 662.917 -469.132
724.807 -340.889 663.043 -469.154
728.196 -338.981 663.675 -469.015
731.641 -337.051 663.873 -468.993
735.136 -335.085 664.318 -468.841
738.687 -333.111 664.357 -468.83
742.298 -331.125 664.077 -468.998
745.89 -329.139 664.151 -469.015
749.425 -327.17 663.928 -469.097
752.91 -325.237 663.704 -469.19
756.375 -323.313 663.075 -469.419
759.865 -321.362 661.959 -469.802
763.327 -319.384 661.631 -469.892
766.767 -317.46 661.757 -469.874
770.202 -315.543 661.807 -469.9
773.64 -313.597 661.786 -469.905
777.076 -311.609 662.381 -469.739
780.506 -309.559 662.565 -469.674
783.911 -307.384 662.84 -469.554
787.29 -305.086 662.793 -469.556
790.604 -302.674 662.822 -469.467
793.848 -300.106 662.789 -469.413
796.985 -297.45 662.945 -469.239
800.076 -294.711 662.624 -469.243
803.151 -291.917 662.988 -469.083
806.166 -289.067 662.801 -469.164
809.133 -286.135 662.893 -469.198
812.01 -283.098 662.891 -469.21
814.774 -279.994 662.858 -469.205
817.415 -276.799 663.123 -469.096
819.928 -273.561 663.271 -469.001
822.306 -270.293 662.869 -469.058
824.54 -267.032 662.271 -469.182
826.673 -263.781 662.377 -469.109
828.738 -260.538 662.13 -469.123
830.711 -257.359 661.635 -469.319
832.582 -254.229 662.211 -469.278
834.371 -251.146 661.941 -469.472
835.963 -247.895 661.594 -469.596
837.43 -244.592 661.602 -469.635
838.868 -241.553 662.019 -469.522
840.227 -238.72 662.569 -469.33
841.517 -236.114 662.544 -469.315
842.743 -233.69 662.569 -469.315
843.904 -231.473 662.515 -469.45
844.989 -229.432 663.843 -469.054
845.93 -227.548 665.438 -468.515
846.716 -225.735 667.295 -467.901
847.296 -223.977 668.89 -467.093
847.661 -222.29 670.146 -466.296
847.783 -220.55 671.635 -465.287
847.608 -218.766 672.837 -463.891
847.059 -217.074 673.731 -462.4
846.188 -215.482 674.333 -460.747
844.993 -214.043 674.558 -458.921
843.539 -212.765 674.517 -457.115
841.834 -211.617 674.182 -455.208
840.01 -210.614 673.716 -453.235
837.968 -209.736 672.936 -451.507
835.741 -208.914 671.973 -449.353
833.417 -208.173 670.899 -447.166
830.901 -207.446 669.69 -444.955
828.29 -206.725 668.393 -442.638
825.584 -205.987 666.946 -440.071
822.787 -205.24 665.512 -437.579
819.905 -204.47 664.043 -434.949
816.955 -203.702 662.532 -432.302
813.926 -202.925 660.993 -429.634
810.808 -202.116 659.406 -426.854
807.612 -201.277 657.762 -423.937
804.357 -200.421 656.064 -420.956
801.071 -199.546 654.48 -418.134
797.74 -198.666 652.759 -415.082
794.392 -197.787 651.077 -412.098
791.003 -196.92 649.295 -409.004
787.583 -196.024 647.516 -405.844
784.142 -195.072 645.778 -402.666
780.677 -194.067 644.065 -399.523
777.197 -193.011 642.342 -396.364
773.696 -191.886 640.71 -393.122
770.174 -190.705 639.074 -389.744
766.613 -189.504 637.512 -386.376
763.005 -188.299 635.782 -382.84
759.343 -187.147 633.952 -379.387
755.636 -186.064 632.231 -376.064
751.891 -185.063 630.372 -372.664
748.118 -184.113 628.368 -369.229
744.316 -183.21 626.371 -365.867
740.478 -182.348 624.322 -362.518
736.632 -181.53 622.26 -359.193
732.752 -180.734 620.165 -355.885
728.866 -179.991 618.046 -352.505
724.965 -179.269 615.919 -349.096
721.053 -178.54 613.722 -345.673
717.123 -177.826 611.557 -342.416
713.159 -177.134 609.235 -339.007
709.153 -176.456 606.931 -335.681
705.201 -175.794 604.668 -332.361
701.266 -175.162 602.397 -329.08
697.37 -174.581 600.103 -325.888
693.508 -174.025 597.753 -322.748
689.708 -173.48 595.573 -319.622
685.944 -172.946 593.339 -316.518
682.221 -172.443 591.12 -313.451
678.527 -171.947 588.955 -310.428
674.857 -171.452 586.76 -307.374
671.211 -170.95 584.591 -304.353
667.583 -170.417 582.459 -301.364
663.946 -169.882 580.269 -298.373
660.295 -169.316 578.163 -295.371
656.628 -168.734 576.017 -292.348
652.934 -168.162 573.834 -289.341
649.235 -167.604 571.685 -286.356
645.519 -167.063 569.486 -283.329
641.792 -166.532 567.271 -280.274
638.047 -165.975 565.057 -277.205
634.296 -165.414 562.846 -274.142
630.523 -164.813 560.634 -271.015
626.718 -164.204 558.36 -267.839
622.888 -163.589 556.172 -264.674
619.051 -162.987 553.906 -261.492
615.191 -162.389 551.719 -258.324
611.35 -161.811 549.461 -255.144
607.523 -161.189 547.13 -251.81
603.701 -160.55 544.818 -248.567
599.852 -159.921 542.566 -245.427
595.971 -159.276 540.286 -242.17
592.062 -158.624 537.939 -238.874
588.138 -158.001 535.607 -235.659
584.194 -157.369 533.293 -232.437
580.235 -156.731 531.009 -229.261
576.257 -156.106 528.619 -225.96
572.272 -155.494 526.235 -222.67
568.283 -154.901 523.942 -219.526
564.298 -154.291 521.519 -216.252
560.308 -153.685 519.179 -213.014
556.338 -153.067 516.835 -209.787
552.378 -152.452 514.538 -206.512
548.418 -151.782 512.198 -203.227
544.468 -151.123 509.818 -199.915
540.517 -150.499 507.433 -196.61
536.533 -149.927 505.13 -193.368
532.552 -149.39 502.789 -190.051
528.553 -148.918 500.432 -186.836
524.562 -148.417 498.025 -183.593
520.573 -147.937 495.714 -180.385
516.578 -147.433 493.323 -177.073
512.594 -146.909 491.026 -173.845
508.607 -146.37 488.701 -170.534
504.621 -145.801 486.354 -167.2
500.669 -145.222 484.055 -163.99
496.709 -144.632 481.738 -160.673
492.734 -144.038 479.445 -157.374
488.761 -143.458 477.168 -154.104
484.77 -142.906 474.874 -150.807
480.78 -142.329 472.565 -147.488
476.789 -141.77 470.291 -144.26
472.783 -141.23 467.963 -140.95
468.786 -140.684 465.636 -137.673
464.805 -140.153 463.352 -134.428
460.861 -139.631 461.059 -131.207
456.965 -139.111 458.736 -128.018
453.09 -138.601 456.475 -124.863
449.26 -138.102 454.265 -121.772
445.44 -137.624 451.987 -118.578
441.618 -137.181 449.715 -115.486
437.787 -136.774 447.365 -112.37
433.965 -136.391 445.037 -109.254
430.14 -136.03 442.715 -106.194
426.314 -135.727 440.309 -103.135
422.455 -135.449 437.872 -100.164
418.618 -135.188 435.454 -97.2014
414.741 -134.97 432.98 -94.1749
410.88 -134.809 430.462 -91.2722
407.046 -134.704 427.954 -88.4061
403.257 -134.643 425.413 -85.5873
399.533 -134.612 422.916 -82.8767
395.866 -134.6 420.448 -80.1752
392.268 -134.633 417.942 -77.5218
388.728 -134.686 415.512 -74.9854
385.239 -134.777 413.094 -72.4896
381.809 -134.887 410.69 -70.067
378.454 -135.021 408.339 -67.6617
375.158 -135.195 406.031 -65.3723
371.959 -135.404 403.755 -63.1378
368.825 -135.641 401.511 -61.0215
365.769 -135.953 399.305 -59.0504
362.813 -136.381 396.972 -57.1482
359.946 -136.93 394.659 -55.4127
357.155 -137.595 392.305 -53.7981
354.38 -138.389 389.807 -52.3286
351.618 -139.268 387.288 -50.8807
348.916 -140.219 384.773 -49.4659
346.292 -141.246 382.269 -48.1842
343.734 -142.346 379.758 -47.0563
341.271 -143.536 377.295 -46.0462
338.882 -144.836 374.749 -45.1599
336.574 -146.277 372.208 -44.4397
334.341 -147.889 369.471 -43.8515
332.182 -149.676 366.74 -43.3839
330.088 -151.644 363.869 -43.1201
328.133 -153.775 361.016 -43.0782
326.33 -156.077 358.083 -43.309
324.679 -158.526 355.131 -43.7035
323.225 -161.147 352.233 -44.3474
322.007 -163.906 349.328 -45.299
321.009 -166.828 346.532 -46.4453
320.208 -169.843 343.858 -47.7923
319.544 -172.965 341.074 -49.3772
318.971 -176.173 338.343 -51.0396
318.453 -179.462 335.502 -52.8405
317.921 -182.75 332.712 -54.6574
317.367 -186.088 329.785 -56.6384
316.847 -189.504 326.844 -58.5771
316.319 -192.971 323.87 -60.5815
315.767 -196.473 320.842 -62.5039
315.163 -199.977 317.774 -64.3922
314.499 -203.502 314.626 -66.2911
313.761 -207.035 311.441 -68.1215
312.923 -210.554 308.249 -69.8655
311.99 -214.015 304.988 -71.4009
310.961 -217.403 301.783 -72.8406
309.815 -220.682 298.596 -74.1442
308.536 -223.856 295.425 -75.2349
307.141 -226.896 292.214 -76.2211
305.605 -229.818 289.099 -77.0135
303.949 -232.62 285.855 -77.6296
302.213 -235.277 282.703 -78.0828
300.416 -237.779 279.654 -78.3932
298.573 -240.123 276.6 -78.545
296.741 -242.261 273.954 -78.4956
294.928 -244.199 271.243 -78.3591
293.164 -245.914 268.896 -78.1136
291.432 -247.396 266.539 -77.7781
289.781 -248.637 264.734 -77.3442
288.19 -249.635 263.064 -76.833
286.609 -250.389 261.795 -76.0418
285.061 -250.926 260.504 -75.1083
283.459 -251.232 259.165 -74.0883
281.809 -251.323 257.868 -73.0781
280.153 -251.116 256.802 -71.672
278.491 -250.569 256.01 -70.0657
276.78 -249.632 255.34 -68.2469
275.199 -248.391 255.235 -66.1944
273.694 -246.817 255.469 -64.0327
272.232 -244.955 256.006 -61.7011
270.732 -242.909 256.666 -59.2304
269.098 -240.752 257.342 -56.509
267.324 -238.495 257.946 -53.7495
265.41 -236.156 258.521 -50.6788
263.358 -233.779 259.047 -47.6184
261.168 -231.409 259.424 -44.4407
258.871 -229.033 259.779 -41.1547
256.48 -226.678 260.101 -37.8472
253.976 -224.341 260.295 -34.4053
251.405 -222.031 260.436 -30.9918
248.831 -219.808 260.506 -27.5756
246.322 -217.682 260.562 -24.302
243.884 -215.682 260.612 -21.1465
241.516 -213.863 260.488 -18.1334
239.245 -212.198 260.241 -15.224
237.112 -210.646 260.003 -12.6164
235.195 -209.15 259.907 -10.1822
233.537 -207.645 260.014 -7.86456
232.16 -206.116 260.253 -5.8299
231.055 -204.521 260.728 -3.89557
230.218 -202.803 261.523 -2.01947
229.629 -200.919 262.642 -0.319641
229.413 -198.975 264.031 1.15112
229.542 -197.005 265.552 2.45813
230.028 -195.061 267.353 3.25269
230.87 -193.124 269.428 3.83124
231.969 -191.259 271.576 4.24438
233.212 -189.369 273.869 4.53845
234.51 -187.332 276.191 4.82965
235.831 -185.149 278.712 5.18756
237.14 -182.815 281.324 5.65631
238.423 -180.298 284.112 6.30579
239.65 -177.6 286.961 7.07526
240.762 -174.747 289.891 8.06201
241.734 -171.674 292.868 9.19366
242.658 -168.553 295.832 10.4401
243.468 -165.389 298.736 11.7935
244.225 -162.197 301.687 13.2349
244.946 -158.93 304.613 14.7371
245.616 -155.629 307.55 16.3012
246.236 -152.294 310.473 17.8543
246.836 -148.991 313.331 19.501
247.422 -145.708 316.199 21.112
247.991 -142.407 319.116 22.7844
248.554 -139.114 321.989 24.3779
249.114 -135.853 324.825 26.0515
249.669 -132.634 327.669 27.6357
250.227 -129.457 330.526 29.1693
250.832 -126.334 333.296 30.6307
251.503 -123.257 336.145 32.0643
252.251 -120.226 338.975 33.3807
253.09 -117.249 341.849 34.6224
254.056 -114.334 344.717 35.7152
255.204 -111.463 347.625 36.6969
256.541 -108.607 350.72 37.505
258.083 -105.856 353.83 38.0909
259.774 -103.172 356.953 38.5276
261.609 -100.616 360.093 38.8093
263.622 -98.145 363.207 38.8739
265.77 -95.781 366.436 38.7742
268.089 -93.4725 369.682 38.4747
270.509 -91.2735 372.952 38.0559
273.096 -89.1917 376.228 37.4072
275.828 -87.2283 379.426 36.6244
278.708 -85.3917 382.664 35.6102
281.714 -83.6953 385.918 34.4183
284.834 -82.0947 389.134 33.1052
288.04 -80.6258 392.374 31.5389
291.375 -79.3754 395.392 29.7794
294.79 -78.1828 398.495 27.9945
298.254 -77.1354 401.508 26.0421
301.762 -76.2153 404.49 23.9407
305.306 -75.437 407.327 21.7235
308.886 -74.7951 410.044 19.4286
312.506 -74.2976 412.749 16.898
316.154 -73.9396 415.33 14.3125
319.824 -73.7176 417.876 11.6057
323.474 -73.7403 420.303 8.95081
327.126 -73.7769 422.718 6.14594
330.761 -73.8756 425.076 3.35797
334.387 -74.0624 427.33 0.579346
338.02 -74.2239 429.529 -2.23029
341.658 -74.4055 431.702 -5.03522
345.305 -74.5705 433.931 -7.93817
348.97 -74.6924 436.238 -10.8661
352.604 -74.7478 438.492 -13.6293
356.195 -74.7839 440.701 -16.4027
359.781 -74.8066 443.004 -19.2263
363.365 -74.7207 445.206 -21.9272
366.944 -74.6587 447.455 -24.6458
370.524 -74.4948 449.773 -27.433
374.141 -74.279 452.132 -30.0417
377.729 -74.0208 454.551 -32.6835
381.332 -73.7166 457.011 -35.3148
384.909 -73.333 459.521 -37.8258
388.484 -72.9225 462.108 -40.3843
392.007 -72.4713 464.586 -42.7944
395.549 -71.9506 467.221 -45.2222
399.089 -71.3902 469.864 -47.6335
402.611 -70.7602 472.517 -49.932
406.128 -70.0791 475.218 -52.2571
409.612 -69.3575 477.978 -54.5364
413.115 -68.6338 480.733 -56.8671
416.629 -67.8988 483.478 -59.1589
420.161 -67.1999 486.218 -61.3764
423.671 -66.5071 488.907 -63.6808
427.15 -65.7998 491.609 -65.9749
430.606 -65.1078 494.233 -68.1515
434.175 -64.4768 496.967 -70.5731
437.759 -63.9022 499.658 -73.0415
441.375 -63.3781 502.325 -75.5731
444.987 -62.949 504.874 -78.0565
448.611 -62.5779 507.437 -80.7155
452.213 -62.3159 509.853 -83.2764
455.793 -62.122 512.213 -85.9259
459.379 -61.9687 514.609 -88.6309
462.956 -61.8408 516.916 -91.3217
466.534 -61.7576 519.229 -94.0169
470.118 -61.6909 521.497 -96.6868
473.699 -61.6755 523.845 -99.4599
477.29 -61.7014 526.121 -102.237
480.863 -61.7542 528.322 -105.011
484.473 -61.8596 530.52 -107.859
488.078 -61.9685 532.695 -110.77
491.688 -62.0993 534.832 -113.649
495.333 -62.2094 537.012 -116.58
498.996 -62.2921 539.282 -119.462
502.732 -62.3465 541.521 -122.359
506.504 -62.389 543.745 -125.269
510.277 -62.5118 545.929 -128.232
514.075 -62.7127 548.112 -131.347
517.907 -62.9458 550.301 -134.503
521.732 -63.194 552.391 -137.55
525.525 -63.4514 554.537 -140.62
529.363 -63.6604 556.617 -143.618
533.159 -63.8782 558.889 -146.818
536.933 -64.0962 561.166 -149.87
540.727 -64.2588 563.337 -152.847
544.483 -64.3898 565.61 -155.887
548.256 -64.5574 567.796 -158.811
551.981 -64.6649 570.011 -161.788
555.698 -64.8035 572.192 -164.745
559.407 -64.9703 574.379 -167.727
563.082 -65.177 576.535 -170.696
566.746 -65.4167 578.56 -173.547
570.417 -65.6497 580.732 -176.625
574.085 -65.8566 582.817 -179.594
577.737 -66.0478 584.899 -182.548
581.397 -66.2423 586.835 -185.317
585.074 -66.4218 588.812 -188.052
588.737 -66.5944 591.047 -191.167
592.382 -66.7148 593.086 -194.036
596.02 -66.8126 595.241 -196.96
599.63 -66.9351 597.4 -199.922
603.247 -67.0767 599.586 -202.908
606.803 -67.2286 601.585 -205.799
610.397 -67.3647 603.665 -208.664
613.934 -67.5097 605.775 -211.558
617.469 -67.7265 607.721 -214.438
620.979 -67.9577 609.693 -217.291
624.473 -68.2556 611.564 -220.252
627.956 -68.5313 613.473 -223.144
631.407 -68.9155 615.301 -226.097
634.831 -69.3331 617.036 -229.019
638.235 -69.742 618.809 -231.991
641.6 -70.2003 620.528 -234.972
644.92 -70.6458 622.189 -237.794
648.263 -71.0153 623.904 -240.646
651.539 -71.3359 625.701 -243.437
654.794 -71.7144 627.472 -246.316
658.023 -72.1133 629.238 -249.058
661.283 -72.3961 631.068 -251.815
664.482 -72.7088 632.874 -254.443
667.71 -73.0247 634.801 -257.251
670.915 -73.3691 636.555 -259.835
674.134 -73.7647 638.289 -262.497
677.353 -74.1761 640.048 -265.227
680.626 -74.6202 641.811 -268.039
683.889 -75.1278 643.455 -270.784
687.209 -75.6481 645.178 -273.747
690.557 -76.1991 646.807 -276.702
693.961 -76.8217 648.5 -279.742
697.411 -77.4618 650.162 -282.778
700.891 -78.0596 651.829 -285.84
704.444 -78.657 653.594 -289.008
708.034 -79.2719 655.342 -292.154
711.648 -79.9694 657.075 -295.292
715.321 -80.5834 658.897 -298.481
719.034 -81.1817 660.708 -301.793
722.758 -81.765 662.53 -305.122
726.463 -82.475 664.298 -308.458
730.169 -83.2202 666.073 -311.853
733.873 -83.9652 667.77 -315.127
737.573 -84.7095 669.366 -318.386
741.276 -85.4542 671.02 -321.778
744.949 -86.2852 672.617 -325.164
748.586 -87.1724 674.141 -328.54
752.233 -88.0589 675.676 -331.913
755.854 -88.9542 677.22 -335.347
759.47 -89.8863 678.681 -338.746
763.107 -90.8534 680.146 -342.235
766.713 -91.8419 681.541 -345.652
770.323 -92.8578 682.961 -349.148
773.904 -93.8904 684.316 -352.59
777.482 -94.9754 685.718 -356.154
781.009 -96.0438 686.92 -359.436
784.547 -97.1274 688.176 -362.845
788.053 -98.2321 689.394 -366.196
791.523 -99.3475 690.569 -369.544
794.991 -100.49 691.811 -373.078
798.42 -101.678 692.963 -376.578
801.834 -102.886 694.089 -380.089
805.206 -104.118 695.067 -383.288
808.57 -105.36 696.07 -386.614
811.909 -106.616 697.079 -390.062
815.217 -107.894 697.99 -393.321
818.511 -109.215 698.966 -396.743
821.762 -110.499 699.893 -400.017
824.987 -111.757 700.845 -403.43
828.116 -113.016 701.746 -406.637
831.164 -114.287 702.568 -409.778
834.154 -115.54 703.325 -412.717
837.109 -116.9 704.011 -415.636
839.987 -118.405 704.628 -418.861
842.825 -119.983 705.14 -422.05
845.611 -121.637 705.553 -425.254
848.131 -123.49 705.862 -428.57
850.651 -125.342 706.12 -431.799
853.169 -127.192 706.179 -435.057
855.688 -129.043 706.239 -438.122
858.206 -130.893 706.256 -441.095
860.609 -132.748 706.068 -444.185
862.691 -134.604 705.917 -446.778
864.696 -136.417 705.745 -449.425
866.611 -138.188 705.464 -452.199
868.436 -139.842 705.411 -454.589
870.196 -141.448 705.705 -455.935
871.89 -142.98 706.116 -458.299
873.459 -144.406 706.557 -460.49
874.852 -145.73 707.168 -462.292
876.015 -146.955 707.291 -464.037
876.62 -147.997 707.246 -465.442
877.222 -149.029 707.05 -466.83
877.828 -150.056 706.948 -467.978
878.429 -151.07 706.483 -469.11
879.032 -152.077 706.187 -470.182
879.368 -153.207 705.931 -471.321
879.496 -154.5 705.576 -472.295
879.474 -155.899 704.852 -473.253
879.184 -157.413 703.527 -474.135
878.722 -159.026 702.197 -475.103
878.051 -160.703 700.526 -475.766
877.199 -162.456 698.648 -476.395
876.226 -164.298 696.733 -476.823
875.169 -166.256 694.43 -477.492
874.063 -168.323 692.333 -478.103
872.896 -170.513 689.966 -478.849
871.692 -172.799 687.39 -479.64
870.444 -175.197 684.776 -480.36
869.158 -177.699 682.134 -481.198
867.847 -180.264 679.44 -482.087
866.529 -182.827 676.725 -483.003
865.19 -185.386 673.955 -483.804
863.827 -187.898 671.234 -484.574
862.482 -190.341 668.558 -485.292
861.175 -192.699 665.944 -486.001
859.904 -194.947 663.411 -486.655
858.555 -197.033 661.068 -487.301
857.564 -199.01 658.771 -487.973
856.623 -200.921 656.711 -488.639
855.873 -202.831 654.84 -489.449
855.391 -204.702 653.106 -490.417
855.195 -206.613 651.577 -491.657
855.179 -208.462 650.313 -493.03
855.616 -210.293 649.292 -494.558
856.41 -212.062 648.567 -496.289
857.588 -213.745 648.107 -498.341
859.079 -215.288 648.042 -500.396
860.819 -216.69 648.227 -502.506
862.789 -218.03 648.647 -504.872
864.921 -219.272 649.25 -507.095
867.294 -220.393 650.172 -509.893
869.807 -221.443 650.989 -512.053
872.434 -222.522 652.076 -514.818
875.148 -223.639 653.107 -517.424
877.943 -224.783 653.896 -519.439
880.789 -225.911 654.529 -521.105
883.677 -227.009 655.454 -523.256
886.574 -228.055 656.23 -525.025
889.457 -229.065 656.813 -526.292
892.308 -230.075 657.474 -527.658
895.125 -231.1 657.979 -528.608
897.891 -232.148 658.537 -529.806
900.572 -233.227 659.26 -531.412
903.147 -234.414 659.93 -533.17
905.581 -235.747 660.507 -535.095
907.862 -237.232 660.817 -536.844
909.977 -238.859 661.234 -539.333
911.921 -240.637 661.534 -542.062
913.692 -242.584 661.502 -544.636
915.224 -244.67 661.24 -547.173
916.604 -246.933 660.733 -549.706
917.748 -249.322 659.984 -552.182
918.674 -251.818 658.989 -554.579
919.383 -254.435 657.747 -556.968
919.809 -257.168 656.242 -559.223
920.031 -260.038 654.473 -561.449
920.103 -263.001 652.497 -563.706
920.099 -266.087 650.368 -565.864
920.043 -269.309 648.11 -568.027
919.861 -272.599 645.69 -570.216
919.594 -275.946 643.215 -572.375
919.194 -279.387 640.634 -574.524
918.716 -282.823 637.957 -576.636
918.148 -286.292 635.152 -578.785
917.501 -289.794 632.322 -580.911
916.763 -293.295 629.322 -582.927
915.962 -296.778 626.303 -584.954
915.027 -300.241 623.326 -586.88
914.01 -303.678 620.238 -588.725
912.95 -307.068 617.21 -590.51
911.811 -310.431 614.173 -592.147
910.661 -313.806 611.002 -593.766
909.524 -317.194 607.881 -595.436
908.36 -320.573 604.722 -597.061
907.158 -323.978 601.507 -598.691
905.955 -327.39 598.273 -600.344
904.73 -330.854 595.029 -602.006
903.48 -334.371 591.743 -603.704
902.194 -337.956 588.329 -605.427
900.881 -341.605 584.883 -607.165
899.507 -345.303 581.405 -608.873
898.136 -348.992 577.864 -610.578
896.76 -352.601 574.32 -612.228
895.382 -356.153 570.921 -613.827
894.002 -359.645 567.532 -615.387
892.633 -363.088 564.277 -616.831
891.284 -366.446 560.916 -618.318
889.954 -369.684 557.782 -619.683
888.705 -372.751 554.75 -621.011
887.542 -375.609 551.898 -622.25
886.482 -378.244 549.304 -623.375
885.529 -380.659 546.931 -624.398
884.646 -382.909 544.722 -625.368
883.836 -385.023 542.675 -626.299
883.052 -387.072 540.667 -627.213
882.282 -389.021 538.765 -628.069
881.518 -390.963 536.912 -628.892
880.723 -392.99 534.881 -629.811
879.871 -395.092 532.758 -630.769
878.952 -397.297 530.528 -631.731
877.994 -399.634 528.215 -632.755
877.005 -402.093 525.771 -633.845
875.982 -404.658 523.242 -634.978
874.937 -407.346 520.641 -636.152
873.852 -410.171 517.838 -637.484
872.73 -413.116 515.051 -638.746
871.568 -416.14 512.057 -640.117
870.361 -419.266 509.049 -641.5
869.086 -422.462 505.929 -642.91
867.733 -425.716 502.715 -644.299
866.275 -429.025 499.436 -645.647
864.738 -432.357 496.087 -646.953
863.155 -435.647 493.163 -648.088
861.539 -438.867 490.086 -649.173
859.901 -442.004 486.99 -650.203
858.274 -445.061 483.663 -651.263
856.661 -448.065 480.339 -652.32
855.095 -451.011 477.1 -653.372
853.592 -453.9 474.005 -654.391
852.213 -456.693 471.033 -655.432
850.982 -459.327 468.369 -656.425
849.817 -461.81 465.806 -657.365
848.706 -464.221 463.391 -658.273
847.638 -466.561 461.033 -659.152
846.608 -468.856 458.657 -660.062
845.599 -471.139 456.257 -661.006
844.544 -473.507 453.815 -661.922
843.441 -475.939 451.273 -662.896
842.303 -478.433 448.889 -663.914
841.136 -481.024 446.158 -664.943
839.944 -483.652 443.623 -666.095
838.731 -486.351 440.952 -667.192
837.469 -489.113 438.163 -668.215
836.193 -491.932 435.318 -669.346
834.934 -494.737 432.391 -670.478
833.667 -497.573 429.485 -671.642
832.376 -500.432 426.516 -672.831
831.076 -503.328 423.541 -673.971
829.81 -506.268 420.553 -675.125
828.516 -509.246 417.499 -676.307
827.222 -512.249 414.46 -677.494
825.906 -515.281 411.334 -678.721
824.601 -518.35 408.197 -679.987
823.28 -521.401 405.157 -681.21
822.004 -524.371 402.158 -682.508
820.792 -527.219 399.3 -683.596
819.654 -529.951 396.515 -684.765
818.587 -532.56 393.996 -685.882
817.591 -535.046 391.547 -686.889
816.619 -537.45 389.039 -687.868
815.6 -539.794 386.714 -688.867
814.489 -542.071 384.335 -689.654
813.281 -544.26 381.882 -690.339
811.951 -546.393 379.329 -690.873
810.467 -548.396 376.673 -691.262
808.712 -550.185 374.011 -691.223
806.806 -551.781 371.505 -691.007
804.695 -553.207 368.872 -690.536
802.324 -554.412 366.385 -689.554
799.73 -555.345 363.9 -688.372
796.954 -556.059 361.43 -686.855
794.05 -556.696 359.044 -685.255
791.027 -557.303 356.488 -683.481
787.899 -557.911 353.905 -681.592
784.671 -558.523 351.242 -679.608
781.37 -559.196 348.583 -677.728
778.0 -559.9 345.786 -675.751
774.542 -560.629 342.878 -673.725
771.007 -561.41 339.876 -671.705
767.385 -562.233 336.833 -669.604
763.683 -563.08 333.684 -667.417
759.943 -563.948 330.575 -665.269
756.186 -564.795 327.387 -663.073
752.449 -565.641 324.238 -660.906
748.705 -566.479 321.079 -658.754
744.958 -567.327 317.91 -656.607
741.205 -568.209 314.773 -654.469
737.449 -569.1 311.708 -652.415
733.693 -569.928 308.566 -650.259
729.903 -570.796 305.248 -647.974
726.141 -571.67 302.027 -645.781
722.401 -572.505 298.875 -643.585
718.657 -573.331 295.748 -641.407
714.909 -574.169 292.733 -639.302
711.154 -574.991 289.538 -637.066
707.381 -575.784 286.463 -634.824
703.608 -576.484 283.389 -632.547
699.789 -577.151 280.291 -630.207
695.949 -577.783 277.284 -627.786
692.086 -578.391 274.283 -625.402
688.196 -578.969 271.277 -622.879
684.284 -579.527 268.296 -620.433
680.353 -580.012 265.367 -617.867
676.394 -580.463 262.364 -615.271
672.43 -580.896 259.397 -612.591
668.482 -581.278 256.432 -609.878
664.562 -581.619 253.496 -607.182
660.679 -581.917 250.593 -604.473
656.833 -582.149 247.91 -601.822
652.987 -582.329 245.171 -599.063
649.146 -582.495 242.428 -596.267
645.283 -582.653 239.786 -593.534
641.399 -582.799 237.111 -590.76
637.509 -582.865 234.428 -587.836
633.579 -582.926 231.734 -584.951
629.633 -583.012 229.042 -582.075
625.686 -583.11 226.333 -579.251
621.757 -583.237 223.592 -576.448
617.836 -583.378 220.833 -573.633
613.914 -583.523 218.103 -570.877
609.968 -583.652 215.313 -568.084
606.029 -583.763 212.413 -565.253
602.082 -583.867 209.628 -562.425
598.16 -583.963 206.862 -559.641
594.271 -584.081 204.12 -556.895
590.406 -584.193 201.339 -554.141
586.586 -584.254 198.605 -551.368
582.744 -584.365 195.942 -548.615
578.925 -584.588 193.092 -546.041
575.14 -584.942 190.132 -543.495
571.392 -585.412 187.144 -541.082
567.663 -586.009 184.145 -538.809
563.963 -586.73 181.051 -536.589
560.283 -587.51 177.982 -534.445
556.613 -588.295 174.874 -532.359
552.947 -589.117 171.772 -530.235
549.294 -589.954 168.686 -528.16
545.66 -590.795 165.579 -526.092
542.072 -591.613 162.511 -524.045
538.522 -592.376 159.605 -522.029
534.986 -593.042 156.741 -519.92
531.514 -593.656 153.915 -517.826
528.189 -594.211 151.235 -515.787
525.058 -594.724 148.783 -513.863
522.108 -595.256 146.413 -512.067
519.364 -595.799 144.146 -510.441
516.782 -596.349 141.894 -508.903
514.353 -596.874 139.954 -507.511
512.097 -597.335 138.086 -506.185
510.002 -597.659 136.375 -504.877
507.984 -597.788 134.913 -503.518
506.007 -597.708 133.743 -501.977
504.065 -597.403 132.505 -500.327
502.212 -596.894 131.538 -498.67
500.367 -596.07 130.875 -496.796
498.609 -594.997 130.359 -494.794
496.942 -593.622 130.118 -492.548
495.439 -591.945 130.248 -490.267
494.13 -589.962 130.749 -487.926
492.982 -587.746 131.546 -485.635
491.948 -585.382 132.582 -483.237
490.932 -582.893 133.699 -480.855
489.849 -580.286 134.828 -478.303
488.687 -577.577 135.987 -475.572
487.434 -574.789 137.135 -472.699
486.106 -571.951 138.248 -469.817
484.723 -569.085 139.363 -466.853
483.271 -566.211 140.466 -463.795
481.78 -563.31 141.536 -460.667
480.267 -560.373 142.606 -457.593
478.756 -557.401 143.661 -454.453
477.239 -554.361 144.828 -451.26
475.711 -551.337 145.931 -448.142
474.127 -548.297 147.005 -444.909
472.535 -545.249 148.078 -441.767
470.922 -542.181 149.199 -438.458
469.308 -539.096 150.319 -435.124
467.688 -536.048 151.408 -431.848
466.092 -533.044 152.452 -428.627
464.521 -530.1 153.494 -425.587
462.99 -527.25 154.525 -422.61
461.482 -524.479 155.512 -419.625
459.989 -521.828 156.447 -416.774
458.54 -519.321 157.33 -413.841
457.156 -517.0 158.025 -411.594
455.839 -514.84 157.633 -412.444
454.583 -512.799 157.896 -411.172
453.425 -510.895 158.43 -409.101
452.465 -509.027 159.075 -407.113
451.74 -507.238 160.006 -405.357
451.212 -505.376 161.048 -403.837
450.974 -503.496 162.281 -402.417
451.013 -501.611 163.64 -401.102
451.348 -499.775 165.269 -400.014
451.994 -497.958 167.042 -399.266
452.981 -496.22 168.996 -398.763
454.241 -494.494 171.147 -398.636
455.904 -492.987 173.355 -398.827
457.858 -491.709 175.643 -399.388
460.092 -490.493 178.047 -400.187
462.526 -489.283 180.725 -401.186
465.095 -487.992 183.459 -402.25
467.844 -486.582 186.397 -403.378
470.734 -485.077 189.393 -404.501
473.765 -483.453 192.65 -405.662
476.884 -481.737 196.044 -406.884
480.099 -479.972 199.484 -408.118
483.357 -478.165 202.851 -409.298
486.575 -476.368 206.465 -410.539
489.853 -474.548 210.085 -411.852
493.114 -472.705 213.697 -413.098
496.406 -470.84 217.217 -414.342
499.729 -468.926 220.658 -415.55
503.079 -467.005 224.193 -416.75
506.464 -465.062 227.91 -418.044
509.87 -463.126 231.576 -419.36
513.315 -461.215 233.53 -420.097
516.779 -459.259 236.963 -421.378
520.283 -457.28 240.649 -422.722
523.788 -455.284 244.524 -424.157
527.277 -453.26 248.261 -425.568
530.793 -451.272 252.088 -426.974
534.318 -449.31 255.891 -428.407
537.872 -447.362 259.683 -429.878
541.422 -445.394 263.479 -431.299
545.015 -443.387 267.344 -432.735
548.618 -441.382 271.08 -434.145
552.234 -439.368 274.945 -435.633
555.832 -437.348 278.751 -437.047
559.439 -435.294 282.553 -438.456
563.063 -433.224 286.34 -439.89
566.684 -431.15 290.212 -441.316
570.312 -429.076 294.0 -442.718
573.979 -426.949 297.984 -444.195
577.66 -424.84 301.815 -445.619
581.321 -422.728 305.79 -447.088
584.994 -420.62 309.663 -448.493
588.678 -418.519 313.528 -449.962
592.37 -416.43 317.386 -451.399
596.078 -414.295 320.777 -452.685
599.78 -412.177 325.047 -454.31
603.513 -410.052 328.953 -455.732
607.237 -407.937 332.997 -457.283
610.971 -405.78 336.708 -458.697
614.69 -403.635 340.85 -460.278
618.384 -401.524 344.688 -461.742
622.004 -399.453 348.616 -463.289
625.547 -397.42 352.296 -464.728
629.04 -395.425 355.964 -466.15
632.529 -393.429 359.666 -467.638
635.987 -391.438 363.195 -469.044
639.42 -389.458 366.666 -470.408
642.861 -387.483 370.326 -471.843
646.336 -385.551 373.94 -473.382
649.759 -383.659 377.559 -474.936
653.125 -381.749 381.254 -476.376
656.471 -379.827 384.757 -477.831
659.828 -377.825 388.258 -479.205
663.161 -375.826 391.887 -480.794
666.494 -373.834 395.539 -482.328
669.894 -371.833 399.267 -484.026
673.33 -369.83 402.936 -485.576
676.779 -367.786 406.706 -487.16
680.3 -365.739 410.42 -488.719
683.823 -363.681 413.984 -490.214
687.361 -361.602 417.63 -491.786
690.934 -359.542 420.03 -492.849
694.479 -357.497 422.132 -493.746
698.027 -355.431 423.467 -494.331
701.524 -353.405 424.275 -494.67
705.028 -351.36 425.21 -495.127
708.518 -349.335 425.931 -495.427
712.016 -347.306 426.448 -495.686
715.472 -345.258 427.78 -496.206
718.93 -343.237 429.134 -496.811
722.373 -341.216 429.793 -497.121
725.8 -339.215 430.16 -497.341
729.259 -337.198 430.162 -497.379
732.737 -335.203 429.742 -497.225
736.307 -333.379 429.928 -497.319
739.904 -331.46 429.99 -497.388
743.539 -329.431 430.445 -497.644
747.226 -327.357 430.315 -497.606
750.929 -325.266 430.415 -497.699
754.622 -323.196 430.371 -497.765
758.236 -321.113 430.259 -497.69
761.874 -318.973 430.417 -497.781
765.485 -316.918 431.679 -498.295
769.108 -314.874 432.753 -498.678
772.728 -312.833 433.156 -498.832
776.302 -310.759 433.097 -498.696
779.774 -308.646 433.604 -498.802
783.186 -306.455 435.368 -499.466
786.573 -304.164 436.746 -499.966
789.906 -301.793 437.268 -500.133
793.204 -299.321 438.011 -500.405
796.441 -296.736 439.542 -500.994
799.59 -294.037 440.003 -501.195
802.698 -291.215 440.134 -501.25
805.677 -288.176 439.992 -501.187
808.592 -285.125 439.907 -501.174
811.398 -282.041 439.954 -501.226
814.12 -278.985 440.01 -501.24
816.782 -275.912 439.863 -501.158
819.33 -272.749 439.808 -501.041
821.75 -269.521 439.964 -501.024
824.066 -266.217 440.808 -501.291
826.299 -262.894 441.03 -501.33
828.439 -259.527 441.306 -501.394
830.488 -256.14 442.443 -501.793
832.46 -252.722 442.561 -501.865
834.407 -249.311 444.049 -502.662
836.262 -245.927 446.294 -503.564
838.083 -242.552 446.475 -503.638
839.893 -239.169 445.989 -503.467
841.689 -235.771 446.082 -503.493
843.507 -232.377 445.932 -503.525
845.33 -229.005 446.389 -503.804
847.103 -225.653 449.704 -505.04
848.849 -222.279 453.256 -506.437
850.575 -218.9 456.769 -507.89
852.305 -215.531 460.153 -509.281
854.005 -212.14 463.778 -510.607
855.721 -208.748 467.118 -512.031
857.466 -205.315 470.722 -513.393
859.201 -201.849 474.352 -514.797
860.941 -198.336 477.991 -516.206
862.7 -194.833 481.587 -517.598
864.49 -191.374 485.204 -519.027
866.295 -187.918 488.786 -520.559
868.135 -184.483 492.377 -522.105
869.986 -181.04 495.964 -523.589
871.823 -177.608 499.477 -525.08
873.672 -174.165 503.04 -526.608
875.582 -170.741 506.517 -528.331
877.542 -167.336 509.96 -529.925
879.604 -163.984 513.64 -531.843
881.788 -160.704 516.99 -533.778
884.092 -157.487 520.188 -535.686
886.559 -154.333 523.721 -538.218
889.142 -151.253 526.944 -540.451
891.804 -148.274 530.134 -542.937
894.545 -145.308 533.163 -545.307
897.302 -142.366 536.366 -547.842
900.063 -139.431 539.473 -550.352
902.79 -136.427 542.639 -552.85
905.48 -133.432 545.814 -555.315
908.165 -130.423 549.038 -557.788
910.833 -127.386 552.254 -560.196
913.496 -124.409 555.372 -562.612
