3.84831 0.0446274 1.98767 0.04245
6.67639 0.0754279 4.83151 0.0285339
9.46587 0.114132 7.5632 0.0400696
12.2234 0.154881 10.2965 0.02948
14.9455 0.199285 13.0361 0.0139771
17.6348 0.254852 15.6865 0.0222778
20.2948 0.314603 18.3914 0.0400085
22.9009 0.372549 21.0214 0.0600586
25.4422 0.428033 23.5614 0.0982666
27.877 0.491623 25.9745 0.177124
30.2267 0.56105 28.24 0.212463
32.4975 0.637347 30.4904 0.250793
34.7035 0.747597 32.693 0.358124
36.7734 0.857975 34.6282 0.463165
38.7635 0.966244 36.6808 0.546326
40.6868 1.05457 38.576 0.616821
42.4757 1.12746 40.4254 0.700409
44.1195 1.16369 42.03 0.769165
45.5745 1.16212 43.5208 0.775726
46.8327 1.11911 44.7851 0.65451
47.8784 1.05949 45.8814 0.67865
48.7166 0.973096 46.7991 0.590454
49.4871 0.856741 47.4808 0.454285
50.2306 0.697158 48.1964 0.336029
50.9453 0.488921 48.9556 0.135559
51.6593 0.221245 49.6259 -0.0786438
52.3559 -0.130953 50.3646 -0.434998
53.019 -0.590791 51.0292 -0.856995
53.6948 -1.17229 51.7654 -1.37595
54.3689 -1.94608 52.4546 -2.08392
54.9838 -2.97376 53.1281 -3.11258
55.484 -4.19836 53.7044 -4.25894
55.8023 -5.58554 54.1616 -5.72308
55.9379 -7.12638 54.2336 -7.29828
55.9775 -8.77494 54.1098 -8.83856
55.9798 -10.5377 53.8986 -10.5186
55.9295 -12.3828 53.7966 -12.3463
55.8585 -14.3336 53.6662 -14.2272
55.7407 -16.3872 53.5164 -16.2352
55.643 -18.5047 53.3281 -18.3816
55.569 -20.7128 53.1849 -20.5894
55.5054 -22.9033 53.0513 -22.8129
55.4636 -25.1116 52.9843 -25.1371
55.4896 -27.3049 52.8962 -27.346
55.5223 -29.5123 52.8029 -29.5748
55.5619 -31.7263 52.7454 -31.7997
55.6398 -33.951 52.7437 -34.0122
55.7486 -36.1978 52.7782 -36.3214
55.8685 -38.4658 52.8201 -38.5663
56.0249 -40.7783 52.8937 -40.9194
56.2033 -43.1303 52.9932 -43.2939
56.423 -45.5044 53.1227 -45.6566
56.7066 -47.9141 53.3242 -48.0284
57.041 -50.3568 53.5543 -50.4657
57.4249 -52.7738 53.8234 -52.829
57.8375 -55.1044 54.1188 -55.131
58.2625 -57.3891 54.4761 -57.4858
58.7161 -59.5996 54.8149 -59.7486
59.1724 -61.7044 55.1835 -61.8278
59.6169 -63.7223 55.544 -63.8678
60.0352 -65.6718 55.8711 -65.8774
60.4322 -67.5457 56.1918 -67.7917
60.8031 -69.3031 56.413 -69.6092
61.1404 -71.0007 56.7339 -71.3104
61.4508 -72.6229 56.9849 -73.0056
61.7495 -74.2427 57.2926 -74.6182
62.0582 -75.8867 57.4696 -76.2513
62.4239 -77.5684 57.7473 -77.9416
62.8458 -79.285 58.0808 -79.6607
63.3568 -81.0484 58.4738 -81.4746
63.9481 -82.8951 58.9402 -83.3732
64.6374 -84.8614 59.5306 -85.3987
65.4284 -86.9275 60.2386 -87.5013
66.289 -89.0769 60.9178 -89.6652
67.2287 -91.2181 61.7792 -91.8542
68.2475 -93.2889 62.6392 -94.0141
69.2482 -95.2755 63.5488 -96.0762
70.2361 -97.2065 64.4166 -98.0774
71.1979 -99.0331 65.2689 -99.9672
72.1255 -100.787 66.0832 -101.808
73.0324 -102.445 66.8354 -103.472
73.9098 -104.036 67.6157 -105.133
74.7663 -105.564 68.3467 -106.687
75.6342 -107.06 69.1855 -108.272
76.5323 -108.508 69.9842 -109.789
77.4899 -109.986 70.87 -111.237
78.5197 -111.537 71.8198 -112.758
79.6277 -113.116 72.8178 -114.414
80.8487 -114.793 73.9225 -116.111
82.1889 -116.53 75.1576 -117.853
83.6524 -118.299 76.5323 -119.67
85.2239 -120.164 78.0096 -121.573
86.8516 -122.085 79.4615 -123.515
88.5548 -124.02 81.0869 -125.486
90.3599 -125.964 82.796 -127.515
92.2182 -127.927 84.6141 -129.507
94.1064 -129.879 86.3322 -131.572
96.0704 -131.792 88.1478 -133.536
98.1044 -133.685 90.0942 -135.561
100.196 -135.601 92.087 -137.546
102.28 -137.484 94.0449 -139.49
104.383 -139.39 96.0922 -141.495
106.457 -141.31 98.0314 -143.442
108.465 -143.23 99.9868 -145.472
110.449 -145.154 101.899 -147.469
112.378 -147.083 103.772 -149.573
114.25 -149.052 105.51 -151.538
116.037 -151.048 107.269 -153.627
117.816 -153.086 108.998 -155.7
119.566 -155.189 110.616 -157.811
121.298 -157.384 112.327 -160.045
122.972 -159.646 113.866 -162.302
124.583 -161.964 115.366 -164.604
126.114 -164.27 116.873 -166.948
127.577 -166.553 118.252 -169.37
128.979 -168.764 119.49 -171.613
130.322 -170.912 120.764 -173.894
131.593 -173.01 121.855 -176.072
132.827 -175.035 122.936 -178.166
134.03 -177.007 123.986 -180.277
135.14 -178.931 125.037 -182.314
136.217 -180.779 125.982 -184.247
137.214 -182.581 126.851 -186.133
138.15 -184.328 127.698 -187.954
139.056 -186.097 128.476 -189.806
139.942 -187.939 129.273 -191.755
140.816 -189.84 130.003 -193.68
141.654 -191.846 130.691 -195.788
142.481 -193.963 131.42 -197.973
143.294 -196.214 132.151 -200.223
144.097 -198.559 132.766 -202.612
144.868 -200.975 133.328 -205.163
145.654 -203.532 133.867 -207.651
146.423 -206.105 134.444 -210.304
147.171 -208.747 135.011 -213.022
147.881 -211.462 135.481 -215.845
148.583 -214.227 135.936 -218.67
149.278 -217.009 136.362 -221.381
149.95 -219.794 136.797 -224.283
150.6 -222.574 137.195 -227.222
151.232 -225.328 137.596 -230.029
151.845 -228.104 137.939 -232.919
152.418 -230.838 138.259 -235.671
152.965 -233.615 138.511 -238.497
153.478 -236.379 138.756 -241.226
153.959 -239.105 138.957 -244.016
154.398 -241.85 139.085 -246.803
154.798 -244.576 139.209 -249.567
155.145 -247.273 139.343 -252.324
155.453 -249.955 139.386 -255.001
155.721 -252.621 139.441 -257.741
155.956 -255.282 139.457 -260.384
156.145 -257.92 139.611 -263.196
156.258 -260.527 139.368 -265.807
156.332 -263.14 139.17 -268.414
156.362 -265.729 138.986 -270.971
156.353 -268.321 138.673 -273.534
156.341 -270.893 138.408 -276.103
156.328 -273.437 138.102 -278.632
156.336 -275.862 137.849 -281.073
156.378 -278.224 137.647 -283.484
156.455 -280.481 137.5 -285.716
156.56 -282.651 137.351 -288.106
156.676 -284.675 137.242 -290.079
156.807 -286.594 137.211 -292.019
156.943 -288.411 137.15 -293.843
157.089 -290.11 137.202 -295.774
157.229 -291.728 137.183 -297.4
157.372 -293.259 137.192 -298.825
157.517 -294.725 137.231 -300.432
157.669 -296.199 137.246 -301.861
157.809 -297.72 137.22 -303.257
157.936 -299.311 137.227 -304.772
158.047 -301.013 137.1 -306.524
158.193 -302.79 137.113 -308.212
158.31 -304.681 137.019 -310.092
158.447 -306.666 136.902 -312.107
158.58 -308.748 136.906 -314.18
158.698 -310.897 136.818 -316.445
158.802 -313.14 136.665 -318.669
158.903 -315.454 136.541 -321.034
159.013 -317.844 136.447 -323.434
159.14 -320.302 136.351 -325.902
159.282 -322.834 136.219 -328.468
159.443 -325.435 136.149 -331.06
159.622 -328.093 136.098 -333.726
159.837 -330.789 136.054 -336.429
160.074 -333.518 136.064 -339.191
160.328 -336.259 136.11 -342.015
160.587 -338.998 136.059 -344.782
160.835 -341.712 136.066 -347.594
161.067 -344.424 136.056 -350.332
161.308 -347.117 136.061 -353.005
161.556 -349.806 136.065 -355.816
161.798 -352.483 136.151 -358.382
162.053 -355.17 136.183 -361.242
162.346 -357.863 136.24 -363.941
162.654 -360.574 136.333 -366.631
163.035 -363.272 136.546 -369.346
163.485 -365.955 136.763 -372.0
164.049 -368.6 137.145 -374.647
164.696 -371.22 137.551 -377.382
165.362 -373.842 138.036 -380.113
166.067 -376.477 138.495 -382.79
166.828 -379.096 138.962 -385.491
167.622 -381.646 139.472 -388.163
168.449 -384.156 140.028 -390.772
169.293 -386.621 140.691 -393.174
170.138 -389.052 141.366 -395.714
170.968 -391.44 142.027 -398.288
171.762 -393.816 142.493 -400.79
172.539 -396.19 143.102 -403.297
173.332 -398.586 143.668 -405.797
174.146 -401.042 144.273 -408.286
174.97 -403.54 144.782 -410.865
175.812 -406.099 145.195 -413.541
176.654 -408.665 145.506 -416.134
177.532 -411.237 146.418 -419.134
178.362 -413.801 146.952 -421.696
179.178 -416.343 147.49 -424.22
179.986 -418.797 148.102 -426.809
180.748 -421.185 148.593 -429.116
181.472 -423.474 149.115 -431.473
182.192 -425.714 149.669 -433.89
182.878 -427.917 150.125 -436.038
183.557 -430.088 150.52 -438.293
184.242 -432.252 150.984 -440.496
184.937 -434.444 151.409 -442.779
185.625 -436.593 151.873 -445.006
186.322 -438.658 152.35 -447.251
186.999 -440.629 152.808 -449.351
187.639 -442.524 153.214 -451.308
188.247 -444.311 153.607 -453.202
188.827 -445.983 153.974 -455.197
189.385 -447.578 154.365 -456.821
189.913 -449.082 154.595 -457.998
190.415 -450.474 154.906 -459.648
190.871 -451.776 155.185 -461.002
191.293 -452.975 155.446 -462.259
191.673 -454.056 155.666 -463.33
192.029 -455.047 155.895 -464.487
192.344 -455.946 156.087 -465.435
192.63 -456.78 156.233 -466.327
192.921 -457.585 156.405 -467.139
193.207 -458.373 156.58 -467.97
193.522 -459.157 156.77 -468.853
193.884 -459.97 156.988 -469.723
194.32 -460.816 157.281 -470.634
194.797 -461.646 157.599 -471.462
195.309 -462.41 158.009 -472.276
195.744 -463.135 158.307 -473.034
196.075 -463.853 158.508 -473.804
196.364 -464.604 158.814 -474.593
196.635 -465.402 158.863 -475.437
196.87 -466.211 159.041 -476.218
197.073 -466.953 159.122 -476.994
197.276 -467.618 159.218 -477.687
197.497 -468.167 159.359 -478.303
197.692 -468.628 159.538 -478.792
197.852 -468.992 159.551 -479.237
198.035 -469.299 159.78 -479.536
198.181 -469.556 159.908 -479.831
198.303 -469.772 160.053 -480.031
198.442 -469.894 160.26 -480.223
198.534 -470.03 160.274 -480.382
198.634 -470.117 160.419 -480.488
