5.26102 -0.00277789 2.67557 -0.143005
9.23896 -0.00832382 6.6539 -0.129181
13.2421 -0.0034194 10.6978 -0.217133
17.2822 0.00426771 14.7076 -0.272705
21.3413 -0.00413469 18.7532 -0.332642
25.4487 0.00971926 22.7535 -0.376099
29.5701 -0.00528159 26.8468 -0.483978
33.7178 -0.00830517 31.1663 -0.578766
37.9059 -0.0151148 35.2126 -0.677795
42.111 -0.0191634 39.4335 -0.820618
46.3413 -0.0308604 43.6624 -0.891052
50.6022 -0.0317553 47.9496 -1.02808
54.8846 -0.0208294 52.2819 -1.09601
59.1736 -0.0100754 56.4959 -1.16672
63.452 0.00130824 60.791 -1.26544
67.7031 0.0100203 65.033 -1.37747
71.9398 0.0351344 69.1315 -1.45593
76.1445 0.0532768 73.4247 -1.51498
80.3254 0.0495425 77.551 -1.58249
84.4837 0.0526907 81.435 -1.62607
88.6291 0.0843762 82.343 -1.6282
92.7413 0.128335 83.3396 -1.61087
96.8138 0.191341 83.4294 -1.52689
100.86 0.248572 85.3078 -1.56143
104.884 0.305326 89.2275 -1.62607
108.906 0.350813 93.2122 -1.68353
112.905 0.413713 97.2156 -1.74069
116.893 0.433478 101.108 -1.79181
120.905 0.433415 105.064 -1.87585
124.983 0.462255 109.075 -1.99649
129.05 0.471809 113.028 -2.13577
133.11 0.465694 117.043 -2.28888
137.161 0.464495 121.055 -2.45807
141.213 0.467442 125.108 -2.56528
145.258 0.478901 129.077 -2.69147
149.303 0.483284 133.135 -2.78098
153.337 0.51399 136.881 -2.88309
157.383 0.510487 138.859 -3.07071
161.429 0.484876 139.949 -3.03445
165.481 0.468784 140.913 -3.19412
169.56 0.442444 143.456 -3.32446
173.653 0.388112 147.538 -3.50339
177.785 0.340531 154.315 -3.79306
181.921 0.309 163.299 -4.29117
186.099 0.314131 169.568 -4.57422
190.305 0.307021 173.622 -4.82803
194.54 0.297934 176.239 -4.99234
198.801 0.299864 176.71 -5.03394
203.095 0.348581 181.427 -5.30103
207.418 0.343831 185.71 -5.55121
211.785 0.347951 190.114 -5.85895
216.186 0.357484 194.53 -6.13385
220.619 0.366905 198.975 -6.38428
225.079 0.37715 203.46 -6.64874
229.551 0.378661 207.877 -6.92715
234.038 0.373963 210.39 -7.13171
238.55 0.381494 210.035 -7.06009
243.087 0.38188 211.621 -7.1449
247.648 0.372157 213.574 -7.31293
252.224 0.362986 218.16 -7.56378
256.823 0.351899 222.939 -7.90085
261.435 0.334678 227.471 -8.21793
266.057 0.324905 232.106 -8.54007
270.677 0.316602 236.671 -8.84842
275.307 0.311231 238.394 -9.01678
279.945 0.301129 239.003 -9.03983
284.6 0.259923 243.656 -9.44489
289.254 0.217081 248.27 -9.84641
293.932 0.182827 252.88 -10.2221
298.65 0.157166 257.59 -10.5758
303.413 0.136231 262.333 -10.9573
308.212 0.10099 267.064 -11.3242
313.044 0.0965843 271.855 -11.6282
317.924 0.10867 276.735 -12.0714
322.814 0.100918 281.651 -12.3547
327.698 0.0941105 286.509 -12.7577
332.569 0.0642123 291.281 -13.1247
337.41 0.0494975 296.116 -13.4708
342.246 0.039303 300.91 -13.7855
347.055 0.0345479 305.752 -14.1424
351.848 0.0526102 310.384 -14.4608
356.631 0.0857036 315.173 -14.841
361.404 0.122301 319.88 -15.2173
366.184 0.1553 324.601 -15.562
370.975 0.202918 329.466 -15.8749
375.781 0.251989 334.231 -16.2291
380.607 0.278358 339.077 -16.6122
385.451 0.303965 343.902 -16.9865
390.306 0.320658 348.772 -17.3844
