2.2513 0.0150813 1.07919 -0.04776
3.96949 0.0415274 2.78833 -0.0582581
5.75129 0.087982 4.5918 -0.0558777
7.6376 0.144474 6.46729 -0.0354004
9.66192 0.207719 8.48187 0.0114441
11.7984 0.270128 10.6254 0.00576782
14.124 0.31283 12.9648 0.0420227
16.5818 0.358557 15.4271 0.0266418
19.1697 0.381287 18.0289 0.0639038
21.9249 0.419658 20.7718 0.136261
24.825 0.46864 23.7052 0.196136
27.7959 0.525875 26.6555 0.244934
30.8382 0.588476 29.6707 0.272308
33.9495 0.656257 32.715 0.287262
37.1299 0.731816 35.8528 0.360657
40.3536 0.786111 39.0944 0.415558
43.5805 0.870911 42.3181 0.497437
46.7798 0.981509 45.5433 0.586121
50.0107 1.0795 48.7599 0.653351
53.2326 1.1775 51.9738 0.704041
56.4438 1.28223 55.1721 0.703888
59.6858 1.38718 58.3845 0.722412
62.9251 1.4695 61.5875 0.74353
66.1697 1.55877 64.7926 0.773193
69.4349 1.64924 68.1066 0.792786
72.6896 1.72404 71.3463 0.789459
75.9117 1.81802 74.5838 0.799347
79.115 1.93169 77.8333 0.838623
82.2956 2.04609 80.9749 0.919281
85.4064 2.15226 84.0793 0.985809
88.3826 2.26242 87.0435 1.07468
91.1707 2.39014 89.9006 1.16211
93.754 2.53828 92.537 1.25598
96.1106 2.70982 94.84 1.32886
98.1968 2.8853 96.9938 1.42517
100.02 3.04365 98.8039 1.5296
101.636 3.1624 100.5 1.58643
103.055 3.20197 101.838 1.58447
104.319 3.15688 103.091 1.51535
105.498 2.99391 104.287 1.34555
106.603 2.69944 105.355 1.06302
107.617 2.27937 106.368 0.635193
108.515 1.72022 107.296 0.0836487
109.31 1.04701 108.112 -0.564758
110.016 0.246636 108.813 -1.36243
110.568 -0.705109 109.388 -2.31662
110.988 -1.7741 109.792 -3.36139
111.266 -2.93463 110.04 -4.54086
111.402 -4.22727 110.19 -5.85992
111.518 -5.67265 110.277 -7.319
111.5 -7.28232 110.259 -8.83643
111.462 -9.06575 110.201 -10.5909
111.398 -11.0417 110.113 -12.4561
111.361 -13.1636 110.055 -14.1747
111.324 -15.4238 110.005 -16.2209
111.276 -17.7675 110.059 -16.7705
111.207 -20.1879 110.08 -17.4395
111.15 -22.6584 110.16 -17.3507
111.111 -25.1821 110.131 -18.7642
111.066 -27.6965 110.013 -21.4206
110.996 -30.1718 109.926 -23.8867
110.931 -32.6373 109.794 -26.4605
110.873 -35.0597 109.68 -28.9296
110.812 -37.4503 109.547 -31.3286
110.731 -39.8044 109.413 -33.6909
110.626 -42.1159 109.269 -36.0555
110.533 -44.359 109.11 -38.3079
110.441 -46.4792 108.967 -40.3369
110.348 -48.5656 108.821 -42.4522
110.263 -50.6236 108.697 -44.4718
110.164 -52.6411 108.58 -46.4947
110.029 -54.6275 108.42 -48.4393
109.86 -56.6451 108.239 -50.4252
109.652 -58.7092 107.978 -52.5299
109.43 -60.8681 107.699 -54.7018
109.174 -63.07 107.41 -56.9299
108.934 -65.3156 107.113 -59.1458
108.72 -67.5462 106.81 -61.3897
108.483 -69.7701 106.541 -63.5599
108.229 -72.0277 106.216 -65.7798
107.966 -74.323 105.906 -68.028
107.685 -76.6636 105.59 -70.2384
107.378 -79.0466 105.204 -72.7393
107.049 -81.4741 104.832 -75.138
106.716 -83.9628 104.443 -77.5645
106.39 -86.4992 104.052 -80.0054
106.076 -89.0433 103.682 -82.5006
105.777 -91.6216 103.328 -85.0945
105.475 -94.2111 102.978 -87.7519
105.166 -96.7909 102.6 -90.3315
104.878 -99.352 102.276 -92.919
104.606 -101.878 101.972 -95.3745
104.315 -104.361 101.626 -97.8808
104.021 -106.798 101.303 -100.351
103.731 -109.192 100.967 -102.728
103.427 -111.535 100.599 -105.045
103.109 -113.842 100.219 -107.368
102.766 -116.117 99.7878 -109.646
102.411 -118.386 99.4474 -111.91
102.053 -120.611 99.0229 -114.158
101.684 -122.813 98.5921 -116.319
101.27 -124.997 98.141 -118.4
100.812 -127.132 97.6957 -120.487
100.265 -129.235 97.105 -122.615
99.642 -131.304 96.4642 -124.577
98.9927 -133.345 95.7739 -126.653
98.3406 -135.347 95.0926 -128.675
97.7184 -137.316 94.4566 -130.653
97.1198 -139.242 93.826 -132.592
96.5545 -141.13 93.2391 -134.406
96.0345 -142.983 92.6895 -136.275
95.539 -144.801 92.1833 -138.04
95.0991 -146.565 91.7381 -139.787
94.7184 -148.302 91.3338 -141.544
94.4044 -150.022 90.9108 -143.25
94.1997 -151.729 90.6628 -144.983
94.1304 -153.415 90.5312 -146.64
94.1393 -155.089 90.5402 -148.274
94.0931 -156.742 90.4496 -149.94
93.9601 -158.353 90.2673 -151.593
93.7572 -159.916 90.0819 -153.141
93.4852 -161.435 89.7818 -154.704
93.161 -162.899 89.4329 -156.161
92.8353 -164.332 89.0674 -157.558
92.5132 -165.744 88.7227 -158.959
92.187 -167.149 88.3224 -160.438
91.8103 -168.622 87.929 -161.797
91.3811 -170.158 87.4694 -163.321
90.8965 -171.748 86.9337 -164.957
90.397 -173.387 86.3908 -166.555
89.8625 -175.029 85.802 -168.317
89.341 -176.658 85.2348 -169.965
88.8461 -178.272 84.6854 -171.58
88.3945 -179.825 84.1769 -173.132
87.9937 -181.282 83.7495 -174.553
87.6509 -182.612 83.3594 -175.865
87.4098 -183.833 83.0698 -177.089
87.2561 -185.02 82.8615 -178.242
87.2442 -186.194 82.7659 -179.406
87.3403 -187.332 82.8193 -180.537
87.5259 -188.424 82.9543 -181.626
87.8462 -189.51 83.1646 -182.727
88.3538 -190.601 83.5948 -183.855
89.0323 -191.693 84.1588 -184.966
89.9295 -192.748 84.9767 -186.075
91.0878 -193.78 86.0571 -187.161
92.4855 -194.764 87.3526 -188.17
94.1217 -195.684 88.9245 -189.153
95.957 -196.562 90.7086 -190.118
97.9701 -197.418 92.6748 -191.062
100.16 -198.207 94.8087 -191.949
102.487 -198.972 97.1428 -192.819
104.914 -199.798 99.5378 -193.733
107.444 -200.661 101.991 -194.657
110.032 -201.55 104.531 -195.666
112.621 -202.454 107.054 -196.652
115.214 -203.364 109.618 -197.652
117.82 -204.266 112.169 -198.65
120.437 -205.151 114.744 -199.655
123.049 -206.023 117.337 -200.653
125.657 -206.881 119.895 -201.596
128.227 -207.712 122.402 -202.519
130.736 -208.502 124.815 -203.408
133.144 -209.24 127.176 -204.238
135.39 -209.905 129.313 -204.97
137.493 -210.505 131.383 -205.63
139.387 -211.015 133.284 -206.254
141.062 -211.456 134.91 -206.78
142.554 -211.848 136.379 -207.235
143.94 -212.202 137.714 -207.651
145.296 -212.509 139.046 -208.015
146.609 -212.693 140.409 -208.29
147.897 -212.736 141.688 -208.404
149.14 -212.594 142.856 -208.294
150.305 -212.253 144.013 -208.018
151.398 -211.765 145.117 -207.659
152.351 -211.1 146.111 -207.066
153.167 -210.304 146.921 -206.335
153.816 -209.384 147.608 -205.471
154.238 -208.345 148.123 -204.505
154.538 -207.27 148.525 -203.446
154.727 -206.137 148.825 -202.327
154.869 -204.924 149.041 -201.154
154.948 -203.602 149.253 -199.878
155.02 -202.15 149.381 -198.59
154.98 -200.504 149.426 -196.766
154.91 -198.697 149.418 -195.012
154.826 -196.723 149.401 -192.978
154.754 -194.586 149.45 -190.795
154.76 -192.285 149.532 -188.513
154.851 -189.835 149.697 -186.029
155.04 -187.254 149.965 -183.41
155.303 -184.63 150.271 -180.869
155.604 -181.999 150.611 -178.267
155.906 -179.34 150.986 -175.727
156.218 -176.665 151.359 -173.132
156.532 -173.987 151.734 -170.436
156.849 -171.32 152.093 -167.772
157.161 -168.641 152.46 -165.097
157.472 -165.965 152.781 -162.485
157.795 -163.305 153.146 -159.84
158.127 -160.669 153.551 -157.14
158.461 -158.045 153.929 -154.5
158.799 -155.435 154.331 -151.935
159.144 -152.83 154.708 -149.362
159.501 -150.19 155.107 -146.813
159.874 -147.523 155.513 -144.082
160.257 -144.824 155.909 -141.484
160.64 -142.09 156.355 -138.706
161.019 -139.316 156.765 -135.988
161.359 -136.497 157.161 -133.265
161.656 -133.636 157.537 -130.384
161.936 -130.741 157.87 -127.538
162.224 -127.789 158.272 -124.497
162.489 -124.87 158.595 -121.642
162.748 -121.952 158.924 -118.672
162.998 -119.04 159.218 -115.739
163.248 -116.126 159.549 -112.87
163.504 -113.214 159.874 -109.924
163.762 -110.299 160.219 -107.021
164.015 -107.386 160.554 -104.091
164.269 -104.478 160.841 -101.204
164.514 -101.572 161.116 -98.3488
164.752 -98.6801 161.386 -95.4955
165.025 -95.7795 161.654 -92.5107
165.326 -92.8865 162.012 -89.6416
165.637 -89.9719 162.394 -86.7139
165.963 -87.0961 162.738 -83.845
166.305 -84.1841 163.085 -80.906
166.646 -81.2655 163.47 -78.0177
166.974 -78.3389 163.818 -75.1491
167.314 -75.4097 164.145 -72.1955
167.648 -72.4561 164.497 -69.2139
167.968 -69.4976 164.809 -66.2982
168.262 -66.5297 165.164 -63.3661
168.529 -63.5437 165.431 -60.3834
168.778 -60.5389 165.717 -57.4227
169.021 -57.536 165.964 -54.3416
169.265 -54.5342 166.208 -51.3954
169.495 -51.5499 166.45 -48.427
169.708 -48.5877 166.702 -45.4806
169.901 -45.6609 166.956 -42.5843
170.072 -42.7442 167.14 -39.6076
170.228 -39.8647 167.327 -36.783
170.378 -37.0042 167.465 -33.9289
170.519 -34.2079 167.615 -31.101
170.642 -31.4845 167.679 -28.4024
170.746 -28.8259 167.802 -25.7349
170.834 -26.2444 167.927 -23.1788
170.897 -23.7759 168.002 -20.7152
170.964 -21.4456 168.051 -18.3247
171.065 -19.2061 168.126 -16.1332
171.183 -17.0282 168.22 -14.0174
171.317 -14.8995 168.302 -11.8351
171.447 -12.8758 168.377 -9.83414
171.588 -10.9339 168.506 -7.86765
171.74 -9.12053 168.648 -6.09192
171.909 -7.46175 168.81 -4.36292
172.09 -5.9412 168.94 -2.94611
172.299 -4.54199 169.112 -1.50937
172.549 -3.26275 169.315 -0.192993
172.84 -2.10015 169.566 0.957733
173.186 -1.0667 169.858 2.00204
173.585 -0.124488 170.217 2.99036
174.082 0.774407 170.656 3.91623
174.666 1.58099 171.144 4.74997
175.308 2.29897 171.734 5.5051
176.102 2.984 172.433 6.21426
177.056 3.61363 173.324 6.85141
178.135 4.17251 174.404 7.49689
179.398 4.65889 175.583 8.02469
180.879 5.03712 177.053 8.444
182.524 5.27335 178.652 8.72989
184.331 5.37439 180.482 8.85361
186.294 5.39418 182.425 8.89539
188.4 5.38074 184.584 8.87762
190.633 5.37608 186.842 8.88065
192.984 5.38856 189.213 8.89438
195.395 5.41488 191.602 8.94479
197.828 5.4507 194.058 9.00452
200.28 5.48971 196.532 9.10516
202.76 5.53031 199.021 9.17816
205.23 5.57464 201.453 9.26306
207.676 5.6384 203.923 9.34467
210.095 5.7197 206.26 9.44287
212.46 5.80704 208.501 9.5723
214.732 5.88549 210.822 9.70035
216.847 5.97002 212.988 9.81955
218.804 6.05376 214.888 9.91385
220.567 6.14573 216.642 10.0096
222.147 6.23967 218.249 10.0807
223.545 6.30843 219.644 10.1555
224.867 6.31942 220.966 10.1815
226.152 6.23617 222.297 10.1239
227.383 6.05534 223.492 9.95697
228.552 5.70541 224.647 9.63208
229.621 5.21527 225.824 9.12634
230.599 4.63922 226.802 8.60199
231.486 3.8942 227.683 7.89096
232.292 3.05113 228.531 7.06552
232.974 2.03929 229.297 6.0199
233.542 0.874758 229.881 4.91718
233.981 -0.470349 230.393 3.57898
234.246 -1.96817 230.697 2.12125
234.447 -3.63315 230.947 0.444702
234.536 -5.43245 231.05 -1.3009
234.522 -7.38999 231.018 -3.24783
234.437 -9.48222 230.948 -5.34
234.319 -11.714 230.843 -7.58087
234.197 -14.0799 230.743 -9.91394
234.08 -16.5014 230.642 -12.2978
233.981 -18.9181 230.578 -14.737
233.92 -21.3503 230.557 -17.0909
233.893 -23.8119 230.574 -19.512
233.893 -26.2766 230.551 -22.0084
233.888 -28.7547 230.533 -24.4967
233.863 -31.2345 230.538 -26.9103
233.849 -33.7038 230.55 -29.3599
233.818 -36.1534 230.511 -31.8407
233.772 -38.5853 230.43 -34.3253
233.707 -40.9714 230.396 -36.668
233.643 -43.3372 230.374 -39.0612
233.571 -45.6898 230.353 -41.4384
233.49 -47.994 230.331 -43.83
233.411 -50.2844 230.287 -46.1253
233.346 -52.557 230.254 -48.3593
233.283 -54.7957 230.243 -50.5858
233.21 -57.0082 230.216 -52.8437
233.123 -59.1738 230.199 -54.9826
233.066 -61.3337 230.157 -57.192
233.03 -63.4544 230.175 -59.3247
232.98 -65.5395 230.182 -61.4356
232.908 -67.5853 230.118 -63.4209
232.849 -69.5855 230.073 -65.4467
232.796 -71.5363 230.043 -67.4024
232.746 -73.4682 230.012 -69.3498
232.67 -75.3666 229.932 -71.2309
232.591 -77.2393 229.879 -73.123
232.473 -79.121 229.804 -75.0279
232.319 -81.0785 229.685 -76.9417
232.123 -83.1116 229.516 -78.9391
231.882 -85.2431 229.297 -81.0442
231.598 -87.4663 229.054 -83.2738
231.264 -89.8255 228.735 -85.6242
230.899 -92.3083 228.406 -88.0966
230.52 -94.9009 228.064 -90.7084
230.132 -97.6241 227.736 -93.4365
229.778 -100.455 227.407 -96.2296
229.468 -103.377 227.065 -99.1887
229.193 -106.348 226.834 -102.166
228.921 -109.35 226.621 -105.066
228.65 -112.367 226.395 -108.079
228.394 -115.372 226.192 -110.951
228.153 -118.354 225.971 -114.16
227.93 -121.331 225.848 -117.132
227.734 -124.289 225.72 -120.03
227.574 -127.217 225.601 -122.981
227.426 -130.11 225.482 -125.891
227.26 -132.962 225.401 -128.771
227.099 -135.796 225.295 -131.589
226.919 -138.59 225.16 -134.524
226.703 -141.363 225.011 -137.243
226.441 -144.133 224.818 -140.067
226.123 -146.902 224.563 -142.789
225.721 -149.665 224.224 -145.525
225.231 -152.426 223.838 -148.292
224.651 -155.186 223.344 -151.12
223.974 -157.937 222.753 -153.851
223.256 -160.685 222.063 -156.567
222.554 -163.439 221.42 -159.263
221.9 -166.214 220.827 -162.003
221.32 -168.971 220.259 -164.739
220.808 -171.738 219.811 -167.509
220.341 -174.47 219.371 -170.264
219.901 -177.119 218.964 -172.895
219.506 -179.64 218.631 -175.471
219.131 -182.065 218.254 -177.968
218.757 -184.483 217.887 -180.308
218.363 -186.883 217.525 -182.661
217.971 -189.238 217.135 -185.01
217.6 -191.582 216.837 -187.327
217.266 -193.905 216.509 -189.691
216.954 -196.195 216.229 -191.899
216.667 -198.485 215.971 -194.318
216.403 -200.697 215.752 -196.419
216.153 -202.77 215.468 -198.444
215.925 -204.639 215.251 -200.279
215.704 -206.268 215.043 -201.995
215.519 -207.704 214.96 -203.399
215.309 -209.06 214.834 -204.726
215.091 -210.35 214.642 -205.983
214.875 -211.491 214.518 -207.093
214.677 -212.447 214.379 -208.086
214.462 -213.365 214.206 -208.999
214.24 -214.253 214.011 -209.887
214.009 -215.109 213.822 -210.751
213.736 -215.978 213.606 -211.611
213.413 -216.878 213.316 -212.512
213.016 -217.808 212.94 -213.482
212.521 -218.789 212.506 -214.425
211.889 -219.818 211.9 -215.548
211.092 -220.866 211.181 -216.625
210.117 -221.895 210.235 -217.695
208.952 -222.873 209.149 -218.73
207.624 -223.767 207.783 -219.646
206.128 -224.572 206.321 -220.463
204.454 -225.247 204.673 -221.164
202.631 -225.753 202.926 -221.689
200.7 -226.041 200.956 -222.029
198.696 -226.114 198.903 -222.198
196.591 -225.976 196.743 -222.107
194.431 -225.694 194.616 -221.825
192.215 -225.277 192.432 -221.451
189.948 -224.717 190.229 -220.929
187.671 -224.029 187.876 -220.262
185.337 -223.236 185.65 -219.547
182.981 -222.372 183.403 -218.806
180.579 -221.48 181.021 -217.921
178.197 -220.596 178.655 -217.036
175.796 -219.751 176.287 -216.194
173.408 -218.969 173.916 -215.42
171.065 -218.254 171.707 -214.727
168.845 -217.611 169.585 -214.1
166.792 -217.026 167.587 -213.513
164.884 -216.473 165.701 -212.943
163.124 -215.938 164.028 -212.417
161.479 -215.393 162.458 -211.858
159.923 -214.787 160.87 -211.212
158.518 -214.101 159.508 -210.531
157.272 -213.292 158.252 -209.693
156.182 -212.307 157.202 -208.754
155.29 -211.219 156.259 -207.683
154.61 -210.025 155.512 -206.444
154.085 -208.699 154.989 -205.165
153.779 -207.289 154.683 -203.738
153.62 -205.762 154.522 -202.127
153.563 -204.109 154.495 -200.518
153.589 -202.379 154.511 -198.81
153.69 -200.497 154.636 -196.924
153.861 -198.495 154.825 -194.962
154.07 -196.372 155.071 -192.803
154.276 -194.124 155.331 -190.598
154.508 -191.761 155.542 -188.984
154.765 -189.288 155.639 -188.312
155.043 -186.708 155.847 -186.696
155.361 -184.027 156.105 -184.837
155.712 -181.272 156.384 -181.724
156.059 -178.461 156.753 -179.028
156.401 -175.624 157.252 -176.045
156.735 -172.794 157.653 -173.618
157.068 -169.956 158.108 -170.812
157.41 -167.148 158.547 -167.963
157.756 -164.357 158.97 -165.29
158.104 -161.586 159.464 -162.407
158.448 -158.826 159.401 -162.718
158.797 -156.06 159.783 -159.879
159.152 -153.294 160.011 -158.313
159.529 -150.51 159.854 -159.767
159.93 -147.703 159.64 -161.238
160.34 -144.868 159.754 -160.709
160.739 -142.001 160.304 -157.638
161.121 -139.074 160.624 -155.642
161.455 -136.081 160.766 -154.683
161.745 -133.044 161.027 -152.689
162.035 -129.955 161.222 -151.438
162.331 -126.807 161.125 -152.076
162.614 -123.621 161.545 -149.264
162.892 -120.428 161.935 -146.092
163.18 -117.233 161.87 -146.335
163.475 -114.041 161.918 -145.917
163.771 -110.848 162.345 -142.727
164.063 -107.659 162.748 -139.528
164.349 -104.468 163.137 -136.393
164.63 -101.282 163.54 -133.297
164.929 -98.0992 163.852 -131.041
165.287 -94.891 164.25 -127.863
165.68 -91.6754 164.532 -126.784
166.096 -88.4542 164.83 -125.071
166.528 -85.2104 165.123 -123.831
166.96 -81.9441 165.693 -120.534
167.373 -78.6334 166.148 -118.932
167.751 -75.3098 166.051 -119.512
168.097 -71.9185 166.469 -116.268
168.424 -68.4961 166.907 -112.851
168.738 -65.0396 167.309 -109.332
169.023 -61.5417 167.736 -106.076
169.284 -58.0516 168.104 -102.617
169.525 -54.5777 168.474 -99.0799
169.756 -51.1248 168.795 -95.6915
169.975 -47.6999 169.128 -92.1838
170.187 -44.2994 169.395 -88.887
170.374 -40.9451 169.681 -85.6742
170.533 -37.663 169.844 -82.3926
170.674 -34.4941 170.031 -79.3014
170.795 -31.4654 170.187 -76.291
170.895 -28.5777 170.453 -73.4468
170.981 -25.8387 170.833 -70.7674
171.061 -23.253 171.007 -68.1553
171.174 -20.7912 171.175 -65.7401
171.449 -18.6117 171.46 -63.4296
171.763 -16.4979 171.759 -61.1756
172.076 -14.3862 172.157 -59.0981
172.388 -12.2772 172.619 -56.9937
172.7 -10.1702 173.037 -55.1094
173.002 -8.25153 173.412 -53.2452
173.254 -6.60505 173.755 -51.6852
173.446 -5.15088 174.018 -50.2755
173.583 -3.92563 174.225 -49.0289
173.68 -2.92919 174.374 -48.0291
173.753 -2.13064 174.489 -47.2547
173.819 -1.46576 174.562 -46.6062
173.879 -0.859618 174.639 -45.9917
173.925 -0.266755 174.763 -45.4053
173.978 0.324786 174.859 -44.8241
174.013 0.917514 174.903 -44.1899
174.033 1.55939 174.944 -43.551
174.068 2.36959 175.051 -42.7448
174.105 3.33969 175.106 -41.7603
174.132 4.51292 175.183 -40.5864
174.187 5.90432 175.306 -39.214
174.263 7.4782 175.48 -37.6593
174.363 9.20589 175.733 -35.9189
174.452 11.1247 175.956 -33.9965
174.511 13.2002 176.086 -31.9067
174.568 15.431 176.273 -29.7086
174.628 17.8414 176.483 -27.2798
174.671 20.3819 176.651 -24.7236
174.711 23.0541 176.874 -22.4576
174.752 25.8252 177.054 -19.7038
174.812 28.6979 177.317 -16.824
174.901 31.6643 177.601 -14.1267
175.005 34.6865 177.904 -11.0728
175.105 37.765 178.212 -8.05109
175.196 40.8947 178.585 -4.82843
175.286 44.0619 178.863 -1.76932
175.385 47.2482 178.429 -3.67712
175.47 50.4329 178.214 -5.84644
175.558 53.6266 178.347 -3.68616
175.643 56.813 178.812 -0.600586
175.737 59.9921 179.172 2.46466
175.839 63.1968 179.512 4.8634
175.939 66.3942 179.451 3.62143
176.031 69.6132 179.498 4.71722
176.103 72.8196 179.44 3.72809
176.171 76.0576 179.535 5.09442
176.234 79.2874 179.487 4.93274
176.27 82.5276 179.224 3.66455
176.293 85.773 179.437 5.82812
176.283 89.0247 179.757 8.89255
176.241 92.3025 179.991 12.1364
176.181 95.5735 180.286 15.4369
176.087 98.854 180.5 18.701
175.959 102.143 180.756 21.9848
175.81 105.437 180.955 25.3055
175.637 108.74 181.05 28.5859
175.46 112.058 181.09 31.9139
175.259 115.376 181.194 35.265
175.055 118.71 181.278 38.6483
174.857 122.062 181.396 41.9895
174.649 125.413 181.501 45.3462
174.438 128.791 181.605 48.7398
174.222 132.18 181.689 52.088
173.996 135.575 181.739 55.5565
173.775 138.982 181.805 58.9575
173.566 142.4 181.873 62.4021
173.338 145.816 181.956 65.8014
173.117 149.232 182.039 69.1426
172.888 152.637 182.155 72.6162
172.649 156.043 182.236 76.0133
172.411 159.403 182.284 79.4452
172.174 162.753 182.319 82.7631
171.945 166.074 182.373 86.0364
171.734 169.32 182.484 89.2933
171.521 172.571 182.608 92.5106
171.284 175.684 182.671 95.6512
171.055 178.776 182.752 98.7524
170.832 181.8 182.819 101.773
170.616 184.751 182.875 104.766
170.404 187.668 182.929 107.664
170.201 190.513 182.993 110.486
170.004 193.315 183.058 113.222
169.785 196.064 183.081 115.778
169.55 198.777 183.09 118.624
169.279 201.435 183.073 121.197
168.946 204.071 182.97 123.842
168.57 206.635 182.843 126.392
168.152 209.166 182.675 129.035
167.751 211.646 182.509 131.511
167.366 214.041 182.336 133.888
167.069 216.342 182.263 136.181
166.906 218.557 182.296 138.383
166.824 220.671 182.4 140.548
166.843 222.696 182.569 142.527
166.963 224.615 182.779 144.479
167.158 226.411 183.051 146.177
167.42 228.107 183.398 147.872
167.712 229.692 183.834 149.431
168.018 231.179 184.239 150.885
168.273 232.579 184.6 152.272
168.462 233.871 184.893 153.549
168.547 235.056 185.052 154.713
168.528 236.139 185.139 155.809
168.357 237.12 185.068 156.755
168.099 238.042 184.886 157.703
167.741 238.905 184.63 158.602
167.281 239.68 184.281 159.402
166.774 240.393 183.894 160.168
166.207 241.052 183.431 160.869
165.607 241.699 182.98 161.543
164.998 242.344 182.451 162.22
164.334 242.963 181.91 162.876
163.585 243.571 181.162 163.543
162.748 244.146 180.443 164.162
161.809 244.668 179.538 164.787
160.735 245.128 178.565 165.368
159.484 245.557 177.364 165.89
158.053 245.938 175.94 166.46
156.431 246.343 174.38 167.007
154.589 246.736 172.563 167.542
152.48 247.075 170.537 168.064
150.141 247.355 168.455 168.513
147.573 247.601 165.879 168.997
144.804 247.845 163.082 169.499
141.824 248.105 160.133 169.99
138.635 248.361 157.044 170.481
135.232 248.604 153.716 171.002
131.686 248.856 150.163 171.589
128.165 249.087 146.683 172.145
124.642 249.278 143.248 172.642
121.109 249.457 139.707 173.136
117.58 249.612 136.241 173.598
114.068 249.738 132.764 174.028
110.584 249.861 129.322 174.459
107.114 249.979 125.93 174.873
103.67 250.074 122.518 175.243
100.251 250.148 119.074 175.62
96.8553 250.207 115.74 175.999
93.4827 250.264 112.409 176.366
90.1458 250.33 109.134 176.757
86.84 250.448 105.828 177.161
83.5472 250.598 102.544 177.609
80.2723 250.734 99.3214 178.036
77.0131 250.906 96.0766 178.462
73.7271 251.074 92.7946 178.957
70.4648 251.238 89.5105 179.428
67.2209 251.406 86.3396 179.885
63.9916 251.549 83.176 180.28
60.7869 251.675 80.0952 180.766
57.6015 251.782 76.9302 181.167
54.4388 251.876 73.8424 181.513
51.2977 251.967 70.7745 181.892
48.1824 252.065 67.6674 182.238
45.0929 252.188 64.686 182.63
42.0186 252.337 61.6381 183.065
38.9732 252.505 58.6159 183.501
35.9533 252.689 55.6641 183.918
32.959 252.872 52.7493 184.337
29.9939 253.03 49.7869 184.752
27.0498 253.115 46.9579 185.091
24.1304 253.102 44.0855 185.343
21.2413 252.992 41.1799 185.485
18.3747 252.75 38.3528 185.524
15.5346 252.322 35.4557 185.387
12.7127 251.717 32.6204 185.061
9.91772 250.92 29.7908 184.516
7.14579 249.911 26.9194 183.757
4.41145 248.691 24.0862 182.831
1.73272 247.238 21.3038 181.663
-0.886348 245.601 18.5459 180.293
-3.48279 243.782 15.8074 178.735
-6.06639 241.857 13.0391 177.046
-8.68089 239.876 10.3456 175.308
-11.3274 237.846 7.50693 173.485
-13.9887 235.808 4.66281 171.705
-16.6772 233.803 1.79282 169.899
-19.3881 231.874 -0.960205 168.205
-22.1279 230.029 -3.85104 166.583
-24.8948 228.273 -6.73502 165.036
-27.6463 226.548 -9.58868 163.534
-30.374 224.863 -12.4694 162.018
-33.0692 223.207 -15.3026 160.609
-35.7343 221.575 -18.0486 159.19
-38.3497 219.974 -20.8205 157.822
-40.8216 218.444 -23.4189 156.542
-43.0751 217.002 -25.7612 155.311
-45.0963 215.634 -27.8971 154.112
-46.8784 214.368 -29.7614 152.968
-48.453 213.203 -31.3837 151.99
-49.855 212.112 -32.8436 151.008
-51.1035 211.05 -34.1574 150.019
-52.2239 210.007 -35.3905 149.082
-53.1825 208.996 -36.423 148.186
-53.938 208.023 -37.259 147.351
-54.4702 207.16 -37.9069 146.579
-54.881 206.38 -38.4043 145.866
-55.2088 205.581 -38.8253 145.116
-55.451 204.785 -39.156 144.354
-55.6242 203.948 -39.4095 143.567
-55.7591 203.023 -39.6539 142.692
-55.83 201.99 -39.8093 141.652
-55.8119 200.831 -39.927 140.577
-55.6683 199.501 -39.9039 139.194
-55.4217 197.999 -39.8479 137.664
-55.0281 196.317 -39.5705 136.005
-54.4676 194.465 -39.1693 134.146
-53.6986 192.469 -38.6049 132.088
-52.6936 190.391 -37.8578 129.961
-51.4201 188.23 -36.7131 127.902
-49.9478 185.994 -35.5359 125.362
-48.3368 183.653 -34.0716 122.88
-46.6776 181.203 -32.6171 120.345
-44.9496 178.628 -31.1031 117.636
-43.1648 175.936 -29.5422 114.776
-41.3376 173.129 -27.9616 111.865
-39.478 170.196 -26.3197 108.777
-37.6437 167.157 -24.7435 105.635
-35.8419 164.041 -23.1858 102.357
-34.0871 160.874 -21.725 99.0869
-32.4102 157.655 -20.297 95.7888
-30.7886 154.423 -18.9499 92.5118
-29.2325 151.211 -17.6414 89.1671
-27.6577 148.004 -16.2918 85.8768
-26.0982 144.789 -14.9462 82.5617
-24.5301 141.561 -13.6341 79.2176
-22.9682 138.324 -12.2651 75.8489
-21.4157 135.097 -10.9924 72.5139
-19.8662 131.877 -9.68314 69.1908
-18.3371 128.699 -8.43335 65.9146
-16.8002 125.552 -7.11279 62.6417
-15.2669 122.447 -5.82501 59.438
-13.7996 119.357 -4.65295 56.3326
-12.4353 116.244 -3.51514 53.1379
-11.1877 113.102 -2.48737 49.8998
-10.0073 109.925 -1.58572 46.6888
-8.86429 106.766 -0.649963 43.4517
-7.76012 103.575 0.206818 40.2738
-6.64698 100.383 1.10568 36.9738
-5.58444 97.2112 2.00369 33.7014
-4.60433 93.9769 2.70306 30.5057
-3.69591 90.7331 3.34537 27.209
-2.8711 87.4694 3.95593 23.8779
-2.11309 84.1787 4.43057 20.5493
-1.41313 80.888 4.81183 17.2444
-0.725446 77.569 5.1684 14.0106
-0.0910308 74.3378 5.52875 10.6786
0.52172 71.0852 5.79703 7.4379
1.12026 67.8523 6.17667 4.12112
1.6866 64.6252 6.40286 1.0206
2.22538 61.4256 6.67703 -2.08252
2.75408 58.2343 6.91919 -5.25299
3.25761 55.0758 7.17026 -8.44296
3.73199 51.9487 7.4761 -11.6169
4.18587 48.8308 7.66492 -14.7552
4.5965 45.756 7.87811 -17.8168
4.98099 42.697 8.02689 -20.8722
5.34022 39.6627 8.16458 -23.9577
5.6763 36.7124 8.28275 -26.9255
5.99203 33.8424 8.3606 -29.7878
6.28422 31.0873 8.45383 -32.5716
6.55403 28.421 8.50995 -35.2404
6.80006 25.9002 8.57684 -37.6788
7.0252 23.5589 8.61014 -40.0473
7.22837 21.38 8.64349 -42.2294
7.42624 19.3623 8.66263 -44.2599
7.60654 17.5015 8.70456 -46.1006
7.74364 15.7808 8.71677 -47.8505
7.85855 14.2316 8.74707 -49.4327
7.96159 12.8954 8.71442 -50.7736
8.04801 11.7762 8.70062 -51.901
8.12948 10.8439 8.70529 -52.8278
8.23151 10.0238 8.76736 -53.6778
8.35643 9.27129 8.78394 -54.4227
8.54739 8.55563 8.91238 -55.1698
8.71155 8.00035 8.99121 -55.7497
8.78606 7.79172 9.02258 -55.9617
8.78358 7.81142 9.02612 -55.9482
8.7872 7.81353 9.0047 -55.9525
8.785 7.81035 9.02081 -55.9544
8.77608 7.80885 9.01886 -55.9736
8.76869 7.80645 9.01556 -55.9549
8.76106 7.80402 9.01187 -55.9656
8.75292 7.79853 9.01303 -55.9461
8.74852 7.79344 9.01584 -55.9421
8.7434 7.78833 8.96548 -55.9326
8.73816 7.78331 9.01105 -55.9562
8.73363 7.77889 9.01242 -55.9582
8.72855 7.77411 8.99704 -55.9544
8.72571 7.77053 9.00543 -55.955
8.72337 7.76786 9.00507 -55.9545
8.72048 7.76633 9.0351 -55.9502
8.71631 7.76515 9.00684 -55.9574
8.71383 7.76362 9.00632 -55.9468
8.71283 7.76333 9.01056 -55.9437
8.71251 7.76302 9.00742 -55.9608
8.71329 7.76278 9.00598 -55.9545
8.71634 7.76218 9.01016 -55.9488
8.72696 7.74403 9.02533 -55.9649
8.75102 7.70036 8.98517 -55.9762
8.7865 7.62709 9.07898 -56.0837
8.87307 7.42402 9.10474 -56.2846
9.05481 7.02012 9.2048 -56.6721
9.35531 6.42112 9.46783 -57.3177
9.82567 5.66973 9.8342 -58.1725
10.5091 4.83733 10.3565 -59.0533
11.4059 3.97491 11.1203 -60.0072
12.5464 3.13539 12.132 -60.9665
13.9724 2.35285 13.414 -61.9242
15.686 1.66177 15.0365 -62.764
17.6611 1.07396 16.923 -63.5903
19.8828 0.647612 19.0597 -64.2326
22.3233 0.411778 21.4534 -64.6976
24.9742 0.34565 24.1222 -65.0191
27.8213 0.369986 27.0186 -65.2809
30.874 0.42502 29.9958 -65.4924
34.1263 0.474721 33.2689 -65.7709
37.539 0.535546 36.7665 -66.0471
40.9857 0.609695 40.2147 -66.2903
44.4222 0.703525 43.6476 -66.5038
47.8533 0.814936 47.0687 -66.7103
51.2668 0.923089 50.4699 -66.9091
54.6439 1.02673 53.8087 -67.1028
58.0086 1.12125 57.1629 -67.3185
61.3599 1.21347 60.4571 -67.5242
64.6649 1.30467 63.744 -67.7423
67.967 1.41168 67.0479 -67.9331
71.2437 1.50159 70.3131 -68.1537
74.4945 1.59362 73.5335 -68.3352
77.7096 1.6981 76.6852 -68.5702
80.9145 1.81574 79.7728 -68.7589
84.0885 1.93672 82.8672 -68.9272
87.238 2.06021 85.9745 -69.0847
90.3682 2.18783 89.0874 -69.2512
93.4769 2.30041 92.2647 -69.4502
96.565 2.40667 95.2806 -69.6175
99.6181 2.492 98.4149 -69.812
102.672 2.55942 101.405 -70.0296
105.691 2.58754 104.327 -70.2739
108.673 2.60307 107.35 -70.5632
111.716 2.63218 110.395 -70.82
114.837 2.65898 113.485 -71.1319
118.039 2.69373 116.733 -71.3572
121.293 2.73736 119.973 -71.679
124.634 2.79685 123.325 -71.9658
128.046 2.86863 126.671 -72.2077
131.508 2.95533 130.242 -72.5197
134.969 3.06149 133.702 -72.6996
138.413 3.1812 137.123 -73.0251
141.827 3.30842 140.462 -73.2432
145.227 3.43133 143.771 -73.5024
148.577 3.57749 147.072 -73.7104
151.861 3.71479 150.258 -73.9436
155.066 3.83171 153.298 -74.1584
158.215 3.93812 156.464 -74.4128
161.303 4.02416 159.516 -74.6709
164.347 4.08898 162.532 -74.9503
167.372 4.14323 165.672 -75.2365
170.397 4.21886 168.594 -75.4751
173.47 4.27924 171.672 -75.8015
176.602 4.34271 174.791 -76.031
179.762 4.42839 177.985 -76.3552
182.972 4.53825 181.24 -76.635
186.257 4.63554 184.34 -76.8812
189.6 4.74043 187.608 -77.151
192.975 4.83423 191.025 -77.4794
196.329 4.91323 194.351 -77.8133
199.674 5.00417 197.696 -78.1309
202.99 5.08026 200.993 -78.4854
206.266 5.16233 204.215 -78.8082
209.434 5.22969 207.352 -79.1085
212.432 5.30641 210.242 -79.4541
215.319 5.3765 213.053 -79.7566
218.145 5.43693 215.721 -80.091
220.944 5.48324 218.557 -80.4713
223.722 5.51651 220.262 -80.7481
226.498 5.54576 218.769 -80.9189
229.259 5.56532 221.27 -80.5087
232.071 5.62733 224.931 -80.0548
234.962 5.77101 225.333 -79.161
237.902 5.96098 229.16 -77.7898
240.934 6.12703 233.458 -77.1411
244.063 6.26097 236.205 -77.126
247.307 6.41819 239.564 -76.9614
250.677 6.56848 242.84 -76.8542
254.135 6.69917 246.216 -76.746
257.674 6.83737 249.868 -76.624
261.197 6.96719 253.338 -76.5276
264.682 7.09359 256.726 -76.4116
268.158 7.20139 260.096 -76.3521
271.591 7.33054 263.526 -76.2546
274.97 7.4511 266.759 -76.2046
278.251 7.56446 270.018 -76.2186
281.392 7.69544 273.164 -76.1722
284.402 7.82783 276.304 -76.1203
287.251 7.96593 279.139 -76.0468
290.054 8.09966 281.922 -76.0246
292.835 8.22955 284.711 -75.975
295.587 8.35257 287.519 -75.9472
298.365 8.45245 290.365 -75.9273
301.18 8.50329 293.179 -75.9562
304.059 8.53388 296.019 -75.9976
307.001 8.53691 298.929 -76.0474
310.056 8.49283 302.005 -76.2087
313.167 8.417 305.07 -76.3504
316.365 8.30969 308.291 -76.5541
319.61 8.15587 311.579 -76.825
322.934 7.9604 314.874 -77.097
326.311 7.7034 318.346 -77.4387
329.735 7.41919 321.739 -77.7974
333.249 7.12778 325.17 -78.1684
336.846 6.83286 328.643 -78.5775
340.458 6.5379 332.261 -78.9074
344.038 6.26662 335.853 -79.3114
347.592 6.01588 339.37 -79.7175
351.112 5.78718 342.874 -80.06
354.601 5.57686 346.305 -80.3582
358.03 5.37022 349.664 -80.6858
361.443 5.19476 353.049 -80.9073
364.777 5.04826 356.353 -81.1361
368.089 4.90157 359.661 -81.3875
