4.76729 0.0557354 2.38589 -0.0222168
8.3454 0.0975696 5.96039 -0.0184937
11.9198 0.139362 9.51752 -0.0412598
15.4966 0.181814 13.114 0.0485229
19.0766 0.222069 16.6967 0.055481
22.6588 0.270764 20.3359 0.0280762
26.2431 0.327351 23.9078 0.0922546
29.8283 0.389214 27.5124 0.123962
33.4202 0.459653 31.0778 0.12558
37.0093 0.536706 34.6739 0.212982
40.6024 0.61817 38.2434 0.297028
44.1956 0.708016 41.8705 0.338898
47.8015 0.784447 45.4582 0.382111
51.4046 0.84029 49.0543 0.384125
55.0152 0.892873 52.6981 0.406891
58.6326 0.956215 56.3239 0.424286
62.2456 1.03113 59.9117 0.509308
65.8504 1.10319 63.4775 0.538818
69.4353 1.18693 67.0797 0.584045
73.0022 1.26857 70.6852 0.601013
76.5408 1.32014 74.1428 0.553528
80.0684 1.34094 77.659 0.557953
83.558 1.32387 81.2102 0.496277
87.0311 1.27312 84.677 0.381805
90.4834 1.18274 88.0564 0.293335
93.9471 1.05602 91.4531 0.228882
97.4132 0.89754 94.8603 -0.00588989
100.914 0.723357 98.3429 -0.205292
104.47 0.550572 101.942 -0.475281
108.072 0.405377 105.549 -0.670532
111.707 0.298528 109.187 -0.81604
115.363 0.241552 112.821 -1.00476
119.04 0.237293 116.443 -1.09592
122.742 0.269679 120.097 -1.14807
126.47 0.316815 123.935 -1.20703
130.22 0.370442 127.66 -1.23099
133.996 0.413373 131.487 -1.28915
137.79 0.457056 135.312 -1.31235
141.606 0.509951 139.117 -1.31741
145.424 0.568107 142.951 -1.34128
149.227 0.618401 146.674 -1.3772
153.025 0.666905 150.443 -1.39676
156.817 0.721231 154.211 -1.46918
160.604 0.778517 158.009 -1.49234
164.39 0.844849 161.774 -1.53281
168.176 0.915926 165.565 -1.55728
171.971 0.99577 169.353 -1.621
175.759 1.08317 173.104 -1.62979
179.549 1.1675 176.913 -1.60013
183.337 1.24982 180.719 -1.64041
187.092 1.34277 184.534 -1.59222
190.831 1.42991 188.254 -1.58447
194.534 1.50439 191.883 -1.52219
198.199 1.56131 195.567 -1.57236
201.821 1.60705 199.151 -1.55734
205.382 1.6397 202.713 -1.62115
208.852 1.66316 206.164 -1.62933
212.191 1.69261 209.466 -1.69565
215.405 1.73064 212.728 -1.78107
218.508 1.77596 215.874 -1.79172
221.461 1.84453 218.818 -1.79041
224.219 1.93108 221.547 -1.77347
226.776 2.03611 224.22 -1.80188
229.159 2.14943 226.625 -1.73587
231.388 2.24791 228.873 -1.69891
233.56 2.33855 231.064 -1.69812
235.702 2.41471 233.198 -1.66827
237.811 2.47522 235.24 -1.64545
239.888 2.51195 237.253 -1.6279
241.957 2.53435 239.359 -1.67715
244.059 2.5456 241.39 -1.78082
246.186 2.54558 243.646 -1.82526
248.37 2.5419 245.77 -1.90833
250.61 2.5354 247.99 -1.94009
252.929 2.53441 250.325 -2.02322
255.306 2.5169 252.716 -2.09787
257.758 2.47644 255.168 -2.23199
260.268 2.40183 257.703 -2.34512
262.779 2.31559 260.15 -2.5069
265.303 2.21167 262.628 -2.6922
267.835 2.07093 265.196 -2.92026
270.382 1.92383 267.75 -3.17569
272.943 1.78334 270.412 -3.44037
275.504 1.66066 272.986 -3.64456
278.052 1.55063 275.477 -3.85281
280.569 1.46624 278.02 -4.02777
283.004 1.41905 280.455 -4.13425
285.305 1.41432 282.748 -4.17404
287.433 1.43582 284.873 -4.2413
289.389 1.50637 286.795 -4.21362
291.23 1.66504 288.626 -4.12228
292.937 1.94299 290.259 -3.91968
294.512 2.3679 291.85 -3.59744
295.902 2.94905 293.243 -3.09241
297.164 3.68733 294.548 -2.47229
298.262 4.58632 295.672 -1.66272
299.167 5.63558 296.739 -0.652344
299.805 6.80887 297.398 0.484741
300.181 8.02723 297.781 1.66782
300.329 9.27029 298.079 2.84796
300.229 10.5813 298.035 4.14395
299.798 11.9432 297.693 5.63803
299.143 13.3109 297.155 7.0419
298.181 14.6631 296.271 8.4086
296.918 16.0243 295.09 9.88925
295.284 17.3224 293.56 11.2478
293.35 18.5053 291.688 12.5288
291.079 19.5385 289.449 13.649
288.505 20.3818 286.91 14.5921
285.632 20.9774 284.095 15.2825
282.521 21.307 280.988 15.7217
279.173 21.3772 277.688 15.8914
275.639 21.2092 274.19 15.9093
271.963 20.8862 270.586 15.6564
268.136 20.5552 266.7 15.4585
264.179 20.2497 262.755 15.2668
260.19 19.9933 258.711 15.1159
256.17 19.7967 254.707 15.0504
252.123 19.6682 250.699 15.0198
248.064 19.5903 246.643 15.0558
243.97 19.538 242.548 15.1245
239.839 19.5032 238.415 15.1822
235.684 19.4667 234.274 15.2769
231.492 19.4066 230.085 15.2926
227.283 19.3324 225.871 15.3581
223.034 19.2653 221.544 15.4232
218.757 19.1907 217.27 15.4797
214.452 19.1149 212.928 15.5475
210.124 19.0221 208.642 15.6225
205.758 18.9279 204.202 15.6589
201.368 18.8371 199.776 15.6703
196.976 18.7519 195.32 15.685
192.6 18.6712 190.945 15.6806
188.243 18.6104 186.62 15.7671
183.908 18.5605 182.31 15.7567
179.601 18.5231 178.012 15.7889
175.337 18.5103 173.718 15.8807
171.156 18.5267 169.564 15.9013
167.126 18.5681 165.747 16.025
163.279 18.6254 161.771 16.1809
159.653 18.6821 158.139 16.3138
156.25 18.7334 154.751 16.4421
153.088 18.7779 151.576 16.5862
150.162 18.8164 148.653 16.6656
147.461 18.8475 145.903 16.7579
144.922 18.8738 143.348 16.8401
142.52 18.892 140.965 16.9123
140.242 18.9135 138.69 16.9775
138.044 18.9351 136.475 17.0848
135.917 18.9643 134.458 17.1557
133.82 18.9831 132.361 17.2365
131.74 19.0082 130.305 17.3461
129.693 19.0266 128.25 17.4074
127.564 19.0329 126.156 17.4242
125.339 19.0431 123.9 17.4678
122.991 19.0261 121.54 17.5222
120.489 18.9955 119.028 17.5756
117.841 18.9409 116.412 17.572
115.028 18.8457 113.57 17.5836
112.071 18.711 110.627 17.5009
108.955 18.5266 107.509 17.3749
105.693 18.3238 104.254 17.1925
102.246 18.1174 100.751 17.0855
98.6718 17.8976 97.0929 16.9099
94.9528 17.6842 93.4355 16.7357
91.0903 17.4771 89.5869 16.5439
87.1097 17.2933 85.6228 16.4212
82.9564 17.1385 81.4749 16.2892
78.6838 17.0091 77.2001 16.2168
74.2843 16.9054 72.8215 16.2376
69.8619 16.8211 68.4317 16.1636
65.4569 16.7602 64.0176 16.1565
61.0593 16.7074 59.5531 16.1074
56.651 16.6607 55.1965 16.1256
52.277 16.6009 50.8495 16.068
47.9114 16.5315 46.3614 16.0446
43.5757 16.4517 42.0491 15.9978
39.2618 16.38 37.6638 15.9083
34.97 16.3076 33.3662 15.8797
30.7078 16.2461 29.1815 15.8997
26.4574 16.1949 24.9053 15.8505
22.2484 16.1341 20.6371 15.8452
18.0884 16.0866 16.4955 15.7855
13.9623 16.0404 12.3333 15.7896
9.853 15.9818 8.23907 15.7493
5.76379 15.9496 4.17453 15.7834
1.6761 15.9092 0.0661621 15.7925
-2.43652 15.854 -4.06876 15.8232
-6.57647 15.8083 -8.22232 15.8225
-10.7552 15.7559 -12.3445 15.8088
-14.951 15.7058 -16.6783 15.8001
-19.1735 15.6595 -20.9084 15.8096
-23.4244 15.6178 -25.0732 15.764
-27.688 15.5733 -29.3241 15.7902
-31.9731 15.5214 -33.5398 15.7936
-36.2445 15.4766 -37.8101 15.7733
-40.499 15.4267 -42.0667 15.761
-44.7247 15.3752 -46.2595 15.7296
-48.944 15.3171 -50.5129 15.7276
-53.1527 15.2568 -54.7181 15.7003
-57.3521 15.1994 -58.9146 15.7026
-61.5494 15.157 -63.0831 15.7408
-65.7507 15.1134 -67.2787 15.7424
-69.9346 15.083 -71.4643 15.7492
-74.0953 15.0538 -75.6443 15.7431
-78.2265 15.0168 -79.7783 15.7836
-82.3173 14.9596 -83.8731 15.8182
-86.384 14.9082 -87.8378 15.7728
-90.408 14.8566 -91.9076 15.7491
-94.4004 14.8108 -95.9359 15.7592
-98.3634 14.776 -99.7836 15.7216
-102.29 14.7518 -103.699 15.7222
-106.186 14.7343 -107.602 15.7461
-110.046 14.7273 -111.466 15.7816
-113.877 14.7215 -115.3 15.8203
-117.669 14.7158 -119.103 15.8922
-121.414 14.7057 -122.899 15.9728
-125.081 14.6988 -126.529 16.0374
-128.67 14.7012 -130.12 16.1389
-132.162 14.719 -133.596 16.1981
-135.514 14.7431 -136.947 16.286
-138.687 14.7585 -140.11 16.4165
-141.631 14.7849 -142.993 16.6472
-144.321 14.818 -145.615 16.6595
-146.745 14.7976 -147.988 16.7072
-148.926 14.5993 -150.126 16.6061
-150.833 14.2131 -152.009 16.3228
-152.477 13.6085 -153.69 15.8203
-153.874 12.7772 -155.111 15.0875
-155.033 11.7165 -156.259 14.1203
-155.856 10.4659 -157.155 12.9006
-156.406 9.10629 -157.817 11.6454
-156.663 7.69941 -158.165 10.2773
-156.617 6.24316 -158.245 8.82169
-156.244 4.77901 -157.973 7.35104
-155.554 3.37534 -157.539 5.87891
-154.484 2.05796 -156.424 4.63754
-153.141 0.898358 -155.247 3.29559
-151.484 -0.0623072 -153.583 2.27051
-149.55 -0.748482 -151.679 1.44077
-147.348 -1.16323 -149.567 0.896179
-144.927 -1.40767 -147.168 0.566284
-142.303 -1.46967 -144.592 0.34903
-139.492 -1.47997 -141.851 0.306091
-136.505 -1.50484 -138.826 0.175476
-133.352 -1.50333 -135.654 0.150665
-130.039 -1.49165 -132.348 0.0897522
-126.576 -1.45844 -128.867 0.0740051
-122.965 -1.4264 -125.315 0.102875
-119.231 -1.41038 -121.552 0.0872498
-115.348 -1.40266 -117.685 0.0230713
-111.34 -1.36969 -113.64 -0.0567932
-107.2 -1.30829 -109.518 -0.0771179
-102.932 -1.23026 -105.219 -0.111206
-98.5291 -1.14214 -100.811 -0.0548706
-94.0023 -1.06298 -96.2879 -0.0522766
-89.4761 -0.984734 -91.8193 -0.0691223
-84.9672 -0.919141 -87.2785 -0.0134583
-80.4455 -0.867953 -82.7707 -0.00796509
-75.9344 -0.825573 -78.2388 0.0303955
-71.4434 -0.784979 -73.8661 0.00881958
-66.9713 -0.725241 -69.4174 0.0666809
-62.5255 -0.677741 -64.9845 0.026001
-58.1035 -0.613503 -60.5273 0.0213928
-53.698 -0.525398 -56.1119 0.0286865
-49.3229 -0.423541 -51.7569 0.0736694
-44.9684 -0.333567 -47.3927 0.131104
-40.6366 -0.254373 -43.0291 0.178925
-36.328 -0.177799 -38.7462 0.251617
-32.036 -0.113374 -34.4805 0.23175
-27.7775 -0.0722408 -30.2356 0.248718
-23.5434 -0.0439024 -25.9164 0.235291
-19.3406 -0.0292589 -21.7378 0.174835
-15.1661 -0.0241604 -17.4719 0.116669
-11.0274 -0.0152809 -13.3797 0.0842285
-6.91413 0.00978548 -9.25006 0.11554
-2.81852 0.0443722 -5.1275 0.0804749
1.26942 0.0886426 -1.00238 0.0674133
5.3441 0.131883 3.05252 0.0334167
9.4159 0.175095 7.10242 0.0525513
13.4773 0.223104 11.1544 0.116333
17.5336 0.258853 15.1864 0.0805969
21.5802 0.295209 19.2718 0.0853882
25.6135 0.338071 23.3038 0.143219
29.6238 0.383673 27.3262 0.152832
33.6065 0.427007 31.3168 0.158478
37.555 0.461529 35.2134 0.173431
41.4802 0.49749 39.1273 0.203491
45.3732 0.555204 43.0415 0.227509
49.2494 0.623098 46.9461 0.266327
53.0872 0.702063 50.7863 0.268768
56.9016 0.794281 54.5864 0.32605
60.6946 0.895091 58.4173 0.392944
64.4584 0.996173 62.1708 0.461334
68.1914 1.10741 65.9047 0.552002
71.9003 1.22708 69.6394 0.603302
75.5436 1.31823 73.2259 0.612823
79.0374 1.37797 76.719 0.624969
82.3668 1.40727 80.0266 0.565491
85.6552 1.39729 83.3036 0.538055
88.9192 1.38556 86.5733 0.551697
92.1496 1.36383 89.6533 0.565155
95.3447 1.34311 92.818 0.472321
98.508 1.358 95.9714 0.402954
101.71 1.42669 99.232 0.355591
104.957 1.56179 102.493 0.370819
108.251 1.74877 105.746 0.534363
111.608 1.89703 109.083 0.661713
115.026 1.95871 112.545 0.630188
118.508 1.91321 116.038 0.471863
122.056 1.78139 119.555 0.264465
125.684 1.6021 123.211 0.0191956
129.386 1.37492 126.925 -0.276947
133.189 1.13533 130.677 -0.549988
137.089 0.941992 134.655 -0.870636
141.091 0.832678 138.593 -1.0802
145.191 0.806307 142.633 -1.15652
149.366 0.831134 146.785 -1.2338
153.63 0.881861 151.042 -1.24966
157.949 0.950588 155.348 -1.29776
162.271 1.03944 159.687 -1.34766
166.581 1.15096 163.995 -1.26663
170.888 1.26247 168.299 -1.27582
175.169 1.3663 172.587 -1.26245
179.425 1.45339 176.838 -1.24573
183.661 1.51887 181.067 -1.28308
187.848 1.57611 185.254 -1.28165
192.021 1.61333 189.448 -1.30856
196.151 1.64554 193.513 -1.37939
200.255 1.6823 197.637 -1.45932
204.323 1.71741 201.621 -1.54724
208.351 1.74644 205.669 -1.5629
212.35 1.78 209.652 -1.68414
216.248 1.81496 213.671 -1.75604
219.951 1.85973 217.396 -1.7706
223.411 1.91724 220.81 -1.74722
226.604 2.00458 224.037 -1.78415
229.512 2.10601 227.006 -1.77417
232.126 2.20789 229.614 -1.73209
234.492 2.31497 231.969 -1.69656
236.807 2.39117 234.304 -1.65714
239.102 2.43817 236.56 -1.63174
241.365 2.46485 238.87 -1.66702
243.601 2.48123 241.12 -1.80615
245.816 2.49325 243.311 -1.88736
248.072 2.49861 245.517 -1.94916
250.367 2.50851 247.795 -2.0025
252.712 2.50854 250.181 -2.02225
255.099 2.49198 252.563 -2.12381
257.526 2.46159 254.935 -2.24637
260.007 2.3981 257.393 -2.33881
262.541 2.33165 259.994 -2.50363
265.167 2.24888 262.586 -2.65811
267.869 2.14456 265.324 -2.86362
270.643 2.03986 268.104 -3.05756
273.451 1.94858 270.937 -3.27527
276.256 1.8863 273.746 -3.4324
279.055 1.85017 276.565 -3.56357
281.828 1.82954 279.318 -3.66266
284.574 1.81919 282.069 -3.72385
287.216 1.82466 284.727 -3.78366
289.717 1.83857 287.134 -3.85217
292.186 1.84405 289.514 -3.91611
294.62 1.83619 291.939 -4.02597
297.031 1.81794 294.295 -4.14774
299.423 1.80952 296.74 -4.20267
