0.38731 0.0286319 0.161896 -0.00775146
0.76694 0.0827569 0.555298 0.0289001
1.25138 0.181606 1.00845 0.1026
1.78864 0.361651 1.52997 0.261841
2.36874 0.620094 2.09042 0.477478
2.95042 0.968759 2.66595 0.764221
3.52303 1.39248 3.24286 1.12396
4.0495 1.96936 3.8089 1.66422
4.54077 2.66315 4.33249 2.27429
4.94818 3.51784 4.80182 3.09769
5.23379 4.53434 5.12436 4.07245
5.40169 5.70136 5.40274 5.22189
5.42402 7.00909 5.45267 6.50204
5.35364 8.44461 5.46408 7.87747
5.21123 10.023 5.41425 9.44464
5.02588 11.7394 5.22955 11.1755
4.83568 13.6002 5.04724 13.0667
4.63 15.5937 4.93152 15.0462
4.42653 17.7332 4.80246 17.1415
4.22312 19.9883 4.63474 19.4361
4.03596 22.3642 4.51788 21.7808
3.84905 24.7895 4.41309 24.2095
3.64475 27.3076 4.25079 26.7578
3.41846 29.8372 4.0864 29.3435
3.19882 32.3544 3.92136 31.8932
2.98036 34.86 3.7514 34.37
2.77507 37.3737 3.59875 36.8416
2.57226 39.8817 3.45767 39.3349
2.36307 42.3652 3.30832 41.8287
2.16091 44.8388 3.17627 44.3057
1.95912 47.3074 3.08908 46.8044
1.74069 49.7355 2.93604 49.2387
1.49375 52.1228 2.78958 51.6482
1.25899 54.484 2.6105 54.0192
1.03264 56.8107 2.46387 56.363
0.810007 59.0776 2.23849 58.5459
0.591948 61.2455 2.06622 60.7559
0.408841 63.2855 1.86063 62.7776
0.285958 65.1899 1.78961 64.6747
0.26462 66.937 1.72446 66.4366
0.416481 68.4821 1.85623 67.953
0.741967 69.8485 2.17645 69.3664
1.28575 71.0686 2.69858 70.6246
2.01365 72.1708 3.40674 71.7057
2.90866 73.1086 4.25644 72.5353
3.91127 73.9133 5.24689 73.3868
5.15583 74.6152 6.47568 74.0843
6.6181 75.2056 7.93909 74.7427
8.28109 75.692 9.58472 75.21
10.1122 76.1223 11.4128 75.6302
12.0915 76.4929 13.3043 75.9499
14.2125 76.7966 15.344 76.2713
16.4468 77.0409 17.5694 76.5256
18.7675 77.272 19.9865 76.7369
21.0725 77.4637 22.2895 76.961
23.3777 77.6221 24.5155 77.0892
25.6548 77.7896 26.7893 77.265
27.9392 77.969 29.206 77.4155
30.1928 78.1097 31.463 77.511
32.4641 78.2423 33.7361 77.6057
34.7769 78.3993 36.1078 77.7123
37.1435 78.5715 38.475 77.8914
39.546 78.7627 40.9751 78.0502
42.0306 78.9599 43.4049 78.2361
44.5789 79.1713 45.9842 78.412
47.163 79.3849 48.5463 78.6027
49.7789 79.5738 51.1438 78.7701
52.3966 79.7647 53.7689 78.9117
54.9656 79.9696 56.3469 79.006
57.5269 80.1556 58.8561 79.1377
60.0426 80.3387 61.4018 79.2745
62.5136 80.5497 63.9399 79.4267
64.9451 80.7781 66.3698 79.6138
67.3635 81.0341 68.7533 79.8303
69.7395 81.3168 71.1456 80.0388
72.0594 81.6637 73.4998 80.3147
74.3434 82.0491 75.839 80.5923
76.5947 82.4671 78.0767 80.9312
78.8078 82.9303 80.3216 81.3225
81.0106 83.4673 82.4268 81.7195
83.1404 84.0574 84.6264 82.2978
85.303 84.7275 86.8454 82.9145
87.417 85.4688 89.016 83.5951
89.5211 86.2803 91.0459 84.3699
91.6219 87.1588 93.2761 85.191
93.687 88.118 95.3205 86.0228
95.7661 89.0845 97.4547 86.9324
97.8498 90.085 99.5211 87.8608
99.9095 91.131 101.612 88.8501
101.954 92.1962 103.716 89.8534
103.96 93.2832 105.759 90.8777
105.91 94.3821 107.697 91.8861
107.823 95.4962 109.643 92.9128
109.668 96.574 111.442 93.8931
111.365 97.6008 113.117 94.8193
112.925 98.5503 114.752 95.74
114.302 99.3968 116.235 96.592
115.494 100.162 117.508 97.3212
116.529 100.865 118.536 98.0138
117.401 101.506 119.354 98.5562
118.122 102.051 120.075 99.0131
118.682 102.576 120.693 99.5247
119.116 103.068 121.258 100.078
119.498 103.595 121.686 100.542
119.838 104.148 122.091 101.083
120.114 104.733 122.467 101.67
120.328 105.344 122.724 102.242
120.5 106.057 122.926 102.893
120.621 106.946 123.111 103.722
120.616 107.973 123.191 104.705
120.465 109.103 123.128 105.824
120.121 110.311 122.844 107.047
119.569 111.604 122.355 108.355
118.769 112.96 121.632 109.734
117.749 114.379 120.727 111.19
116.588 115.907 119.613 112.78
115.292 117.527 118.377 114.435
113.887 119.24 117.039 116.212
112.381 121.057 115.595 118.123
110.773 122.97 114.015 120.133
109.08 124.956 112.367 122.231
107.318 127.037 110.709 124.399
105.482 129.186 108.962 126.675
103.574 131.413 107.176 128.962
101.668 133.68 105.349 131.29
99.7511 135.947 103.459 133.688
97.8279 138.227 101.618 136.02
95.9042 140.511 99.7456 138.376
93.9789 142.77 97.8553 140.75
92.0489 145.041 96.0491 142.983
90.1393 147.307 94.3116 145.17
88.237 149.6 92.4843 147.565
86.3499 151.867 90.69 149.821
84.4568 154.132 88.9134 152.137
82.5791 156.374 87.1519 154.314
80.7035 158.603 85.3825 156.604
78.8443 160.78 83.5755 158.897
76.9941 162.94 81.7733 161.111
75.1702 165.093 80.1136 163.258
73.3721 167.242 78.3743 165.401
71.6127 169.381 76.7014 167.524
69.9057 171.472 75.039 169.647
68.27 173.494 73.4454 171.698
66.6982 175.419 71.98 173.575
65.1854 177.275 70.4922 175.494
63.7122 179.008 69.0728 177.292
62.3114 180.625 67.7566 178.99
60.98 182.142 66.3643 180.737
59.6725 183.537 65.0735 182.254
58.3607 184.812 63.8134 183.631
57.0003 185.88 62.5387 184.803
55.5968 186.715 61.2267 185.614
54.1708 187.283 59.8414 186.26
52.7371 187.631 58.4196 186.71
51.291 187.772 57.0118 186.911
49.8672 187.683 55.6255 186.9
48.5087 187.386 54.272 186.714
47.2498 186.905 52.9756 186.382
46.025 186.243 51.7368 185.753
44.8249 185.476 50.5123 185.04
43.6515 184.597 49.3204 184.269
42.4563 183.643 48.0687 183.344
41.2043 182.625 46.7554 182.374
39.8949 181.501 45.5345 181.314
38.4615 180.327 44.0377 180.203
36.9374 179.064 42.534 179.035
35.2962 177.684 40.852 177.807
33.5389 176.208 39.1085 176.436
31.665 174.639 37.1621 174.931
29.696 173.002 35.0979 173.39
27.6606 171.288 32.9468 171.857
25.5462 169.531 30.7849 170.184
23.3687 167.743 28.5319 168.48
21.1796 166.0 26.3244 166.839
18.9925 164.257 24.03 165.082
16.8568 162.525 21.8233 163.418
14.7121 160.803 19.6622 161.817
12.591 159.134 17.4665 160.201
10.4231 157.593 15.2558 158.723
8.18748 156.214 12.9771 157.359
5.85425 155.074 10.5938 156.256
3.47526 154.18 8.22604 155.397
1.0043 153.486 5.72467 154.726
-1.55102 152.946 3.108 154.272
-4.18441 152.535 0.436066 153.98
-6.93267 152.23 -2.27924 153.745
-9.76727 151.931 -5.09955 153.54
-12.686 151.591 -8.0448 153.349
-15.7097 151.254 -11.0478 153.116
-18.7945 150.899 -14.0731 152.883
-21.9352 150.542 -17.2159 152.665
-25.0939 150.21 -20.3781 152.494
-28.2432 149.891 -23.5244 152.354
-31.3652 149.588 -26.7014 152.079
-34.4724 149.3 -29.8152 151.91
-37.5499 149.039 -32.9446 151.763
-40.6027 148.81 -35.999 151.646
-43.6216 148.593 -38.9395 151.503
-46.6139 148.369 -42.0332 151.338
-49.5761 148.156 -44.9362 151.208
-52.5118 147.942 -47.8661 151.137
-55.4135 147.724 -50.8123 151.049
-58.2811 147.5 -53.7011 150.937
-61.108 147.26 -56.4909 150.804
-63.8691 147.022 -59.1164 150.68
-66.5073 146.805 -61.668 150.523
-68.9992 146.637 -64.2228 150.43
-71.2894 146.551 -66.6185 150.429
-73.3485 146.506 -68.5434 150.504
-75.1677 146.5 -70.4181 150.616
-76.745 146.531 -72.0573 150.713
-78.0456 146.583 -73.3973 150.79
-79.0606 146.627 -74.4036 150.872
-79.7972 146.65 -75.0473 150.913
-80.3847 146.664 -75.6902 150.961
-80.9115 146.645 -76.2749 150.993
-81.3349 146.624 -76.7067 150.999
-81.6918 146.591 -77.1365 150.988
-81.9641 146.537 -77.3437 150.946
-82.1081 146.499 -77.5047 150.963
-82.1547 146.475 -77.5365 150.936
-82.1429 146.467 -77.5132 150.937
-82.1481 146.478 -77.5457 150.941
-82.1443 146.485 -77.5744 150.955
-82.1465 146.49 -77.5544 150.955
-82.1525 146.493 -77.5486 150.95
-82.1566 146.496 -77.5313 150.943
-82.1552 146.493 -77.4909 150.934
-82.1454 146.486 -77.524 150.943
-82.1384 146.488 -77.49 150.945
-82.1336 146.486 -77.495 150.954
-82.133 146.489 -77.4521 150.948
-82.1332 146.488 -77.5248 150.944
-82.1336 146.485 -77.5231 150.947
-82.1334 146.485 -77.5422 150.946
-82.1328 146.476 -77.5185 150.946
-82.1328 146.475 -77.5247 150.942
-82.1332 146.477 -77.5292 150.939
-82.176 146.541 -77.5278 150.923
-82.2457 146.579 -77.5612 150.925
-82.3443 146.588 -77.6228 150.912
-82.4735 146.578 -77.7799 150.86
-82.6323 146.533 -77.9018 150.858
-82.8803 146.445 -78.1187 150.771
-83.2584 146.296 -78.5039 150.66
-83.743 146.07 -78.9776 150.439
-84.2913 145.76 -79.538 150.175
-84.8808 145.315 -80.1698 149.782
-85.5649 144.66 -80.8692 149.2
-86.3272 143.742 -81.6944 148.315
-87.088 142.503 -82.5234 147.128
-87.7514 140.976 -83.2781 145.552
-88.2199 139.159 -83.8606 143.806
-88.5015 137.113 -84.2156 141.773
-88.6465 134.825 -84.4738 139.493
-88.7056 132.328 -84.6464 137.051
-88.6495 129.631 -84.6506 134.326
-88.5405 126.735 -84.6635 131.437
-88.4197 123.629 -84.6472 128.282
-88.2108 120.35 -84.6196 124.99
-87.9487 116.93 -84.4658 121.532
-87.6392 113.384 -84.3209 118.063
-87.3429 109.774 -84.159 114.424
-87.0499 106.198 -83.9871 110.894
-86.764 102.632 -83.8333 107.354
-86.4807 99.0844 -83.6822 103.863
-86.2014 95.5628 -83.5276 100.318
-85.9301 92.0708 -83.3845 96.8246
-85.6741 88.6076 -83.2537 93.3243
-85.4316 85.1764 -83.1539 89.8958
-85.1782 81.7744 -83.0753 86.5109
-84.8824 78.4097 -82.9501 83.2235
-84.5844 75.0636 -82.7855 79.9063
-84.2675 71.7486 -82.5537 76.5297
-83.9466 68.4631 -82.3546 73.211
-83.6486 65.1736 -82.1675 69.9994
-83.3719 61.8938 -82.0399 66.7569
-83.1058 58.6532 -81.8969 63.5484
-82.8456 55.4392 -81.7955 60.333
-82.5945 52.2149 -81.68 57.0927
-82.337 49.0533 -81.5363 53.8575
-82.0772 45.9138 -81.4523 50.7265
-81.836 42.7298 -81.3936 47.5417
-81.5933 39.5517 -81.3088 44.3788
-81.3435 36.3993 -81.1972 41.3101
-81.0983 33.2907 -81.101 38.1869
-80.8633 30.2054 -80.9661 35.0851
-80.6509 27.1549 -80.8441 32.0802
-80.4451 24.1262 -80.7534 29.115
-80.2473 21.1362 -80.69 26.0875
-80.0561 18.2654 -80.6303 23.1825
-79.8663 15.5581 -80.5644 20.4786
-79.6577 13.048 -80.4984 17.9693
-79.4284 10.7141 -80.3923 15.6709
-79.159 8.57703 -80.2379 13.5685
-78.8234 6.66099 -80.0238 11.597
-78.4073 4.94033 -79.7081 9.85327
-77.9027 3.35899 -79.328 8.27435
-77.2871 1.92174 -78.859 6.76123
-76.5331 0.603678 -78.2546 5.3855
-75.5816 -0.520539 -77.3822 4.15799
-74.5093 -1.47305 -76.4381 3.15549
-73.2991 -2.21127 -75.2282 2.32123
-71.9684 -2.77869 -73.9851 1.65942
-70.5796 -3.16087 -72.6579 1.16208
-69.1165 -3.39498 -71.2225 0.840332
-67.5757 -3.55108 -69.7752 0.605225
-65.9503 -3.64777 -68.1733 0.393433
-64.185 -3.67731 -66.382 0.239838
-62.2713 -3.64305 -64.4916 0.155121
-60.2096 -3.55639 -62.5466 0.116913
-58.0127 -3.4513 -60.388 0.112732
-55.7296 -3.33243 -58.192 0.139587
-53.438 -3.19235 -56.0013 0.221771
-51.1424 -3.00549 -53.686 0.302673
-48.8462 -2.80322 -51.364 0.329193
-46.5559 -2.63285 -49.0699 0.341003
-44.2863 -2.45592 -46.7751 0.396088
-42.0436 -2.28139 -44.5163 0.455688
-39.8533 -2.12816 -42.3111 0.528198
-37.7538 -1.97541 -40.224 0.593964
-35.7576 -1.85161 -38.2701 0.61142
-33.8138 -1.72742 -36.3397 0.645935
-31.9172 -1.60284 -34.4347 0.636993
-30.0592 -1.48805 -32.5735 0.644806
-28.2346 -1.37831 -30.7702 0.661469
-26.4307 -1.26769 -28.9933 0.697815
-24.6469 -1.15207 -27.2834 0.731537
-22.8985 -1.02281 -25.5374 0.785889
-21.2127 -0.886782 -23.8512 0.847229
-19.6199 -0.76671 -22.4506 0.934387
-18.132 -0.667367 -20.8859 0.982758
-16.7443 -0.567945 -19.5614 1.0705
-15.4649 -0.475696 -18.3676 1.12827
-14.3851 -0.391631 -17.1525 1.16537
-13.4744 -0.331922 -16.3235 1.17502
-12.67 -0.286085 -15.4207 1.17834
-11.8967 -0.25612 -14.7411 1.17294
-11.1402 -0.225556 -13.9548 1.19568
-10.3981 -0.183954 -13.2169 1.22278
-9.66506 -0.132765 -12.4882 1.25928
-8.94769 -0.0654352 -11.7564 1.31396
-8.24259 0.00813069 -11.0193 1.3616
-7.54992 0.105572 -10.2815 1.44641
-6.86759 0.181726 -9.582 1.5014
-6.18884 0.260514 -8.98401 1.54752
-5.51933 0.32764 -8.31299 1.57672
-4.83385 0.376189 -7.63354 1.6268
-4.05757 0.412903 -6.89624 1.66214
-3.18164 0.440851 -6.0274 1.67432
-2.23127 0.472589 -5.08609 1.71548
-1.20688 0.492906 -4.06183 1.68976
-0.108858 0.508838 -2.92697 1.6785
1.0889 0.473736 -1.78461 1.66458
2.28151 0.369629 -0.638794 1.5817
3.42858 0.414732 0.44873 1.60641
4.5458 0.521258 3.8042 0.728149
5.60868 0.754007 4.80774 1.15619
6.62642 1.03201 5.46695 1.17001
7.61763 1.31286 6.18954 1.35962
8.52108 1.48532 6.48773 1.44089
9.10658 1.58938 7.95242 1.43253
9.38087 1.6266 7.42419 2.18954
9.38696 1.63681 7.53979 2.16666
9.37246 1.64113 7.39844 2.21616
9.37028 1.64373 7.5376 2.16196
