3.17391 -0.0295866 1.50595 -0.0307922
5.3216 -0.0505932 3.58932 -0.0484009
7.17943 -0.0774708 5.4751 -0.0154724
8.77105 -0.0526946 7.12866 -0.0934753
10.0472 -0.0472548 8.55423 -0.12738
11.0483 -0.0317648 9.66299 -0.138367
11.7952 -0.095297 10.5658 -0.156586
12.1044 -0.106489 11.1995 -0.168793
12.2932 -0.1056 11.6402 -0.186523
12.4238 -0.120544 12.0784 -0.227783
12.5006 -0.127033 12.4418 -0.213562
12.6296 -0.160183 12.816 -0.299164
12.7549 -0.155181 13.195 -0.330292
12.8667 -0.131374 13.6254 -0.288422
13.0785 -0.11342 14.0694 -0.396027
13.3622 -0.002379 14.6352 -0.213898
13.8467 0.17841 15.3405 -0.0892029
14.4659 0.491289 16.15 0.158386
15.169 0.984812 17.0259 0.653839
15.8372 1.62828 17.9055 1.30154
16.4813 2.47742 18.7578 2.14078
17.1135 3.55852 19.5629 3.16846
17.6252 4.86851 20.2914 4.43466
18.049 6.44453 20.8456 5.91153
18.2863 8.25299 21.1498 7.66479
18.3282 10.2776 21.283 9.60971
18.2251 12.5414 21.2462 11.6785
18.0981 14.9304 21.2092 13.9955
18.0072 17.5535 21.2036 16.4526
17.8938 20.309 21.1345 19.1409
17.7326 23.2266 21.1138 21.9201
17.5552 26.3404 21.1253 24.9293
17.3827 29.5326 21.0349 28.0463
17.187 32.8401 20.8911 31.2463
16.913 36.1721 20.7485 34.388
16.5892 39.5274 20.5069 37.5278
16.2652 42.8245 20.202 40.7706
15.8747 46.1246 19.9568 43.993
15.4598 49.4435 19.7212 47.3387
15.0513 52.7974 19.4556 50.6986
14.5756 56.1494 19.2132 54.1199
14.2194 59.5394 19.098 57.5266
13.959 62.9689 19.0112 60.9327
13.7702 66.404 19.0151 64.319
13.5637 70.0011 19.001 67.8477
13.4153 73.6104 19.0024 71.3886
13.3421 77.2349 19.0732 74.9268
13.2477 80.8142 19.1259 78.4628
13.154 84.4003 19.1304 81.9048
13.0905 88.0058 19.171 85.4266
13.0019 91.5902 19.228 88.9199
12.91 95.1057 19.2615 92.4658
12.793 98.5864 19.3065 95.9051
12.695 102.087 19.3183 99.436
12.622 105.589 19.3636 102.907
12.5453 109.132 19.3849 106.358
12.4706 112.706 19.4065 109.896
12.4015 116.345 19.5531 113.462
12.3317 120.02 19.5848 117.111
12.2431 123.766 19.6354 120.834
12.1239 127.541 19.636 124.617
12.0358 131.318 19.7145 128.407
11.8815 135.113 19.7427 132.124
11.7155 138.906 19.7863 135.86
11.5926 142.686 19.8522 139.619
11.4927 146.426 19.9311 143.289
11.4292 150.161 20.0331 147.012
11.3592 153.879 20.061 150.631
11.2813 157.58 20.1157 154.354
11.1779 161.277 20.1394 157.971
11.0581 164.928 20.2192 161.691
10.9657 168.565 20.3045 165.286
10.9143 172.169 20.4516 169.043
10.8615 175.774 20.5602 172.588
10.8172 179.285 20.6539 176.178
10.7879 182.555 20.7489 179.45
10.7646 185.576 20.8755 182.424
10.7623 188.392 21.0873 185.295
10.7111 191.156 21.1635 188.025
10.6411 193.897 21.2718 190.827
10.5588 196.609 21.3722 193.551
10.4652 199.322 21.4238 196.26
10.3882 202.08 21.4861 199.015
10.331 204.886 21.6078 201.776
10.2825 207.765 21.6454 204.679
10.3369 210.768 21.7661 207.612
10.376 213.849 21.8756 210.609
10.3753 216.93 21.9777 213.672
10.3451 220.058 22.2051 216.799
10.2887 223.216 22.4218 219.995
10.2264 226.472 22.6473 223.308
10.2195 229.833 22.861 226.668
10.217 233.259 23.0745 230.022
10.2194 236.735 23.2749 233.53
10.2064 240.296 23.4572 237.115
10.1696 243.912 23.6072 240.715
10.1041 247.572 23.703 244.429
9.99556 251.299 23.8179 248.172
9.82238 255.028 23.8533 251.898
9.66964 258.78 23.9084 255.677
9.54702 262.557 23.9893 259.459
9.42187 266.319 23.9978 263.349
9.29033 270.066 24.0687 267.063
9.10379 273.799 24.0893 270.806
8.91969 277.484 24.1743 274.333
8.78975 281.18 24.3506 277.958
8.68243 284.882 24.4055 281.65
8.57273 288.542 24.5637 285.352
8.46749 292.21 24.6813 289.114
8.36071 295.905 24.8337 292.639
8.25345 299.551 24.9877 296.372
8.13597 303.255 25.0768 300.051
8.04645 306.996 25.2178 303.744
7.94166 310.734 25.3677 307.523
7.83984 314.481 25.4807 311.284
7.74992 318.242 25.6572 315.026
7.64052 322.006 25.7631 318.738
7.52701 325.796 25.9539 322.465
7.42133 329.587 26.0322 326.301
7.3096 333.369 26.1777 330.097
7.20852 337.112 26.3552 333.79
7.11479 340.848 26.5575 337.482
7.02416 344.523 26.7408 341.091
6.92348 348.081 26.9628 344.641
6.83235 351.51 27.1033 348.066
6.7359 354.782 27.2563 351.337
6.62678 357.919 27.4487 354.462
6.51532 361.033 27.5408 357.575
6.39553 364.015 27.6195 360.577
6.32493 366.742 27.744 363.291
6.3165 369.245 27.984 365.85
6.4548 371.506 28.3286 368.077
6.76783 373.502 28.7623 370.196
7.29005 375.28 29.3508 371.917
8.02509 376.895 30.1908 373.508
8.9826 378.334 31.2229 374.959
10.0964 379.586 32.4278 376.225
11.4432 380.724 33.8588 377.245
12.9959 381.694 35.4548 378.144
14.7292 382.528 37.2663 378.931
16.6515 383.222 39.2787 379.449
18.7816 383.78 41.4398 379.867
21.1074 384.244 43.8021 380.159
23.6038 384.603 46.2952 380.276
26.2692 384.85 49.0524 380.301
29.0878 385.059 51.8074 380.296
32.1093 385.288 54.7917 380.246
35.2382 385.555 57.806 380.176
38.3575 385.884 60.8733 380.067
41.4579 386.131 63.9717 379.935
44.5043 386.264 67.0668 379.734
47.5206 386.336 70.0917 379.546
50.4831 386.406 73.0573 379.342
53.3649 386.448 75.8561 379.165
56.1384 386.514 78.5912 379.006
58.8373 386.573 81.3356 378.813
61.4273 386.612 83.8513 378.575
63.8819 386.547 86.1875 378.294
66.1931 386.255 88.6012 377.923
68.3566 385.73 90.6498 377.379
70.3209 384.947 92.6885 376.674
72.1445 383.997 94.5284 375.819
73.8072 383.009 96.178 374.804
75.3164 381.918 97.6332 373.616
76.5761 380.636 98.7855 372.206
77.6748 379.29 99.7826 370.655
78.5222 377.732 100.509 369.021
79.1956 375.976 101.114 367.19
79.7001 374.088 101.447 365.276
80.0391 372.044 101.636 363.226
80.2765 369.878 101.72 361.051
80.4715 367.596 101.726 358.745
80.6128 365.232 101.689 356.39
80.6917 362.767 101.597 353.921
80.7193 360.209 101.467 351.292
80.6884 357.595 101.283 348.674
80.6124 354.941 101.073 345.977
80.523 352.263 100.834 343.287
80.4409 349.553 100.584 340.559
80.381 346.868 100.353 337.857
80.3746 344.195 100.157 335.182
80.4275 341.536 100.032 332.464
80.512 338.892 99.9359 329.784
80.6132 336.27 99.8572 327.103
80.7343 333.659 99.7852 324.412
80.8612 331.066 99.6935 321.841
80.9449 328.462 99.5839 319.285
81.0101 325.874 99.3995 316.588
81.0515 323.28 99.2147 313.953
81.1211 320.714 99.0551 311.367
81.2263 318.156 98.9256 308.774
81.3559 315.602 98.847 306.165
81.4883 313.065 98.78 303.56
81.6215 310.553 98.7531 301.021
81.7555 308.046 98.6602 298.473
81.8976 305.55 98.5716 296.01
82.0441 303.053 98.4678 293.495
82.2145 300.535 98.358 290.974
82.3833 297.97 98.395 288.382
82.5676 295.369 98.3431 285.713
82.7435 292.686 98.3184 283.02
82.9021 289.965 98.3004 280.298
83.0206 287.192 98.178 277.525
83.0735 284.364 98.0369 274.646
83.0951 281.509 97.8682 271.753
83.1066 278.67 97.665 268.925
83.1055 275.874 97.4366 266.102
83.0938 273.152 97.1915 263.39
83.0273 270.457 96.9193 260.677
82.9444 267.789 96.6399 258.025
82.8898 265.163 96.3702 255.463
82.8752 262.549 96.1555 252.835
82.9264 259.928 95.9933 250.198
83.0333 257.284 95.9119 247.591
83.2134 254.623 95.8863 244.865
83.4634 251.954 95.9317 242.135
83.7255 249.246 95.9616 239.4
84.0056 246.533 96.0303 236.678
84.2555 243.813 96.0701 233.963
84.432 241.1 96.0477 231.246
84.5442 238.43 95.9492 228.597
84.5625 235.777 95.8192 225.939
84.4947 233.162 95.5516 223.29
84.3561 230.592 95.259 220.72
84.2046 228.105 94.9127 218.241
84.0594 225.778 94.5569 215.871
83.931 223.63 94.2711 213.765
83.8163 221.702 94.0064 211.863
83.7121 219.97 93.7569 210.198
83.6362 218.417 93.5683 208.676
83.6146 217.052 93.4692 207.314
83.7244 215.792 93.4594 206.03
84.0176 214.578 93.5527 204.79
84.4532 213.445 93.8832 203.69
85.0359 212.437 94.2602 202.622
85.728 211.518 94.8401 201.606
86.5554 210.665 95.5707 200.659
87.5742 209.867 96.4871 199.741
88.8322 209.138 97.6625 198.897
90.3245 208.491 99.039 198.106
92.0322 207.934 100.686 197.419
93.9738 207.515 102.565 196.816
96.1263 207.281 104.699 196.395
98.479 207.185 107.029 196.05
100.967 207.184 109.504 195.815
103.647 207.276 112.163 195.732
106.427 207.386 114.965 195.642
109.278 207.469 117.83 195.416
112.189 207.507 120.722 195.192
115.118 207.485 123.642 194.93
117.989 207.446 126.513 194.642
120.729 207.31 129.411 194.343
123.513 207.207 132.283 194.072
126.275 207.159 135.042 193.852
128.97 207.148 137.734 193.638
131.505 207.171 140.283 193.477
133.859 207.207 142.684 193.329
136.0 207.286 144.832 193.222
137.902 207.404 146.754 193.164
139.58 207.595 148.455 193.22
141.15 207.911 150.068 193.359
142.629 208.374 151.62 193.673
144.019 209.032 153.112 194.17
145.297 209.861 154.458 194.807
146.485 210.861 155.742 195.646
147.598 212.069 156.963 196.705
148.57 213.488 158.036 198.043
149.358 215.152 158.942 199.582
149.934 217.027 159.713 201.382
150.269 219.053 160.233 203.331
150.48 221.24 160.648 205.453
150.591 223.537 160.985 207.746
150.669 225.937 161.257 210.107
150.763 228.444 161.551 212.59
150.873 231.059 161.873 215.239
150.998 233.797 162.249 217.971
151.131 236.657 162.608 220.785
151.255 239.645 163.018 223.739
151.348 242.762 163.389 226.865
151.367 245.979 163.726 230.089
151.317 249.229 163.929 233.321
151.198 252.471 164.056 236.577
151.016 255.707 164.12 239.828
150.776 258.917 164.185 242.997
150.505 262.004 164.211 246.113
150.25 264.935 164.189 249.055
150.008 267.651 164.151 251.723
149.805 270.215 164.236 254.322
149.643 272.755 164.326 256.769
149.501 275.263 164.266 259.188
149.389 277.746 164.349 261.768
149.318 280.211 164.499 264.298
149.268 282.669 164.698 266.688
149.236 285.166 164.811 269.249
149.205 287.695 165.004 271.79
149.156 290.207 165.203 274.298
149.089 292.703 165.327 276.791
149.003 295.204 165.443 279.336
148.917 297.762 165.591 281.882
148.828 300.373 165.733 284.468
148.729 303.059 165.845 287.199
148.63 305.822 166.013 289.964
148.535 308.645 166.117 292.823
148.443 311.494 166.276 295.648
148.36 314.355 166.45 298.522
148.289 317.203 166.646 301.324
148.218 320.018 166.813 304.12
148.133 322.801 166.987 306.92
148.06 325.556 167.176 309.686
147.995 328.284 167.327 312.415
147.919 330.992 167.458 315.019
147.868 333.631 167.652 317.635
147.84 336.194 167.804 320.159
147.808 338.771 167.973 322.735
147.753 341.301 168.155 325.132
147.672 343.813 168.235 327.642
147.562 346.366 168.357 330.169
147.465 348.951 168.457 332.74
147.343 351.577 168.57 335.357
147.211 354.248 168.646 338.043
147.079 356.93 168.736 340.684
146.948 359.595 168.788 343.361
146.827 362.242 168.89 346.024
146.711 364.872 168.971 348.581
146.628 367.44 169.077 351.165
146.571 369.914 169.208 353.609
146.555 372.267 169.352 355.93
146.595 374.432 169.558 358.053
146.755 376.398 169.876 359.914
147.029 378.157 170.25 361.689
147.37 379.725 170.736 363.213
147.84 381.119 171.267 364.562
148.478 382.41 171.966 365.792
149.258 383.562 172.783 366.953
150.112 384.594 173.775 367.88
151.195 385.556 174.831 368.784
152.5 386.522 176.216 369.649
154.084 387.356 177.788 370.372
155.904 388.005 179.691 370.879
157.913 388.457 181.746 371.254
160.145 388.775 183.983 371.375
162.536 388.964 186.375 371.392
165.099 389.062 188.912 371.27
167.821 389.128 191.575 371.123
170.658 389.203 194.42 370.883
173.589 389.265 197.365 370.675
176.552 389.308 200.3 370.503
179.503 389.361 203.293 370.271
182.443 389.432 206.249 370.091
185.368 389.497 209.208 369.869
188.263 389.555 212.06 369.67
191.074 389.615 214.896 369.424
193.73 389.665 217.554 369.272
196.182 389.697 220.019 369.074
198.464 389.696 222.243 368.887
200.561 389.578 224.342 368.575
202.559 389.293 226.387 368.12
204.467 388.765 228.26 367.458
206.175 387.916 230.006 366.508
207.779 386.853 231.523 365.33
209.2 385.525 232.838 363.947
210.44 383.944 233.978 362.28
211.426 382.136 234.926 360.445
212.261 380.157 235.613 358.375
212.913 378.011 236.103 356.2
213.415 375.676 236.456 353.846
213.808 373.197 236.671 351.362
214.126 370.564 236.791 348.774
214.385 367.799 236.81 345.993
214.626 364.941 236.751 343.18
214.847 361.998 236.778 340.299
215.04 358.991 236.768 337.381
215.19 355.916 236.658 334.265
215.299 352.806 236.465 331.116
215.363 349.692 236.276 328.029
215.412 346.585 236.073 324.982
215.442 343.467 235.829 321.882
215.421 340.37 235.606 318.848
215.339 337.277 235.201 315.765
215.207 334.204 234.735 312.673
215.036 331.16 234.328 309.665
214.865 328.103 233.905 306.653
214.708 325.07 233.472 303.661
214.622 322.02 233.068 300.629
214.591 318.979 232.746 297.569
214.636 315.933 232.469 294.612
214.748 312.874 232.258 291.497
214.908 309.815 232.146 288.471
215.083 306.739 232.032 285.377
215.274 303.658 231.953 282.243
215.468 300.596 231.881 279.211
215.664 297.55 231.802 276.176
215.825 294.518 231.673 273.114
215.979 291.536 231.568 270.152
216.126 288.609 231.456 267.234
216.249 285.733 231.343 264.396
216.353 282.911 231.188 261.602
216.443 280.174 231.065 258.922
216.497 277.501 230.941 256.243
216.537 274.887 230.775 253.624
216.575 272.394 230.621 251.145
216.608 269.997 230.468 248.721
216.641 267.695 230.348 246.414
216.684 265.483 230.153 244.254
216.732 263.356 230.083 242.112
216.773 261.309 229.934 240.117
216.818 259.369 229.865 238.218
216.861 257.509 229.76 236.438
216.907 255.74 229.717 234.693
216.95 254.027 229.682 232.959
216.98 252.36 229.626 231.306
217.008 250.712 229.566 229.67
217.045 249.083 229.485 228.024
217.09 247.462 229.446 226.442
217.142 245.863 229.393 224.881
217.196 244.276 229.33 223.32
217.265 242.723 229.268 221.795
217.324 241.185 229.262 220.3
217.403 239.647 229.258 218.779
217.474 238.116 229.243 217.254
217.537 236.589 229.221 215.785
217.598 235.053 229.217 214.271
217.649 233.487 229.139 212.729
217.687 231.89 229.054 211.117
217.715 230.281 228.949 209.545
217.732 228.681 228.864 207.922
217.749 227.092 228.784 206.345
217.743 225.515 228.676 204.756
217.705 223.958 228.569 203.234
217.605 222.456 228.376 201.773
217.426 221.066 228.17 200.423
217.176 219.785 227.826 199.176
216.883 218.662 227.427 198.049
216.564 217.686 227.073 197.113
216.168 216.78 226.658 196.213
215.709 215.956 226.128 195.362
215.187 215.222 225.613 194.637
214.576 214.529 224.964 193.945
213.753 213.86 224.14 193.309
212.819 213.256 223.215 192.731
211.715 212.754 222.05 192.272
210.434 212.328 220.709 191.908
208.928 212.012 219.274 191.664
207.24 211.803 217.562 191.538
205.38 211.727 215.685 191.562
203.336 211.749 213.65 191.709
201.111 211.775 211.383 191.892
198.717 211.798 209.027 192.073
196.159 211.778 206.418 192.247
193.467 211.741 203.761 192.403
190.7 211.678 201.069 192.563
187.874 211.599 198.174 192.75
185.052 211.505 195.275 192.899
182.232 211.42 192.516 193.059
179.451 211.333 189.758 193.242
176.675 211.234 187.001 193.41
173.919 211.14 184.025 193.605
171.26 211.028 181.527 193.749
168.713 210.893 178.968 193.896
166.355 210.772 176.502 194.033
164.193 210.631 174.293 194.069
162.169 210.469 172.055 194.094
160.275 210.32 170.145 194.095
158.618 210.218 168.477 194.137
157.19 210.159 167.016 194.175
155.802 210.102 165.645 194.21
154.446 210.037 164.232 194.244
153.14 209.949 162.874 194.221
151.825 209.856 161.594 194.265
150.424 209.721 160.194 194.248
148.953 209.551 158.749 194.187
147.371 209.326 157.105 194.113
145.666 209.096 155.421 194.054
143.819 208.861 153.551 193.999
141.813 208.637 151.515 193.965
139.671 208.455 149.346 193.955
137.369 208.379 147.03 194.026
134.912 208.408 144.62 194.262
132.308 208.486 141.961 194.542
129.579 208.594 139.093 194.932
126.753 208.722 136.408 195.279
123.792 208.853 133.407 195.635
120.777 208.952 130.389 195.964
117.769 209.003 127.429 196.293
114.749 208.992 124.437 196.59
111.78 208.909 121.527 196.781
108.828 208.797 118.594 196.914
105.975 208.674 115.693 197.091
103.291 208.584 113.032 197.217
100.811 208.486 110.581 197.336
98.5755 208.373 108.343 197.414
96.6038 208.28 106.378 197.468
94.9068 208.225 104.644 197.568
93.4787 208.173 103.188 197.647
92.1986 208.159 101.911 197.686
90.9401 208.102 100.673 197.73
89.7019 208.094 99.4589 197.793
88.4975 208.038 98.2078 197.797
87.2713 207.951 96.9626 197.844
85.9899 207.851 95.6798 197.778
84.6465 207.69 94.361 197.759
83.1761 207.51 92.8394 197.675
81.5888 207.28 91.2578 197.623
79.8797 207.04 89.5231 197.514
78.0214 206.809 87.6823 197.466
76.0563 206.584 85.684 197.388
73.9822 206.431 83.6268 197.379
71.8021 206.39 81.3828 197.502
69.5322 206.474 79.119 197.729
67.2216 206.695 76.8252 198.111
64.8081 206.991 74.446 198.587
62.2962 207.261 71.9736 199.05
59.7148 207.477 69.3989 199.474
57.0304 207.602 66.741 199.797
54.2542 207.653 63.9564 200.075
51.4369 207.652 61.1665 200.316
48.6109 207.603 58.3868 200.511
45.7905 207.553 55.6429 200.734
43.0392 207.516 52.9327 200.889
40.2923 207.46 50.2415 201.084
37.5996 207.41 47.5885 201.258
34.999 207.398 45.0348 201.484
32.5091 207.389 42.5533 201.716
30.1712 207.375 40.2164 201.966
28.0611 207.358 38.0992 202.193
26.1798 207.326 36.3267 202.323
24.5668 207.244 34.7812 202.43
23.2087 207.155 33.4636 202.506
22.0342 207.04 32.3507 202.528
20.9832 206.906 31.298 202.512
20.026 206.706 30.4001 202.443
19.1536 206.472 29.5511 202.364
18.3461 206.19 28.74 202.192
17.6051 205.837 27.9514 201.981
16.939 205.475 27.2383 201.683
16.2863 205.018 26.6315 201.368
15.6086 204.434 25.9493 200.899
14.8894 203.699 25.1397 200.286
14.1806 202.787 24.9413 199.378
13.4874 201.713 24.4134 198.235
12.8548 200.438 23.7372 197.024
12.2546 198.922 23.0319 195.587
11.6426 197.219 22.3387 193.899
11.0827 195.352 21.5944 192.035
10.6884 193.451 21.0897 190.23
10.5102 191.659 20.7767 188.363
10.4949 189.932 20.6117 186.426
10.5189 188.199 20.485 184.834
10.5431 186.48 20.3769 183.129
10.617 184.716 20.4062 181.341
10.7 182.839 20.4219 179.428
10.8083 180.835 20.3453 177.469
10.9456 178.713 20.4196 175.307
11.1133 176.477 20.4675 173.088
11.2839 174.103 20.5227 170.666
11.4791 171.615 20.6123 168.138
11.718 168.988 20.7444 165.476
12.0086 166.247 20.8758 162.697
12.3646 163.387 21.0616 159.782
12.7214 160.414 21.2876 156.786
13.0698 157.345 21.4999 153.728
13.3513 154.251 21.6501 150.605
13.517 151.099 21.6694 147.467
13.5167 147.91 21.554 144.271
13.407 144.677 21.2982 141.099
13.2911 141.427 21.1296 137.869
13.2512 138.109 20.9186 134.576
13.233 134.749 20.7643 131.271
13.2452 131.316 20.5774 127.817
13.255 127.833 20.4009 124.37
13.2379 124.247 20.2976 120.84
13.2164 120.596 20.1169 117.228
13.1931 116.902 19.9086 113.595
13.1992 113.092 19.7457 109.824
13.2116 109.28 19.583 106.087
13.2324 105.427 19.4665 102.317
13.2701 101.59 19.3133 98.4558
13.378 97.7804 19.2464 94.6708
13.4716 93.9664 19.1097 90.8696
13.5762 90.1504 19.0382 87.098
13.7212 86.3537 18.9672 83.3516
13.859 82.5688 18.9442 79.5568
13.9844 78.7841 18.9155 75.8285
14.0974 75.0143 18.8528 72.179
14.2189 71.2675 18.8195 68.3928
14.3587 67.5189 18.7935 64.6528
14.4934 63.8177 18.7262 61.1335
14.6507 60.2065 18.6193 57.5477
14.8024 56.6241 18.621 53.9252
14.9882 53.1395 18.6953 50.4212
15.1692 49.7236 18.8009 46.7885
15.3489 46.3306 18.8035 43.3994
15.5068 43.0037 18.8115 40.029
15.6647 39.8139 18.85 36.8129
15.8239 36.7931 18.8715 33.7966
16.0795 33.9352 18.9432 30.8791
16.2743 31.2048 18.9711 28.0393
16.3507 28.5247 18.923 25.4339
16.4042 26.0773 18.8604 22.9534
16.4726 23.8463 18.8157 20.6342
16.5083 21.8379 18.6903 18.5265
16.5217 19.9833 18.7686 16.7324
16.4985 18.3103 18.6161 15.0374
16.4778 16.8698 18.6458 13.4922
16.4793 15.657 18.5471 12.2497
16.5422 14.629 18.5271 11.059
16.642 13.7155 18.6307 10.0226
16.8283 12.8347 18.769 9.09332
17.1399 12.0099 18.9651 8.22855
17.5372 11.2817 19.2255 7.46555
18.0182 10.546 19.6547 6.69839
18.6702 9.77827 20.2079 5.9212
19.5412 9.02132 21.0214 5.08713
20.6263 8.23336 22.0906 4.27969
21.9104 7.45531 23.3229 3.4855
23.4467 6.68425 24.8938 2.6423
25.2682 6.00232 26.6761 1.86395
27.3621 5.40091 28.7704 1.21793
29.7811 4.98555 31.2771 0.712006
32.4495 4.78541 33.8143 0.400879
35.3032 4.75198 36.6108 0.209625
38.3799 4.82492 39.6808 0.107178
41.5673 4.96416 42.8718 0.103455
44.765 5.15302 46.1155 0.107361
47.9766 5.33258 49.3222 0.12558
51.2051 5.54117 52.4973 0.137299
54.4201 5.7753 55.686 0.140869
57.6346 6.00104 58.9595 0.148254
60.7931 6.21663 62.0336 0.163391
63.8585 6.36892 65.1987 0.141724
66.7747 6.48643 68.0824 0.179108
69.5335 6.58965 70.8198 0.142303
72.1253 6.62722 73.4386 0.139984
74.5246 6.67259 75.8486 0.136322
76.6865 6.68274 77.9605 0.0440979
78.5896 6.61989 79.8654 -0.0257263
80.2198 6.43849 81.4941 -0.245514
81.6041 6.06437 82.8624 -0.592438
82.7689 5.54748 84.0381 -1.05591
83.7194 4.96219 85.0059 -1.62405
84.4985 4.31108 85.8019 -2.24652
85.0553 3.65254 86.3541 -2.86786
85.422 3.08309 86.7457 -3.38089
85.6854 2.63287 87.0224 -3.8812
85.923 2.11983 87.274 -4.33447
86.0707 1.53691 87.464 -4.81772
86.1914 0.923084 87.6046 -5.35129
86.2819 0.311055 87.7023 -5.84454
86.3914 -0.303078 87.8093 -6.37952
86.4407 -0.901994 87.8525 -6.90475
86.5198 -1.50289 87.9267 -7.47903
86.5459 -2.07776 87.9225 -8.02927
86.5871 -2.68315 87.9683 -8.60864
86.6048 -3.29364 87.9356 -9.17841
86.6493 -4.02676 87.9323 -9.91275
86.7182 -4.93401 87.9277 -10.7847
86.802 -5.93042 87.9662 -11.7381
86.8602 -6.95035 87.9643 -12.744
86.925 -7.98914 87.9808 -13.8479
86.9713 -9.08239 87.9412 -14.9141
87.0234 -10.2153 87.9375 -16.0813
86.9986 -11.4231 87.8798 -17.2227
86.9538 -12.7168 87.8068 -18.4797
86.892 -14.0986 87.7412 -19.7528
86.7979 -15.5723 87.5502 -21.1842
86.8058 -17.1581 87.5237 -22.7231
86.9386 -18.8627 87.6 -24.3606
87.1494 -20.656 87.7195 -26.089
87.3569 -22.5386 87.8035 -27.9248
87.518 -24.5389 87.8806 -29.9536
87.6122 -26.5899 87.8702 -32.0222
87.6598 -28.7279 87.8904 -34.0938
87.667 -30.8814 87.8207 -36.287
87.6618 -33.0328 87.7745 -38.4624
87.6643 -35.176 87.7136 -40.58
87.6754 -37.3115 87.6914 -42.7588
87.7006 -39.4403 87.6721 -44.8864
87.7469 -41.5397 87.6749 -47.0159
87.8103 -43.6083 87.6396 -49.0932
87.8775 -45.6672 87.6008 -51.151
87.9508 -47.7145 87.6192 -53.191
88.0109 -49.7745 87.621 -55.3115
88.0598 -51.8095 87.6095 -57.409
88.1016 -53.8669 87.6245 -59.4511
88.1596 -55.9066 87.6256 -61.534
88.2038 -57.9324 87.6416 -63.5808
88.2367 -59.9592 87.6719 -65.5847
88.2905 -61.9847 87.6526 -67.6876
88.3236 -64.0118 87.6233 -69.7604
88.3707 -66.071 87.623 -71.7964
88.4053 -68.1266 87.6255 -73.8352
88.4285 -70.1709 87.5988 -75.7866
88.4452 -72.2356 87.6002 -77.8258
88.4514 -74.2714 87.5287 -79.8644
88.4515 -76.3242 87.4209 -81.8304
88.4477 -78.3515 87.302 -83.9266
88.4649 -80.3789 87.317 -85.9894
88.4913 -82.4281 87.2579 -88.0829
88.5257 -84.4416 87.2248 -90.063
88.565 -86.4789 87.2344 -92.1169
88.6255 -88.4658 87.181 -94.0437
88.6657 -90.4818 87.1614 -96.063
88.7116 -92.4594 87.0928 -98.1044
88.7593 -94.3965 87.0925 -100.096
88.8014 -96.2965 87.0118 -102.039
88.8336 -98.1479 87.0038 -104.011
88.859 -99.8848 86.9242 -105.667
88.872 -101.465 86.8709 -107.246
88.8764 -102.843 86.8257 -108.64
88.8754 -104.046 86.8259 -109.876
88.8515 -105.11 86.7422 -110.969
88.8441 -105.993 86.7147 -111.924
88.8454 -106.683 86.6924 -112.672
88.8358 -107.269 86.6854 -113.195
88.8949 -107.762 86.7191 -113.681
89.0265 -108.229 86.8081 -114.173
89.2534 -108.644 86.976 -114.613
89.5392 -109.019 87.2362 -115.033
89.859 -109.381 87.515 -115.478
90.31 -109.755 87.9134 -115.921
90.8505 -110.105 88.3915 -116.343
91.4916 -110.452 89.0369 -116.718
92.2208 -110.767 89.7715 -117.07
93.0435 -111.039 90.5552 -117.451
93.9595 -111.237 91.4578 -117.728
95.0326 -111.35 92.5383 -117.963
96.2445 -111.376 93.7296 -118.093
97.6399 -111.376 95.1017 -118.195
99.2867 -111.278 96.6027 -118.275
101.134 -111.132 98.3791 -118.355
103.139 -111.02 100.308 -118.421
105.323 -110.916 102.508 -118.499
107.666 -110.812 104.886 -118.569
110.158 -110.692 107.434 -118.613
112.751 -110.555 109.991 -118.643
115.418 -110.39 112.662 -118.622
118.152 -110.189 115.417 -118.563
120.88 -109.985 118.093 -118.471
123.588 -109.795 120.951 -118.377
126.284 -109.607 123.623 -118.322
128.972 -109.456 126.33 -118.28
131.641 -109.335 128.976 -118.278
134.287 -109.218 131.681 -118.281
136.838 -109.114 134.283 -118.315
139.211 -109.004 136.656 -118.339
141.388 -108.915 138.818 -118.356
143.337 -108.817 140.799 -118.341
145.024 -108.736 142.551 -118.321
146.521 -108.69 144.022 -118.317
147.804 -108.763 145.438 -118.306
148.875 -108.856 146.507 -118.311
149.766 -108.953 147.42 -118.343
150.532 -109.021 148.191 -118.386
151.272 -109.063 148.937 -118.434
151.962 -109.163 149.678 -118.479
152.631 -109.27 150.418 -118.516
153.353 -109.388 151.167 -118.536
154.253 -109.477 152.068 -118.601
155.301 -109.54 153.176 -118.647
156.475 -109.614 154.344 -118.705
157.783 -109.651 155.632 -118.744
159.242 -109.684 157.142 -118.765
160.876 -109.725 158.776 -118.827
162.717 -109.674 160.581 -118.868
164.709 -109.64 162.542 -118.909
166.835 -109.639 164.68 -118.937
169.117 -109.627 166.959 -118.969
171.53 -109.605 169.394 -119.008
174.066 -109.573 171.966 -119.035
176.699 -109.544 174.662 -119.08
179.413 -109.533 177.415 -119.166
182.139 -109.543 180.205 -119.263
184.839 -109.587 182.961 -119.354
187.533 -109.599 185.64 -119.429
190.189 -109.638 188.286 -119.476
192.776 -109.651 190.852 -119.507
195.232 -109.614 193.329 -119.499
197.53 -109.555 195.658 -119.469
199.654 -109.498 197.828 -119.42
201.602 -109.461 199.804 -119.404
203.419 -109.444 201.721 -119.399
205.191 -109.459 203.497 -119.426
206.93 -109.503 205.293 -119.498
208.619 -109.57 207.003 -119.567
210.239 -109.632 208.592 -119.636
211.754 -109.685 210.084 -119.71
213.167 -109.715 211.494 -119.759
214.54 -109.738 212.862 -119.786
215.888 -109.723 214.203 -119.782
217.196 -109.703 215.598 -119.751
218.474 -109.697 216.86 -119.733
219.81 -109.674 218.16 -119.741
221.217 -109.651 219.589 -119.753
222.677 -109.623 220.997 -119.766
224.216 -109.618 222.527 -119.806
225.834 -109.594 224.153 -119.829
227.541 -109.536 225.859 -119.774
229.331 -109.375 227.577 -119.721
231.205 -109.089 229.374 -119.556
233.162 -108.71 231.381 -119.251
235.195 -108.331 233.417 -119.017
237.319 -107.998 235.633 -118.804
239.536 -107.749 237.833 -118.647
241.851 -107.577 240.218 -118.579
244.241 -107.463 242.519 -118.612
246.715 -107.381 245.022 -118.609
249.277 -107.309 247.57 -118.658
251.893 -107.229 250.223 -118.681
254.488 -107.147 252.832 -118.697
257.078 -107.054 255.418 -118.708
259.641 -106.96 257.897 -118.696
262.194 -106.858 260.634 -118.657
264.671 -106.79 263.083 -118.613
267.027 -106.739 265.533 -118.608
269.198 -106.732 267.614 -118.618
271.193 -106.71 269.612 -118.625
273.054 -106.646 271.584 -118.611
274.808 -106.577 273.326 -118.599
276.485 -106.532 274.92 -118.599
278.059 -106.465 276.551 -118.624
279.474 -106.428 277.94 -118.649
280.725 -106.455 279.269 -118.745
281.843 -106.571 280.318 -118.886
282.817 -106.765 281.228 -119.083
283.666 -107.045 282.065 -119.336
284.414 -107.363 282.835 -119.65
285.122 -107.762 283.499 -120.023
285.764 -108.22 284.224 -120.524
286.383 -108.745 284.885 -121.036
287.043 -109.34 285.566 -121.545
287.756 -109.871 286.175 -122.099
288.405 -110.228 286.758 -122.497
289.006 -110.492 287.352 -122.869
289.65 -110.619 287.969 -123.075
290.305 -110.603 288.564 -123.186
290.931 -110.49 289.135 -123.19
291.539 -110.308 289.699 -123.148
292.158 -110.057 290.299 -123.002
292.724 -109.712 290.928 -122.663
293.354 -109.377 291.556 -122.367
294.005 -108.988 292.241 -122.066
294.758 -108.56 293.017 -121.691
295.594 -108.095 293.838 -121.282
296.568 -107.683 294.762 -120.904
297.708 -107.31 295.915 -120.577
298.969 -106.952 297.192 -120.292
300.362 -106.67 298.582 -120.04
301.967 -106.425 300.182 -119.863
303.792 -106.212 301.953 -119.702
305.785 -106.01 303.929 -119.545
307.957 -105.755 306.096 -119.403
310.302 -105.587 308.424 -119.3
312.768 -105.488 310.854 -119.255
315.36 -105.433 313.466 -119.266
318.036 -105.427 316.131 -119.319
320.811 -105.441 318.901 -119.383
323.634 -105.44 321.751 -119.463
326.518 -105.412 324.665 -119.509
329.445 -105.388 327.643 -119.57
332.36 -105.343 330.623 -119.631
335.259 -105.268 333.529 -119.657
338.149 -105.195 336.384 -119.681
340.994 -105.116 339.243 -119.7
343.795 -105.057 342.073 -119.662
346.496 -104.996 344.822 -119.609
348.999 -104.948 347.432 -119.579
351.319 -104.874 349.771 -119.557
353.402 -104.765 351.86 -119.535
355.251 -104.659 353.716 -119.548
356.858 -104.6 355.327 -119.587
358.232 -104.631 356.746 -119.675
359.411 -104.755 357.92 -119.854
360.449 -104.972 358.993 -120.064
361.441 -105.304 359.99 -120.358
362.341 -105.755 360.887 -120.757
363.179 -106.29 361.726 -121.311
363.843 -106.921 362.439 -121.95
364.549 -107.649 363.181 -122.658
365.208 -108.54 363.885 -123.565
365.863 -109.676 364.582 -124.684
366.579 -110.978 365.284 -125.959
367.214 -112.495 365.95 -127.533
367.815 -114.223 366.514 -129.242
368.26 -116.163 366.918 -131.198
368.558 -118.301 367.185 -133.34
368.697 -120.614 367.344 -135.788
368.742 -123.081 367.307 -138.237
368.75 -125.7 367.294 -140.851
368.747 -128.436 367.232 -143.528
368.74 -131.303 367.179 -146.371
368.749 -134.316 367.113 -149.463
368.78 -137.434 367.123 -152.66
368.843 -140.635 367.057 -155.843
368.944 -143.913 367.054 -159.093
369.065 -147.244 367.051 -162.374
369.181 -150.618 367.104 -165.731
369.375 -154.029 367.157 -169.147
369.586 -157.449 367.112 -172.656
369.727 -160.886 367.114 -176.117
369.85 -164.361 367.117 -179.61
369.972 -167.863 367.126 -183.088
370.082 -171.389 367.096 -186.594
370.194 -174.964 367.08 -190.166
370.302 -178.568 367.044 -193.746
370.405 -182.164 367.032 -197.318
370.534 -185.694 367.057 -200.982
370.638 -189.253 367.09 -204.58
370.714 -192.852 367.076 -208.152
370.798 -196.461 367.107 -211.746
370.888 -200.029 367.128 -215.315
370.979 -203.543 367.163 -218.8
371.074 -206.993 367.12 -222.308
371.172 -210.42 367.044 -225.678
371.315 -213.808 366.963 -229.084
371.45 -217.205 366.926 -232.478
371.584 -220.619 366.925 -235.878
371.724 -224.022 366.897 -239.3
371.859 -227.439 366.878 -242.721
371.993 -230.892 366.801 -246.086
372.124 -234.347 366.803 -249.518
372.232 -237.802 366.77 -252.958
372.315 -241.266 366.674 -256.351
372.385 -244.711 366.517 -259.789
372.465 -248.165 366.401 -263.215
372.537 -251.604 366.33 -266.644
372.625 -255.031 366.27 -270.134
372.724 -258.427 366.255 -273.514
372.816 -261.818 366.208 -276.885
372.912 -265.196 366.216 -280.31
373.03 -268.545 366.227 -283.627
373.146 -271.887 366.237 -286.946
373.285 -275.218 366.245 -290.27
373.427 -278.54 366.252 -293.704
373.548 -281.865 366.271 -296.95
373.68 -285.156 366.333 -300.259
373.773 -288.46 366.332 -303.522
373.852 -291.76 366.346 -306.786
373.906 -295.043 366.324 -310.098
373.953 -298.332 366.336 -313.406
374.006 -301.611 366.342 -316.657
374.072 -304.831 366.361 -319.916
374.145 -308.026 366.316 -323.145
374.188 -311.203 366.184 -326.351
374.156 -314.382 366.128 -329.595
374.143 -317.531 366.116 -332.767
374.136 -320.654 366.07 -335.94
374.142 -323.73 366.016 -338.874
374.181 -326.76 365.959 -341.856
374.315 -329.754 366.031 -344.942
374.599 -332.705 366.249 -347.935
375.086 -335.569 366.635 -350.844
375.819 -338.359 367.211 -353.655
376.755 -341.086 367.979 -356.43
377.908 -343.737 368.979 -359.095
379.206 -346.328 370.159 -361.758
380.643 -348.867 371.41 -364.308
382.168 -351.361 372.813 -366.875
383.672 -353.848 374.196 -369.42
385.13 -356.309 375.537 -371.927
386.491 -358.779 376.759 -374.524
387.674 -361.294 377.853 -377.118
388.634 -363.848 378.659 -379.65
389.398 -366.505 379.295 -382.382
389.953 -369.184 379.748 -385.145
390.303 -371.933 380.045 -387.915
390.463 -374.764 380.05 -390.735
390.51 -377.625 379.975 -393.579
390.44 -380.541 379.776 -396.505
390.26 -383.528 379.436 -399.408
390.006 -386.596 379.057 -402.389
389.702 -389.71 378.633 -405.418
389.397 -392.85 378.188 -408.595
389.096 -395.995 377.713 -411.705
388.742 -399.101 377.224 -414.777
388.344 -402.147 376.687 -417.75
387.898 -404.973 376.114 -420.574
387.327 -407.504 375.433 -423.053
386.538 -409.713 374.571 -425.204
385.518 -411.499 373.626 -426.971
384.427 -413.093 372.491 -428.526
383.117 -414.444 371.151 -429.798
381.537 -415.479 369.637 -430.829
379.909 -416.345 367.965 -431.602
378.128 -416.984 366.164 -432.163
376.245 -417.36 364.217 -432.507
374.274 -417.52 362.225 -432.596
372.28 -417.583 360.215 -432.569
370.299 -417.602 358.185 -432.468
368.339 -417.599 356.206 -432.385
366.387 -417.581 354.249 -432.213
364.446 -417.553 352.321 -432.11
362.525 -417.536 350.398 -432.006
360.623 -417.539 348.508 -431.905
358.745 -417.527 346.63 -431.783
356.874 -417.526 344.723 -431.662
355.021 -417.536 342.803 -431.51
353.146 -417.543 340.908 -431.406
351.23 -417.586 338.935 -431.304
349.309 -417.651 336.977 -431.223
347.378 -417.723 335.058 -431.214
345.429 -417.823 333.091 -431.215
343.434 -417.949 331.005 -431.183
341.384 -418.046 328.973 -431.121
339.242 -418.089 326.835 -431.074
336.995 -418.081 324.517 -430.923
334.62 -418.026 322.109 -430.719
332.137 -417.918 319.6 -430.479
329.595 -417.823 317.18 -430.218
327.042 -417.647 314.528 -429.816
324.489 -417.373 311.9 -429.32
321.966 -416.821 309.438 -428.689
319.48 -416.085 306.986 -427.883
317.056 -415.191 304.627 -426.941
314.705 -414.118 302.35 -425.758
312.448 -412.896 300.122 -424.408
310.261 -411.596 298.007 -423.016
308.114 -410.252 295.987 -421.529
306.04 -408.871 293.935 -419.992
304.022 -407.462 291.993 -418.46
302.033 -405.977 290.052 -416.856
300.065 -404.439 288.172 -415.243
298.073 -402.908 286.332 -413.583
296.018 -401.382 284.394 -411.928
293.956 -399.858 282.433 -410.331
291.87 -398.363 280.454 -408.764
289.762 -396.956 278.415 -407.323
287.667 -395.605 276.393 -405.896
285.591 -394.289 274.402 -404.516
283.499 -392.977 272.433 -403.053
281.394 -391.686 270.477 -401.693
279.271 -390.413 268.49 -400.342
277.117 -389.168 266.45 -398.949
274.941 -387.936 264.344 -397.588
272.744 -386.708 262.254 -396.238
270.523 -385.46 260.155 -394.85
268.313 -384.21 258.074 -393.453
266.109 -382.964 255.939 -391.992
263.936 -381.703 253.904 -390.637
261.797 -380.466 251.872 -389.189
259.683 -379.265 249.987 -387.798
257.593 -378.024 248.074 -386.341
255.556 -376.685 246.118 -384.854
253.518 -375.44 244.369 -383.466
251.457 -374.267 242.664 -382.133
249.401 -373.071 240.788 -380.669
247.315 -371.849 238.936 -379.226
245.184 -370.567 237.807 -378.367
242.982 -369.248 234.942 -375.997
240.735 -367.841 232.941 -374.361
238.424 -366.414 230.864 -372.652
236.09 -364.978 228.676 -370.937
233.711 -363.511 226.442 -369.196
231.294 -362.058 224.244 -367.457
228.822 -360.639 221.989 -365.765
226.338 -359.165 219.694 -364.109
223.819 -357.674 217.372 -362.325
221.27 -356.155 215.095 -360.56
218.708 -354.545 212.691 -358.634
216.133 -352.856 210.376 -356.712
213.526 -351.137 207.988 -354.707
210.861 -349.391 205.629 -352.737
208.141 -347.626 203.206 -350.712
205.373 -345.852 200.657 -348.628
202.55 -344.161 198.147 -346.608
199.736 -342.479 195.539 -344.503
196.955 -340.74 193.037 -342.507
194.163 -338.992 190.388 -340.421
191.347 -337.301 187.8 -338.423
188.52 -335.639 185.235 -336.46
185.705 -333.938 182.598 -334.406
182.867 -332.25 179.91 -332.376
180.032 -330.585 177.31 -330.373
177.227 -328.955 174.744 -328.407
174.539 -327.438 172.277 -326.506
172.012 -326.005 169.919 -324.732
169.692 -324.651 167.692 -323.059
167.467 -323.315 165.578 -321.431
165.272 -321.949 163.434 -319.739
163.117 -320.547 161.371 -318.078
160.949 -319.194 159.448 -316.543
158.728 -317.848 157.445 -314.97
156.473 -316.505 155.418 -313.384
154.21 -315.109 153.349 -311.783
151.923 -313.647 151.193 -310.077
149.601 -312.142 149.041 -308.386
147.209 -310.637 146.88 -306.658
144.758 -309.096 144.589 -304.852
142.276 -307.46 142.283 -302.99
139.764 -305.737 139.978 -301.139
137.221 -303.985 137.753 -299.253
134.648 -302.195 135.296 -297.166
132.002 -300.405 132.912 -295.115
129.319 -298.631 130.503 -293.095
126.578 -296.838 128.06 -290.999
123.793 -295.058 125.548 -288.902
120.954 -293.297 123.083 -286.856
118.044 -291.501 120.365 -284.62
115.105 -289.693 117.709 -282.41
112.154 -287.879 115.025 -280.225
109.228 -286.086 112.407 -277.996
106.296 -284.303 109.756 -275.791
103.382 -282.534 107.187 -273.595
100.495 -280.764 104.592 -271.43
97.6515 -279.015 102.107 -269.308
94.8532 -277.274 99.5784 -267.22
92.1049 -275.548 97.0593 -265.108
89.3966 -273.836 94.5964 -263.019
86.7403 -272.125 92.2114 -261.0
84.1258 -270.42 89.8409 -258.919
81.4965 -268.788 87.4988 -256.89
78.8975 -267.186 85.1026 -254.825
76.3359 -265.596 82.8649 -252.906
73.8098 -264.018 80.5673 -250.975
71.3202 -262.47 78.3556 -249.083
68.8537 -260.932 76.1815 -247.273
66.4363 -259.379 73.9892 -245.416
64.1159 -257.774 71.8917 -243.628
61.7895 -256.251 69.7592 -241.917
59.4476 -254.836 67.6738 -240.293
57.0425 -253.599 65.3693 -238.663
54.5769 -252.592 63.0801 -237.412
52.0718 -251.832 60.6747 -236.254
49.5381 -251.319 58.219 -235.412
47.0164 -251.032 55.775 -234.734
44.5536 -250.9 53.317 -234.201
42.1914 -250.846 51.0098 -233.871
39.9699 -250.888 48.717 -233.537
37.8232 -250.819 46.5697 -233.176
35.7519 -250.528 44.5487 -232.644
33.7747 -250.015 42.6265 -231.932
31.9386 -249.3 40.8816 -231.041
30.2928 -248.356 39.3337 -229.907
28.8151 -247.166 37.9441 -228.574
27.5755 -245.826 36.8138 -227.041
26.5777 -244.3 35.9538 -225.422
25.8471 -242.68 35.4314 -223.761
25.4038 -241.132 35.0981 -222.12
25.1888 -239.725 34.9708 -220.674
25.1866 -238.533 35.0629 -219.528
25.3588 -237.454 35.3053 -218.494
25.6944 -236.445 35.7278 -217.546
26.2243 -235.561 36.2979 -216.703
26.8278 -234.731 36.9708 -215.946
27.6365 -234.07 37.7598 -215.33
28.6347 -233.506 38.7925 -214.904
29.7842 -233.016 39.9249 -214.498
31.0788 -232.596 41.1875 -214.272
32.5318 -232.316 42.6835 -214.19
34.1014 -232.076 44.2502 -214.119
35.8235 -231.924 45.9379 -214.194
37.6959 -231.775 47.7652 -214.31
39.6498 -231.685 49.7424 -214.438
41.7803 -231.571 51.7994 -214.552
44.027 -231.467 54.0511 -214.715
46.3648 -231.372 56.4107 -214.954
48.7757 -231.292 58.8171 -215.178
51.31 -231.221 61.2712 -215.444
53.9303 -231.163 63.8232 -215.728
56.6518 -231.093 66.5123 -216.021
59.5003 -230.986 69.2498 -216.322
62.4506 -230.886 72.3157 -216.651
65.351 -230.714 75.1443 -216.887
68.2898 -230.483 77.9697 -217.078
71.2729 -230.34 81.0192 -217.334
74.2626 -230.209 84.027 -217.576
77.2918 -230.071 87.1624 -217.838
80.3123 -229.91 90.0878 -218.055
83.3626 -229.764 93.1077 -218.306
86.3683 -229.585 96.1656 -218.571
89.384 -229.463 99.2664 -218.882
92.3995 -229.341 102.196 -219.176
95.3924 -229.161 105.111 -219.426
98.3891 -229.001 108.029 -219.681
101.425 -228.875 110.986 -219.986
104.45 -228.721 114.054 -220.299
107.55 -228.575 117.038 -220.543
110.662 -228.447 120.203 -220.839
113.816 -228.305 123.376 -221.148
117.012 -228.237 126.534 -221.468
120.189 -228.141 129.667 -221.792
123.346 -228.021 132.818 -222.036
126.475 -227.878 136.047 -222.294
129.553 -227.753 139.077 -222.564
132.617 -227.607 141.975 -222.858
135.641 -227.495 145.118 -223.141
138.634 -227.379 148.044 -223.385
141.626 -227.286 151.125 -223.679
144.521 -227.157 153.942 -223.89
147.476 -227.03 156.811 -224.156
150.383 -226.933 159.576 -224.446
153.24 -226.851 162.346 -224.653
156.072 -226.779 165.165 -224.916
158.845 -226.709 167.874 -225.181
161.6 -226.64 170.554 -225.465
164.339 -226.548 173.212 -225.694
167.044 -226.46 175.998 -225.895
169.72 -226.363 178.609 -226.06
172.397 -226.257 181.295 -226.251
175.044 -226.165 183.96 -226.444
177.758 -226.07 186.645 -226.644
180.526 -225.967 189.412 -226.865
183.299 -225.862 192.25 -227.113
186.064 -225.749 195.003 -227.344
188.792 -225.625 197.645 -227.558
191.491 -225.528 200.382 -227.793
194.173 -225.41 203.037 -227.99
196.857 -225.311 205.706 -228.223
199.543 -225.237 208.273 -228.453
202.23 -225.169 210.842 -228.674
204.886 -225.106 213.427 -228.913
207.501 -225.046 216.11 -229.136
210.109 -224.986 218.736 -229.364
212.679 -224.928 221.264 -229.58
215.258 -224.873 223.834 -229.838
217.75 -224.807 226.221 -230.063
220.182 -224.459 228.742 -230.28
222.661 -224.219 231.168 -230.516
225.184 -224.022 233.673 -230.792
227.772 -223.857 236.154 -231.052
230.398 -223.697 238.701 -231.28
233.119 -223.534 241.403 -231.524
235.943 -223.312 244.2 -231.755
238.752 -223.091 246.946 -231.929
241.637 -222.898 249.806 -232.1
244.464 -222.734 252.638 -232.324
247.298 -222.516 255.381 -232.535
250.092 -222.327 258.098 -232.76
252.841 -222.168 260.841 -232.996
255.574 -222.036 263.505 -233.261
258.265 -221.918 266.201 -233.499
260.91 -221.784 268.758 -233.701
263.519 -221.649 271.503 -233.939
266.125 -221.536 274.172 -234.195
268.696 -221.415 276.85 -234.45
271.193 -221.29 279.317 -234.674
273.532 -221.154 281.542 -234.855
275.709 -221.061 283.794 -235.047
277.673 -221.027 285.671 -235.251
279.446 -221.07 287.435 -235.508
281.071 -221.161 289.063 -235.8
282.603 -221.26 290.606 -236.102
284.047 -221.365 291.96 -236.401
285.435 -221.409 293.264 -236.632
286.711 -221.417 294.556 -236.829
287.893 -221.317 295.715 -236.93
288.989 -221.192 296.791 -236.972
289.992 -220.932 297.786 -236.894
290.943 -220.565 298.763 -236.683
291.82 -220.19 299.752 -236.444
292.657 -219.674 300.69 -236.073
293.513 -219.054 301.645 -235.607
294.352 -218.281 302.58 -234.977
295.177 -217.371 303.524 -234.223
295.951 -216.284 304.406 -233.311
296.565 -214.973 305.241 -232.2
297.087 -213.492 305.964 -230.834
297.417 -211.775 306.52 -229.16
297.557 -209.831 306.931 -227.297
297.537 -207.683 307.228 -225.132
297.447 -205.329 307.465 -222.821
297.363 -202.775 307.73 -220.281
297.283 -200.044 308.005 -217.534
297.213 -197.084 308.343 -214.581
297.146 -193.922 308.718 -211.398
297.051 -190.57 309.129 -208.103
296.932 -187.078 309.495 -204.63
296.788 -183.469 309.838 -201.086
296.65 -179.749 310.245 -197.343
296.488 -176.021 310.616 -193.565
296.319 -172.336 310.965 -189.869
296.26 -168.718 311.347 -186.17
296.193 -165.122 311.735 -182.499
296.158 -161.519 312.055 -178.838
296.093 -157.944 312.366 -175.177
296.01 -154.38 312.715 -171.516
295.931 -150.827 313.113 -167.969
295.845 -147.29 313.5 -164.364
295.754 -143.776 313.877 -160.873
295.668 -140.286 314.231 -157.456
295.589 -136.8 314.61 -153.916
295.489 -133.325 314.96 -150.598
295.331 -129.874 315.234 -147.132
295.103 -126.452 315.566 -143.701
294.813 -123.067 315.758 -140.214
294.432 -119.724 315.837 -136.822
294.006 -116.44 315.826 -133.53
293.57 -113.196 315.837 -130.374
293.112 -109.986 315.823 -127.073
292.687 -106.812 315.942 -123.842
292.32 -103.637 315.975 -120.652
292.023 -100.462 316.085 -117.504
291.802 -97.2437 316.262 -114.311
291.661 -93.9837 316.542 -111.047
291.573 -90.6762 316.895 -107.688
291.476 -87.3487 317.282 -104.42
291.387 -83.958 317.707 -100.987
291.29 -80.5248 318.139 -97.5786
291.183 -77.0662 318.537 -94.1312
291.067 -73.6211 318.92 -90.7427
290.945 -70.2125 319.328 -87.2834
290.839 -66.8117 319.688 -83.9231
290.73 -63.4593 320.066 -80.6285
290.62 -60.1467 320.387 -77.3628
290.525 -56.8541 320.713 -74.1003
290.433 -53.6113 321.11 -70.872
290.35 -50.3924 321.438 -67.742
290.275 -47.1785 321.786 -64.5449
290.2 -43.9924 322.18 -61.3952
290.135 -40.8181 322.537 -58.2652
290.053 -37.6628 322.907 -55.1278
289.975 -34.5393 323.255 -52.0478
289.895 -31.4419 323.687 -49.0196
289.839 -28.3815 324.03 -45.9628
289.788 -25.3906 324.425 -42.9968
289.735 -22.5276 324.818 -40.1964
289.675 -19.8142 325.096 -37.5473
289.613 -17.2105 325.398 -35.0497
289.555 -14.7334 325.708 -32.5837
289.503 -12.3772 325.942 -30.2928
289.491 -10.1653 326.251 -28.114
289.545 -8.1407 326.572 -26.1064
289.656 -6.27083 326.95 -24.2921
289.84 -4.50305 327.368 -22.6173
290.071 -2.8003 327.836 -20.9562
290.335 -1.15004 328.336 -19.4062
290.622 0.439359 328.869 -17.8908
290.932 1.94919 329.366 -16.4641
291.267 3.37531 329.924 -15.1552
291.615 4.68412 330.446 -13.924
291.985 5.84411 330.964 -12.8313
292.408 6.91203 331.516 -11.887
292.88 7.83332 332.083 -11.0411
293.251 8.41095 332.54 -10.5053
293.466 8.67181 332.751 -10.286
293.486 8.68974 332.742 -10.2581
293.479 8.67343 332.753 -10.3398
293.48 8.66947 332.758 -10.314
293.476 8.65913 332.736 -10.321
293.466 8.64697 332.755 -10.3303
293.46 8.64401 332.748 -10.317
293.476 8.66147 332.782 -10.3294
293.52 8.70631 332.862 -10.2611
293.613 8.80417 332.93 -10.1418
293.801 8.99568 333.168 -9.98676
294.116 9.27361 333.557 -9.73984
294.566 9.6404 334.061 -9.43808
295.16 10.1355 334.721 -9.02866
295.958 10.7254 335.601 -8.50537
297.03 11.3173 336.76 -8.0621
298.343 11.8935 338.071 -7.67111
299.885 12.3891 339.708 -7.36432
301.621 12.8198 341.531 -7.19232
303.517 13.1803 343.415 -7.12595
305.622 13.4487 345.568 -7.17664
307.879 13.6183 347.807 -7.35928
310.306 13.7644 350.215 -7.54062
