1.18521 -0.0651508 0.618927 -0.0267639
2.16198 -0.057859 1.62698 0.0278931
3.24715 0.030863 2.60361 0.154144
4.41836 0.193124 3.83334 0.305023
5.68309 0.441034 5.08914 0.531799
7.05753 0.727014 6.37408 0.847534
8.55497 1.05287 7.92929 1.1546
10.149 1.46151 9.44937 1.61948
11.8293 1.9029 11.1967 2.1105
13.6035 2.43094 12.995 2.65591
15.4771 3.02473 14.8906 3.35406
17.4415 3.70362 14.5159 3.61771
19.4975 4.46663 16.7032 4.09006
21.6551 5.28531 19.0677 4.83017
23.8785 6.21501 23.4622 6.51627
26.1472 7.24616 25.817 7.37885
28.4691 8.36227 28.1879 8.51001
30.8642 9.5807 30.6345 9.67059
33.317 10.895 33.1801 10.9423
35.8444 12.3022 35.8407 12.2897
38.5166 13.7845 38.5266 13.7181
41.2652 15.3347 41.3068 15.1898
44.0351 16.9452 44.2064 16.6973
46.7661 18.6194 46.9702 18.2736
49.4334 20.4338 49.7802 19.9791
52.0118 22.2986 52.3708 21.6465
54.5969 24.2013 55.0854 23.375
57.1703 26.1483 57.7408 25.1688
59.6958 28.1597 60.3444 27.0083
62.1921 30.245 63.0112 28.9601
64.6696 32.4174 65.636 30.96
67.0945 34.6737 68.2621 33.0295
69.473 37.0546 70.7487 35.2589
71.839 39.5189 73.3376 37.5472
74.1846 42.0471 75.785 39.8873
76.5097 44.6583 78.296 42.3787
78.8248 47.334 80.7695 44.8871
81.1292 50.076 83.2308 47.4756
83.3966 52.8957 85.6958 50.1505
85.5773 55.8416 88.0837 52.9389
87.6763 58.8809 90.4324 55.7915
89.6838 62.0219 92.6795 58.8206
91.5851 65.2682 94.8133 61.8784
93.4083 68.6065 96.9462 65.0784
95.1581 71.9916 98.9793 68.3357
96.8445 75.4027 100.979 71.6578
98.4755 78.8072 102.834 74.9529
100.057 82.1801 104.656 78.1791
101.554 85.4619 106.492 81.3608
102.977 88.6828 108.255 84.499
104.327 91.8228 109.813 87.5149
105.733 94.8824 111.538 90.4836
107.211 97.8684 113.211 93.3546
108.779 100.755 114.881 96.106
110.48 103.56 116.75 98.7892
112.256 106.259 118.68 101.334
114.087 108.816 120.587 103.763
115.96 111.243 122.628 106.033
117.859 113.542 124.652 108.184
119.773 115.73 126.746 110.248
121.688 117.79 128.786 112.191
123.577 119.702 130.794 113.939
125.506 121.473 132.884 115.539
127.45 123.091 134.944 116.994
129.464 124.609 137.057 118.273
131.55 126.01 139.212 119.602
133.694 127.326 141.426 120.797
135.915 128.574 143.763 121.847
138.221 129.799 146.163 122.9
140.63 131.035 148.515 123.976
143.168 132.254 151.114 124.848
145.832 133.444 153.997 125.861
148.626 134.589 156.792 126.895
151.596 135.607 159.849 127.708
154.717 136.447 163.247 128.436
158.0 137.094 166.636 128.888
161.425 137.536 170.013 129.063
165.0 137.77 173.62 129.148
168.692 137.798 177.306 128.951
172.461 137.603 181.11 128.606
176.307 137.176 184.856 127.964
180.228 136.522 188.803 127.099
184.219 135.639 192.769 125.914
188.231 134.53 196.66 124.549
192.271 133.204 200.602 122.775
196.301 131.621 204.491 120.982
200.306 129.756 208.392 118.817
204.191 127.547 212.166 116.288
207.898 124.994 215.472 113.707
211.424 122.129 218.727 110.533
214.748 119.004 221.827 107.073
217.895 115.657 224.76 103.502
220.829 112.14 227.464 99.6346
223.465 108.535 229.904 95.8525
225.798 104.83 231.967 92.0469
227.793 101.071 233.65 88.1812
229.454 97.2876 235.091 84.235
230.819 93.5117 236.208 80.3512
231.913 89.8071 237.037 76.6202
232.764 86.1384 237.682 72.9604
233.373 82.5097 238.08 69.3007
233.774 78.953 238.295 65.7971
233.979 75.4682 238.326 62.2476
234.07 72.1143 238.192 58.8758
234.099 68.8815 238.031 55.6743
234.082 65.6953 237.774 52.5113
234.073 62.6125 237.576 49.3876
234.093 59.5852 237.357 46.3359
234.154 56.593 237.189 43.2554
234.267 53.6495 237.135 40.2802
234.447 50.7175 237.143 37.3517
234.685 47.8287 237.238 34.4368
234.987 44.9604 237.359 31.576
235.348 42.1097 237.492 28.7366
235.758 39.2912 237.719 25.8832
236.242 36.5165 238.026 23.0561
236.786 33.7445 238.374 20.2782
237.348 30.928 238.735 17.4372
237.945 28.0779 239.152 14.5709
238.575 25.2064 239.581 11.5678
239.249 22.3264 240.075 8.67386
239.999 19.4733 240.594 5.79999
240.855 16.651 241.269 2.86807
241.811 13.8654 242.015 -0.000976562
242.853 11.1123 242.839 -2.82739
243.967 8.39843 243.76 -5.63525
245.139 5.73669 244.721 -8.36215
246.366 3.1383 245.815 -11.12
247.661 0.608991 246.899 -13.7213
249.018 -1.85925 248.055 -16.2942
250.429 -4.27192 249.265 -18.8106
251.91 -6.6574 250.586 -21.2961
253.495 -9.01696 251.948 -23.7935
255.107 -11.3695 253.314 -26.3211
256.711 -13.7491 254.676 -28.771
258.322 -16.1492 256.096 -31.3229
259.943 -18.5572 257.491 -33.8166
261.577 -21.0087 258.968 -36.3683
263.212 -23.4653 260.439 -38.9168
264.854 -25.9097 261.862 -41.4391
266.511 -28.3374 263.354 -43.9842
268.202 -30.7219 264.853 -46.4161
269.951 -33.0674 266.423 -48.8241
271.763 -35.3743 268.027 -51.219
273.665 -37.619 269.759 -53.5922
275.686 -39.8325 271.624 -55.9492
277.814 -42.011 273.551 -58.1996
280.056 -44.1389 275.601 -60.4483
282.426 -46.188 277.782 -62.6368
284.909 -48.1619 280.13 -64.7682
287.501 -50.0565 282.589 -66.8412
290.18 -51.9033 285.109 -68.8355
292.94 -53.6939 287.705 -70.7762
295.748 -55.4626 290.388 -72.7147
298.599 -57.2467 293.08 -74.6407
301.474 -59.0466 295.834 -76.6869
304.377 -60.8558 298.571 -78.6288
307.312 -62.6268 301.31 -80.5522
310.296 -64.3056 304.181 -82.421
313.328 -65.8496 307.114 -84.1904
316.393 -67.2617 310.086 -85.8376
319.497 -68.519 313.013 -87.2508
322.62 -69.6814 316.065 -88.6501
325.743 -70.8184 319.052 -89.968
328.869 -71.8974 322.122 -91.2242
332.015 -72.9072 325.219 -92.4487
335.152 -73.8468 328.231 -93.5913
338.258 -74.7513 331.191 -94.6854
341.266 -75.6466 334.129 -95.7634
344.109 -76.6143 336.934 -96.9395
346.811 -77.588 339.555 -98.136
349.49 -78.5169 342.169 -99.2748
352.178 -79.3321 344.816 -100.264
354.876 -79.9816 347.466 -101.145
357.594 -80.4021 350.127 -101.818
360.347 -80.5779 352.842 -102.266
363.108 -80.5038 355.621 -102.435
365.886 -80.2083 358.349 -102.376
368.705 -79.8154 361.136 -102.206
371.601 -79.426 364.019 -102.01
374.578 -79.0754 367.051 -101.851
377.661 -78.7307 370.177 -101.744
380.853 -78.3639 373.351 -101.637
384.12 -77.9805 376.607 -101.532
387.447 -77.5924 379.888 -101.378
390.785 -77.1443 383.205 -101.179
394.104 -76.5888 386.507 -100.842
397.401 -75.9369 389.791 -100.443
400.641 -75.2019 393.075 -99.9692
403.843 -74.425 396.31 -99.4565
407.019 -73.5955 399.607 -98.8846
410.2 -72.6958 402.859 -98.2039
413.391 -71.7633 406.124 -97.5372
416.589 -70.8311 409.348 -96.8143
419.804 -69.8792 412.666 -96.1233
423.028 -68.8972 415.916 -95.4398
426.232 -67.9072 419.148 -94.6614
429.427 -66.9449 422.377 -93.9415
432.612 -65.9997 425.714 -93.232
435.764 -65.0918 428.88 -92.5317
438.896 -64.2094 432.042 -91.8281
441.977 -63.3475 435.158 -91.1917
445.013 -62.5114 438.279 -90.5462
448.005 -61.681 441.328 -89.8986
450.936 -60.8599 444.283 -89.2987
453.821 -60.0475 447.314 -88.6538
456.661 -59.2279 450.161 -88.0441
459.454 -58.4112 453.047 -87.3893
462.22 -57.5952 455.848 -86.7807
464.94 -56.7847 458.579 -86.2259
467.616 -55.9752 461.273 -85.6301
470.219 -55.1902 463.868 -85.0696
472.73 -54.4398 466.422 -84.4757
475.119 -53.7209 468.895 -83.9611
477.435 -53.0299 471.233 -83.5036
479.727 -52.3682 473.603 -83.0145
482.029 -51.7612 475.967 -82.6096
484.35 -51.2648 478.379 -82.3565
486.686 -50.9237 480.821 -82.1597
489.04 -50.7896 483.094 -82.1453
491.404 -50.8376 485.463 -82.3567
493.768 -51.0769 487.755 -82.7707
496.154 -51.5074 490.237 -83.4502
498.538 -52.1039 492.466 -84.1542
500.93 -52.8371 494.764 -85.1377
503.31 -53.7184 497.105 -86.225
505.671 -54.7547 499.379 -87.4113
507.988 -55.92 501.365 -88.6407
510.261 -57.2209 503.695 -90.2058
512.434 -58.7036 506.544 -93.6371
514.474 -60.3569 504.299 -93.8857
516.349 -62.148 502.754 -92.667
518.099 -64.0636 499.319 -91.7197
519.763 -66.0813 501.452 -93.4202
521.333 -68.2267 503.248 -94.9365
522.775 -70.4901 505.244 -96.8059
524.054 -72.882 506.987 -98.8839
525.153 -75.4026 506.844 -100.114
526.099 -78.0489 509.967 -103.643
526.846 -80.8123 509.144 -106.537
527.366 -83.6838 541.021 -52.1423
527.669 -86.6344 541.021 -52.1423
527.759 -89.6647 541.021 -52.1423
527.632 -92.7424 541.021 -52.1423
527.266 -95.8477 541.021 -52.1423
526.669 -98.9759 541.021 -52.1423
525.862 -102.111 541.021 -52.1423
524.86 -105.232 541.021 -52.1423
523.649 -108.336 541.021 -52.1423
522.268 -111.409 541.021 -52.1423
520.781 -114.489 541.021 -52.1423
519.262 -117.619 541.021 -52.1423
517.72 -120.793 541.021 -52.1423
516.137 -123.999 541.021 -52.1423
514.516 -127.26 541.021 -52.1423
512.863 -130.564 541.021 -52.1423
511.172 -133.9 541.021 -52.1423
509.462 -137.304 541.021 -52.1423
507.73 -140.757 541.021 -52.1423
505.955 -144.291 541.021 -52.1423
504.158 -147.873 541.021 -52.1423
502.322 -151.513 541.021 -52.1423
500.459 -155.205 541.021 -52.1423
498.591 -158.949 541.021 -52.1423
496.697 -162.71 541.021 -52.1423
494.777 -166.473 541.021 -52.1423
492.866 -170.241 541.021 -52.1423
490.949 -174.002 541.021 -52.1423
489.062 -177.785 541.021 -52.1423
487.199 -181.544 541.021 -52.1423
485.358 -185.287 541.021 -52.1423
483.529 -189.023 541.021 -52.1423
481.695 -192.73 541.021 -52.1423
479.858 -196.399 541.021 -52.1423
477.998 -200.011 541.021 -52.1423
476.127 -203.574 541.021 -52.1423
474.263 -207.055 541.021 -52.1423
472.443 -210.388 541.021 -52.1423
470.701 -213.557 541.021 -52.1423
469.05 -216.564 541.021 -52.1423
467.53 -219.437 541.021 -52.1423
466.158 -222.267 541.021 -52.1423
464.99 -225.095 541.021 -52.1423
463.994 -227.947 541.021 -52.1423
463.173 -230.861 541.021 -52.1423
462.551 -233.802 541.021 -52.1423
462.127 -236.782 541.021 -52.1423
461.909 -239.801 541.021 -52.1423
461.959 -242.887 541.021 -52.1423
462.301 -246.015 541.021 -52.1423
462.905 -249.116 541.021 -52.1423
463.815 -252.218 541.021 -52.1423
464.992 -255.284 541.021 -52.1423
466.431 -258.284 541.021 -52.1423
468.115 -261.213 541.021 -52.1423
470.009 -264.039 541.021 -52.1423
472.095 -266.771 541.021 -52.1423
474.302 -269.445 541.021 -52.1423
476.625 -272.08 541.021 -52.1423
479.0 -274.679 541.021 -52.1423
481.387 -277.233 541.021 -52.1423
483.771 -279.748 541.021 -52.1423
486.121 -282.202 541.021 -52.1423
488.362 -284.6 541.021 -52.1423
490.428 -286.935 541.021 -52.1423
492.294 -289.24 541.021 -52.1423
493.948 -291.497 541.021 -52.1423
495.367 -293.652 541.021 -52.1423
496.606 -295.756 541.021 -52.1423
497.573 -297.85 541.021 -52.1423
498.248 -299.973 541.021 -52.1423
498.68 -302.158 541.021 -52.1423
498.847 -304.383 541.021 -52.1423
498.688 -306.549 541.021 -52.1423
498.23 -308.665 541.021 -52.1423
497.641 -310.776 541.021 -52.1423
496.906 -312.86 541.021 -52.1423
496.049 -314.931 541.021 -52.1423
495.064 -316.959 541.021 -52.1423
493.891 -318.877 541.021 -52.1423
492.438 -320.615 541.021 -52.1423
490.843 -322.16 541.021 -52.1423
489.102 -323.425 541.021 -52.1423
487.31 -324.461 541.021 -52.1423
485.451 -325.381 541.021 -52.1423
483.51 -326.146 541.021 -52.1423
481.491 -326.713 541.021 -52.1423
479.387 -327.058 541.021 -52.1423
477.249 -327.218 541.021 -52.1423
475.064 -327.15 541.021 -52.1423
472.829 -326.887 541.021 -52.1423
470.545 -326.456 541.021 -52.1423
468.195 -325.911 541.021 -52.1423
465.771 -325.253 541.021 -52.1423
463.283 -324.526 541.021 -52.1423
460.699 -323.76 541.021 -52.1423
458.042 -322.973 541.021 -52.1423
455.305 -322.15 541.021 -52.1423
452.496 -321.293 541.021 -52.1423
449.633 -320.401 541.021 -52.1423
446.743 -319.5 541.021 -52.1423
443.841 -318.566 541.021 -52.1423
440.932 -317.625 541.021 -52.1423
438.006 -316.73 541.021 -52.1423
435.073 -315.881 541.021 -52.1423
432.12 -315.106 541.021 -52.1423
429.152 -314.416 541.021 -52.1423
426.183 -313.851 541.021 -52.1423
423.19 -313.411 541.021 -52.1423
420.193 -313.101 541.021 -52.1423
417.185 -312.918 541.021 -52.1423
414.174 -312.852 541.021 -52.1423
411.16 -312.9 541.021 -52.1423
408.161 -313.048 541.021 -52.1423
405.157 -313.298 541.021 -52.1423
402.17 -313.646 541.021 -52.1423
399.207 -314.076 541.021 -52.1423
396.281 -314.583 541.021 -52.1423
393.396 -315.156 541.021 -52.1423
390.542 -315.779 541.021 -52.1423
387.765 -316.428 541.021 -52.1423
385.095 -317.106 541.021 -52.1423
382.613 -317.816 541.021 -52.1423
380.353 -318.502 541.021 -52.1423
378.297 -319.15 541.021 -52.1423
376.291 -319.716 541.021 -52.1423
374.324 -320.203 541.021 -52.1423
372.371 -320.548 541.021 -52.1423
370.458 -320.698 541.021 -52.1423
368.565 -320.586 541.021 -52.1423
366.666 -320.194 541.021 -52.1423
364.818 -319.556 541.021 -52.1423
363.039 -318.655 541.021 -52.1423
361.353 -317.527 541.021 -52.1423
359.728 -316.188 541.021 -52.1423
358.106 -314.66 541.021 -52.1423
356.444 -312.996 541.021 -52.1423
354.755 -311.183 541.021 -52.1423
352.955 -309.268 541.021 -52.1423
351.031 -307.282 541.021 -52.1423
349.037 -305.221 541.021 -52.1423
346.959 -303.105 541.021 -52.1423
344.801 -300.947 541.021 -52.1423
342.576 -298.768 541.021 -52.1423
340.301 -296.586 541.021 -52.1423
337.968 -294.43 541.021 -52.1423
335.579 -292.306 541.021 -52.1423
333.108 -290.267 541.021 -52.1423
330.531 -288.369 541.021 -52.1423
327.861 -286.593 541.021 -52.1423
325.123 -284.911 541.021 -52.1423
322.296 -283.306 541.021 -52.1423
319.379 -281.758 541.021 -52.1423
316.387 -280.262 541.021 -52.1423
313.355 -278.776 541.021 -52.1423
310.278 -277.274 541.021 -52.1423
307.144 -275.761 541.021 -52.1423
303.95 -274.25 541.021 -52.1423
300.715 -272.682 541.021 -52.1423
297.427 -271.088 541.021 -52.1423
294.085 -269.481 541.021 -52.1423
290.716 -267.791 541.021 -52.1423
287.361 -266.0 541.021 -52.1423
284.026 -264.078 541.021 -52.1423
280.682 -262.085 541.021 -52.1423
277.379 -260.008 541.021 -52.1423
274.068 -257.922 541.021 -52.1423
270.72 -255.789 541.021 -52.1423
267.368 -253.623 541.021 -52.1423
263.958 -251.438 541.021 -52.1423
260.542 -249.194 541.021 -52.1423
257.11 -246.95 541.021 -52.1423
253.65 -244.697 541.021 -52.1423
250.163 -242.433 541.021 -52.1423
246.649 -240.122 541.021 -52.1423
243.083 -237.762 541.021 -52.1423
239.49 -235.373 541.021 -52.1423
235.883 -232.955 541.021 -52.1423
232.238 -230.508 541.021 -52.1423
228.6 -228.011 541.021 -52.1423
224.954 -225.502 541.021 -52.1423
221.322 -222.973 541.021 -52.1423
217.689 -220.441 541.021 -52.1423
214.053 -217.915 541.021 -52.1423
210.425 -215.421 541.021 -52.1423
206.787 -212.944 541.021 -52.1423
203.127 -210.508 541.021 -52.1423
199.449 -208.091 541.021 -52.1423
195.763 -205.726 541.021 -52.1423
192.051 -203.418 541.021 -52.1423
188.29 -201.191 541.021 -52.1423
184.495 -199.036 541.021 -52.1423
180.671 -196.938 541.021 -52.1423
176.845 -194.893 541.021 -52.1423
172.993 -192.911 541.021 -52.1423
169.115 -190.982 541.021 -52.1423
165.229 -189.079 541.021 -52.1423
161.312 -187.197 541.021 -52.1423
157.367 -185.338 541.021 -52.1423
153.423 -183.475 541.021 -52.1423
149.482 -181.626 541.021 -52.1423
145.532 -179.791 541.021 -52.1423
141.581 -177.997 541.021 -52.1423
137.609 -176.191 541.021 -52.1423
133.66 -174.368 541.021 -52.1423
129.756 -172.508 541.021 -52.1423
125.923 -170.56 541.021 -52.1423
122.158 -168.504 541.021 -52.1423
118.48 -166.313 541.021 -52.1423
114.886 -163.988 541.021 -52.1423
111.359 -161.538 541.021 -52.1423
107.936 -158.986 541.021 -52.1423
104.583 -156.365 541.021 -52.1423
101.267 -153.688 541.021 -52.1423
97.9833 -150.925 541.021 -52.1423
94.7323 -148.123 541.021 -52.1423
91.5336 -145.244 541.021 -52.1423
88.3958 -142.303 541.021 -52.1423
85.2744 -139.314 541.021 -52.1423
82.1386 -136.315 541.021 -52.1423
78.9673 -133.306 541.021 -52.1423
75.7985 -130.279 541.021 -52.1423
72.6257 -127.25 541.021 -52.1423
69.4505 -124.209 541.021 -52.1423
66.2694 -121.153 541.021 -52.1423
63.0946 -118.072 541.021 -52.1423
59.9307 -114.964 541.021 -52.1423
56.7627 -111.799 541.021 -52.1423
53.5948 -108.609 541.021 -52.1423
50.3942 -105.427 541.021 -52.1423
47.2502 -102.241 541.021 -52.1423
44.0781 -99.0679 541.021 -52.1423
40.9226 -95.8835 541.021 -52.1423
37.7465 -92.6761 541.021 -52.1423
34.5759 -89.5179 541.021 -52.1423
31.4018 -86.3638 541.021 -52.1423
28.242 -83.2135 541.021 -52.1423
25.0735 -80.079 541.021 -52.1423
21.8956 -76.957 541.021 -52.1423
18.7078 -73.854 541.021 -52.1423
15.5333 -70.7225 541.021 -52.1423
12.3328 -67.5884 541.021 -52.1423
9.13901 -64.4091 541.021 -52.1423
5.9392 -61.2769 541.021 -52.1423
2.73356 -58.1672 541.021 -52.1423
-0.486019 -55.056 541.021 -52.1423
-3.6922 -51.9874 541.021 -52.1423
-6.88533 -48.9474 541.021 -52.1423
-10.1029 -45.9188 541.021 -52.1423
-13.251 -42.8996 541.021 -52.1423
-16.3072 -39.9586 541.021 -52.1423
-19.3181 -37.1854 541.021 -52.1423
-22.2504 -34.5545 541.021 -52.1423
-25.0975 -32.073 541.021 -52.1423
-27.8401 -29.7429 541.021 -52.1423
-30.3827 -27.5944 541.021 -52.1423
-32.7301 -25.6359 541.021 -52.1423
-34.7641 -23.8021 541.021 -52.1423
-36.4692 -22.04 541.021 -52.1423
-37.8209 -20.3033 541.021 -52.1423
-38.8013 -18.625 541.021 -52.1423
-39.442 -16.9571 541.021 -52.1423
-39.7948 -15.2794 541.021 -52.1423
-39.8056 -13.6574 541.021 -52.1423
-39.567 -12.1374 541.021 -52.1423
-39.0712 -10.7004 541.021 -52.1423
-38.3572 -9.34677 541.021 -52.1423
-37.3899 -8.08843 541.021 -52.1423
-36.1987 -6.93825 541.021 -52.1423
-34.7882 -5.94633 541.021 -52.1423
-33.1716 -5.12251 541.021 -52.1423
-31.3718 -4.46798 541.021 -52.1423
-29.4272 -3.95596 541.021 -52.1423
-27.3543 -3.55001 541.021 -52.1423
-25.1751 -3.19005 541.021 -52.1423
-22.9119 -2.82413 541.021 -52.1423
-20.5589 -2.47772 541.021 -52.1423
-18.1197 -2.11985 541.021 -52.1423
-15.5891 -1.76407 541.021 -52.1423
-13.0395 -1.43782 541.021 -52.1423
-10.5526 -1.1247 541.021 -52.1423
-8.14215 -0.808984 541.021 -52.1423
-5.83457 -0.432975 541.021 -52.1423
-3.58744 -0.0417045 541.021 -52.1423
-1.43743 0.378735 541.021 -52.1423
0.66694 0.800376 541.021 -52.1423
2.71178 1.30448 541.021 -52.1423
4.78315 1.89071 541.021 -52.1423
6.84153 2.54969 541.021 -52.1423
