0.603461 -0.105041 0.339355 -0.0324097
1.18545 -0.322055 0.996338 -0.30011
1.84193 -0.677219 1.53687 -0.471191
2.5128 -1.18805 2.32263 -1.03552
3.16052 -1.89011 2.97119 -1.61969
3.79215 -2.78467 3.69507 -2.48804
4.40213 -3.90936 4.39313 -3.62408
4.97413 -5.27773 5.07672 -5.04852
5.51097 -6.89535 5.57312 -6.53979
6.0682 -8.7527 6.31873 -8.44733
6.63698 -10.826 6.95026 -10.4541
7.17825 -13.0823 7.55121 -12.7833
7.6637 -15.4443 8.14252 -15.2886
8.04826 -17.857 8.56616 -17.6517
8.28477 -20.322 8.90234 -20.108
8.27172 -22.8301 8.89618 -22.5681
8.00645 -25.3386 8.57294 -24.9459
7.47853 -27.8116 8.15796 -27.4057
6.73168 -30.2301 7.38513 -29.9351
5.83696 -32.5509 6.61658 -32.2959
4.75814 -34.8041 5.5094 -34.4746
3.56221 -36.9541 4.33331 -36.6157
2.34602 -39.0288 3.11212 -38.7353
1.03265 -41.0785 1.79333 -40.7643
-0.337837 -43.2522 0.395569 -42.8583
-1.71808 -45.598 -0.980957 -45.1653
-3.13258 -48.1024 -2.34943 -47.6934
-4.62652 -50.7099 -3.89044 -50.2117
-6.17036 -53.3994 -5.49921 -52.883
-7.71422 -56.0947 -7.04083 -55.5353
-9.2367 -58.7829 -8.62164 -58.0956
-10.7311 -61.4539 -10.1086 -60.7661
-12.2248 -64.0797 -11.6217 -63.3826
-13.7592 -66.6375 -13.1469 -65.9089
-15.3081 -69.1317 -14.7488 -68.3332
-16.8867 -71.595 -16.4226 -70.9327
-18.451 -73.9993 -17.9488 -73.2942
-20.0177 -76.3816 -19.5734 -75.6223
-21.5451 -78.7734 -21.1072 -77.9958
-23.0555 -81.1449 -22.6492 -80.3013
-24.5351 -83.5172 -24.1435 -82.6435
-25.9059 -85.9448 -25.5491 -84.9594
-27.1776 -88.4054 -26.9078 -87.4068
-28.3393 -90.8807 -28.0281 -89.8578
-29.3951 -93.409 -29.1337 -92.3605
-30.3636 -95.9368 -30.1111 -94.8638
-31.311 -98.4783 -31.0772 -97.3647
-32.1956 -101.038 -32.0126 -99.9425
-33.0235 -103.589 -32.9611 -102.589
-33.8099 -106.171 -33.7648 -105.091
-34.534 -108.752 -34.5452 -107.566
-35.2185 -111.354 -35.3575 -110.194
-35.8243 -113.969 -35.9886 -112.716
-36.4078 -116.586 -36.6209 -115.343
-36.9748 -119.21 -37.2847 -118.001
-37.4746 -121.83 -37.8436 -120.59
-37.9763 -124.452 -38.3719 -123.198
-38.4697 -127.034 -38.9111 -125.779
-38.9546 -129.602 -39.4158 -128.345
-39.3955 -132.134 -39.8677 -130.777
-39.8443 -134.623 -40.3242 -133.17
-40.3006 -137.091 -40.7946 -135.633
-40.6961 -139.506 -41.2202 -137.99
-41.0186 -141.906 -41.5106 -140.063
-41.2485 -144.276 -41.5413 -140.357
-41.3669 -146.59 -41.9039 -142.654
-41.3845 -148.886 -42.1677 -144.971
-41.3074 -151.137 -42.2822 -147.089
-41.2166 -153.395 -42.3376 -147.717
-41.1577 -155.641 -42.3555 -147.563
-41.1222 -157.886 -42.5415 -149.894
-41.1264 -160.095 -42.7142 -152.32
-41.1591 -162.256 -42.977 -154.422
-41.186 -164.399 -43.2425 -156.391
-41.1399 -166.486 -43.4108 -158.4
-40.9753 -168.53 -43.4555 -160.426
-40.718 -170.511 -43.4639 -162.446
-40.3684 -172.414 -43.3687 -164.277
-39.9616 -174.272 -43.1383 -166.24
-39.4894 -176.053 -42.8786 -167.919
-38.9982 -177.841 -42.5431 -169.782
-38.4682 -179.65 -42.1881 -171.669
-37.9539 -181.442 -41.8336 -173.523
-37.3932 -183.268 -41.4584 -175.399
-36.7873 -185.112 -41.0599 -177.321
-36.0976 -186.937 -40.545 -179.176
-35.3117 -188.795 -39.9619 -181.117
-34.4535 -190.658 -39.2952 -183.045
-33.577 -192.598 -38.6006 -185.068
-32.6899 -194.608 -37.8826 -187.128
-31.7888 -196.669 -37.1437 -189.236
-30.8781 -198.729 -36.4123 -191.323
-29.9821 -200.778 -35.6708 -193.509
-29.0747 -202.833 -34.9575 -195.668
-28.2123 -204.896 -34.3198 -197.681
-27.4253 -206.978 -33.7276 -199.874
-26.7165 -209.1 -33.2235 -201.964
-26.0162 -211.227 -32.7272 -204.13
-25.3065 -213.375 -32.1766 -206.35
-24.6101 -215.557 -31.7122 -208.59
-23.8528 -217.764 -31.1151 -210.817
-23.0374 -219.973 -30.5341 -213.069
-22.175 -222.187 -29.8981 -215.355
-21.2857 -224.411 -29.2834 -217.643
-20.3891 -226.617 -28.658 -219.935
-19.442 -228.794 -27.8417 -222.242
-18.4849 -230.932 -27.1089 -224.446
-17.4914 -233.113 -26.3882 -226.727
-16.4861 -235.284 -25.6404 -228.907
-15.4652 -237.426 -24.8568 -231.093
-14.4066 -239.572 -23.989 -233.32
-13.3175 -241.74 -23.0746 -235.615
-12.2027 -243.893 -22.1589 -237.904
-11.0979 -246.024 -21.2946 -240.099
-9.97983 -248.189 -20.3574 -242.398
-8.85141 -250.367 -19.4025 -244.739
-7.70707 -252.522 -18.532 -246.938
-6.54558 -254.678 -17.5898 -249.208
-5.35058 -256.805 -16.6286 -251.436
-4.12844 -258.918 -15.6491 -253.718
-2.82016 -260.992 -14.5969 -255.91
-1.3977 -263.005 -13.3325 -258.176
0.084217 -264.952 -12.0764 -260.263
1.5397 -266.912 -10.6339 -262.394
2.90051 -268.944 -9.66345 -264.538
4.1802 -271.018 -8.60498 -266.745
5.44154 -273.129 -7.59204 -268.992
6.67512 -275.275 -6.59009 -271.23
7.8848 -277.412 -5.57349 -273.548
9.10934 -279.609 -4.59106 -275.881
10.3591 -281.843 -3.60803 -278.177
11.6632 -284.085 -2.57147 -280.539
12.9877 -286.328 -1.47455 -282.926
14.3951 -288.581 -0.338928 -285.347
15.9052 -290.838 0.872498 -287.738
17.4438 -293.039 2.14252 -290.048
19.0127 -295.227 3.46399 -292.437
20.6419 -297.465 4.90186 -294.801
22.417 -299.779 6.40076 -297.124
24.245 -302.128 7.96155 -299.456
26.1287 -304.394 9.57275 -301.827
28.0763 -306.583 11.2579 -304.131
30.0465 -308.736 12.9379 -306.443
32.0401 -310.836 14.6874 -308.727
34.0758 -312.863 16.4459 -310.914
36.138 -314.844 18.2363 -313.039
38.218 -316.781 20.0109 -315.169
40.3286 -318.687 21.837 -317.297
42.4203 -320.57 23.6815 -319.374
44.5278 -322.465 25.517 -321.436
46.6332 -324.392 27.3652 -323.543
48.7092 -326.377 29.1649 -325.709
50.7653 -328.438 30.9655 -327.989
52.778 -330.549 32.6549 -330.231
54.744 -332.737 34.4261 -332.646
56.6961 -334.983 36.0798 -335.088
58.6405 -337.267 37.717 -337.554
60.5603 -339.599 39.3439 -340.117
62.4663 -341.969 40.9806 -342.713
64.3415 -344.351 42.5438 -345.285
66.1916 -346.77 44.1089 -347.91
68.0222 -349.19 45.6667 -350.486
69.8358 -351.618 47.2065 -353.113
71.6419 -354.072 48.7563 -355.773
73.4437 -356.509 50.2386 -358.322
75.2521 -358.955 51.7363 -360.981
77.0534 -361.399 53.2071 -363.543
78.8546 -363.838 54.7271 -366.247
80.6348 -366.257 56.1501 -368.811
82.4145 -368.627 57.6845 -371.384
84.1551 -370.92 59.1896 -373.859
85.8487 -373.111 60.5724 -376.144
87.475 -375.169 61.9971 -378.391
88.9848 -377.116 63.2783 -380.53
90.3977 -378.985 64.4871 -382.528
91.7401 -380.773 65.6281 -384.464
92.9764 -382.505 66.6776 -386.255
94.1522 -384.258 67.7125 -388.124
95.2975 -386.1 68.6581 -390.054
96.3849 -387.996 69.4517 -391.914
97.441 -389.962 70.3091 -393.953
98.5453 -392.025 71.2032 -396.105
99.6239 -394.115 72.0813 -398.261
100.661 -396.276 72.9425 -400.529
101.647 -398.414 73.6766 -402.675
102.579 -400.526 74.4288 -404.916
103.408 -402.603 75.1398 -407.13
104.142 -404.617 75.7288 -409.081
104.78 -406.632 76.2039 -411.186
105.246 -408.702 76.5233 -413.223
105.595 -410.872 76.7131 -415.314
105.879 -413.112 76.8259 -417.569
106.137 -415.389 76.8467 -419.959
106.375 -417.643 76.891 -422.094
106.586 -419.95 76.9098 -424.518
106.8 -422.23 76.8643 -426.707
107.035 -424.501 76.8227 -428.753
107.263 -426.689 76.8505 -431.085
107.501 -428.797 76.8077 -433.038
107.757 -430.81 76.8212 -435.136
107.96 -432.765 76.7502 -436.87
108.019 -434.625 76.6593 -438.743
107.99 -436.292 76.4529 -440.437
107.883 -437.753 76.1606 -441.895
107.718 -438.956 75.8359 -443.033
107.545 -439.997 75.5231 -444.033
107.36 -440.891 75.2219 -444.864
107.254 -441.621 75.0389 -445.587
107.147 -442.149 74.8438 -446.063
107.093 -442.6 74.6945 -446.473
107.023 -443.053 74.5394 -446.873
107.009 -443.497 74.3978 -447.323
106.985 -444.032 74.3281 -447.879
106.976 -444.707 74.2136 -448.551
106.943 -445.47 74.0838 -449.323
106.973 -446.302 73.9602 -450.121
107.087 -447.226 73.8879 -450.995
107.277 -448.25 73.8789 -452.023
107.557 -449.381 73.9897 -453.168
108.004 -450.611 74.1996 -454.413
108.618 -451.949 74.515 -455.868
109.319 -453.435 74.9426 -457.489
110.067 -455.043 75.4714 -459.143
110.983 -456.749 76.1563 -460.922
111.999 -458.597 76.9697 -462.844
113.118 -460.536 77.7892 -464.824
114.327 -462.574 78.7815 -466.991
115.622 -464.71 79.779 -469.233
116.979 -466.923 80.8407 -471.55
118.409 -469.206 81.9583 -473.938
119.909 -471.584 83.1279 -476.444
121.447 -474.052 84.36 -479.08
123.054 -476.601 85.6404 -481.762
124.723 -479.23 86.9971 -484.58
126.441 -481.879 88.3928 -487.425
128.165 -484.591 89.8563 -490.282
129.806 -487.387 91.1556 -493.27
131.305 -490.296 92.3105 -496.329
132.653 -493.302 93.2913 -499.453
133.794 -496.406 94.0435 -502.675
134.661 -499.593 94.4744 -506.047
135.211 -502.831 94.6473 -509.214
135.492 -506.147 94.5284 -512.608
135.551 -509.511 94.2471 -515.853
135.416 -512.907 93.5667 -519.196
135.239 -516.326 93.0151 -522.587
135.017 -519.786 92.3655 -526.003
134.757 -523.337 91.7039 -529.525
134.484 -526.947 90.9963 -533.043
134.201 -530.638 90.2503 -536.74
133.91 -534.398 89.4995 -540.424
133.572 -538.219 88.679 -544.196
133.186 -542.131 87.8499 -548.1
132.74 -546.143 86.9049 -551.963
132.249 -550.21 85.9169 -555.932
131.716 -554.326 84.8332 -559.974
131.126 -558.5 83.7288 -564.058
130.49 -562.739 82.6187 -568.221
129.826 -567.038 81.4301 -572.43
129.137 -571.403 80.2249 -576.65
128.428 -575.828 78.9722 -580.888
127.718 -580.26 77.7296 -585.252
127.031 -584.727 76.4621 -589.6
126.337 -589.206 75.1991 -593.916
125.66 -593.696 73.9167 -598.486
124.993 -598.177 72.6693 -602.769
124.334 -602.635 71.4641 -607.069
123.638 -607.08 70.2757 -611.386
122.977 -611.521 69.0986 -615.778
122.335 -615.966 67.9305 -620.048
121.686 -620.402 66.795 -624.409
121.035 -624.824 65.6372 -628.738
120.415 -629.195 64.528 -632.936
119.812 -633.494 63.4313 -637.199
119.216 -637.717 62.3356 -641.362
118.633 -641.845 61.2595 -645.405
118.07 -645.788 60.2623 -649.231
117.521 -649.485 59.3118 -652.833
117.016 -652.933 58.4008 -656.169
116.567 -656.074 57.6123 -659.255
116.194 -658.87 56.9631 -662.009
115.858 -661.293 56.3906 -664.386
115.506 -663.355 55.8667 -666.421
114.999 -665.139 55.1633 -668.149
114.306 -666.781 54.325 -669.725
113.381 -668.081 53.2808 -671.02
112.268 -669.19 52.1034 -672.006
110.986 -670.017 50.7219 -672.753
109.553 -670.571 49.2568 -673.169
107.991 -670.719 48.5094 -674.201
106.335 -670.721 46.4866 -673.746
104.646 -670.376 44.7063 -672.894
102.943 -669.637 43.0815 -672.064
101.254 -668.57 41.5813 -670.895
99.5692 -667.257 40.0112 -669.428
97.872 -665.779 38.3843 -667.672
96.167 -664.141 36.9178 -665.819
94.5346 -662.337 35.4476 -663.798
93.0319 -660.361 34.1686 -661.64
91.6615 -658.25 33.3554 -659.368
90.3555 -656.027 32.3306 -657.047
88.9822 -653.733 31.2316 -654.51
87.5925 -651.392 30.2305 -652.072
86.1191 -648.984 29.1686 -649.39
84.5939 -646.531 28.0682 -646.782
83.0219 -643.981 26.8868 -643.914
81.4105 -641.393 25.7498 -641.091
79.768 -638.831 24.5452 -638.542
78.0991 -636.315 23.2399 -635.799
76.4486 -633.852 21.9142 -633.109
74.8084 -631.457 20.7941 -630.737
73.211 -629.107 19.5776 -628.185
71.6371 -626.845 18.3966 -625.72
70.1031 -624.684 17.2858 -623.456
68.6358 -622.661 16.175 -621.256
67.2726 -620.809 15.1417 -619.178
66.0357 -619.142 14.1916 -617.29
64.9448 -617.697 13.3468 -615.718
64.0461 -616.491 12.6523 -614.4
63.3156 -615.514 12.0523 -613.314
62.758 -614.744 11.6367 -612.511
62.3264 -614.153 11.2383 -611.844
61.9449 -613.645 10.9445 -611.266
61.5697 -613.152 10.6787 -610.731
61.1981 -612.671 10.3592 -610.208
60.8418 -612.192 10.0664 -609.683
60.5064 -611.757 9.78052 -609.163
60.2013 -611.344 9.52167 -608.692
59.9238 -610.996 9.28308 -608.283
59.6713 -610.657 9.0744 -607.869
59.3976 -610.33 8.86462 -607.536
59.1547 -610.025 8.66962 -607.184
58.8905 -609.693 8.45471 -606.833
58.5568 -609.267 8.24908 -606.377
58.0636 -608.658 7.8158 -605.63
57.3981 -607.855 7.25696 -604.712
56.5717 -606.886 6.66467 -603.685
55.5711 -605.799 5.86786 -602.494
54.4125 -604.576 4.94885 -601.185
53.0868 -603.281 3.84448 -599.771
51.6348 -601.873 2.68884 -598.211
50.0578 -600.367 1.36438 -596.468
48.3651 -598.757 -0.0679321 -594.708
46.5311 -597.061 -1.61023 -592.807
44.5897 -595.276 -3.23395 -590.738
42.5487 -593.444 -4.97955 -588.552
40.4792 -591.62 -6.70264 -586.441
38.4076 -589.812 -8.52454 -584.324
36.3458 -587.971 -10.2582 -582.274
34.2594 -586.102 -11.9923 -580.103
32.1709 -584.197 -13.7446 -577.916
30.0825 -582.261 -15.4838 -575.699
27.9771 -580.298 -17.2668 -573.423
25.8473 -578.321 -18.9918 -571.202
23.6946 -576.329 -20.812 -568.935
21.5375 -574.36 -22.6605 -566.658
19.3769 -572.414 -24.4933 -564.48
17.229 -570.502 -26.2899 -562.291
15.1027 -568.635 -28.1132 -560.104
12.9811 -566.796 -29.9053 -557.97
10.9119 -564.99 -31.7453 -555.852
8.90922 -563.184 -33.4037 -553.825
6.97382 -561.448 -35.0022 -551.905
5.17445 -559.83 -36.5945 -550.001
3.53741 -558.301 -37.9563 -548.276
2.099 -556.964 -39.2105 -546.732
0.81692 -555.788 -40.2898 -545.351
-0.339994 -554.752 -41.14 -544.301
-1.41705 -553.771 -42.1194 -543.096
-2.41614 -552.854 -42.962 -542.081
-3.34135 -551.981 -43.8078 -541.003
-4.19137 -551.192 -44.5393 -540.074
-4.95398 -550.491 -45.2115 -539.219
-5.63437 -549.848 -45.7027 -538.492
-6.26449 -549.302 -46.2708 -537.848
-6.78974 -548.846 -46.7067 -537.308
-7.22778 -548.467 -47.093 -536.875
-7.59253 -548.16 -47.3935 -536.495
-7.89946 -547.909 -47.6448 -536.21
-8.14921 -547.708 -47.8553 -535.972
-8.35571 -547.535 -48.042 -535.79
-8.51978 -547.392 -48.1843 -535.624
-8.65092 -547.276 -48.2966 -535.469
-8.75997 -547.185 -48.3959 -535.379
-8.84031 -547.12 -48.4554 -535.289
-8.8925 -547.084 -48.518 -535.219
-8.92501 -547.063 -48.5392 -535.187
-8.96222 -547.025 -48.5513 -535.154
-9.02531 -546.952 -48.5823 -535.125
-9.10493 -546.881 -48.6919 -535.001
-9.21574 -546.792 -48.7761 -534.898
-9.35943 -546.674 -48.9118 -534.761
-9.53299 -546.526 -49.028 -534.617
-9.73853 -546.35 -49.2127 -534.406
-9.97697 -546.157 -49.4131 -534.14
-10.2276 -545.939 -49.6356 -533.922
-10.4825 -545.706 -49.8539 -533.6
-10.7245 -545.507 -50.0875 -533.364
-10.9335 -545.334 -50.2729 -533.159
