0 0.021832363319 0.892786981641 100 12.1951219512
0 0.011542833999 0.923423035559 200 15.3846153846
0 0.00800725250765 0.911490508734 300 17.5438596491
0 0.00624544510084 0.893758331515 400 19.1387559809
0 0.00510691508565 0.866839728766 500 20.325203252
0 0.00421025493445 0.851003770279 600 21.1267605634
0 0.00360055847387 0.837934349456 700 21.8068535826
0 0.00313966962942 0.831363441134 800 22.2841225627
10 0.0193337346808 0.859625173972 100 12.987012987
10 0.0102145657058 0.917683069854 200 16.1290322581
10 0.00708638093012 0.939508132149 300 18.1818181818
10 0.00553376510342 0.95483198217 400 19.7044334975
10 0.00450254759801 0.95635632635 500 20.8333333333
10 0.00371766077012 0.960663343539 600 21.5827338129
10 0.00317747066124 0.960351871269 700 22.2222222222
10 0.00277348560038 0.963381679232 800 22.6628895184
20 0.0173403779082 0.482821540655 100 13.8888888889
20 0.00906885964238 0.644339568767 200 16.9491525424
20 0.00626062384743 0.724053354866 300 18.8679245283
20 0.00488482954947 0.783737004099 400 20.3045685279
20 0.00394321045002 0.821158482747 500 21.3675213675
20 0.00326710958442 0.843952707111 600 22.1402214022
20 0.00279354839285 0.863675505585 700 22.6537216828
20 0.00243943332928 0.877837024954 800 23.0547550432
30 0.0162181257785 0.237095801892 100 14.9253731343
30 0.00834203638619 0.38181783524 200 17.8571428571
30 0.00571182093514 0.471799316969 300 19.6078431373
30 0.00442371974592 0.54154842686 400 21.0526315789
30 0.00355911161321 0.595531443989 500 22.0264317181
30 0.00295277614117 0.631709491537 600 22.641509434
30 0.00252599654014 0.65696405124 700 23.102310231
30 0.00220621847926 0.672215093312 800 23.5294117647
40 0.0158210900715 0.066054914282 100 16.1290322581
40 0.00802891847085 0.161534183164 200 18.8679245283
40 0.00545630455198 0.253428257989 300 20.4081632653
40 0.00419320013097 0.330360832569 400 21.7391304348
40 0.00335699717757 0.389906636306 500 22.6244343891
40 0.00279137283806 0.428175782817 600 23.166023166
40 0.00238835604912 0.452538779835 700 23.6486486486
40 0.00208589068579 0.471611885054 800 23.9520958084
50 0.0157492767045 0.110612737733 100 17.2413793103
50 0.00795382975891 0.055001795219 200 19.801980198
50 0.00538945870207 0.152542459117 300 21.2765957447
50 0.004125038787 0.235452937077 400 22.4719101124
50 0.00329125710597 0.299608267794 500 23.1481481481
50 0.00274074600936 0.33563898 600 23.7154150198
50 0.00234489544735 0.362630246702 700 24.0549828179
50 0.00204804113371 0.381607128957 800 24.3161094225
60 0.0157546576077 0.0403915738017 100 18.5185185185
60 0.00795607318375 0.0958169363813 200 20.618556701
60 0.00539493199356 0.183275458985 300 21.897810219
60 0.00411966222711 0.258898124306 400 22.9885057471
60 0.00327876136479 0.311383367156 500 23.6966824645
60 0.00273203177783 0.344894700573 600 24.0963855422
60 0.0023369869931 0.365938973696 700 24.4755244755
60 0.00204063928689 0.382157751175 800 24.6913580247
70 0.0157877378038 0.079002999885 100 19.2307692308
70 0.00798583641597 0.164074618871 200 21.2765957447
70 0.005420309044 0.239725059192 300 22.5563909774
70 0.00413313760969 0.307683737254 400 23.5294117647
70 0.00328385279244 0.351107556334 500 24.154589372
70 0.00273567191848 0.379595935994 600 24.4897959184
70 0.0023394513568 0.396692795892 700 24.8226950355
70 0.00204236665938 0.409991769944 800 25.0
80 0.0158072641344 0.106883133049 100 20.4081632653
80 0.0080044596101 0.190201227737 200 21.978021978
80 0.00543613581134 0.262915712883 300 23.2558139535
80 0.0041313663739 0.327821378008 400 24.0963855422
80 0.00328307070462 0.368297331052 500 24.5098039216
80 0.00273260805317 0.391202765868 600 24.8962655602
80 0.00233755379501 0.407963952302 700 25.0896057348
80 0.00204124356571 0.419348631775 800 25.2365930599
90 0.0158046027011 0.111006623943 100 21.2765957447
90 0.00799712379147 0.191506085451 200 22.4719101124
90 0.00542944902016 0.260719237059 300 23.8095238095
90 0.00409655102177 0.321316889458 400 24.5398773006
90 0.0032658079631 0.356115114994 500 24.8756218905
90 0.00271793552245 0.376021361508 600 25.2100840336
90 0.00232710060015 0.390540439878 700 25.3623188406
90 0.00202966685594 0.400089634953 800 25.4777070064
100 0.0157787862819 0.0957113973672 100 21.7391304348
100 0.00797056181328 0.165900023631 200 23.2558139535
100 0.00540464527029 0.236110094917 300 24.3902439024
100 0.00405744996085 0.294506713176 400 24.8447204969
100 0.00324073295053 0.321726966979 500 25.2525252525
100 0.00269725303292 0.340928351694 600 25.4237288136
100 0.00230877426465 0.353115489769 700 25.5474452555
100 0.00201336573732 0.359161043763 800 25.7234726688
110 0.0157682940296 0.0883050796798 100 22.2222222222
110 0.00796793951841 0.156253071682 200 23.8095238095
110 0.0053913460922 0.226079758637 300 24.7933884298
110 0.00402977832982 0.27655457219 400 25.1572327044
110 0.00322330359552 0.299483541837 500 25.5102040816
110 0.00268194319415 0.31548730849 600 25.641025641
110 0.00229530633018 0.325434522662 700 25.7352941176
110 0.0020039989956 0.329532314751 800 25.8899676375
120 0.0157652642563 0.0794374820295 100 22.7272727273
120 0.00796569379714 0.151327534855 200 24.0963855422
120 0.00537194073042 0.21543015815 300 25.2100840336
120 0.00400959830069 0.257150510269 400 25.4777070064
120 0.00320709037399 0.278416745309 500 25.641025641
120 0.00266825025841 0.289458677863 600 25.8620689655
120 0.00228341135813 0.29723297326 700 25.9259259259
120 0.00199533813754 0.300834669569 800 25.974025974
130 0.0157636676536 0.077183375871 100 23.2558139535
130 0.00796287805711 0.148515645377 200 24.6913580247
130 0.00534904883146 0.21261172741 300 25.4237288136
130 0.00399538668333 0.244478087329 400 25.641025641
130 0.0031935825316 0.259839424002 500 25.9067357513
130 0.00265842011003 0.269635742187 600 25.974025974
130 0.0022752817561 0.275205507329 700 26.0223048327
130 0.00198723012045 0.27606083709 800 26.1437908497
140 0.0157561540036 0.0745721481363 100 23.8095238095
140 0.00795750168828 0.14814177551 200 25.0
140 0.00531726536524 0.204206598211 300 25.641025641
140 0.00398092828741 0.226072776549 400 25.974025974
140 0.00318256759434 0.239493830258 500 26.0416666667
140 0.00265022109374 0.246612420369 600 26.0869565217
140 0.00226674446561 0.248894748368 700 26.2172284644
140 0.00198112229177 0.24910155477 800 26.2295081967
150 0.0157665262631 0.0813158687771 100 23.8095238095
150 0.00795647274653 0.148845377075 200 25.641025641
150 0.0052969696801 0.198100459317 300 25.8620689655
150 0.00397145837599 0.213813653632 400 26.1437908497
150 0.00317422523144 0.223535652237 500 26.1780104712
150 0.00264278712408 0.22824395537 600 26.2008733624
150 0.00226127633725 0.228297579926 700 26.3157894737
150 0.00197672839906 0.227099695663 800 26.3157894737
160 0.0157642857505 0.0734619555457 100 25.0
160 0.00794093000894 0.142764776405 200 25.974025974
160 0.00527851609503 0.178649615292 300 26.0869565217
160 0.00395905236037 0.18971320397 400 26.3157894737
160 0.00316400161881 0.195846125465 500 26.3157894737
160 0.00263415052732 0.19819980842 600 26.3157894737
160 0.00225596039159 0.197245442228 700 26.3157894737
160 0.00197097197948 0.193789760064 800 26.402640264
170 0.0157622032266 0.0715261381786 100 25.641025641
170 0.00792205383538 0.136381555622 200 26.3157894737
170 0.00526667215784 0.159016782281 300 26.3157894737
170 0.00394838216795 0.167336399701 400 26.3157894737
170 0.00315650406404 0.169181456874 500 26.455026455
170 0.0026285030013 0.169542267968 600 26.4317180617
170 0.00225081321719 0.167062617319 700 26.4150943396
170 0.00196741745367 0.162444889368 800 26.402640264
180 0.0157643270823 0.0807206583592 100 25.641025641
180 0.00789389174045 0.133096137614 200 26.3157894737
180 0.00525742161371 0.142723095847 300 26.5486725664
180 0.00394182252822 0.147000214266 400 26.4900662252
180 0.00315222453406 0.147395100259 500 26.455026455
180 0.00262403088918 0.145028260403 600 26.5486725664
180 0.0022479956086 0.141018464514 700 26.5151515152
180 0.00196543866979 0.134939300531 800 26.4900662252
190 0.015756336929 0.0739659937387 100 26.3157894737
190 0.0078732184824 0.111743687877 200 26.3157894737
190 0.00524832254826 0.113708731777 300 26.5486725664
190 0.00393472187418 0.114165025269 400 26.4900662252
190 0.003146629173 0.112353973855 500 26.455026455
190 0.00262036896936 0.10788231348 600 26.5486725664
190 0.00224554383845 0.102678129224 700 26.5151515152
190 0.00196424101364 0.095181651657 800 26.4900662252
200 0.0157394418178 0.0647597704437 100 26.3157894737
200 0.00786072511363 0.0803695592069 200 26.3157894737
200 0.00524069671947 0.0779366029185 300 26.5486725664
200 0.00392932868098 0.0749786904859 400 26.4900662252
200 0.00314266090797 0.0711593295667 500 26.455026455
200 0.00261840669077 0.0655741390467 600 26.4317180617
200 0.00224430140086 0.0588885683186 700 26.5151515152
200 0.00196435572986 0.0499852629474 800 26.402640264
210 0.0157209872161 0.0567838842871 100 25.641025641
210 0.00785578613677 0.0511940131561 200 26.3157894737
210 0.00523697869937 0.0460513941711 300 26.3157894737
210 0.00392742444962 0.0405269854838 400 26.4900662252
210 0.00314178651584 0.03540731762 500 26.455026455
210 0.00261829008181 0.0288771193276 600 26.4317180617
210 0.00224521674725 0.0208590663302 700 26.4150943396
210 0.00196548683909 0.0113615484713 800 26.402640264
220 0.0157087716808 0.0382422949555 100 25.641025641
220 0.00785409597658 0.0257665280958 200 26.3157894737
220 0.00523613519642 0.0186469482008 300 26.3157894737
220 0.00392726207289 0.0129741139 400 26.3157894737
220 0.00314250689949 0.00934799448814 500 26.455026455
220 0.00261936572643 0.0105549544158 600 26.4317180617
220 0.00224684840006 0.0161014026812 700 26.4150943396
220 0.00196743928195 0.0246451356004 800 26.3157894737
230 0.0157099430596 0.0125377283451 100 25.641025641
230 0.00785521651213 0.0161866299711 200 26.3157894737
230 0.00523765138163 0.0207032862663 300 26.3157894737
230 0.0039290008005 0.0260520966425 400 26.3157894737
230 0.00314428610007 0.0331100505172 500 26.3157894737
230 0.00262187755526 0.0401425510987 600 26.4317180617
230 0.00225020863254 0.0499375115583 700 26.3157894737
230 0.00197043120418 0.0595786665883 800 26.3157894737
240 0.0157129305016 0.0261823635699 100 25.641025641
240 0.00785725179534 0.0337417839888 200 25.974025974
240 0.00523954746491 0.0390824528645 300 26.3157894737
240 0.00393083583222 0.0446876468591 400 26.3157894737
240 0.00314578511731 0.0517372679084 500 26.3157894737
240 0.00262475792199 0.0598161857522 600 26.3157894737
240 0.00225221625466 0.0696656607333 700 26.3157894737
240 0.00197320020371 0.0797719152585 800 26.2295081967
250 0.0157102780721 0.0265060281311 100 25.641025641
250 0.00785610847134 0.0281052608999 200 25.974025974
250 0.00523801176703 0.0316670600188 300 26.3157894737
250 0.00392982670836 0.0364551934263 400 26.3157894737
250 0.00314555384486 0.0435159355006 500 26.3157894737
250 0.00262391361323 0.0517947457199 600 26.3157894737
250 0.00225092962107 0.061298296653 700 26.3157894737
250 0.00197185425984 0.0712615893141 800 26.2295081967
260 0.0157084426787 0.0173648607564 100 25.641025641
260 0.00785476258597 0.015918955237 200 25.974025974
260 0.00523693028751 0.0182019093066 300 26.3157894737
260 0.00392920278314 0.0234833533884 400 26.3157894737
260 0.0031442555427 0.0304143891508 500 26.3157894737
260 0.00262265754188 0.0389607239103 600 26.3157894737
260 0.00224978795348 0.048789592102 700 26.2172284644
260 0.00197131355522 0.0590184121637 800 26.1437908497
270 0.0157082662458 0.0122464850892 100 25.641025641
270 0.00785448494717 0.00878589038626 200 25.974025974
270 0.00523671810123 0.00971378466967 300 26.3157894737
270 0.0039281930162 0.0155056441867 400 26.3157894737
270 0.00314427195627 0.0223652353821 500 26.3157894737
270 0.00262263555071 0.031560144694 600 26.3157894737
270 0.00224956256304 0.0414822990794 700 26.2172284644
270 0.00197119730257 0.0523061866904 800 26.1437908497
280 0.015708289772 0.0143761412746 100 25.641025641
280 0.00785460517739 0.0129385268683 200 25.974025974
280 0.00523698743163 0.0147384857768 300 26.3157894737
280 0.00392864567688 0.020955808048 400 26.3157894737
280 0.00314526358848 0.0281227482029 500 26.3157894737
280 0.00262281898702 0.0376204913621 600 26.2008733624
280 0.00225026148608 0.0469918907702 700 26.2172284644
280 0.00197169870759 0.058616281242 800 26.0586319218
290 0.0157083351296 0.0134413068518 100 25.641025641
290 0.00785439140164 0.0132724474024 200 25.974025974
290 0.00523727907344 0.0161136382069 300 26.3157894737
290 0.00392910596746 0.0228664251349 400 26.3157894737
290 0.00314545271367 0.0305810306904 500 26.3157894737
290 0.00262315354911 0.0401777550079 600 26.2008733624
290 0.00225068076404 0.0502445993143 700 26.1194029851
290 0.00197153432908 0.0618976508427 800 26.0586319218
300 0.0157083850431 0.0114856099747 100 25.641025641
300 0.00785462917189 0.0135499570356 200 25.974025974
300 0.00523783789659 0.0194380374859 300 26.0869565217
300 0.00392938170773 0.0263179262123 400 26.3157894737
300 0.00314622752757 0.0356308354998 500 26.1780104712
300 0.00262364958831 0.0453179142251 600 26.2008733624
300 0.00225186342043 0.0560312131043 700 26.1194029851
300 0.00197221841389 0.0680266328778 800 26.0586319218
310 0.0157084858664 0.0171063255847 100 25.641025641
310 0.00785506295963 0.0191963044271 200 25.974025974
310 0.0052375910273 0.0256702136497 300 26.0869565217
310 0.00393034354582 0.0320050261684 400 26.3157894737
310 0.00314711193033 0.0411891401023 500 26.1780104712
310 0.00262438931175 0.0502470961199 600 26.2008733624
310 0.00225281683697 0.0616512342547 700 26.0223048327
310 0.00197321938692 0.0730369415684 800 26.0586319218
320 0.0157083907308 0.017653088545 100 25.641025641
320 0.00785488320586 0.0191286916727 200 25.974025974
320 0.00523787973503 0.0252657778093 300 26.0869565217
320 0.00393085111229 0.0316614467386 400 26.1437908497
320 0.00314644321134 0.0400007926163 500 26.1780104712
320 0.00262435987405 0.0495532756031 600 26.0869565217
320 0.0022523108407 0.0608907479238 700 26.0223048327
320 0.00197354961356 0.0724965317914 800 26.0586319218
330 0.015708133659 0.0190348837764 100 25.641025641
330 0.00785548547834 0.0216409418487 200 25.974025974
330 0.00523802079776 0.0278142030453 300 26.0869565217
330 0.00393094204749 0.0346236245327 400 26.1437908497
330 0.00314677098456 0.0429058686691 500 26.1780104712
330 0.00262499017875 0.0527548989214 600 26.0869565217
330 0.00225232604456 0.065035491137 700 25.9259259259
330 0.00197424142805 0.0766770349569 800 26.0586319218
340 0.0157083128084 0.0180471211274 100 25.641025641
340 0.00785555750016 0.0225032366577 200 25.974025974
340 0.00523821199953 0.0284537140577 300 26.0869565217
340 0.0039316385306 0.0361167117443 400 26.1437908497
340 0.00314715931141 0.0454312243808 500 26.0416666667
340 0.00262600060775 0.0561113569995 600 25.974025974
340 0.00225284030493 0.0682478623295 700 25.9259259259
340 0.00197466342714 0.0807114080877 800 26.0586319218
350 0.0157085401232 0.0176802909054 100 25.641025641
350 0.00785509006576 0.0231043764294 200 25.974025974
350 0.00523910050636 0.0282009567387 300 26.0869565217
350 0.00393193012358 0.0359348830771 400 26.1437908497
350 0.00314772790163 0.0452241778966 500 26.0416666667
350 0.00262651095239 0.0564658918862 600 25.974025974
350 0.00225373893692 0.0687397081895 700 25.9259259259
350 0.00197473497373 0.0817556137062 800 26.0586319218
360 0.015708578572 0.0172555237249 100 25.641025641
360 0.00785574724154 0.02322884843 200 25.974025974
360 0.00523975661289 0.0286377852569 300 26.0869565217
360 0.00393174176663 0.0369048714134 400 26.1437908497
360 0.00314785838894 0.0468562752567 500 26.0416666667
360 0.00262611692662 0.0594450842279 600 25.8620689655
360 0.00225420581278 0.0716093838155 700 25.9259259259
360 0.00197502604968 0.0842956176237 800 26.1437908497
370 0.0157098677976 0.020053069534 100 25.641025641
370 0.0078560943314 0.0267708996818 200 25.974025974
370 0.00524029562255 0.03401486034 300 26.0869565217
370 0.00393259027619 0.0436233999247 400 25.974025974
370 0.00314927428543 0.054263601889 500 25.9067357513
370 0.0026266942422 0.0668274700892 600 25.8620689655
370 0.00225528825864 0.0790655088764 700 26.0223048327
370 0.0019758834749 0.0924627778492 800 26.1437908497
380 0.015709111301 0.0228625067839 100 25.641025641
380 0.00785615754531 0.0270569540184 200 25.974025974
380 0.00524070564991 0.0339609581536 300 26.0869565217
380 0.00393246104617 0.0432181215393 400 25.974025974
380 0.00314973681863 0.0543246327268 500 25.9067357513
380 0.00262685171819 0.0668845129203 600 25.8620689655
380 0.00225519865055 0.079824165186 700 26.0223048327
380 0.00197610990588 0.0931075389456 800 26.1437908497
390 0.0157084244557 0.0193526824231 100 25.641025641
390 0.00785688359927 0.0210376030139 200 25.974025974
390 0.00524057329967 0.0292053695544 300 25.8620689655
390 0.00393300171552 0.0387510835292 400 25.974025974
390 0.00314986595023 0.0516245408611 500 25.7731958763
390 0.00262746872365 0.0639276491415 600 25.8620689655
390 0.00225489147676 0.0774340386003 700 26.0223048327
390 0.00197606299346 0.090640137702 800 26.1437908497
400 0.0157091690694 0.0196619996025 100 25.641025641
400 0.00785735591016 0.0215321821725 200 25.974025974
400 0.00524047299767 0.0305314446592 300 25.8620689655
400 0.00393290037378 0.0412994233194 400 25.8064516129
400 0.00314918776305 0.0542769866956 500 25.7731958763
400 0.00262791666028 0.066984154876 600 25.8620689655
400 0.00225512539194 0.0806497561777 700 26.0223048327
400 0.00197660751754 0.0937303101458 800 26.1437908497
410 0.015708424604 0.0165440434715 100 25.641025641
410 0.00785679106006 0.0164370016051 200 25.974025974
410 0.00523996764897 0.0254640845026 300 25.8620689655
410 0.00393308656809 0.0369830957833 400 25.8064516129
410 0.00314858156687 0.0503412361441 500 25.7731958763
410 0.00262748677407 0.0638327862909 600 25.8620689655
410 0.00225451399349 0.0767517601062 700 26.1194029851
410 0.00197606383466 0.0904483552665 800 26.1437908497
420 0.0157098706304 0.0175415386709 100 25.641025641
420 0.00785873870206 0.0247819908607 200 25.641025641
420 0.00524120489255 0.0346773045089 300 25.8620689655
420 0.00393494776486 0.0476865839354 400 25.641025641
420 0.0031500402888 0.0603589242528 500 25.7731958763
420 0.00262860615178 0.0738448839032 600 25.974025974
420 0.00225601072241 0.0872840104265 700 26.1194029851
420 0.00197724235019 0.100930716442 800 26.1437908497
430 0.015711359886 0.0135658201047 100 25.641025641
430 0.00785841528223 0.0245359236126 200 25.641025641
430 0.00524189674674 0.0358254024491 300 25.641025641
430 0.00393501297251 0.0490260607885 400 25.641025641
430 0.00315092093275 0.0616702148959 500 25.7731958763
430 0.00262868342493 0.0754306521494 600 25.974025974
430 0.00225643412529 0.088605057776 700 26.1194029851
430 0.00197667108301 0.101761205003 800 26.1437908497
440 0.0157105676398 0.0127330690336 100 25.641025641
440 0.00785766671681 0.02099935455 200 25.641025641
440 0.00524102051649 0.032058921958 300 25.641025641
440 0.00393344078764 0.0456651079851 400 25.641025641
440 0.00315047800211 0.058639822752 500 25.7731958763
440 0.00262804109782 0.0724842532259 600 25.974025974
440 0.00225605341909 0.0856546088648 700 26.1194029851
440 0.0019761513055 0.0983792826747 800 26.1437908497
450 0.0157109480968 0.0174329811066 100 25.0
450 0.00785777004498 0.0257552852987 200 25.641025641
450 0.00524234856185 0.0379036899369 300 25.4237288136
450 0.00393389359498 0.0507133778849 400 25.641025641
450 0.00315107649778 0.0644480326926 500 25.7731958763
450 0.00262850631046 0.0774273466592 600 26.0869565217
450 0.00225665004507 0.0913198292729 700 26.1194029851
450 0.00197690284405 0.104092567793 800 26.0586319218
460 0.0157109668782 0.0185549491408 100 25.0
460 0.00785738713086 0.0237696707796 200 25.3164556962
460 0.00524192391897 0.0350461496035 300 25.4237288136
460 0.00393383432541 0.0477147686391 400 25.4777070064
460 0.00315038952689 0.0613936742145 500 25.7731958763
460 0.00262827700728 0.0743461027339 600 26.0869565217
460 0.00225573149487 0.0882888941407 700 26.1194029851
460 0.00197462288663 0.100851735374 800 25.974025974
470 0.0157091658246 0.0157374298342 100 25.0
470 0.00785665485057 0.0199841487671 200 25.3164556962
470 0.0052407342848 0.0311842042548 300 25.4237288136
470 0.00393348850605 0.0429020040368 400 25.641025641
470 0.00314965423047 0.0568211746976 500 25.9067357513
470 0.00262809079527 0.0704920339181 600 26.0869565217
470 0.00225466067624 0.0840785416398 700 26.1194029851
470 0.00197082768269 0.09593498849 800 25.8899676375
480 0.0157104009223 0.00569528252078 100 25.0
480 0.00785721096141 0.0165055943364 200 25.3164556962
480 0.00524058918972 0.0306805119488 300 25.4237288136
480 0.00393390862547 0.0437790731355 400 25.641025641
480 0.00314968881927 0.0577853958811 500 25.9067357513
480 0.00262816051758 0.0711239330795 600 26.0869565217
480 0.00225491558508 0.0845243274305 700 26.0223048327
480 0.0019684258673 0.0940116927004 800 25.8064516129
490 0.0157091140437 0.0141218758978 100 25.0
490 0.00785754400374 0.0215611530394 200 25.3164556962
490 0.0052403427633 0.0336850225523 300 25.4237288136
490 0.00393388723576 0.0466948453005 400 25.8064516129
490 0.00314985722489 0.060766681295 500 26.0416666667
490 0.00262843351995 0.0752626778774 600 26.0869565217
490 0.00225482953119 0.0881034292511 700 26.0223048327
490 0.00196803772184 0.095268860855 800 25.7234726688
500 0.0157093254483 0.0249432182995 100 25.0
500 0.00785785382575 0.0293599694609 200 25.0
500 0.00524081474568 0.0376653041842 300 25.4237288136
500 0.00393386645075 0.0503610137653 400 25.8064516129
500 0.00315028242362 0.0641095931572 500 26.0416666667
500 0.00262787709754 0.0783435567894 600 26.0869565217
500 0.00225305633718 0.0904084032723 700 25.9259259259
500 0.00196973390239 0.0955201802364 800 25.5591054313
510 0.0157096078184 0.0197500801879 100 25.0
510 0.00785770165084 0.0287660633302 200 25.0
510 0.00524174898201 0.0393319051275 300 25.4237288136
510 0.00393445478177 0.0534329865966 400 25.8064516129
510 0.00315120338273 0.0674543509127 500 26.0416666667
510 0.00262811745054 0.0811619539304 600 26.0869565217
510 0.00224982686416 0.0923848285538 700 25.8302583026
510 0.001969966546 0.0967303418152 800 25.3968253968
520 0.0157100387697 0.0228351264661 100 24.3902439024
520 0.00785727439441 0.0312503394417 200 25.0
520 0.00524238905132 0.0418636677953 300 25.641025641
520 0.00393447414598 0.0561469627862 400 25.974025974
520 0.00315146958039 0.0701141455805 500 26.1780104712
520 0.002628291987 0.0836822559975 600 26.0869565217
520 0.00224808027792 0.0926385800449 700 25.7352941176
520 0.00197072156278 0.0972912397224 800 25.2365930599
530 0.015710829572 0.0228403069955 100 24.3902439024
530 0.00785750528013 0.0319552530107 200 25.0
530 0.00524229235947 0.0443826692971 300 25.641025641
530 0.00393488294777 0.0585179712878 400 25.974025974
530 0.00315151159088 0.0725499379507 500 26.1780104712
530 0.00262771309351 0.0857355103249 600 25.974025974
530 0.00224785768694 0.0914116745461 700 25.641025641
530 0.00197109564645 0.0973937003552 800 25.0
540 0.0157108072688 0.0169026689308 100 24.3902439024
540 0.00785773333709 0.025268012244 200 25.3164556962
540 0.00524152885496 0.0391990109694 300 25.8620689655
540 0.0039343718713 0.0534144375157 400 26.1437908497
540 0.00315008931754 0.0679193886522 500 26.1780104712
540 0.00262550967748 0.0798114883806 600 25.974025974
540 0.00224918998954 0.0840344623412 700 25.4545454545
540 0.00196893447997 0.0903318055012 800 24.7678018576
550 0.0157100198314 0.0211378002701 100 24.3902439024
550 0.00785816638522 0.0293821469391 200 25.3164556962
550 0.00524185062672 0.043525072934 300 25.8620689655
550 0.00393513372183 0.0576721385921 400 26.1437908497
550 0.0031502242169 0.0713323104188 500 26.1780104712
550 0.00262212594403 0.0817624800856 600 25.8620689655
550 0.0022490083348 0.0847860735664 700 25.3623188406
550 0.00196585250748 0.090300497153 800 24.4648318043
560 0.0157092691909 0.0250938336498 100 24.3902439024
560 0.00785857128328 0.0327651525887 200 25.641025641
560 0.00524173334525 0.0465517771099 300 26.0869565217
560 0.00393523271697 0.0604492361869 400 26.3157894737
560 0.00314997247181 0.073565324993 500 26.1780104712
560 0.00262066217063 0.0811265186193 600 25.7510729614
560 0.00224958413098 0.0845193508321 700 25.1798561151
560 0.00197503499712 0.0846506548795 800 24.024024024
570 0.0157089038654 0.0208360726525 100 25.0
570 0.00785766719128 0.0298278600388 200 25.974025974
570 0.00524139150532 0.0433399280718 300 26.3157894737
570 0.0039344946208 0.0580716713986 400 26.3157894737
570 0.00314876963015 0.0698078949519 500 26.1780104712
570 0.00262019292095 0.074406220747 600 25.641025641
570 0.00224933467406 0.0787288744256 700 25.0
570 0.00209506125355 0.0639201682851 800 23.5294117647
580 0.0157092417548 0.0165821850847 100 25.0
580 0.00785701126443 0.0262235890531 200 25.974025974
580 0.00524106428055 0.0398829788308 300 26.3157894737
580 0.00393307271158 0.0534850263417 400 26.4900662252
580 0.00314658004158 0.0648527395985 500 26.0416666667
580 0.00262119798337 0.0669657702487 600 25.5319148936
580 0.00224744397763 0.0717984386698 700 24.7349823322
580 0.00232566835189 0.0377500417335 800 23.0547550432
590 0.015710095294 0.0174411501516 100 25.641025641
590 0.00785787995259 0.0310697404755 200 26.3157894737
590 0.00524224208261 0.0454717443757 300 26.5486725664
590 0.00393371132764 0.0597202915363 400 26.3157894737
590 0.00314396234515 0.0688573806835 500 25.9067357513
590 0.00262139431843 0.0702377690971 600 25.3164556962
590 0.00224490451067 0.0742490327359 700 24.3055555556
590 0.00264798364287 0.0354035444459 800 22.5988700565
600 0.0157118795255 0.0281150048889 100 25.641025641
600 0.00785878298293 0.0420022214157 200 26.3157894737
600 0.00524340646626 0.0558938487568 300 26.5486725664
600 0.00393424374681 0.0683066140706 400 26.3157894737
600 0.00314333508502 0.0740640495106 500 25.7731958763
600 0.00262246857473 0.0759048516611 600 25.1046025105
600 0.00226431835473 0.0736258164024 700 23.8095238095
600 0.00303743944761 0.0602384992644 800 22.1606648199
610 0.0157111136744 0.029031506304 100 25.641025641
610 0.00785890382814 0.041380524292 200 26.6666666667
610 0.00524288747358 0.0560992012189 300 26.5486725664
610 0.00393313964855 0.067290862712 400 26.1437908497
610 0.00314317602184 0.069027985914 500 25.641025641
610 0.0026222509391 0.0722296024514 600 24.7933884298
610 0.00243016379555 0.0524828344618 700 23.178807947
610 0.00331035859784 0.0839476174619 800 21.7983651226
620 0.0157098259691 0.0258461587953 100 26.3157894737
620 0.00785800481261 0.0378841704101 200 26.6666666667
620 0.00524078506839 0.0509520902172 300 26.5486725664
620 0.00393016438436 0.0600831629032 400 25.974025974
620 0.00314373477331 0.0595916988709 500 25.3807106599
620 0.00262011307157 0.0626600086807 600 24.3902439024
620 0.00273044251981 0.036498937493 700 22.5806451613
620 0.00339741146698 0.112247175302 800 21.4477211796
630 0.015710046153 0.0287352803649 100 26.3157894737
630 0.00785876377837 0.0404208464091 200 26.6666666667
630 0.00524063073817 0.0522432652371 300 26.3157894737
630 0.00392782530092 0.0580904781104 400 25.8064516129
630 0.00314352862782 0.0573237664469 500 25.0
630 0.00261808504882 0.0583945828158 600 23.9043824701
630 0.00312811665533 0.0625593523287 700 22.0820189274
630 0.00342261822861 0.134784325091 800 21.1081794195
640 0.0157095863226 0.0267322495207 100 26.3157894737
640 0.00785801166749 0.0382927890177 200 26.6666666667
640 0.00524045179287 0.0487560909029 300 26.0869565217
640 0.00392727653251 0.0507644701936 400 25.4777070064
640 0.00314416239443 0.0505820054928 500 24.7524752475
640 0.00268500545363 0.0425350141994 600 23.166023166
640 0.00360073468756 0.0986860614539 700 21.5384615385
640 0.00364975482814 0.153735565047 800 20.725388601
650 0.0157101761652 0.0279746412299 100 26.3157894737
650 0.00785778104778 0.0403256992057 200 26.3157894737
650 0.00523904328049 0.0480149576325 300 25.8620689655
650 0.00392765812993 0.0462911174588 400 25.1572327044
650 0.00314363234109 0.0474797390468 500 24.2718446602
650 0.00294156995104 0.0283781072118 600 22.4719101124
650 0.00386440217161 0.128090865745 700 21.0843373494
650 0.00362629409644 0.156815202129 800 20.253164557
660 0.0157104151751 0.028788470861 100 26.3157894737
660 0.00785693116284 0.0398019847878 200 25.974025974
660 0.00523695010065 0.0449142913591 300 25.641025641
660 0.00392789243202 0.0413022571582 400 24.8447204969
660 0.00314240588039 0.0421676783647 500 23.8095238095
660 0.00333015472284 0.0564062421469 600 21.8181818182
660 0.00391578550636 0.153439875145 700 20.7100591716
660 0.0030859582775 0.139281605873 800 19.801980198
670 0.0157104465569 0.0263378612206 100 25.641025641
670 0.00785680915989 0.0347982040828 200 25.974025974
670 0.00523598934843 0.0371908166747 300 25.2100840336
670 0.00392812866948 0.0337870925816 400 24.3902439024
670 0.00315166660381 0.0316702298307 500 23.0414746544
670 0.00386319245005 0.102430150335 600 21.2014134276
670 0.00397046790749 0.17642120098 700 20.3488372093
670 0.00265430127098 0.11016540332 800 19.4174757282
680 0.0157103875926 0.0300618812968 100 25.641025641
680 0.00785681404329 0.0360625413141 200 25.641025641
680 0.0052360271871 0.0332124439086 300 24.7933884298
680 0.00392878256605 0.031457743263 400 23.9520958084
680 0.00331044062383 0.0179297422349 500 22.2222222222
680 0.00437540040379 0.144589873962 600 20.618556701
680 0.0043685152201 0.192702357603 700 19.8863636364
680 0.00255886491524 0.0784891383943 800 19.0930787589
690 0.0157093187641 0.027167150219 100 25.641025641
690 0.0078551465596 0.0299823229645 200 25.3164556962
690 0.00523619171578 0.0236623744312 300 24.3902439024
690 0.00392808793848 0.0229379246431 400 23.5294117647
690 0.00369128672407 0.0493890449164 500 21.4592274678
690 0.00456986469566 0.177194430718 600 20.202020202
690 0.00391229493433 0.188333086172 700 19.3905817175
700 0.0157088327352 0.0224090688733 100 25.0
700 0.00785417640682 0.0220508886862 200 24.6913580247
700 0.00523625830931 0.015276205056 300 24.0
700 0.00392770624153 0.0131005272429 400 22.8571428571
700 0.00422546774096 0.109216234351 500 20.7468879668
700 0.00461097511791 0.206811316831 600 19.801980198
700 0.00334357394241 0.164310269686 700 18.9701897019
710 0.0157089909659 0.0169848396362 100 25.0
710 0.00785540301247 0.0128783754256 200 24.3902439024
710 0.00523681269322 0.0085411241122 300 23.6220472441
710 0.00397497404066 0.00620569398837 400 21.978021978
710 0.00486337032309 0.163644089139 500 20.1612903226
710 0.00474668812165 0.23110482932 600 19.4174757282
710 0.00294399841837 0.128558206999 700 18.5676392573
720 0.0157088239126 0.0161736197532 100 24.3902439024
720 0.00785574229349 0.0133459023688 200 23.8095238095
720 0.00523711486476 0.00869796733035 300 23.0769230769
720 0.00425022797249 0.0416816982579 400 21.164021164
720 0.00537788330518 0.207378067512 500 19.6078431373
720 0.0051136919431 0.24224105183 600 18.927444795
730 0.0157081045866 0.0171375418094 100 23.8095238095
730 0.00785435908167 0.0163552592336 200 23.5294117647
730 0.00523700117034 0.00920618884248 300 22.5563909774
730 0.0047655214393 0.0989185158605 400 20.3045685279
730 0.00552895435561 0.235950331896 500 19.2307692308
730 0.0043967921212 0.225473086081 600 18.4615384615
740 0.0157105187626 0.0137026897216 100 23.8095238095
740 0.00785452610095 0.0192262436352 200 22.9885057471
740 0.00523890756149 0.0119908413302 300 21.7391304348
740 0.00544404120538 0.167288558958 400 19.6078431373
740 0.00556406338562 0.264490387252 500 18.8679245283
740 0.00377355191797 0.192931856776 600 18.0722891566
750 0.0157147116258 0.0257320110202 100 23.2558139535
750 0.00785441136865 0.0274455777543 200 22.4719101124
750 0.00533297572015 0.0331970617697 300 20.8333333333
750 0.00620293982823 0.228829105182 400 19.0476190476
750 0.00577451107624 0.290556719412 500 18.4501845018
750 0.00339733661729 0.151810437083 600 17.6991150442
760 0.0157135525699 0.0383201343228 100 22.7272727273
760 0.00785445607578 0.0282509182401 200 21.978021978
760 0.00571645151257 0.0760251294236 300 20.0
760 0.00674646921806 0.271304363196 400 18.6046511628
760 0.0061110321467 0.297663208998 500 18.0505415162
770 0.015708599375 0.0359387661701 100 22.2222222222
770 0.00785501475 0.0183293403307 200 21.5053763441
770 0.00631933383376 0.134462700463 300 19.2307692308
770 0.0069193078444 0.29979911909 400 18.1818181818
770 0.00530995176911 0.275410224971 500 17.6056338028
780 0.0157089113992 0.0180841074306 100 21.7391304348
780 0.00785478464283 0.0167179457128 200 20.8333333333
780 0.00708449219441 0.188375173955 300 18.5185185185
780 0.00690291019322 0.314819008204 400 17.8571428571
780 0.00460550160375 0.228000858294 500 17.1821305842
790 0.0157141920713 0.0255972871267 100 21.2765957447
790 0.00791588668923 0.0194565905044 200 19.801980198
790 0.00797507560982 0.247247658083 300 17.9640718563
790 0.00703446215964 0.335541610282 400 17.5438596491
790 0.00417273162675 0.179640107272 500 16.8918918919
800 0.015717043937 0.0362275461915 100 20.8333333333
800 0.00830674848036 0.0282957912082 200 18.8679245283
800 0.00877425106782 0.307956042991 300 17.4418604651
800 0.00768216798565 0.351163686822 400 17.1673819742
800 0.00409944238321 0.133851156071 500 16.6666666667
810 0.0157101035984 0.0239715135355 100 20.4081632653
810 0.009131469404 0.13417806872 200 18.018018018
810 0.00913709507142 0.365007344791 300 17.1428571429
810 0.00694690428927 0.344052268209 400 16.7364016736
820 0.0157086642964 0.0182221198014 100 19.6078431373
820 0.0101710635088 0.249277210059 200 17.2413793103
820 0.00922422697383 0.407196154017 300 16.8539325843
820 0.00610930214127 0.307978325679 400 16.393442623
830 0.0157467702848 0.0145927785491 100 18.5185185185
830 0.0114188877756 0.358248881284 200 16.6666666667
830 0.00929152513465 0.444485959102 300 16.5745856354
830 0.00534999039607 0.255797665377 400 16.0642570281
840 0.0162007748141 0.0781522082853 100 17.2413793103
840 0.0127573942722 0.461139742207 200 16.1290322581
840 0.00983181130487 0.475597252664 300 16.2162162162
840 0.0050714158622 0.204521342958 400 15.873015873
850 0.0172683927555 0.194596596536 100 16.393442623
850 0.0135912212196 0.530166391554 200 15.7480314961
850 0.0100031823293 0.47882997484 300 15.873015873
860 0.0187137106817 0.346984218519 100 15.625
860 0.0138133230543 0.576238699761 200 15.625
860 0.0089802587422 0.45495293083 300 15.625
870 0.020480901035 0.524163355333 100 14.9253731343
870 0.0138226526745 0.621307571153 200 15.503875969
870 0.00807780640239 0.41178958818 300 15.3846153846
880 0.0219884049387 0.645992466879 100 14.7058823529
880 0.0136393118848 0.665815641682 200 15.503875969
880 0.00739269325153 0.376149259913 300 15.2284263959
890 0.0226853899098 0.690599518418 100 14.7058823529
890 0.0132975855835 0.71812641703 200 15.625
890 0.00736421888648 0.378605350521 300 15.2284263959
900 0.0226958937671 0.708488738206 100 14.7058823529
900 0.0133193791143 0.777429070975 200 15.503875969
900 0.00779981785155 0.399289276181 300 15.306122449
910 0.0218819488548 0.704918524062 100 14.9253731343
910 0.013502999997 0.809257115519 200 15.503875969
920 0.0206766563327 0.706551809857 100 15.1515151515
920 0.0137934857568 0.811086123076 200 15.503875969
930 0.0193660862583 0.686609014513 100 15.625
930 0.0140975533116 0.792095159444 200 15.3846153846
940 0.0180568178751 0.637029505113 100 15.873015873
940 0.0142854756944 0.740971099565 200 15.3846153846
950 0.0169961517176 0.518171546496 100 16.1290322581
950 0.0142897563419 0.662525367535 200 15.3846153846
960 0.0165487429717 0.355612968623 100 16.1290322581
960 0.0137958342613 0.579653052102 200 15.3846153846
970 0.0167667810405 0.228444028976 100 15.873015873
970 0.0130846783787 0.533952817443 200 15.3846153846
980 0.0177105502499 0.215897137958 100 15.625
990 0.0193613635568 0.329061598421 100 15.1515151515
1000 0.0215093015427 0.489741125165 100 14.7058823529
1010 0.0235135391843 0.632804023096 100 14.4927536232
1020 0.0237761515592 0.731470152463 100 14.2857142857
1030 0.0222580281884 0.777262976066 100 14.4927536232
