0 0.0203756534646 0.148501481153 100 6.2893081761
0 0.00850930780095 0.497245345532 200 6.66666666667
0 0.00655080391534 0.439075625255 300 7.17703349282
0 0.00516653889827 0.569029901813 400 7.29927007299
0 0.00383904198323 0.651456119909 500 7.56429652042
10 0.019953071796 0.366399160801 100 6.21118012422
10 0.00852472082169 0.574369065773 200 6.66666666667
10 0.00659787564299 0.493540220756 300 7.17703349282
10 0.00514025335334 0.618011734527 400 7.28597449909
10 0.00385376365785 0.689607966195 500 7.55287009063
20 0.0198468155722 0.536854706269 100 6.09756097561
20 0.00862462944002 0.65393996832 200 6.66666666667
20 0.00668544958081 0.545508610122 300 7.19424460432
20 0.0051288521856 0.659612681432 400 7.28597449909
20 0.00387166575949 0.722898783155 500 7.53012048193
30 0.0200557382817 0.642571394888 100 5.95238095238
30 0.00876385818243 0.703816608234 200 6.66666666667
30 0.00676948015094 0.590221350864 300 7.19424460432
30 0.00514122487644 0.693370998929 400 7.28597449909
30 0.00386432524275 0.748959737101 500 7.50750750751
40 0.0197351170545 0.731932606771 100 5.84795321637
40 0.00894294625618 0.781106315631 200 6.71140939597
40 0.00687671848683 0.630642246083 300 7.22891566265
40 0.00514856000811 0.724065399261 400 7.3126142596
40 0.00386796836398 0.773814815038 500 7.48502994012
50 0.0191180136562 0.79502783078 100 5.84795321637
50 0.00904490796365 0.79153286167 200 6.77966101695
50 0.00695217926206 0.650449339615 300 7.26392251816
50 0.00509646465128 0.737024098767 400 7.35294117647
50 0.00386106911055 0.783854328211 500 7.4294205052
60 0.0185324753196 0.746904415963 100 5.95238095238
60 0.00896137857436 0.73859331498 200 6.87285223368
60 0.0068820505355 0.63668150945 300 7.35294117647
60 0.00494691843097 0.727945633622 400 7.40740740741
60 0.00377422757244 0.771158805413 500 7.35294117647
70 0.017977824416 0.793060463991 100 6.17283950617
70 0.00876596826326 0.717180122106 200 7.04225352113
70 0.00671251569445 0.597801108263 300 7.46268656716
70 0.00477511564407 0.693065888735 400 7.50469043152
70 0.00354594284051 0.734765641328 500 7.36377025037
80 0.0170696717746 0.687431577983 100 6.45161290323
80 0.00839762358242 0.572996444166 200 7.19424460432
80 0.00633746797812 0.510445373792 300 7.59493670886
80 0.00449047500758 0.608346990573 400 7.60456273764
80 0.0034000759638 0.641743206971 500 7.37463126844
90 0.0159884029691 0.373930445606 100 6.71140939597
90 0.0079489255697 0.234867947155 200 7.38007380074
90 0.00575369857196 0.285443223843 300 7.73195876289
90 0.00412197450346 0.367799224792 400 7.70712909441
90 0.00327187691167 0.385115683524 500 7.36377025037
100 0.0158305514418 0.305778828728 100 6.84931506849
100 0.00792859219158 0.318677936637 200 7.49063670412
100 0.00529001182108 0.308893328282 300 7.8125
100 0.00392853525762 0.202300220446 400 7.78210116732
110 0.0164143548366 0.579906884356 100 6.89655172414
110 0.00813703071439 0.583119953424 200 7.54716981132
110 0.00523811536166 0.540017332541 300 7.87401574803
110 0.00398515322796 0.435639672512 400 7.8431372549
120 0.016715503332 0.594284938605 100 6.84931506849
120 0.00808148886738 0.591716432144 200 7.54716981132
120 0.00524617170006 0.546186250951 300 7.87401574803
120 0.00400344699183 0.450380238052 400 7.87401574803
130 0.0169000030472 0.580135045836 100 6.84931506849
130 0.00799540795595 0.548318617784 200 7.57575757576
130 0.00524572094147 0.52179639815 300 7.77202072539
130 0.00399031721512 0.429598369084 400 7.88954635108
140 0.0169167649413 0.495472092963 100 6.89655172414
140 0.00793901062805 0.607213888404 200 7.60456273764
140 0.00523890815554 0.470259110904 300 7.71208226221
140 0.00397773138081 0.386405169023 400 7.92079207921
150 0.0169596629694 0.428400951142 100 6.99300699301
150 0.00789911776887 0.655844163936 200 7.66283524904
150 0.00523824735555 0.468383094995 300 7.69230769231
150 0.00396856777554 0.382287370046 400 7.93650793651
160 0.0169576948249 0.43061826572 100 7.04225352113
160 0.00787112647299 0.585369788459 200 7.72200772201
160 0.00523979890019 0.393403130311 300 7.69230769231
160 0.00395370551314 0.316563517783 400 7.95228628231
170 0.0167036547706 0.457531655774 100 7.09219858156
170 0.00785508564513 0.541783123309 200 7.7519379845
170 0.00524644746959 0.332948276415 300 7.71208226221
170 0.00393789729658 0.260110175474 400 7.96812749004
180 0.0165149365294 0.406789627181 100 7.19424460432
180 0.00785528846549 0.52157465505 200 7.8125
180 0.00524856919278 0.314144236 300 7.7519379845
180 0.00393292900442 0.243418145662 400 7.96812749004
190 0.0164469431305 0.360983010561 100 7.35294117647
190 0.00785671128671 0.533920560468 200 7.90513833992
190 0.00524604688101 0.322714627529 300 7.8125
190 0.00393530109342 0.254267109394 400 8.0
200 0.0163590876488 0.410209223626 100 7.57575757576
200 0.00785815203484 0.587511848457 200 8.03212851406
200 0.00524372779445 0.357704191835 300 7.87401574803
200 0.0039393791075 0.286921488346 400 8.03212851406
210 0.0160759531939 0.300863347267 100 7.8125
210 0.00788758440071 0.54203405621 200 8.16326530612
210 0.00525724489281 0.303645095881 300 7.9575596817
210 0.00393064282005 0.233471314532 400 8.03212851406
220 0.0158273431951 0.242943800369 100 8.0
220 0.00798311103245 0.444143365014 200 8.2304526749
220 0.00528265395265 0.235115175667 300 8.0
220 0.00392833653136 0.174153254399 400 7.93650793651
230 0.0157408213647 0.209148752166 100 8.06451612903
230 0.00808620804226 0.370059979397 200 8.26446280992
230 0.00528297297659 0.175904310935 300 8.04289544236
230 0.00393012270587 0.126819324862 400 7.70712909441
240 0.0157153382216 0.224543266865 100 8.13008130081
240 0.00812868009976 0.338642741606 200 8.33333333333
240 0.00527796523712 0.158477723831 300 8.08625336927
240 0.00393919152294 0.118157016109 400 7.47663551402
250 0.015709087359 0.195458541848 100 8.19672131148
250 0.00813395884749 0.29843276005 200 8.40336134454
250 0.00527730259848 0.160350264738 300 8.15217391304
260 0.0157607570006 0.0884330163965 100 8.26446280992
260 0.00817714425912 0.234691715227 200 8.47457627119
260 0.00529278504622 0.172748481313 300 8.24175824176
270 0.0159272426508 0.0692953300372 100 8.33333333333
270 0.0082340448845 0.235569268088 200 8.40336134454
270 0.0053304284292 0.233759577284 300 8.28729281768
280 0.0161292902628 0.364356508604 100 8.40336134454
280 0.00834796673494 0.0985416416356 200 8.19672131148
280 0.00537407611303 0.179036932144 300 8.28729281768
290 0.0163522937456 0.39654780328 100 8.40336134454
290 0.00846305405022 0.107605061589 200 8.0971659919
290 0.00540601672678 0.228816499154 300 8.28729281768
300 0.0165893155192 0.326673984888 100 8.40336134454
300 0.00858898299025 0.130141553646 200 8.03212851406
300 0.00545015301105 0.283162281823 300 8.28729281768
310 0.0166275622686 0.475553679299 100 8.40336134454
310 0.00852517512468 0.25566755142 200 8.0
310 0.0054502955845 0.329698077445 300 8.26446280992
320 0.0166109101267 0.459612834968 100 8.40336134454
320 0.0084205401772 0.250892024578 200 8.0
320 0.00541771995002 0.309842837028 300 8.21917808219
330 0.0165154983471 0.494123167984 100 8.47457627119
330 0.00831489582547 0.255838560613 200 8.0
330 0.00535725399516 0.282847877453 300 8.15217391304
340 0.0164313074444 0.491199569041 100 8.40336134454
340 0.00816477906101 0.0769110339121 200 7.96812749004
340 0.00530048885557 0.136683530641 300 8.0
350 0.0164402396434 0.447649089406 100 8.40336134454
350 0.0080308076657 0.128496361078 200 7.96812749004
350 0.00526851639511 0.138100716897 300 7.6726342711
360 0.0163972369888 0.411904216098 100 8.40336134454
360 0.00795610385881 0.0951474395247 200 8.0
360 0.0052844667524 0.104273423583 300 7.33496332518
370 0.0162452556943 0.357508637505 100 8.47457627119
370 0.00791409040403 0.0357972618077 200 8.0971659919
380 0.0160379605254 0.412512397773 100 8.54700854701
380 0.00787071183162 0.112402894753 200 8.16326530612
390 0.0158628803118 0.491509113037 100 8.26446280992
390 0.00785592314632 0.197727620335 200 8.19672131148
400 0.0158311920005 0.130575797602 100 7.87401574803
400 0.00785451800882 0.0627306031915 200 8.19672131148
410 0.0158051579592 0.0220112086143 100 7.69230769231
410 0.00785981754905 0.0238188057305 200 8.19672131148
420 0.0157859080369 0.141460956093 100 7.57575757576
420 0.00786462664457 0.0812813146551 200 8.16326530612
430 0.015743216497 0.126019291157 100 7.51879699248
430 0.00786872822861 0.0471412270479 200 8.0971659919
440 0.0157196585339 0.0968481588877 100 7.51879699248
440 0.00788278737078 0.00362122685316 200 8.03212851406
450 0.0157110613042 0.0604241117804 100 7.51879699248
450 0.00791057351927 0.0479936492857 200 7.93650793651
460 0.0157206377925 0.0105077596679 100 7.51879699248
460 0.00794830179761 0.115489920128 200 7.69230769231
470 0.0158048592933 0.0658724358673 100 7.51879699248
470 0.00813114283836 0.18447387921 200 7.19424460432
480 0.0158676081114 0.0870038577859 100 7.57575757576
480 0.00811472445431 0.202455794611 200 6.60066006601
490 0.0158773465335 0.0749029170442 100 7.63358778626
500 0.0158526105425 0.0541680677183 100 7.8125
510 0.0158219013059 0.0398209660637 100 8.06451612903
520 0.0158325052298 0.0635053326023 100 8.33333333333
530 0.0158555359583 0.0976292207342 100 8.54700854701
540 0.015884190825 0.133836747402 100 8.69565217391
550 0.0158891854103 0.154709001105 100 8.77192982456
560 0.0158416093357 0.151056851676 100 8.69565217391
570 0.0158251779661 0.155054753306 100 8.54700854701
580 0.0158460672553 0.174135671559 100 8.33333333333
590 0.0158330921058 0.172405456917 100 7.93650793651
600 0.015827939491 0.127170942064 100 6.94444444444
610 0.015750819605 0.0751861343008 100 5.95238095238
