0 0.0157080561838 1.5404947459 100 13.5135135135
0 0.00785403914638 0.775077309494 200 13.6054421769
0 0.00523601127004 0.521004797627 300 14.0845070423
10 0.0157079708744 1.58008342023 100 13.5135135135
10 0.00785399799364 0.796626390495 200 13.698630137
10 0.00523599954023 0.536440908096 300 14.1509433962
20 0.0157082459481 1.55740180746 100 13.5135135135
20 0.00785406303537 0.787921529364 200 13.698630137
20 0.00523601976373 0.532359880609 300 14.2857142857
30 0.0157081086878 1.48437235061 100 13.5135135135
30 0.00785398628151 0.747833248797 200 13.7931034483
30 0.00523600760336 0.503652339749 300 14.3540669856
40 0.0157081145379 1.49360586996 100 13.3333333333
40 0.00785405519912 0.756519767211 200 13.8888888889
40 0.00523599056087 0.511929683464 300 14.4927536232
50 0.0157081891263 1.48020177748 100 13.3333333333
50 0.00785402572021 0.749062087352 200 13.986013986
50 0.00523600326946 0.506612778484 300 14.5631067961
60 0.0157083103929 0.0223175539039 100 13.3333333333
60 0.00785411873433 0.023810435923 200 13.986013986
60 0.00523600233143 0.0247589870596 300 14.6341463415
70 0.0157080688642 0.0234353619112 100 13.3333333333
70 0.00785418753475 0.0248390205791 200 14.1843971631
80 0.0157081173378 0.0253670047203 100 13.5135135135
80 0.00785417544563 0.0265043558668 200 14.2857142857
90 0.0157082259438 0.0250204616166 100 13.5135135135
90 0.00785400001526 0.0252051871301 200 14.4927536232
100 0.0157083419095 0.0264746953834 100 13.698630137
100 0.00785408631076 0.0268656280245 200 14.7058823529
110 0.0157079877436 0.0218257520588 100 14.0845070423
110 0.0078539964752 0.0234870789259 200 14.8148148148
120 0.0157079897636 0.0212915257029 100 14.2857142857
120 0.00785408826084 0.0233557270659 200 15.037593985
130 0.0157079883224 0.0232024526109 100 14.4927536232
130 0.0078540421877 0.0244778248641 200 15.1515151515
140 0.0157081632621 0.0225538328661 100 14.7058823529
140 0.00785398365952 0.0230429116101 200 15.3846153846
150 0.0157079732613 0.0214325088083 100 14.9253731343
160 0.0157080256587 0.0203682851362 100 15.1515151515
170 0.01570809166 0.0214904718057 100 15.3846153846
180 0.0157080585274 0.0233415260211 100 15.3846153846
190 0.0157081112497 0.0287073066725 100 15.625
200 0.0157082572826 0.0264547893164 100 15.625
