0 0.0157204807951 0.547823010044 100 9.09090909091
0 0.010849865752 0.227287065537 200 7.60456273764
0 0.00709067637128 0.462634756418 300 7.15990453461
0 0.00509760185094 0.345141119464 400 6.89655172414
0 0.00405693319432 0.0842492900244 500 7.27802037846
0 0.00261882034133 0.0961303379508 600 7.27272727273
0 0.00302803510963 0.0255791943761 700 7.17948717949
0 0.0027177613176 0.125790795414 800 7.30593607306
10 0.0157721880265 0.529152811858 100 8.84955752212
10 0.0108744160716 0.28859845758 200 7.72200772201
10 0.00609568851657 0.50542036714 300 7.07547169811
10 0.00504650187466 0.351097476235 400 6.93240901213
10 0.00404552731191 0.0914942459035 500 7.32064421669
10 0.00261805178378 0.0849384032237 600 7.28155339806
10 0.00303832606986 0.0375520362803 700 7.20164609053
10 0.00278074339574 0.145800601727 800 7.32600732601
20 0.0185570058574 0.416269201713 100 8.19672131148
20 0.0108937621071 0.358588720496 200 7.78210116732
20 0.00545134605863 0.546886098888 300 7.02576112412
20 0.00503113009808 0.357141892125 400 6.96864111498
20 0.00403247591641 0.0940448830754 500 7.35294117647
20 0.00261808576696 0.0697162299068 600 7.29927007299
20 0.00304092608275 0.0528649879107 700 7.20164609053
20 0.00282293596252 0.164975502327 800 7.34618916437
30 0.0212166955226 0.276825766015 100 7.7519379845
30 0.0109193910619 0.439896490805 200 7.78210116732
30 0.00533671138397 0.586104795027 300 7.00934579439
30 0.00503391472293 0.356609291541 400 6.96864111498
30 0.00406059177575 0.0953024514698 500 7.36377025037
30 0.00261803504734 0.0609150395106 600 7.29927007299
30 0.00304255573851 0.0756133823834 700 7.18685831622
30 0.00278425237903 0.185819139495 800 7.35294117647
40 0.0212192765196 0.183524522202 100 7.57575757576
40 0.0110274283888 0.539092950528 200 7.69230769231
40 0.00533977416903 0.632221847057 300 6.99300699301
40 0.00502129968787 0.359280680695 400 6.95652173913
40 0.00406920502197 0.0987601439203 500 7.37463126844
40 0.00261808150698 0.0495653456292 600 7.27272727273
40 0.00306334071987 0.102653311708 700 7.15015321757
40 0.00275399394107 0.210150960573 800 7.35294117647
50 0.0212582661282 0.281155297817 100 7.40740740741
50 0.0113365694328 0.63321509836 200 7.57575757576
50 0.00533802757007 0.675867208306 300 6.96055684455
50 0.00500136203751 0.356440385174 400 6.93240901213
50 0.00408679445429 0.0957606557865 500 7.36377025037
50 0.00262247980232 0.039172178071 600 7.18562874251
50 0.00313487388655 0.130283654608 700 7.11382113821
50 0.00276208606382 0.235109256924 800 7.33272227314
60 0.021359565067 0.401186993483 100 7.19424460432
60 0.0114324447501 0.693661922357 200 7.40740740741
60 0.00532701800898 0.692646697925 300 6.94444444444
60 0.00505097355746 0.335723672082 400 6.92041522491
60 0.00409330942132 0.0816875703744 500 7.35294117647
60 0.00322873732124 0.0378379525444 600 7.05052878966
60 0.0031167655241 0.147720811581 700 7.09939148073
60 0.00273142928594 0.250743084616 800 7.30593607306
70 0.0214010060887 0.546166289937 100 6.94444444444
70 0.0110591022904 0.738483832172 200 7.2202166065
70 0.00530528614944 0.700163043879 300 6.84931506849
70 0.00506517017352 0.306975151757 400 6.90846286701
70 0.00411351155989 0.0637282368943 500 7.32064421669
70 0.00356875484068 0.0421252100037 600 6.9848661234
70 0.00308827564322 0.161393859214 700 7.09219858156
70 0.00274385026298 0.262665034205 800 7.24637681159
80 0.0217407950606 0.659285260628 100 6.71140939597
80 0.011036037402 0.803083185833 200 6.96864111498
80 0.00545565315442 0.706112434645 300 6.62251655629
80 0.00506771627546 0.286147193496 400 6.89655172414
80 0.00407896351648 0.0540745076707 500 7.26744186047
80 0.00354451527329 0.0544082866348 600 6.96055684455
80 0.00307342347672 0.179651314919 700 7.08502024291
80 0.00308294408355 0.277896077908 800 7.10479573712
90 0.021875232385 0.78490992808 100 6.53594771242
90 0.0114354195528 0.868663086877 200 6.71140939597
90 0.00688955781285 0.684351589065 300 6.39658848614
90 0.00506252900921 0.268685480434 400 6.88468158348
90 0.0039094278347 0.0501532070332 500 7.16332378223
90 0.00354169942419 0.0740977556038 600 6.93641618497
90 0.00306910398601 0.199960223857 700 7.07785642063
90 0.00371920674939 0.289084699283 800 7.04225352113
100 0.0220871646333 0.917419755937 100 6.45161290323
100 0.0114991614364 0.933010921612 200 6.55737704918
100 0.00683308874236 0.670187498042 300 6.34249471459
100 0.00500868499139 0.258880535989 400 6.88468158348
100 0.00321381652825 0.0491219536125 500 7.00280112045
100 0.00357607553673 0.0988228780932 600 6.92041522491
100 0.00311264738954 0.222670141615 700 7.07785642063
100 0.00373884586361 0.296069787886 800 7.02370500439
110 0.0221109343867 1.01730726302 100 6.53594771242
110 0.0106531757225 0.981697110068 200 6.4308681672
110 0.00665819223693 0.66201156348 300 6.36942675159
110 0.0049781193812 0.25397679979 400 6.92041522491
110 0.00314257609256 0.0528427301166 500 6.98324022346
110 0.00359963642803 0.117917676406 600 6.93641618497
110 0.00317289203102 0.239586971686 700 7.09939148073
110 0.00358906120407 0.299391237222 800 7.02987697715
120 0.0211658330914 1.06245623149 100 6.71140939597
120 0.0090340721312 1.01287879086 200 6.38977635783
120 0.00691316039153 0.620230109737 300 6.43776824034
120 0.0051944505781 0.219212870012 400 6.98080279232
120 0.00314510116118 0.0523726274815 500 7.0126227209
120 0.00344971099322 0.095010426261 600 6.96864111498
120 0.00308346318134 0.219598967688 700 7.13557594292
120 0.00369054947055 0.281529405965 800 7.05467372134
130 0.0189136462663 0.883430154016 100 6.99300699301
130 0.00793388218337 0.886078107708 200 6.45161290323
130 0.00774221678003 0.439025652332 300 6.52173913043
130 0.00582006186573 0.111750188025 400 7.06713780919
130 0.00326812442495 0.109457236857 500 7.07213578501
130 0.00309210242749 0.0450893992783 600 7.00934579439
130 0.00278527353753 0.118734797677 700 7.17948717949
130 0.00379431809589 0.199018271972 800 7.09219858156
140 0.0167411039709 0.484522436901 100 7.29927007299
140 0.00818373161047 0.511980251808 200 6.53594771242
140 0.0089383957069 0.135634013004 300 6.60792951542
140 0.0067154582499 0.0824784822389 400 7.14285714286
140 0.00365085056691 0.187782964915 500 7.12250712251
140 0.00275080894798 0.150569559547 600 7.05052878966
140 0.00245314980259 0.0496193612115 700 7.22394220846
140 0.00330883479473 0.0585864678737 800 7.13012477718
150 0.0158276645719 0.185598394554 100 7.57575757576
150 0.00919429388668 0.117617001982 200 6.62251655629
150 0.00995946264865 0.159077143781 300 6.68151447661
150 0.00749107896713 0.168500157421 400 7.2202166065
150 0.00409924855945 0.215159956341 500 7.17360114778
150 0.00262522001156 0.218760182361 600 7.08382526564
150 0.00228196741815 0.158722267265 700 7.26895119418
150 0.00291866946245 0.0709786209801 800 7.16204118174
160 0.0157399352941 0.17862491827 100 7.7519379845
160 0.00964675857976 0.0858783056503 200 6.66666666667
160 0.0102214922845 0.213088843526 300 6.74157303371
160 0.00772249449463 0.180768250471 400 7.27272727273
160 0.00425181577449 0.218362956034 500 7.20461095101
160 0.00261812021703 0.226255012797 600 7.09219858156
160 0.00225451399576 0.180589736721 700 7.29927007299
160 0.00280978344029 0.0914304072501 800 7.17488789238
170 0.0157568737346 0.161195504905 100 7.7519379845
170 0.00963436838246 0.0818657964171 200 6.71140939597
170 0.0102009291125 0.193114512296 300 6.75675675676
170 0.00772314161962 0.165443167524 400 7.29927007299
170 0.00425724567389 0.220364742167 500 7.20461095101
170 0.00261843404105 0.214689921723 600 7.07547169811
170 0.00225075721861 0.169014639096 700 7.30688935282
170 0.0029222004576 0.0739421552599 800 7.15563506261
180 0.0157931217906 0.0846723691628 100 7.69230769231
180 0.00965582478715 0.126330084648 200 6.73400673401
180 0.0101944291553 0.209463751037 300 6.77200902935
180 0.00774822524571 0.173211073731 400 7.32600732601
180 0.00427939210867 0.242486794012 500 7.16332378223
180 0.00262182772447 0.22064328251 600 7.05882352941
180 0.00225029235601 0.174937339885 700 7.30688935282
180 0.00360374297165 0.073964818278 800 7.11111111111
190 0.0158963118245 0.0766112064488 100 7.57575757576
190 0.00968781377748 0.152160568695 200 6.75675675676
190 0.0102145871696 0.206388954052 300 6.78733031674
190 0.00775958073293 0.169836414183 400 7.35294117647
190 0.003606148248 0.254971185311 500 7.06214689266
190 0.00262341956002 0.216386302776 600 7.05882352941
190 0.00224860727664 0.170921585729 700 7.30688935282
190 0.00387215404592 0.0708425435537 800 7.0796460177
200 0.0158372095062 0.0780319430724 100 7.51879699248
200 0.00978302782232 0.173238441308 200 6.77966101695
200 0.0103182755963 0.195223667261 300 6.81818181818
200 0.0077613592554 0.156443073849 400 7.3664825046
200 0.00315952744195 0.249911901462 500 6.98324022346
200 0.00261968473453 0.208007747378 600 7.07547169811
200 0.00224626627634 0.166094184985 700 7.30688935282
200 0.00386387718643 0.0677175196026 800 7.07338638373
210 0.0157637737397 0.111782077343 100 7.40740740741
210 0.00987506496143 0.193862917331 200 6.77966101695
210 0.0103257885278 0.18704752812 300 6.84931506849
210 0.00776529797625 0.148109309619 400 7.39371534196
210 0.0031416317295 0.243936647797 500 6.97350069735
210 0.00261864141522 0.202692552866 600 7.10059171598
210 0.00224616401247 0.161763189245 700 7.28407908429
210 0.00385553282899 0.0650116805726 800 7.08591674048
220 0.0157206204194 0.0735522399944 100 7.29927007299
220 0.010374858987 0.257661700883 200 6.6889632107
220 0.0103897083545 0.19569713603 300 6.89655172414
220 0.00776481713804 0.143715678023 400 7.40740740741
220 0.00314240907823 0.240157271747 500 6.99300699301
220 0.00261804023665 0.205871006925 600 7.12589073634
220 0.00224989351308 0.169188615502 700 7.22394220846
220 0.00388302930255 0.0716407634736 800 7.10479573712
230 0.015728703146 0.0572308524283 100 7.14285714286
230 0.0133192444615 0.301520113489 200 6.51465798046
230 0.0103852121387 0.198470054759 300 6.94444444444
230 0.00775796467103 0.140763134014 400 7.40740740741
230 0.00314530209567 0.239379489165 500 7.00280112045
230 0.00261883556232 0.207735947745 600 7.15137067938
230 0.0023545391359 0.169376514372 700 7.15015321757
230 0.00389595318301 0.0743742248337 800 7.11743772242
240 0.0157613398162 0.0567043210124 100 6.89655172414
240 0.0154749565539 0.313660828388 200 6.32911392405
240 0.0103414238367 0.198684239141 300 6.97674418605
240 0.00775141419829 0.138264464786 400 7.35294117647
240 0.00314701876117 0.239354569366 500 7.0126227209
240 0.00261965925298 0.209376738739 600 7.16845878136
240 0.00261802103105 0.163692168769 700 7.12105798576
240 0.00388695005075 0.075843612906 800 7.13012477718
250 0.0157773438214 0.054948588347 100 6.71140939597
250 0.0151519866669 0.315253574152 200 6.26959247649
250 0.0103409078153 0.198029432812 300 7.00934579439
250 0.00664914891947 0.14246331885 400 7.18132854578
250 0.00314707305957 0.239400017799 500 7.0126227209
250 0.00261975729308 0.211200158379 600 7.18562874251
250 0.00293106670576 0.155486412019 700 7.10659898477
250 0.00388836245944 0.0770901983417 800 7.14285714286
260 0.0157084200862 0.0710241229918 100 6.36942675159
260 0.0154813645986 0.307779949339 200 6.26959247649
260 0.0103711470069 0.197173669353 300 7.04225352113
260 0.00551810754533 0.163009632493 400 7.09219858156
260 0.0031454573102 0.241791419326 500 7.0126227209
260 0.0026180102368 0.211181617131 600 7.19424460432
260 0.00312443239142 0.142253834433 700 7.09939148073
260 0.00388532659917 0.0764798396927 800 7.14924039321
270 0.0173925186814 0.0462736282916 100 5.95238095238
270 0.0155603999968 0.301829356288 200 6.26959247649
270 0.0103631396501 0.197211407171 300 7.05882352941
270 0.00542590407175 0.187314544259 400 7.06713780919
270 0.00314468831262 0.244610229198 500 6.99300699301
270 0.00262259463889 0.20934551261 600 7.19424460432
270 0.00319011744871 0.12736463283 700 7.09219858156
270 0.00389228216042 0.0758498577567 800 7.15563506261
280 0.0194564202074 0.0564482755783 100 5.81395348837
280 0.0155690798214 0.301633452224 200 6.2893081761
280 0.0103744668726 0.196524430055 300 7.07547169811
280 0.00544261919228 0.208876574484 400 7.05467372134
280 0.0031454441739 0.245929750469 500 6.97350069735
280 0.00262298639821 0.207496470088 600 7.20288115246
280 0.0031405930015 0.115673164971 700 7.09219858156
280 0.00389518019885 0.0755792317715 800 7.16845878136
290 0.0199160424532 0.150064302762 100 5.81395348837
290 0.0155919659376 0.3058913849 200 6.30914826498
290 0.0103209630143 0.191661265224 300 7.10900473934
290 0.00549796543399 0.220296689303 400 7.06713780919
290 0.00314731701148 0.245089930568 500 6.95410292072
290 0.0026188379177 0.208009519867 600 7.2202166065
290 0.00311408418585 0.107408991968 700 7.08502024291
290 0.00387496892675 0.07533156549 800 7.18132854578
300 0.0200235662292 0.240611400008 100 5.88235294118
300 0.0155734213131 0.308538132851 200 6.32911392405
300 0.0102672177426 0.184353733357 300 7.15990453461
300 0.00554022240745 0.230490186879 400 7.06713780919
300 0.00314617573863 0.243751048523 500 6.93481276006
300 0.00261894727122 0.20946747443 600 7.22891566265
300 0.00330786770218 0.10046897281 700 7.06357214934
300 0.0038618280002 0.0744675189418 800 7.20072007201
310 0.0203531145413 0.355238793012 100 5.95238095238
310 0.0154049710666 0.310297493377 200 6.36942675159
310 0.0101033665197 0.165034765922 300 7.19424460432
310 0.00561011802836 0.227656692145 400 7.01754385965
310 0.0031462682377 0.237617320649 500 6.93481276006
310 0.00262053088461 0.213181721767 600 7.23763570567
310 0.004026451036 0.0991892979007 700 7.02106318957
310 0.00381246997235 0.0717297482597 800 7.2202166065
320 0.0208723311763 0.483562953716 100 6.02409638554
320 0.0150966082402 0.305037218891 200 6.41025641026
320 0.00989506955437 0.13359866071 300 7.24637681159
320 0.00483160927755 0.212851109628 400 6.92041522491
320 0.00315444445021 0.228193993224 500 6.94444444444
320 0.0026290895073 0.218370446661 600 7.24637681159
320 0.00425678259735 0.103065343397 700 7.0
320 0.00374533983696 0.0660807817151 800 7.23981900452
330 0.0208655527138 0.542505787542 100 6.09756097561
330 0.0150602342636 0.301057176406 200 6.47249190939
330 0.0099224316723 0.135165128381 300 7.28155339806
330 0.00409140161112 0.232280107049 400 6.86106346484
330 0.00315608533681 0.233319301081 500 6.97350069735
330 0.00262873195181 0.219646598286 600 7.25513905683
330 0.00430287103733 0.100206182598 700 7.00700700701
330 0.00378023006238 0.066025380327 800 7.26612170754
340 0.0207629527289 0.576862328993 100 6.17283950617
340 0.015192327432 0.30241087647 200 6.53594771242
340 0.00999666059182 0.150202016756 300 7.33496332518
340 0.00395553382667 0.256598696828 400 6.84931506849
340 0.00315245341221 0.242143404259 500 7.00280112045
340 0.00262376745217 0.219015269617 600 7.25513905683
340 0.00436163080545 0.0968026392081 700 7.02106318957
340 0.00383199603826 0.0688601015957 800 7.29261622607
350 0.0200481994262 0.552288959447 100 6.13496932515
350 0.01562054451 0.328559269873 200 6.62251655629
350 0.0103583142452 0.217277909227 300 7.38916256158
350 0.00392763881849 0.319004290816 400 6.87285223368
350 0.00314191294794 0.261118791726 500 7.05218617772
350 0.00262117089595 0.208858978042 600 7.22891566265
350 0.00443874930843 0.0911753141138 700 7.04934541793
350 0.00388358887659 0.083066685064 800 7.32600732601
360 0.0223436206 0.597035772925 100 6.02409638554
360 0.0155697111113 0.330445573588 200 6.73400673401
360 0.010381551935 0.222967538098 300 7.44416873449
360 0.00392774628877 0.324239665998 400 6.90846286701
360 0.00314163926899 0.261961023486 500 7.09219858156
360 0.00265080973074 0.205244982313 600 7.15990453461
360 0.00442352533738 0.0907333177219 700 7.07785642063
360 0.00388165853002 0.0845033038239 800 7.35970561178
370 0.0281346925256 0.690828255267 100 5.91715976331
370 0.015269084704 0.289286896801 200 6.82593856655
370 0.0101373085374 0.14914664749 300 7.4812967581
370 0.00394917964667 0.271380456526 400 6.95652173913
370 0.00315225240789 0.246944388786 500 7.14285714286
370 0.00273476104162 0.21128686136 600 7.13436385256
370 0.00439327624291 0.0915062624043 700 7.11382113821
370 0.00382350264677 0.0675438463498 800 7.39371534196
380 0.0305436149624 0.699458396697 100 5.81395348837
380 0.0151445128104 0.272819448199 200 6.94444444444
380 0.0101523268074 0.126876442244 300 7.5
380 0.00395944214963 0.259357591752 400 7.00525394046
380 0.00315915433078 0.243795085379 500 7.19424460432
380 0.00289289021963 0.207584340915 600 7.14285714286
380 0.00436155730701 0.0901765463517 700 7.15015321757
380 0.00378708586317 0.0618092831468 800 7.43494423792
390 0.0291599361482 0.693266118891 100 5.81395348837
390 0.0149606348015 0.245758946985 200 7.06713780919
390 0.010383715129 0.0943724224197 300 7.44416873449
390 0.00397399398436 0.239920310532 400 7.05467372134
390 0.00316963772208 0.238520413282 500 7.23589001447
390 0.0030999031834 0.201610900341 600 7.15137067938
390 0.00431142455179 0.0871809280487 700 7.17948717949
390 0.00372990427857 0.0522525119739 800 7.46965452848
400 0.0293139705035 0.673378236977 100 5.84795321637
400 0.0149980841647 0.240094142143 200 7.16845878136
400 0.00892900742344 0.103304732674 300 7.31707317073
400 0.00397080004685 0.243909674129 400 7.09219858156
400 0.00316517903618 0.241164113614 500 7.27802037846
400 0.0033179401557 0.192740607249 600 7.16845878136
400 0.00430958631714 0.0858441209735 700 7.20906282183
400 0.00372227598461 0.0510469709826 800 7.5117370892
410 0.0301301276416 0.666438455311 100 5.9880239521
410 0.0152180767106 0.266314323634 200 7.29927007299
410 0.0078500037848 0.155141424409 300 7.31707317073
410 0.0039525705505 0.271452680142 400 7.13012477718
410 0.00315071160454 0.251039714895 500 7.33137829912
410 0.00348343546971 0.183722658232 600 7.20288115246
410 0.0043722435995 0.0884291050232 700 7.23888314374
410 0.00376297930286 0.0598943668352 800 7.54716981132
420 0.0305522081957 0.680183917506 100 6.21118012422
420 0.0152445255381 0.39755825983 200 7.46268656716
420 0.0069997011843 0.333997967858 300 7.37100737101
420 0.00392847938906 0.36732857558 400 7.19424460432
420 0.00315285856223 0.277571573564 500 7.39644970414
420 0.0038125674423 0.165682922094 600 7.24637681159
420 0.00432768497357 0.104495569065 700 7.28407908429
420 0.00385465700071 0.104529745133 800 7.59734093067
430 0.0278795701642 0.664678624103 100 6.41025641026
430 0.0139607956506 0.566857202048 200 7.63358778626
430 0.00629621030704 0.557281086611 300 7.46268656716
430 0.00403690511071 0.464126691144 400 7.25952813067
430 0.00329644575459 0.282511877221 500 7.46268656716
430 0.00425683753011 0.126703472793 600 7.29040097205
430 0.0039635307467 0.12182160016 700 7.32984293194
430 0.00353800542991 0.164226863988 800 7.64087870105
440 0.0245686517035 0.559505441394 100 6.62251655629
440 0.0123113080937 0.693655144094 200 7.78210116732
440 0.00564747700727 0.729322123126 300 7.53768844221
440 0.0044110585888 0.489192159298 400 7.3126142596
440 0.00370147420987 0.226704761766 500 7.50750750751
440 0.00481400785425 0.059940477143 600 7.32600732601
440 0.00351595703614 0.126689426212 700 7.36842105263
440 0.00312819671167 0.21300614565 800 7.68491834774
450 0.0227019613349 0.49184527499 100 6.75675675676
450 0.0113905813423 0.726408921684 200 7.87401574803
450 0.00538706813131 0.757611719297 300 7.57575757576
450 0.00472988134162 0.440337708222 400 7.32600732601
450 0.00399445802472 0.161864487102 500 7.55287009063
450 0.00509645287653 0.0173063051662 600 7.35294117647
450 0.00326342628577 0.123533910331 700 7.39957716702
450 0.00289543488417 0.226616005973 800 7.71456123433
460 0.0221354051518 0.532766406462 100 6.80272108844
460 0.0111868899417 0.757252834221 200 7.93650793651
460 0.00534318133916 0.760511693604 300 7.57575757576
460 0.00483998838416 0.404759945507 400 7.29927007299
460 0.00402466863225 0.127559054926 500 7.56429652042
460 0.00515502650392 0.00603722860016 600 7.34394124847
460 0.00319215767486 0.131027992902 700 7.41525423729
460 0.00283406819966 0.23560830439 800 7.72200772201
470 0.0221279202282 0.629605171697 100 6.75675675676
470 0.0112268165482 0.801423307694 200 7.96812749004
470 0.00535082656108 0.771781271854 300 7.53768844221
470 0.00489606671065 0.382838338772 400 7.23327305606
470 0.00399404156029 0.111346601737 500 7.56429652042
470 0.00484016312085 0.00804529524144 600 7.28155339806
470 0.00319382940958 0.143125206671 700 7.43099787686
470 0.00277640382118 0.24654666095 800 7.70712909441
480 0.0220285375709 0.716852497879 100 6.75675675676
480 0.0112611535544 0.844361443076 200 8.0
480 0.00526537611748 0.780986027959 300 7.37100737101
480 0.00498357311457 0.359537321422 400 7.20720720721
480 0.00400832478857 0.0908240712265 500 7.54147812971
480 0.00384875966321 0.0192507831006 600 7.20288115246
480 0.0031883346386 0.156359569767 700 7.43889479277
480 0.00275526377478 0.257593678027 800 7.67754318618
490 0.0221186212847 0.797727190142 100 6.80272108844
490 0.011209232075 0.886756525882 200 8.03212851406
490 0.00581345477077 0.767513845798 300 7.15990453461
490 0.00498323414863 0.334455289361 400 7.20720720721
490 0.0039877317581 0.0709812541628 500 7.53012048193
490 0.00369239452602 0.0334141618461 600 7.16845878136
490 0.00315435995953 0.168170568451 700 7.45473908413
490 0.00281473493755 0.268936544194 800 7.50469043152
500 0.0219938461984 0.872932621633 100 6.89655172414
500 0.0111647790352 0.9281642456 200 8.06451612903
500 0.00649796872651 0.739440476789 300 7.09219858156
500 0.00498298159041 0.310363939738 400 7.23327305606
500 0.00401971451498 0.0508555455974 500 7.50750750751
500 0.00364840795844 0.0446652608278 600 7.17703349282
500 0.0031109689165 0.178952464078 700 7.47863247863
500 0.00279173342061 0.279275430955 800 7.46965452848
510 0.0219088133052 0.930565213445 100 7.09219858156
510 0.0111027254682 0.957137590649 200 8.16326530612
510 0.00660784861597 0.717913696796 300 7.12589073634
510 0.00499709363904 0.292803023309 400 7.28597449909
510 0.00408162944426 0.0376575733062 500 7.48502994012
510 0.00361507831717 0.0533223358071 600 7.21153846154
510 0.00309688981013 0.18683467806 700 7.51879699248
510 0.00278915430104 0.286967795862 800 7.48362956034
520 0.0207327741867 0.963700217983 100 7.40740740741
520 0.0104557769397 0.983829633414 200 8.29875518672
520 0.00696818776272 0.666428910846 300 7.21153846154
520 0.00527523845462 0.249216095617 400 7.3664825046
520 0.00442431882042 0.00381099442479 500 7.44047619048
520 0.00342150331235 0.0593915937357 600 7.25513905683
520 0.00293921995893 0.194463552342 700 7.55939524838
520 0.00264145152219 0.294000269641 800 7.51879699248
530 0.0182375344006 0.854092601007 100 7.69230769231
530 0.0091725178551 0.862571384774 200 8.4388185654
530 0.0079268894291 0.462745011953 300 7.29927007299
530 0.00601345256206 0.126126657612 400 7.44878957169
530 0.00539113497136 0.0648942897729 500 7.41839762611
530 0.00301576970424 0.0539691096733 600 7.30816077954
530 0.00259484568805 0.168922729481 700 7.6169749728
530 0.00232027057792 0.257918302494 800 7.55429650614
540 0.016247405296 0.452840417336 100 8.06451612903
540 0.00813502954005 0.458274624324 200 8.58369098712
540 0.00919934351253 0.103552351996 300 7.38916256158
540 0.00697226321447 0.0458643449216 400 7.5329566855
540 0.0059589166258 0.108588423401 500 7.44047619048
540 0.00269584132127 0.0303306207204 600 7.36196319018
540 0.00231844112366 0.088189144167 700 7.67543859649
540 0.00205030580087 0.137197598407 800 7.59734093067
550 0.0157159681387 0.0582506126607 100 8.54700854701
550 0.00785526929223 0.064937580589 200 8.69565217391
550 0.010150977395 0.174404718353 300 7.4812967581
550 0.00767593912532 0.151558303737 400 7.61904761905
550 0.00498781075821 0.107239822865 500 7.46268656716
550 0.00261818832133 0.00529372150655 600 7.41656365884
550 0.00224511180726 0.0105696042971 700 7.72626931567
550 0.0019676351178 0.0202067891968 800 7.64087870105
560 0.0157333695907 0.107911515385 100 8.84955752212
560 0.00797719421824 0.102514240663 200 8.62068965517
560 0.0103461488471 0.268595992964 300 7.55667506297
560 0.00771176771084 0.182302416093 400 7.69230769231
560 0.00439347127572 0.0922929639282 500 7.48502994012
560 0.00262602482958 0.00612412603713 600 7.45341614907
560 0.00224715387724 0.0222071079646 700 7.77777777778
560 0.00196404154416 0.0284794325222 800 7.68491834774
570 0.0157340433243 0.101922664906 100 9.09090909091
570 0.00901514973372 0.111203779781 200 8.29875518672
570 0.0103501163103 0.260851967802 300 7.59493670886
570 0.00769539529103 0.179468739458 400 7.73694390716
570 0.00403973298459 0.0797223482291 500 7.48502994012
570 0.00262457612363 0.00686313439474 600 7.4812967581
570 0.00224560373673 0.0203357454592 700 7.8125
570 0.00196368098064 0.0247487839348 800 7.70712909441
580 0.0157083396889 0.023525871122 100 9.25925925926
580 0.0101334099148 0.0590141046293 200 8.0971659919
580 0.0102818022709 0.212224514169 300 7.57575757576
580 0.00772526724363 0.165988021228 400 7.73694390716
580 0.00394508139751 0.0694961516984 500 7.47384155456
580 0.00261863174155 0.0019351008747 600 7.49063670412
580 0.0022446317751 0.00453059670404 700 7.83874580067
580 0.00196527954298 0.00949476295415 800 7.72200772201
590 0.0157081558101 0.0255520417892 100 9.25925925926
590 0.0100877338997 0.0856090793973 200 8.03212851406
590 0.0102705237978 0.206646849051 300 7.53768844221
590 0.0076284445413 0.16246316474 400 7.7519379845
590 0.00393937495294 0.0544339226221 500 7.47384155456
590 0.00261801513076 0.00137546995787 600 7.5
590 0.0022457213167 0.00579690444744 700 7.85634118967
590 0.0019661425434 0.0139412078168 800 7.73694390716
600 0.0157091119709 0.0256318553342 100 9.34579439252
600 0.0100749266442 0.134354013631 200 8.0
600 0.0102558405719 0.211558262962 300 7.4812967581
600 0.00765857805271 0.159861663916 400 7.7519379845
600 0.00400251223753 0.036279195891 500 7.46268656716
600 0.00261825444255 0.00158706362716 600 7.50938673342
600 0.00224620158536 0.00609840902537 700 7.86516853933
600 0.00196626432025 0.0139211766444 800 7.74443368829
610 0.0157125939951 0.0327318240747 100 9.52380952381
610 0.0100096685101 0.168144575628 200 7.96812749004
610 0.0102419878908 0.210493471192 300 7.42574257426
610 0.00775267666145 0.158653935006 400 7.76699029126
610 0.00395724198439 0.0197225674836 500 7.41839762611
610 0.00261852855125 0.00165741808758 600 7.52823086575
610 0.00224520954314 0.00842555616461 700 7.85634118967
610 0.00196738149367 0.0176749288717 800 7.75945683802
620 0.0157172783952 0.0400163836783 100 9.61538461538
620 0.00993453424493 0.203560439961 200 7.87401574803
620 0.0103629804823 0.210121173182 300 7.35294117647
620 0.00775900235285 0.158389527581 400 7.7519379845
620 0.00336216231907 0.00676315568765 500 7.34214390602
620 0.00261865230057 0.00223813457513 600 7.53768844221
620 0.00224413440595 0.00912640146408 700 7.83874580067
620 0.00196946392383 0.0204890710385 800 7.77453838678
630 0.015722374696 0.0465059302842 100 9.61538461538
630 0.0115975858254 0.248394806717 200 7.51879699248
630 0.0103782146117 0.209765085092 300 7.33496332518
630 0.00776320645658 0.157795710399 400 7.73694390716
630 0.00314418204916 0.00281773522318 500 7.25689404935
630 0.00261863422173 0.00280993571592 600 7.55667506297
630 0.00224435129248 0.00911818055803 700 7.76053215078
630 0.00197143511756 0.0222993399017 800 7.78210116732
640 0.0157151846107 0.0170278772801 100 9.61538461538
640 0.0149434662914 0.297746319444 200 7.2202166065
640 0.0103849684101 0.214989348705 300 7.33496332518
640 0.00775910347129 0.1528694236 400 7.69230769231
640 0.00314163327508 0.00295532326336 500 7.22543352601
640 0.0026183539249 0.000770632119071 600 7.56620428752
640 0.00224496158636 0.00321430760571 700 7.56756756757
640 0.00196989145254 0.0132961559199 800 7.79727095517
650 0.0157133113559 0.0246193562943 100 9.43396226415
650 0.015520456017 0.305998615522 200 7.09219858156
650 0.0103528912029 0.215873511804 300 7.33496332518
650 0.0076955166479 0.150570389118 400 7.54716981132
650 0.00314227068944 0.00401042060805 500 7.21500721501
650 0.00261856494304 0.00166219349048 600 7.57575757576
650 0.00224569630912 0.00481510067835 700 7.52688172043
650 0.00197065464446 0.014664626211 800 7.80487804878
660 0.0157090868234 0.0249281970155 100 9.17431192661
660 0.0154225368528 0.309543031102 200 7.04225352113
660 0.0103424042804 0.216614711716 300 7.33496332518
660 0.00689336031297 0.143532715556 400 7.29927007299
660 0.003142103303 0.00360620723111 500 7.21500721501
660 0.00261804327031 0.00189735669873 600 7.58533501896
660 0.0022456883915 0.00520556369163 700 7.51879699248
660 0.00197066763787 0.0161385734131 800 7.8125
670 0.0157635766097 0.0252361576624 100 8.40336134454
670 0.0154070535351 0.314474930434 200 7.01754385965
670 0.0103487556216 0.217874131871 300 7.33496332518
670 0.00577121607248 0.12335624343 400 7.19424460432
670 0.00314234049089 0.00363957687514 500 7.20461095101
670 0.00261800499389 0.00215108374347 600 7.60456273764
670 0.00224525387159 0.00601687269356 700 7.52688172043
670 0.00197084618689 0.0177498709921 800 7.82778864971
680 0.0183362224648 0.0415542570833 100 7.40740740741
680 0.0153951421043 0.312564765413 200 6.96864111498
680 0.0103493292848 0.221158528422 300 7.33496332518
680 0.00513844067342 0.105098239045 400 7.14285714286
680 0.00314196007573 0.00322989773298 500 7.20461095101
680 0.00261865225957 0.00154817986328 600 7.61421319797
680 0.00224625131699 0.00917399281304 700 7.52688172043
680 0.00197260290844 0.0244895972596 800 7.83545543585
690 0.0203192268405 0.125936662759 100 7.09219858156
690 0.0153890933755 0.315143528211 200 6.89655172414
690 0.010274670355 0.221198662019 300 7.31707317073
690 0.00491917290727 0.0831995306128 400 7.11743772242
690 0.00314197152304 0.00327048784709 500 7.20461095101
690 0.00261924804765 0.00175823033706 600 7.63358778626
690 0.00224660224174 0.0106315021638 700 7.53498385361
690 0.00197342653918 0.0274656187894 800 7.85083415113
700 0.0202139918348 0.2294658414 100 6.94444444444
700 0.01537746192 0.319581608454 200 6.80272108844
700 0.010137147722 0.216977453762 300 7.31707317073
700 0.00495151867605 0.0581893027846 400 7.09219858156
700 0.00314169580591 0.00346902110836 500 7.20461095101
700 0.00261973674634 0.00265568816194 600 7.64331210191
700 0.00224660388085 0.0116651928005 700 7.54310344828
700 0.00197302585751 0.0295360991106 800 7.85854616896
710 0.0202541773318 0.34606732575 100 6.84931506849
710 0.0154719751674 0.32394776704 200 6.71140939597
710 0.0102196074961 0.205499392096 300 7.29927007299
710 0.00496175981942 0.0261422923515 400 7.05467372134
710 0.0031415990366 0.00314586322091 500 7.20461095101
710 0.00261902169136 0.00225969856069 600 7.63358778626
710 0.00224555582804 0.0084498514604 700 7.55124056095
710 0.00197104139109 0.0248084069331 800 7.85854616896
720 0.0202342586361 0.452845468504 100 6.66666666667
720 0.0155575300273 0.324783398033 200 6.57894736842
720 0.0102452304689 0.199737707145 300 7.28155339806
720 0.00438816599552 0.0100386520831 400 6.94444444444
720 0.0031417389126 0.00374212907547 500 7.21500721501
720 0.00261888063061 0.00173557461464 600 7.60456273764
720 0.00224628690138 0.00819586693847 700 7.55124056095
720 0.00197014530738 0.0242900976297 800 7.85854616896
730 0.0223182094007 0.559306496099 100 6.21118012422
730 0.0153587458519 0.318403585232 200 6.51465798046
730 0.0102082264626 0.188082937335 300 7.24637681159
730 0.00392859765318 0.0195374698622 400 6.83760683761
730 0.00314216623614 0.0049355331461 500 7.22543352601
730 0.00261960636906 0.00247170434491 600 7.53768844221
730 0.00224630119009 0.00605714749393 700 7.55939524838
730 0.00196913207453 0.020093417811 800 7.85854616896
740 0.0293697811133 0.618305602804 100 5.78034682081
740 0.0154267657191 0.313837472252 200 6.51465798046
740 0.0102610578772 0.183577865162 300 7.19424460432
740 0.00392845475357 0.0216825798947 400 6.79117147708
740 0.00314373990313 0.00498040673768 500 7.23589001447
740 0.00261838539245 0.0031639680898 600 7.30816077954
740 0.00224732463022 0.00724534279567 700 7.57575757576
740 0.00197522024444 0.0214433765091 800 7.85083415113
750 0.0311233027057 0.629738219863 100 5.64971751412
750 0.0154457175579 0.3058919491 200 6.53594771242
750 0.0102186018536 0.171964399233 300 7.10900473934
750 0.00393157201246 0.0265958083999 400 6.79117147708
750 0.00314622329663 0.00533276289457 500 7.25689404935
750 0.00261857354561 0.00420498868347 600 7.26392251816
750 0.00224712769227 0.00707056241487 700 7.59219088937
750 0.00197274200128 0.0192654160639 800 7.85083415113
760 0.0310871179621 0.628141709615 100 5.64971751412
760 0.0155254058251 0.315196230769 200 6.60066006601
760 0.00993911559606 0.181890315436 300 6.91244239631
760 0.00392974223165 0.0157429659408 400 6.80272108844
760 0.00314334589072 0.00251016954549 500 7.28862973761
760 0.00261869497891 0.0026252434007 600 7.27272727273
760 0.00224910490774 0.00893162492351 700 7.6169749728
760 0.00196498959006 0.0252330488468 800 7.85083415113
770 0.0308843484109 0.632049323036 100 5.71428571429
770 0.0155094781324 0.323878514744 200 6.66666666667
770 0.00890344646118 0.18319665426 300 6.80272108844
770 0.00392849787119 0.0124751935045 400 6.83760683761
770 0.00314190481346 0.0040708775752 500 7.33137829912
770 0.00261917637465 0.002292738842 600 7.29927007299
770 0.00225070357524 0.0134177271356 700 7.65027322404
770 0.00196518700492 0.0303675255208 800 7.8431372549
780 0.0305626507503 0.644225888597 100 5.81395348837
780 0.0154022369869 0.354177796798 200 6.75675675676
780 0.00818708516121 0.205050371774 300 6.80272108844
780 0.00392700219058 0.0189507972345 400 6.89655172414
780 0.00314231968443 0.00906879309753 500 7.38552437223
780 0.0026218272746 0.00437601151075 600 7.34394124847
780 0.00225696983394 0.0240364608386 700 7.69230769231
780 0.00196382423248 0.0443566163068 800 7.83545543585
790 0.0295779159532 0.676211843294 100 5.9880239521
790 0.0149169549753 0.44479044105 200 6.89655172414
790 0.00793433446809 0.299440980492 300 6.84931506849
790 0.00394165990145 0.0756137037731 400 6.95652173913
790 0.00316128979375 0.0258032646901 500 7.46268656716
790 0.00264399057762 0.0150438931554 600 7.39827373613
790 0.00228581715381 0.0546229563653 700 7.7519379845
790 0.00200951703964 0.0891021457859 800 7.83545543585
800 0.0275544428366 0.710539961409 100 6.21118012422
800 0.0139082321379 0.600857153767 200 7.04225352113
800 0.00817686276561 0.481592867436 300 6.92840646651
800 0.0040524279079 0.185202809664 400 7.04225352113
800 0.00326615228243 0.0564247186481 500 7.54147812971
800 0.00274147064924 0.0362232503309 600 7.45341614907
800 0.00238612981761 0.110851179567 700 7.8125
800 0.0022930703734 0.171870807336 800 7.82778864971
810 0.0246897454665 0.679986799731 100 6.45161290323
810 0.012517189554 0.745322402689 200 7.19424460432
810 0.00883411976292 0.67673615981 300 7.00934579439
810 0.00437825609317 0.309129011343 400 7.11743772242
810 0.00355000975257 0.0901563619302 500 7.62195121951
810 0.00298766265886 0.0600951684708 600 7.51879699248
810 0.00261773684941 0.173106479911 700 7.87401574803
810 0.00277622007098 0.261334256638 800 7.80487804878
820 0.022060162956 0.586040549953 100 6.57894736842
820 0.0112583956298 0.78030254733 200 7.32600732601
820 0.00952514795907 0.762523148278 300 7.07547169811
820 0.00484488708757 0.374974643095 400 7.18132854578
820 0.00395393649168 0.105716996218 500 7.69230769231
820 0.003327840518 0.0762005531286 600 7.56620428752
820 0.002925468819 0.207107726941 700 7.9185520362
820 0.00345614122019 0.301179658122 800 7.77453838678
830 0.0211612614324 0.578080495861 100 6.66666666667
830 0.0110022896315 0.788679658362 200 7.40740740741
830 0.00967368817811 0.760454573439 300 7.10900473934
830 0.00504217133397 0.371229934925 400 7.2202166065
830 0.00412533153498 0.097259301878 500 7.7399380805
830 0.00346677402379 0.0856791610898 600 7.60456273764
830 0.00304872111086 0.216804689132 700 7.95454545455
830 0.00377496246882 0.301882928332 800 7.75945683802
840 0.0212487714389 0.666581690034 100 6.62251655629
840 0.01126314185 0.828371002438 200 7.46268656716
840 0.00965764832651 0.749708464994 300 7.10900473934
840 0.00506338161189 0.349974415144 400 7.24637681159
840 0.00411235635746 0.0811317529325 500 7.77604976672
840 0.00344721716572 0.0986207528284 600 7.63358778626
840 0.00303071344579 0.2284849026 700 7.98175598632
840 0.00382615398859 0.303934792935 800 7.76699029126
850 0.0213258836061 0.752185867274 100 6.53594771242
850 0.0111656398552 0.870258217715 200 7.49063670412
850 0.00974947745367 0.740165849053 300 7.10900473934
850 0.00506847505265 0.328231678087 400 7.27272727273
850 0.00411891990123 0.0628801647615 500 7.78816199377
850 0.00344421924093 0.113324408743 600 7.65306122449
850 0.0030254385007 0.239763207071 700 8.00915331808
850 0.00382974320503 0.305706742358 800 7.78210116732
860 0.0214241666284 0.831484718859 100 6.45161290323
860 0.0110626525445 0.911386610055 200 7.51879699248
860 0.00955308650353 0.72942190654 300 7.05882352941
860 0.00505295624862 0.305619151342 400 7.29927007299
860 0.00406780362657 0.0472331650784 500 7.80031201248
860 0.00343954452568 0.126462316488 600 7.68245838668
860 0.00301719928802 0.252061450162 700 8.02752293578
860 0.00382399464384 0.307699427385 800 7.80487804878
870 0.0218497930328 0.904529409992 100 6.41025641026
870 0.0110918598201 0.943861032538 200 7.57575757576
870 0.00834097471858 0.713082133114 300 7.00934579439
870 0.00503206460603 0.287793350224 400 7.35294117647
870 0.00397859797918 0.0320750478908 500 7.80031201248
870 0.00344375924911 0.139897153026 600 7.71208226221
870 0.00300447928645 0.262629265401 700 8.05523590334
870 0.00382538740376 0.309891256119 800 7.83545543585
880 0.0217983667421 0.946590053097 100 6.57894736842
880 0.0109944014738 0.969870792158 200 7.69230769231
880 0.00733923913338 0.70801681663 300 7.00934579439
880 0.00508803316833 0.280708052772 400 7.42115027829
880 0.00400161324672 0.026969978594 500 7.83699059561
880 0.00348889301323 0.144248840881 600 7.77202072539
880 0.00303606590442 0.266713072206 700 8.10185185185
880 0.00386048997362 0.305641505763 800 7.88177339901
890 0.0201360021118 0.932644563835 100 6.80272108844
890 0.0100965124951 0.961151453944 200 7.8431372549
890 0.00751112562811 0.736049943103 300 7.04225352113
890 0.00552550989884 0.304451612191 400 7.50469043152
890 0.0043919095088 0.0490147547503 500 7.84929356358
890 0.00380106266608 0.120546614563 600 7.83289817232
890 0.00330800782309 0.236847363718 700 8.15850815851
890 0.00370367526824 0.251736436358 800 7.93650793651
900 0.0178711516425 0.746531473545 100 7.04225352113
900 0.00892838978866 0.780500450362 200 8.0
900 0.00834747117272 0.670855846638 300 7.10900473934
900 0.00624680954861 0.302208680934 400 7.60456273764
900 0.00502494730499 0.0835725462567 500 7.77604976672
900 0.00430904158348 0.0548587198603 600 7.90513833992
900 0.00376363182614 0.146063167492 700 8.20633059789
900 0.00330625385709 0.122214473164 800 7.98403193613
910 0.0161753575169 0.349754417589 100 7.35294117647
910 0.0080941908145 0.3906627683 200 8.16326530612
910 0.00949267552651 0.452617523264 300 7.17703349282
910 0.00709313478929 0.236435979426 400 7.69230769231
910 0.00577930585172 0.110752265142 500 7.70416024653
910 0.00490873433362 0.0380285817594 600 7.96812749004
910 0.00429597581813 0.00227600676819 700 8.26446280992
910 0.00288081166033 0.0565343069071 800 8.03212851406
920 0.0157431246564 0.0771854627051 100 7.57575757576
920 0.00788307942364 0.117008907444 200 8.19672131148
920 0.010149328237 0.279979956145 300 7.22891566265
920 0.00757809110646 0.176396190474 400 7.76699029126
920 0.00618360479453 0.119485202013 500 7.69230769231
920 0.00520344222333 0.0937431310159 600 8.01068090788
920 0.0043632048823 0.0876891796022 700 8.29383886256
920 0.00265309943154 0.160253491234 800 8.08080808081
930 0.0157106841676 0.0135333340491 100 7.7519379845
930 0.00787068148212 0.0436319261089 200 8.0
930 0.0102787361921 0.230073220847 300 7.26392251816
930 0.00770842405081 0.158362813314 400 7.8125
930 0.00622981266972 0.122615246404 500 7.69230769231
930 0.00510029139951 0.110712444343 600 8.05369127517
930 0.00433934359058 0.114436806806 700 8.30367734282
930 0.00259383839423 0.195665003631 800 8.1053698075
940 0.0157123875151 0.0331551988315 100 7.87401574803
940 0.00812961412387 0.078899544277 200 7.57575757576
940 0.0102321312053 0.24125799651 300 7.29927007299
940 0.0077002365922 0.160813365959 400 7.85854616896
940 0.00623621779941 0.121422414385 500 7.70416024653
940 0.00512679259609 0.106791351232 600 8.08625336927
940 0.00443000038175 0.107063627377 700 8.28402366864
940 0.00262768119992 0.197664394189 800 8.13008130081
950 0.0157123049564 0.0497863153939 100 7.93650793651
950 0.0092342652805 0.124336541582 200 7.38007380074
950 0.0101907791984 0.245626278137 300 7.31707317073
950 0.00770105590569 0.161384891191 400 7.90513833992
950 0.00622997460814 0.120334050051 500 7.72797527048
950 0.00513580301483 0.105063512728 600 8.10810810811
950 0.00433103936223 0.100974138827 700 8.23529411765
950 0.00264285757279 0.204317310236 800 8.1466395112
960 0.0157115797962 0.0469368225015 100 8.06451612903
960 0.0104767655853 0.153554784645 200 7.29927007299
960 0.0102100125353 0.237221702206 300 7.33496332518
960 0.00772393650345 0.159534979375 400 7.95228628231
960 0.00621618536332 0.122639599194 500 7.7519379845
960 0.00511504682244 0.110810558039 600 8.14111261872
960 0.00386930560114 0.11013248911 700 8.09248554913
960 0.00263236216945 0.219269680121 800 8.17160367722
970 0.0157224259556 0.0424787082679 100 8.13008130081
970 0.011110898245 0.182353831921 200 7.29927007299
970 0.0102077130158 0.231959119209 300 7.37100737101
970 0.00774647407871 0.15883442916 400 8.0
970 0.00621974804484 0.124330221028 500 7.77604976672
970 0.00510553064728 0.114745644895 600 8.17438692098
970 0.00329460167511 0.122858023939 700 7.96359499431
970 0.00261631995548 0.232933052349 800 8.18833162743
980 0.0157655388827 0.050699220763 100 8.26446280992
980 0.011403138628 0.221794749258 200 7.29927007299
980 0.0102147519169 0.229651516866 300 7.40740740741
980 0.00775198975414 0.158630449159 400 8.04828973843
980 0.00621357048407 0.124721579265 500 7.8125
980 0.00509939764378 0.116151799861 600 8.21917808219
980 0.00308931191644 0.133685041826 700 7.93650793651
980 0.00261206589489 0.242246672678 800 8.2135523614
990 0.0158196529309 0.0638330588118 100 8.40336134454
990 0.0113521255886 0.257100112304 200 7.35294117647
990 0.0102892124083 0.228941816718 300 7.44416873449
990 0.00776239042585 0.158445305179 400 8.0971659919
990 0.00623579955877 0.123851959727 500 7.84929356358
990 0.00511091515941 0.115886588576 600 8.25309491059
990 0.00303717127329 0.14262263026 700 7.94551645857
990 0.00262534400973 0.249605936753 800 8.23892893924
1000 0.015782465718 0.0753616394256 100 8.62068965517
1000 0.0111891635445 0.290300987741 200 7.38007380074
1000 0.0103116063951 0.227361900319 300 7.51879699248
1000 0.00775555922043 0.158983182862 400 8.1466395112
1000 0.00622391663473 0.12511580344 500 7.89889415482
1000 0.00509707874529 0.118528467251 600 8.29875518672
1000 0.00302574073295 0.15312389849 700 7.98175598632
1000 0.00263291516212 0.259959897198 800 8.26446280992
1010 0.0157514671344 0.0878134042656 100 8.84955752212
1010 0.0112716373117 0.324759182692 200 7.38007380074
1010 0.0103048125956 0.226987531763 300 7.57575757576
1010 0.00776269709795 0.158875087909 400 8.19672131148
1010 0.00622317980826 0.124497686066 500 7.94912559618
1010 0.00510647325477 0.118593460681 600 8.33333333333
1010 0.00302029855059 0.161581611967 700 8.01832760596
1010 0.00263542054028 0.266184100506 800 8.29875518672
1020 0.0157274114421 0.0559589468654 100 9.09090909091
1020 0.0120120981895 0.325254513644 200 7.35294117647
1020 0.0103742798823 0.220837610004 300 7.6726342711
1020 0.00775373068053 0.162860878105 400 8.2135523614
1020 0.00617979166834 0.136580558118 500 8.0
1020 0.00506475775131 0.135616937129 600 8.37988826816
1020 0.00297997099601 0.186935496575 700 8.06451612903
1020 0.00256611631776 0.28956396302 800 8.32466181061
1030 0.0157128317055 0.00964128571772 100 9.17431192661
1030 0.0144154115814 0.308419155249 200 7.2202166065
1030 0.0103543063929 0.214603501074 300 7.73195876289
1030 0.00775933677882 0.171014213631 400 8.2135523614
1030 0.00608321936304 0.156446978703 500 8.038585209
1030 0.0050080932934 0.161809230398 600 8.41514726508
1030 0.00292385102717 0.222251371882 700 8.10185185185
1030 0.00245986849936 0.319504560313 800 8.35073068894
1040 0.0157081892664 0.0196907612741 100 9.09090909091
1040 0.015487094257 0.306196803449 200 7.09219858156
1040 0.0103446653981 0.214841577282 300 7.77202072539
1040 0.00773528365871 0.173797587546 400 7.96812749004
1040 0.00604074411615 0.163330896004 500 8.07754442649
1040 0.00495652977478 0.170526661647 600 8.42696629213
1040 0.00290665080154 0.241276817795 700 8.12064965197
1040 0.00232953325948 0.334514259302 800 8.35945663532
1050 0.015710769915 0.0409544189784 100 8.84955752212
1050 0.0155623654375 0.330419353002 200 7.04225352113
1050 0.0103464511669 0.215306259897 300 7.79220779221
1050 0.00774445259233 0.164685104478 400 7.70712909441
1050 0.00607655815272 0.148821883875 500 8.09061488673
1050 0.00494678680381 0.15235066918 600 8.41514726508
1050 0.00293265833458 0.23282934972 700 8.13953488372
1050 0.00223561754176 0.326025474332 800 8.36820083682
1060 0.0157442932827 0.0597754219675 100 7.87401574803
1060 0.0154969354411 0.33383108938 200 7.01754385965
1060 0.0103189321374 0.213330205671 300 7.8125
1060 0.00774034985482 0.162812487915 400 7.66283524904
1060 0.00607610670681 0.146770729531 500 8.10372771475
1060 0.00507047328851 0.149887086658 600 8.37988826816
1060 0.00294557068037 0.241480173914 700 8.1490104773
1060 0.00217338481831 0.331313885823 800 8.36820083682
1070 0.0172199952361 0.12640804807 100 6.94444444444
1070 0.0154189797684 0.337885939158 200 6.99300699301
1070 0.0103276808916 0.209508606668 300 7.83289817232
1070 0.0077635898106 0.157043278952 400 7.64818355641
1070 0.00610258359246 0.139608662223 500 8.11688311688
1070 0.00510148697 0.138246300759 600 8.31024930748
1070 0.00298318499728 0.244910682131 700 8.15850815851
1070 0.00218295751138 0.331791132697 800 8.37696335079
1080 0.0200073022641 0.213747162358 100 6.66666666667
1080 0.0154227026695 0.335653127117 200 6.99300699301
1080 0.0103426462271 0.209028999147 300 7.87401574803
1080 0.00777030488534 0.157842895788 400 7.64818355641
1080 0.00610140700657 0.14176664846 500 8.14332247557
1080 0.00482089039718 0.138558613478 600 8.15217391304
1080 0.0029853589464 0.258702481529 700 8.16802800467
1080 0.00221674018383 0.341335521583 800 8.3857442348
1090 0.0217422714799 0.273999540173 100 6.53594771242
1090 0.015505157029 0.32971750494 200 6.99300699301
1090 0.0103344443813 0.219697616187 300 7.91556728232
1090 0.00771037155522 0.176364607055 400 7.66283524904
1090 0.00604847726267 0.166055508387 500 8.15660685155
1090 0.00392331303429 0.173890988027 600 7.94701986755
1090 0.00294461288865 0.291627937573 700 8.18713450292
1090 0.00220695424008 0.366518375749 800 8.40336134454
1100 0.0218707608641 0.289102756997 100 6.49350649351
1100 0.0154542202179 0.326906610221 200 6.99300699301
1100 0.0101323896122 0.250687688405 300 7.9575596817
1100 0.0075540568344 0.22315296529 400 7.69230769231
1100 0.00591542396141 0.223421456495 500 8.18330605565
1100 0.00344265140003 0.248661796826 600 7.86369593709
1100 0.00286400116134 0.353809592578 700 8.19672131148
1100 0.00216472575583 0.413200345906 800 8.41219768665
1110 0.021332106428 0.343551247066 100 6.45161290323
1110 0.0151783943616 0.332636507029 200 7.01754385965
1110 0.00999253360318 0.273027148665 300 7.97872340426
1110 0.00746785630664 0.252441590365 400 7.70712909441
1110 0.00585146900806 0.257909626235 500 8.21018062397
1110 0.00334554455341 0.294366041442 600 7.86369593709
1110 0.00284040984618 0.392255237342 700 8.20633059789
1110 0.00211593906094 0.440398188615 800 8.40336134454
1120 0.0215636416791 0.475952636947 100 6.32911392405
1120 0.0153408546899 0.330317469907 200 7.04225352113
1120 0.0101192309962 0.253330703625 300 7.9575596817
1120 0.00755890295574 0.222691829806 400 7.72200772201
1120 0.00593276377229 0.22395326782 500 8.22368421053
1120 0.00338842374198 0.271153648038 600 7.87401574803
1120 0.00289679138567 0.37388558648 700 8.20633059789
1120 0.0020667330422 0.423172482856 800 8.35073068894
1130 0.0240696724482 0.569755512063 100 6.09756097561
1130 0.015411563376 0.328904259414 200 7.09219858156
1130 0.0102970266187 0.244214987159 300 7.93650793651
1130 0.00757059213686 0.212973448626 400 7.7519379845
1130 0.00595685479598 0.213548926676 500 8.23723228995
1130 0.0033944278098 0.270216742709 600 7.90513833992
1130 0.00285645345694 0.374192357413 700 8.21596244131
1130 0.0019709786224 0.415664209537 800 8.20512820513
1140 0.0295924927418 0.608428918337 100 5.84795321637
1140 0.0153796143677 0.334837779994 200 7.14285714286
1140 0.0103069132849 0.249127237138 300 7.87401574803
1140 0.00752750745642 0.221996059655 400 7.78210116732
1140 0.00595041349187 0.222798630404 500 8.26446280992
1140 0.00337270456611 0.289309060123 600 7.93650793651
1140 0.00275329433258 0.389405879782 700 8.23529411765
1140 0.00205777316766 0.414699744228 800 8.16326530612
1150 0.0310289052899 0.622994338626 100 5.74712643678
1150 0.0155366295536 0.323082749852 200 7.2202166065
1150 0.0102925705343 0.229668308767 300 7.51879699248
1150 0.00755703313685 0.201119574334 400 7.82778864971
1150 0.00594416754629 0.200432230946 500 8.27814569536
1150 0.00339881336955 0.278431861795 600 7.96812749004
1150 0.00265284196732 0.379381055092 700 8.25471698113
1150 0.00211773813107 0.394268431982 800 8.17160367722
1160 0.0309961267706 0.626022871396 100 5.78034682081
1160 0.0154877202716 0.321430499612 200 7.29927007299
1160 0.0102441370735 0.22904031622 300 7.37100737101
1160 0.00754147098231 0.201001055004 400 7.88954635108
1160 0.00589080127053 0.200824591113 500 8.30564784053
1160 0.00339459215252 0.286456121342 600 8.01068090788
1160 0.00253683771151 0.386083340715 700 8.27423167849
1160 0.0021181394984 0.38555709889 800 8.18833162743
1170 0.031130257775 0.62701295817 100 5.91715976331
1170 0.0155686041558 0.322150141218 200 7.43494423792
1170 0.0102357073141 0.231289711202 300 7.40740740741
1170 0.00752800987267 0.203966453134 400 7.96812749004
1170 0.00590818448348 0.20464815282 500 8.34724540902
1170 0.00338859600901 0.296725192246 600 8.06451612903
1170 0.00248156027597 0.392664376732 700 8.32342449465
1170 0.0021143938552 0.381890839569 800 8.2304526749
1180 0.0309925915764 0.635781381468 100 6.09756097561
1180 0.015482595824 0.349552090098 200 7.60456273764
1180 0.0101148693918 0.266070318044 300 7.5
1180 0.00743914378094 0.242627158933 400 8.06451612903
1180 0.0059254575999 0.244648547032 500 8.41750841751
1180 0.00334730678148 0.335763228686 600 8.14111261872
1180 0.00244205867282 0.423204506026 700 8.3932853717
1180 0.00212895228173 0.398644775181 800 8.29015544041
1190 0.0305810735574 0.651268205853 100 6.36942675159
1190 0.0152668799351 0.388982216316 200 7.8431372549
1190 0.00995820942707 0.314999057536 300 7.61421319797
1190 0.00732517533618 0.294928049502 400 8.19672131148
1190 0.00590838023591 0.299047248299 500 8.50340136054
1190 0.00329881739386 0.386978249849 600 8.21917808219
1190 0.00240529293189 0.462866530203 700 8.46432889964
1190 0.00214936761355 0.421519943641 800 8.35073068894
1200 0.0293122782867 0.692200798283 100 6.66666666667
1200 0.0146135009236 0.498352300466 200 8.06451612903
1200 0.00952952961814 0.447803063801 300 7.73195876289
1200 0.00700902166806 0.437617382791 400 8.31600831601
1200 0.00575737777726 0.445931677349 500 8.57632933105
1200 0.00315287317608 0.513234521852 600 8.29875518672
1200 0.00233071795881 0.558422729184 700 8.53658536585
1200 0.00223189581797 0.483138643061 800 8.42105263158
1210 0.0270482102778 0.742574611954 100 6.89655172414
1210 0.0134393538436 0.667714457623 200 8.26446280992
1210 0.00879164415329 0.654522362236 300 7.85340314136
1210 0.00644842823832 0.661691774899 400 8.42105263158
1210 0.00544165034841 0.674658639718 500 8.62068965517
1210 0.00291972016944 0.693136735027 600 8.36820083682
1210 0.00225503417277 0.67971354787 700 8.59950859951
1210 0.00240531378114 0.552373300935 800 8.47457627119
1220 0.0245639669372 0.745516473662 100 7.14285714286
1220 0.0121583529925 0.799338271619 200 8.4388185654
1220 0.0079819927225 0.822754044058 300 7.93650793651
1220 0.00583360302393 0.842345009201 400 8.51063829787
1220 0.00495231232556 0.856885878751 500 8.60585197935
1220 0.00272310362348 0.807925536629 600 8.42696629213
1220 0.00225392855162 0.727967665974 700 8.65265760198
1220 0.00263169918964 0.560455850652 800 8.51970181044
1230 0.0220840700371 0.697991519173 100 7.29927007299
1230 0.0108885013041 0.842791321069 200 8.62068965517
1230 0.00716370057099 0.893709802523 300 8.02139037433
1230 0.00524004755877 0.918117043038 400 8.60215053763
1230 0.00379762779386 0.9340471503 500 8.47457627119
1230 0.00262419919847 0.808225219062 600 8.47457627119
1230 0.00233405434045 0.669368795461 700 8.69565217391
1230 0.00291612895123 0.490629232786 800 8.56531049251
1240 0.0205987495716 0.660122141716 100 7.40740740741
1240 0.0101085946649 0.826491055671 200 8.77192982456
1240 0.0066671035559 0.883594213552 300 8.08625336927
1240 0.00487999107876 0.90626452981 400 8.65800865801
1240 0.00321751615265 0.909774358778 500 8.29187396352
1240 0.00262790240341 0.73717268834 600 8.51063829787
1240 0.00243911308329 0.569648834789 700 8.73907615481
1240 0.00312616743723 0.401594671259 800 8.60215053763
1250 0.019847342633 0.675543137287 100 7.46268656716
1250 0.00971119277025 0.819187636518 200 8.88888888889
1250 0.00641962217598 0.866861630299 300 8.15217391304
1250 0.00469978343635 0.884263557038 400 8.71459694989
1250 0.00315025702953 0.866613057166 500 8.21018062397
1250 0.00265627645593 0.675011623873 600 8.54700854701
1250 0.00251144538972 0.493952183694 700 8.76095118899
1250 0.00324127940006 0.340289988294 800 8.62998921251
1260 0.0196722238325 0.75270119258 100 7.57575757576
1260 0.0096918903833 0.861328764804 200 8.96860986547
1260 0.00642518674062 0.894127112005 300 8.19672131148
1260 0.0047050105144 0.902619621962 400 8.77192982456
1260 0.00317076697021 0.863191186259 500 8.19672131148
1260 0.00265319251634 0.671573527661 600 8.57142857143
1260 0.00252976634312 0.485341788814 700 8.77192982456
1260 0.00323915871647 0.333527489674 800 8.65800865801
1270 0.0198943170598 0.854782174359 100 7.69230769231
1270 0.00979816317812 0.915822387952 200 9.04977375566
1270 0.0065089113647 0.937205377413 300 8.24175824176
1270 0.00476749704388 0.939394842664 400 8.81057268722
1270 0.00316172936683 0.878562284581 500 8.22368421053
1270 0.00263794055544 0.692886644483 600 8.59598853868
1270 0.00254241379536 0.503701056805 700 8.76095118899
1270 0.00319900657459 0.346028282646 800 8.68621064061
1280 0.0197637774887 0.91095658862 100 7.93650793651
1280 0.00978465842416 0.943387369502 200 9.13242009132
1280 0.00646060300044 0.95237411441 300 8.33333333333
1280 0.00473885863072 0.947787044697 400 8.88888888889
1280 0.00316896914007 0.867955226547 500 8.27814569536
1280 0.00264330276478 0.680225708076 600 8.63309352518
1280 0.00275165970094 0.484141304191 700 8.70646766169
1280 0.00318769565283 0.332984187006 800 8.73362445415
1290 0.0186364453572 0.878630438426 100 8.26446280992
1290 0.00934205986113 0.889252117722 200 9.25925925926
1290 0.00607720483525 0.889323238048 300 8.45070422535
1290 0.00447623941555 0.873667242172 400 8.98876404494
1290 0.00325019767308 0.766520858629 500 8.36120401338
1290 0.00272736284924 0.560379625193 600 8.69565217391
1290 0.00336785072791 0.358170096992 700 8.62068965517
1290 0.00333734564785 0.245715005098 800 8.78155872667
1300 0.0166889373207 0.596159361479 100 8.62068965517
1300 0.00843319041357 0.590472315095 200 9.3896713615
1300 0.00547247355293 0.575911676336 300 8.59598853868
1300 0.0040673259869 0.547674581347 400 9.09090909091
1300 0.00358690924931 0.416585433343 500 8.44594594595
1300 0.00306037586068 0.207613766411 600 8.75912408759
1300 0.00412429568314 0.0436590158751 700 8.62068965517
1300 0.00375260345616 0.0298826311063 800 8.83977900552
1310 0.015786515373 0.191945162244 100 9.09090909091
1310 0.00791795717542 0.184113021209 200 9.47867298578
1310 0.00524050350916 0.16184351566 300 8.72093023256
1310 0.00392742791665 0.128846186622 400 9.17431192661
1310 0.00404400274487 0.0284354905156 500 8.53242320819
1310 0.00354214154378 0.164829324072 600 8.82352941176
1310 0.0041764578092 0.247685221666 700 8.64197530864
1310 0.00370451900187 0.16875682416 800 8.88888888889
1320 0.0157086737737 0.0306118418043 100 9.43396226415
1320 0.00785406378295 0.024678745422 200 9.04977375566
1320 0.00524661376339 0.0243958005627 300 8.84955752212
1320 0.00394691228573 0.0523668538352 400 9.25925925926
1320 0.00424398302826 0.166680660023 500 8.5910652921
1320 0.00387485917173 0.303635518219 600 8.86262924668
1320 0.00384072337482 0.339006402448 700 8.6741016109
1320 0.00357227987355 0.230950103744 800 8.93854748603
1330 0.0157092479331 0.0182993254463 100 9.70873786408
1330 0.00785795551812 0.0185954455932 200 8.51063829787
1330 0.00525431383089 0.0393244993835 300 8.92857142857
1330 0.0039661112816 0.0731618104124 400 9.2807424594
1330 0.0042769883155 0.196612424017 500 8.65051903114
1330 0.00407682539097 0.327256243041 600 8.90207715134
1330 0.00379025432222 0.341735183337 700 8.69565217391
1330 0.00360365609509 0.233722201505 800 8.96860986547
1340 0.0157079902027 0.0250444350461 100 9.90099009901
1340 0.00786678420778 0.0382575403289 200 8.40336134454
1340 0.00526437331672 0.066500304004 300 8.98203592814
1340 0.00396340120619 0.101693666107 400 9.2807424594
1340 0.00431293728771 0.234839924696 500 8.68055555556
1340 0.0042741515678 0.354268936024 600 8.92857142857
1340 0.00378321420223 0.345332739876 700 8.71731008717
1340 0.0036270700662 0.237394472604 800 8.98876404494
1350 0.0157085868413 0.0247516153957 100 10.101010101
1350 0.00786733558648 0.0409027886318 200 8.36820083682
1350 0.00526416080247 0.0691930695473 300 9.03614457831
1350 0.00392833816671 0.102108142399 400 9.19540229885
1350 0.00427946441014 0.249530214032 500 8.71080139373
1350 0.00431148696589 0.363661718769 600 8.94187779434
1350 0.00383570221366 0.334257344355 700 8.72817955112
1350 0.00364872641033 0.232768928194 800 9.00900900901
1360 0.0157120374359 0.0319695077673 100 10.2040816327
1360 0.00786559711141 0.0503397519685 200 8.36820083682
1360 0.0052663744116 0.0802689832316 300 9.06344410876
1360 0.00392705813766 0.106030989432 400 9.02934537246
1360 0.00427474323249 0.272274188461 500 8.7260034904
1360 0.00426845615339 0.378112525539 600 8.9552238806
1360 0.00388339487803 0.328814266845 700 8.76095118899
1360 0.00365917253858 0.2300271538 800 9.01916572717
1370 0.0157162590509 0.0337815614058 100 10.4166666667
1370 0.00786657464429 0.05322825783 200 8.4388185654
1370 0.00526651235649 0.0854421917894 300 9.11854103343
1370 0.00437363512947 0.117224487447 400 8.63930885529
1370 0.00427787658511 0.289576893462 500 8.75656742557
1370 0.00421622718417 0.389301914337 600 8.98203592814
1370 0.00390147834182 0.321295080076 700 8.78293601004
1370 0.00367334057272 0.226956820852 800 9.0395480226
1380 0.0157247975833 0.0524544210789 100 10.6382978723
1380 0.00787040884031 0.0722581936258 200 8.47457627119
1380 0.00527221507943 0.106052879086 300 9.17431192661
1380 0.00508171732424 0.153119721093 400 8.40336134454
1380 0.0043139074342 0.320177178528 500 8.77192982456
1380 0.00422335880749 0.410203867639 600 8.99550224888
1380 0.00389227500523 0.319434541568 700 8.80503144654
1380 0.0036823642765 0.227043874913 800 9.04977375566
1390 0.0157170431854 0.0284761670405 100 10.752688172
1390 0.00786222495273 0.0448373396514 200 8.47457627119
1390 0.00526084744656 0.0796186818601 300 9.20245398773
1390 0.00525630304517 0.145167624141 400 8.35073068894
1390 0.0042643563807 0.315870400527 500 8.77192982456
1390 0.0042144583263 0.40432712843 600 8.99550224888
1390 0.00392795879945 0.300073052182 700 8.82723833544
1390 0.00372834724529 0.217328137372 800 9.04977375566
1400 0.0157164962627 0.022753951025 100 10.752688172
1400 0.00786023598498 0.0338941495341 200 8.51063829787
1400 0.00525668179554 0.0682643258712 300 9.23076923077
1400 0.00525614075613 0.153668794685 400 8.35073068894
1400 0.00422068850501 0.322571279754 500 8.77192982456
1400 0.00433280756883 0.406680386626 600 8.92857142857
1400 0.00394019050674 0.285808839718 700 8.83838383838
1400 0.0037536714116 0.211189682838 800 9.02934537246
1410 0.0157087956612 0.0225943304956 100 10.3092783505
1410 0.00786379445562 0.0375768553616 200 8.51063829787
1410 0.00525808230791 0.0749593069186 300 9.20245398773
1410 0.00528415271716 0.180799692575 400 8.36820083682
1410 0.00429530209604 0.345133815871 500 8.75656742557
1410 0.00519050377828 0.413701477418 600 8.65800865801
1410 0.00402767263231 0.278429708177 700 8.83838383838
1410 0.00376133553213 0.209079073634 800 8.97867564534
1420 0.0157113431232 0.0246733250875 100 9.61538461538
1420 0.00786944765867 0.0434300552793 200 8.51063829787
1420 0.00525848536156 0.0803733766811 300 9.17431192661
1420 0.00531076809759 0.208948002641 400 8.36820083682
1420 0.00451534793621 0.364954603354 500 8.74125874126
1420 0.00460131835659 0.406795827622 600 8.54700854701
1420 0.00405884183191 0.271909586712 700 8.84955752212
1420 0.00334863782968 0.204599165204 800 8.05639476334
1430 0.0157226609827 0.0401368896907 100 7.57575757576
1430 0.00788670871082 0.0734142727006 200 8.51063829787
1430 0.00529154004703 0.112416103893 300 9.11854103343
1430 0.00536542685498 0.257073107705 400 8.3857442348
1430 0.00487938259569 0.401964953957 500 8.7260034904
1430 0.00440322907655 0.407016659694 600 8.52272727273
1430 0.0040940081106 0.272110320459 700 8.84955752212
1430 0.00265770898836 0.194819567842 800 7.98403193613
1440 0.01573525844 0.0574042677558 100 7.19424460432
1440 0.00789866910416 0.0933545721717 200 8.51063829787
1440 0.00528075693823 0.132630806836 300 9.03614457831
1440 0.00539601271923 0.291796069423 400 8.40336134454
1440 0.00514677033527 0.425316976602 500 8.7260034904
1440 0.00441434075558 0.400196180227 600 8.52272727273
1440 0.00414208455981 0.269664298537 700 8.86075949367
1440 0.00251861205791 0.182249753971 800 7.96812749004
1450 0.0157228844998 0.0436145702032 100 7.04225352113
1450 0.00788696928739 0.0767823388791 200 8.51063829787
1450 0.00523694521342 0.109409894214 300 8.84955752212
1450 0.00531104013828 0.296977177581 400 8.40336134454
1450 0.00514274890685 0.424483505149 500 8.7260034904
1450 0.00451639723837 0.377744988941 600 8.52272727273
1450 0.00419529951047 0.259339885149 700 8.86075949367
1450 0.00252888681021 0.16606062719 800 7.96812749004
1460 0.0157150744035 0.0358087875645 100 6.99300699301
1460 0.00787948048383 0.0666968396923 200 8.51063829787
1460 0.00537070714464 0.0917585135204 300 8.40336134454
1460 0.00526949461851 0.309540287427 400 8.3857442348
1460 0.00501193649673 0.430177981308 500 8.71080139373
1460 0.00460410472114 0.360159542629 600 8.53485064011
1460 0.00423619017447 0.251036556418 700 8.84955752212
1460 0.00253787177947 0.150274450294 800 7.96812749004
1470 0.0157114485232 0.0279191263656 100 6.94444444444
1470 0.00787504780539 0.0586620803117 200 8.51063829787
1470 0.00649354685854 0.105014912292 300 7.87401574803
1470 0.00527316598091 0.32745105199 400 8.36820083682
1470 0.00496495721888 0.44107388637 500 8.69565217391
1470 0.00463072644344 0.345360117504 600 8.53485064011
1470 0.00428104000321 0.24519503533 700 8.83838383838
1470 0.00254902998474 0.13407234497 800 7.96019900498
1480 0.0157097846612 0.031587714633 100 6.94444444444
1480 0.00787134829467 0.0582850573464 200 8.51063829787
1480 0.00689105241359 0.131825369624 300 7.73195876289
1480 0.00525042084716 0.347506254537 400 8.35073068894
1480 0.00496962853793 0.45275377822 500 8.68055555556
1480 0.00464885016462 0.333104396636 600 8.54700854701
1480 0.00431425762056 0.240952087049 700 8.82723833544
1480 0.00255595716916 0.119881988625 800 7.96019900498
1490 0.0157094732766 0.0362497530099 100 6.94444444444
1490 0.00786721730285 0.0512241226901 200 8.54700854701
1490 0.00689882932846 0.149503372805 300 7.73195876289
1490 0.00519847684866 0.359065929522 400 8.36820083682
1490 0.00508747030125 0.460304058236 500 8.62068965517
1490 0.00465670112112 0.320523996973 600 8.55920114123
1490 0.00433496719003 0.237410004471 700 8.8161209068
1490 0.00256403131494 0.107281886985 800 7.96812749004
1500 0.015715849759 0.0372817416474 100 7.04225352113
1500 0.00787746002924 0.0802081424947 200 8.62068965517
1500 0.00698346999419 0.204481726024 300 7.79220779221
1500 0.00527390838656 0.403183046166 400 8.3857442348
1500 0.00573001773249 0.483770789486 500 8.47457627119
1500 0.00468624083918 0.321525650611 600 8.59598853868
1500 0.00430940054709 0.237412591556 700 8.80503144654
1500 0.0025447590958 0.0977521512161 800 7.98403193613
1510 0.0157578662473 0.105161771957 100 7.24637681159
1510 0.00790578103003 0.152492665196 200 8.73362445415
1510 0.00714520182257 0.287555986781 300 7.87401574803
1510 0.00548773046064 0.464038704393 400 8.4388185654
1510 0.00589011919304 0.509985582053 500 8.33333333333
1510 0.0046555952657 0.329388831168 600 8.64553314121
1510 0.00426662585947 0.237388912477 700 8.76095118899
1510 0.0025065655753 0.0901834004049 800 8.00800800801
1520 0.0157707891071 0.120761456381 100 7.46268656716
1520 0.00790951859804 0.164554709874 200 8.84955752212
1520 0.00717542446238 0.314445596957 300 7.9575596817
1520 0.00568796740345 0.482713714335 400 8.49256900212
1520 0.00553173249534 0.506083034083 500 8.33333333333
1520 0.00467635875173 0.324843260671 600 8.69565217391
1520 0.0038945317414 0.234021138406 700 7.86516853933
1520 0.00251505965578 0.0815851274612 800 8.03212851406
1530 0.0157495671785 0.0872472312229 100 7.87401574803
1530 0.0078984927102 0.130636949554 200 9.09090909091
1530 0.00710981769688 0.295721626465 300 8.10810810811
1530 0.00573406947209 0.468070895276 400 8.62068965517
1530 0.00539995391392 0.489517290442 500 8.40336134454
1530 0.00472481667063 0.317257760073 600 8.78477306003
1530 0.00353784801183 0.230534268416 700 7.87401574803
1530 0.00253932522242 0.0777861505008 800 8.08897876643
1540 0.0157394976092 0.0667783022963 100 8.40336134454
1540 0.00789369889704 0.109648907548 200 9.43396226415
1540 0.00707362806121 0.285926078909 300 8.28729281768
1540 0.00581268252512 0.462431892153 400 8.75273522976
1540 0.00537769413598 0.480421791968 500 8.51788756388
1540 0.00476396906089 0.312840182263 600 8.88888888889
1540 0.00337501447682 0.228094274928 700 7.9275198188
1540 0.00255226334952 0.0752492612877 800 8.15494393476
1550 0.0157290592684 0.0421171688463 100 9.00900900901
1550 0.00789091943584 0.0854052561349 200 9.75609756098
1550 0.00702671018349 0.26867283005 300 8.49858356941
1550 0.00584785431041 0.451673684185 400 8.90868596882
1550 0.00537018659478 0.468353129826 500 8.62068965517
1550 0.00480971467839 0.307862547853 600 8.99550224888
1550 0.00324280418073 0.224986102764 700 7.98175598632
1550 0.00256772929785 0.0726556283875 800 8.2219938335
1560 0.0157256115657 0.0282592966278 100 9.61538461538
1560 0.0078959190872 0.072078462134 200 10.0502512563
1560 0.00700501307233 0.267127017051 300 8.67052023121
1560 0.00593855312757 0.448877433551 400 9.04977375566
1560 0.00538829937503 0.458170996619 500 8.71080139373
1560 0.00485624039586 0.303736884598 600 9.09090909091
1560 0.00310168023874 0.219989735297 700 8.02752293578
1560 0.0025755856691 0.0672774724838 800 8.27300930714
1570 0.0157289687982 0.0407917701342 100 10.0
1570 0.00789711931217 0.0790525882575 200 10.2564102564
1570 0.00701476212381 0.28785696211 300 8.77192982456
1570 0.0061543184425 0.460029833294 400 9.13242009132
1570 0.00540080101711 0.451034961454 500 8.78734622144
1570 0.0049066320931 0.300598431648 600 9.16030534351
1570 0.00296972831184 0.21151394166 700 8.05523590334
1570 0.00257596448774 0.0604175989353 800 8.31600831601
1580 0.0157253964382 0.0233102610254 100 10.4166666667
1580 0.00786391892422 0.0650121943642 200 10.2564102564
1580 0.0069811356559 0.297419963342 300 8.87573964497
1580 0.00627827398539 0.465870499603 400 9.19540229885
1580 0.00545729974027 0.437203838736 500 8.83392226148
1580 0.00496453007709 0.295640694488 600 9.20245398773
1580 0.0029627349584 0.201687860669 700 8.0831408776
1580 0.00258050003341 0.0519883628081 800 8.35073068894
1590 0.0157253526532 0.0322260019744 100 10.6382978723
1590 0.00786906033334 0.0649494567568 200 10.0502512563
1590 0.00693187536984 0.326667090689 300 8.92857142857
1590 0.00629857848309 0.482963869335 400 9.23787528868
1590 0.00552880206571 0.426958260269 500 8.86524822695
1590 0.00498771680371 0.292300447706 600 9.23076923077
1590 0.00295282545161 0.188555525669 700 8.10185185185
1590 0.00257497211058 0.0404428923767 800 8.36820083682
1600 0.0157298059499 0.0499197382 100 10.752688172
1600 0.00789154151255 0.0699995536539 200 9.43396226415
1600 0.00693369863247 0.367974063864 300 8.92857142857
1600 0.00621266938062 0.506133466032 400 9.25925925926
1600 0.00559137524947 0.419193570964 500 8.89679715302
1600 0.00499821005111 0.289370092259 600 9.24499229584
1600 0.00293905232034 0.173624164869 700 8.11123986095
1600 0.00256672401001 0.0277194115975 800 8.37696335079
1610 0.0157292264177 0.0599412280104 100 10.752688172
1610 0.00917824700953 0.102494866767 200 8.51063829787
1610 0.00695115467885 0.398763333977 300 8.9552238806
1610 0.00614980523641 0.527538401751 400 9.25925925926
1610 0.00560474705035 0.408731348929 500 8.91265597148
1610 0.00502869912989 0.286010851615 600 9.24499229584
1610 0.00294115003574 0.159394312775 700 8.12064965197
1610 0.00257941519655 0.0147989428442 800 8.37696335079
1620 0.01572981707 0.0667951051057 100 10.8695652174
1620 0.010184250591 0.153036577141 200 8.19672131148
1620 0.00696988548321 0.433870368401 300 8.9552238806
1620 0.00614393956632 0.549187041119 400 9.25925925926
1620 0.00561272144201 0.398769605055 500 8.92857142857
1620 0.00505839637516 0.282984600771 600 9.23076923077
1620 0.00294135016163 0.143697796118 700 8.12064965197
1620 0.00257964342326 0.00126706865854 800 8.36820083682
1630 0.0157287049019 0.0768032685484 100 10.8695652174
1630 0.0103048724854 0.205856784774 200 8.13008130081
1630 0.00691484090528 0.469102875183 300 8.92857142857
1630 0.006267311768 0.569176000511 400 9.19540229885
1630 0.00560422019815 0.388536120354 500 8.94454382826
1630 0.00507465583935 0.280953865592 600 9.21658986175
1630 0.00294063030981 0.128953420551 700 8.12064965197
1630 0.00257593073447 0.0122621538285 800 8.36820083682
1640 0.0157258705741 0.0757186915653 100 10.8695652174
1640 0.0103249317567 0.24966271628 200 8.16326530612
1640 0.00693101046532 0.500757747749 300 8.90207715134
1640 0.00707238669475 0.584124137135 400 8.88888888889
1640 0.00569877348988 0.378687694252 500 8.9605734767
1640 0.00509096830382 0.279603926028 600 9.16030534351
1640 0.00295098419116 0.114938387149 700 8.12064965197
1640 0.00258603549327 0.0253706397164 800 8.36820083682
1650 0.0157158356476 0.0607378633286 100 10.752688172
1650 0.0103188168036 0.282736261218 200 8.19672131148
1650 0.007158978927 0.522862105025 300 8.87573964497
1650 0.0073725558497 0.575797930193 400 8.58369098712
1650 0.00581846100285 0.36945738291 500 8.9605734767
1650 0.00499464945636 0.280477910433 600 8.92857142857
1650 0.00299130394308 0.10175928367 700 8.11123986095
1650 0.00260432221584 0.0354848901883 800 8.37696335079
1660 0.0157241234575 0.0422441783053 100 10.5263157895
1660 0.010280166785 0.32088884924 200 8.19672131148
1660 0.00760284314806 0.543931291453 300 8.84955752212
1660 0.0068707868694 0.556811285022 400 8.51063829787
1660 0.00590003236829 0.362777067202 500 8.97666068223
1660 0.00387974800164 0.27138304949 600 7.82268578879
1660 0.00300801442725 0.0888162269581 700 8.10185185185
1660 0.00262741198005 0.0465626127725 800 8.36820083682
1670 0.0157271320132 0.0347965999649 100 10.2040816327
1670 0.0102602927878 0.356864132792 200 8.2304526749
1670 0.00808789458842 0.567157232332 300 8.82352941176
1670 0.00692027990436 0.53775140509 400 8.49256900212
1670 0.00603793916027 0.358070334116 500 8.97666068223
1670 0.00353839974987 0.255496283553 600 7.78210116732
1670 0.00301823462159 0.0758026905218 700 8.10185185185
1670 0.00265318337543 0.0580163561664 800 8.35073068894
1680 0.0157375412061 0.0246663219131 100 9.70873786408
1680 0.0101820379544 0.407367563147 200 8.2304526749
1680 0.00821486791147 0.594152551596 300 8.82352941176
1680 0.00702034520674 0.522614948516 400 8.49256900212
1680 0.00609433909036 0.355020622641 500 8.97666068223
1680 0.00353103292604 0.23850361324 600 7.78210116732
1680 0.00301171509896 0.0619540753349 700 8.11123986095
1680 0.00261818976281 0.0714768117913 800 8.33333333333
1690 0.0157445534621 0.0185842977335 100 8.62068965517
1690 0.0101441887692 0.465127981361 200 8.19672131148
1690 0.00811768956911 0.623980923469 300 8.82352941176
1690 0.0071384596995 0.51069695805 400 8.51063829787
1690 0.00612561905384 0.352393593834 500 8.9605734767
1690 0.00351825852438 0.219958753905 600 7.78210116732
1690 0.00300779750744 0.0463552495717 700 8.11123986095
1690 0.002632532826 0.0843938160452 800 8.33333333333
1700 0.0175713715521 0.0515801266593 100 7.04225352113
1700 0.0101670469346 0.518966342665 200 8.19672131148
1700 0.00800474005106 0.658856854251 300 8.79765395894
1700 0.00716414884096 0.499172199848 400 8.51063829787
1700 0.00615761278289 0.350208609938 500 8.9605734767
1700 0.00351790832382 0.201117568503 600 7.78210116732
1700 0.00302075717264 0.0297193973493 700 8.10185185185
1700 0.00263513347429 0.0990912884366 800 8.33333333333
1710 0.0198554815844 0.159289837242 100 6.49350649351
1710 0.0101888345392 0.574975758894 200 8.16326530612
1710 0.00798679278844 0.6914441825 300 8.77192982456
1710 0.00717859700489 0.488878659423 400 8.52878464819
1710 0.00618955640211 0.349159849998 500 8.94454382826
1710 0.00352135502425 0.18173807272 600 7.77202072539
1710 0.00302698548004 0.015017974268 700 8.09248554913
1710 0.00264024154894 0.11302183066 800 8.33333333333
1720 0.0201199421127 0.26952149592 100 6.41025641026
1720 0.0101262977321 0.63139215833 200 8.13008130081
1720 0.00816371744228 0.72189981119 300 8.69565217391
1720 0.00716260627782 0.477572232152 400 8.52878464819
1720 0.00621766438697 0.347778205619 500 8.91265597148
1720 0.00351591152822 0.163547319069 600 7.77202072539
1720 0.00301684457811 0.00289121810004 700 8.0831408776
1720 0.00263258432682 0.126566393269 800 8.33333333333
1730 0.0201821078258 0.370027979733 100 6.45161290323
1730 0.0101375360487 0.679307940205 200 8.13008130081
1730 0.00910628747581 0.746121812726 300 8.37988826816
1730 0.0072674160622 0.468388004688 400 8.54700854701
1730 0.00619317491706 0.348074443477 500 8.86524822695
1730 0.00352281225414 0.147264555992 600 7.77202072539
1730 0.00302360841771 0.0181105528761 700 8.09248554913
1730 0.00263739626628 0.140172501123 800 8.31600831601
1740 0.0203188894728 0.465294659188 100 6.53594771242
1740 0.0104708284454 0.72914303516 200 8.13008130081
1740 0.0100799882579 0.748517308853 300 8.02139037433
1740 0.00735683411887 0.460882119986 400 8.58369098712
1740 0.0062023852264 0.345929466278 500 8.68055555556
1740 0.00353845576497 0.13028732328 600 7.78210116732
1740 0.0030223632423 0.0320113438941 700 8.10185185185
1740 0.00265676974853 0.152906230568 800 8.31600831601
1750 0.0202279810036 0.54277249913 100 6.62251655629
1750 0.0110112741781 0.76779930011 200 8.13008130081
1750 0.00936258281248 0.73583847381 300 7.9575596817
1750 0.00744861187442 0.459371735612 400 8.60215053763
1750 0.00501510367773 0.345702506241 500 7.44047619048
1750 0.00356941855978 0.121623165743 600 7.78210116732
1750 0.0030502823656 0.0386607205435 700 8.11123986095
1750 0.00270248149424 0.158046301143 800 8.32466181061
1760 0.0199778850668 0.601490272185 100 6.71140939597
1760 0.0114994675781 0.791343574773 200 8.16326530612
1760 0.00942485437129 0.721037108302 300 7.97872340426
1760 0.00764731840799 0.46845465991 400 8.65800865801
1760 0.00446780562311 0.34956815322 500 7.40740740741
1760 0.00361884926771 0.125749427517 600 7.80234070221
1760 0.00310299565221 0.0337802691522 700 8.12064965197
1760 0.00277228697029 0.153478836539 800 8.34202294056
1770 0.0201780875749 0.692949096106 100 6.84931506849
1770 0.0120536168621 0.836763953815 200 8.2304526749
1770 0.00939354130536 0.706929926397 300 8.02139037433
1770 0.00767343741289 0.457478792726 400 8.69565217391
1770 0.00431081203423 0.319945194961 500 7.41839762611
1770 0.00357847212142 0.101609621481 600 7.83289817232
1770 0.00308073851395 0.0558912781543 700 8.13008130081
1770 0.00276313200548 0.173971472073 800 8.35945663532
1780 0.0208223739742 0.805888692447 100 7.04225352113
1780 0.0125771416144 0.884080136731 200 8.36820083682
1780 0.0091621395273 0.6782495306 300 8.10810810811
1780 0.00747105145214 0.410786247695 400 8.77192982456
1780 0.00414779617217 0.250088651702 500 7.46268656716
1780 0.00343888323293 0.0432032972132 600 7.87401574803
1780 0.00292641155358 0.108042743374 700 8.1490104773
1780 0.00266258343851 0.219569574233 800 8.39454354669
1790 0.0215639967019 0.897088931316 100 7.24637681159
1790 0.0130294752761 0.906167621454 200 8.51063829787
1790 0.0089213179193 0.6302755678 300 8.21917808219
1790 0.00725134562595 0.347754255604 400 8.84955752212
1790 0.00398201414121 0.172932045651 500 7.51879699248
1790 0.00330720101287 0.0234223322543 600 7.91556728232
1790 0.00282574238423 0.157483957275 700 8.19672131148
1790 0.00255916868682 0.26094507396 800 8.44772967265
1800 0.0215489881825 0.941559520064 100 7.57575757576
1800 0.012931922695 0.922866195664 200 8.73362445415
1800 0.00899589182473 0.622005516354 300 8.356545961
1800 0.00726709120911 0.34589619503 400 8.96860986547
1800 0.00397707607261 0.163527258605 500 7.57575757576
1800 0.00330461708902 0.0296120201472 600 7.97872340426
1800 0.00283268883671 0.164083768615 700 8.24499411072
1800 0.00255742381826 0.267525341294 800 8.49256900212
1810 0.0200429850147 0.948693281862 100 7.93650793651
1810 0.0119788499165 0.946618241257 200 9.00900900901
1810 0.00963228906267 0.689295802387 300 8.52272727273
1810 0.0077217199089 0.459090520312 400 9.11161731207
1810 0.00427145864349 0.280128219023 500 7.65696784074
1810 0.00355263640996 0.0685470325076 600 8.05369127517
1810 0.00304564353218 0.0847936703513 700 8.3135391924
1810 0.00274615864117 0.198792726812 800 8.55614973262
1820 0.0182699892948 0.825366060484 100 8.47457627119
1820 0.0107964336696 0.88088095928 200 9.3023255814
1820 0.0103951359476 0.717879355042 300 8.72093023256
1820 0.00732037595583 0.570009938609 400 9.25925925926
1820 0.00471325078496 0.411815081195 500 7.7399380805
1820 0.00392374716887 0.192880405326 600 8.13008130081
1820 0.00336075148684 0.0356222874521 700 8.38323353293
1820 0.00302486395852 0.0801505822037 800 8.62998921251
1830 0.0172788323875 0.693404726807 100 9.00900900901
1830 0.0100706400119 0.779054511571 200 9.61538461538
1830 0.00987093254855 0.69186041273 300 8.90207715134
1830 0.00688231439219 0.611555876033 400 9.41176470588
1830 0.00503533753691 0.475951921022 500 7.83699059561
1830 0.00419745020853 0.266541510397 600 8.20793433653
1830 0.00359130671452 0.117785088784 700 8.46432889964
1830 0.00322398246245 0.0111312029701 800 8.69565217391
1840 0.0165859232669 0.542249106606 100 9.61538461538
1840 0.00949020164399 0.653952572006 200 9.95024875622
1840 0.00936054129971 0.641859333615 300 9.09090909091
1840 0.00649485790496 0.623020932254 400 9.56937799043
1840 0.00532960518063 0.5099336187 500 7.92393026941
1840 0.00444903499534 0.32084074623 600 8.28729281768
1840 0.00380268397622 0.185694995733 700 8.53658536585
1840 0.00340566687848 0.0888540588295 800 8.76232201533
1850 0.0159216749482 0.26892407416 100 10.2040816327
1850 0.00878090029734 0.418428421844 200 10.2564102564
1850 0.00863442442755 0.524254705974 300 9.28792569659
1850 0.00595096780812 0.59357117354 400 9.70873786408
1850 0.00576998766154 0.522821822787 500 8.0
1850 0.00482209727394 0.377391504232 600 8.356545961
1850 0.00411713869072 0.272769953362 700 8.59950859951
1850 0.00367988858992 0.200987457386 800 8.83002207506
1860 0.0157577382274 0.125372826465 100 10.6382978723
1860 0.00848929601471 0.295001218295 200 10.5263157895
1860 0.0082759428301 0.461367021991 300 9.43396226415
1860 0.00568009211456 0.569495120856 400 9.80392156863
1860 0.00598890351622 0.511907549464 500 8.06451612903
1860 0.0050061490272 0.39325901875 600 8.40336134454
1860 0.00427506954389 0.30803829908 700 8.65265760198
1870 0.0157130761022 0.0485068752001 100 10.8695652174
1870 0.00843286365514 0.24690489364 200 10.5263157895
1870 0.00809890394475 0.441713721039 300 9.52380952381
1870 0.00553198335721 0.564463470068 400 9.85221674877
1870 0.00609366267642 0.501984603665 500 8.09061488673
1870 0.00507814620356 0.398749017321 600 8.42696629213
1870 0.00435161626706 0.324326202211 700 8.68486352357
1880 0.0157086944007 0.0353612571788 100 10.8695652174
1880 0.00872675522641 0.266245332345 200 10.152284264
1880 0.00803759796161 0.463491365856 300 9.55414012739
1880 0.00548401929949 0.586907589161 400 9.77995110024
1880 0.00611192922332 0.498213714193 500 8.09061488673
1880 0.00510489093245 0.398388719705 600 8.42696629213
1880 0.00435647315863 0.326169209973 700 8.6741016109
1890 0.0157265461156 0.0256407038255 100 10.6382978723
1890 0.0111054535919 0.303844943499 200 9.04977375566
1890 0.00779591721315 0.490956521795 300 9.52380952381
1890 0.00542835094501 0.609163716515 400 9.52380952381
1890 0.00616098497472 0.495123033981 500 8.06451612903
1890 0.00512843820233 0.39979373832 600 8.42696629213
1890 0.00440463444965 0.330301519601 700 8.64197530864
1900 0.015981138211 0.032902390397 100 10.3092783505
1900 0.0123372579681 0.342369352244 200 8.81057268722
1900 0.00769595740605 0.519668191692 300 9.52380952381
1900 0.00699720558485 0.627550506716 400 7.64818355641
1900 0.00618585722782 0.493910807688 500 8.05152979066
1900 0.00514614287002 0.400814901175 600 8.40336134454
1900 0.00444605498929 0.333934167931 700 8.62068965517
1910 0.0165060602221 0.0639038084031 100 10.2040816327
1910 0.0123784925524 0.378341224639 200 8.73362445415
1910 0.00749984777946 0.549935311781 300 9.52380952381
1910 0.00779758711111 0.628626308819 400 7.56143667297
1910 0.00620037917445 0.493464743506 500 8.038585209
1910 0.00517312860926 0.402981179236 600 8.37988826816
1910 0.00442166164587 0.339067851419 700 8.62068965517
1920 0.0168406588241 0.141079618319 100 10.2040816327
1920 0.0122806838874 0.434092594906 200 8.73362445415
1920 0.0074437451381 0.590163697099 300 9.52380952381
1920 0.00773568651521 0.629136434331 400 7.56143667297
1920 0.00616265947744 0.490656700085 500 8.038585209
1920 0.00510709366321 0.398252306901 600 8.356545961
1920 0.00443166321476 0.33484096675 700 8.62068965517
1930 0.0168204907284 0.228016188827 100 10.2040816327
1930 0.0121216903106 0.489628693245 200 8.77192982456
1930 0.00743216240537 0.62999476894 300 9.52380952381
1930 0.00768169953308 0.628327000612 400 7.56143667297
1930 0.00612849073002 0.486638939985 500 8.05152979066
1930 0.0051134377596 0.391903133909 600 8.356545961
1930 0.0044424871989 0.328936749452 700 8.63131935882
1940 0.0166252800823 0.291111464001 100 10.2040816327
1940 0.0120294321062 0.53542732194 200 8.81057268722
1940 0.00738746470205 0.664541915346 300 9.52380952381
1940 0.00767037469615 0.625948877784 400 7.56143667297
1940 0.00613770169717 0.48516323145 500 8.05152979066
1940 0.00511200905873 0.390994610536 600 8.356545961
1940 0.00444260797681 0.330254814187 700 8.64197530864
1950 0.0165530967664 0.334742376179 100 10.2040816327
1950 0.0119588695556 0.575636963443 200 8.84955752212
1950 0.00729579956758 0.699322462104 300 9.49367088608
1950 0.0077038261403 0.624586623277 400 7.57575757576
1950 0.00619016393035 0.487320240914 500 8.038585209
1950 0.00512778409084 0.395420528389 600 8.36820083682
1950 0.00442608427186 0.337613510079 700 8.64197530864
1960 0.0167074977079 0.403738663899 100 10.101010101
1960 0.0120029785396 0.626747207363 200 8.88888888889
1960 0.00728618393601 0.733321177373 300 9.49367088608
1960 0.00767012770485 0.621346963321 400 7.57575757576
1960 0.00613521239114 0.482409134447 500 8.038585209
1960 0.00511379775103 0.389023381998 600 8.37988826816
1970 0.0173420797186 0.486679307121 100 9.43396226415
1970 0.0120203435314 0.676407704544 200 8.92857142857
1970 0.00729057455953 0.768521699942 300 9.43396226415
1970 0.00764395254579 0.616612741327 400 7.59013282732
1970 0.00613211437834 0.475321004345 500 8.05152979066
1970 0.00508805671936 0.379911126454 600 8.36820083682
1980 0.0209162046147 0.524608401558 100 8.0
1980 0.0115749332595 0.705722735833 200 9.00900900901
1980 0.00714416461896 0.796545792494 300 9.28792569659
1980 0.0077510864234 0.626498892266 400 7.59013282732
1980 0.00619539764493 0.496057414995 500 8.06451612903
1980 0.00516802824496 0.407601728383 600 8.36820083682
1990 0.0224915506972 0.48825145773 100 7.63358778626
1990 0.0109764156379 0.721413946974 200 9.04977375566
1990 0.00780927183495 0.810965173238 300 7.09219858156
1990 0.00757224833346 0.654062212641 400 7.59013282732
1990 0.00606991205357 0.550000043613 500 8.07754442649
1990 0.00502449675537 0.479541449017 600 8.36820083682
2000 0.0221684592499 0.412325226282 100 7.51879699248
2000 0.0101570103733 0.704887493431 200 9.09090909091
2000 0.00907079722685 0.783836219659 300 6.96055684455
2000 0.0071843023529 0.678339522483 400 7.60456273764
2000 0.00575389900964 0.61359437051 500 8.07754442649
2000 0.00472093727085 0.570119569947 600 8.37988826816
2010 0.020805192877 0.34506570042 100 7.57575757576
2010 0.00942567030842 0.666635636292 200 9.13242009132
2010 0.00907521298506 0.729605454908 300 6.94444444444
2010 0.00683096274324 0.684548666209 400 7.61904761905
2010 0.0054417286174 0.656955838254 500 8.06451612903
2010 0.00443795811191 0.638861921596 600 8.39160839161
2020 0.020221472077 0.425958619549 100 7.57575757576
2020 0.00924845954075 0.68904161175 200 9.17431192661
2020 0.00898703833425 0.732370280659 300 6.94444444444
2020 0.00676816871153 0.69716970178 400 7.61904761905
2020 0.00544308341913 0.673895781008 500 8.05152979066
2020 0.00438095400032 0.662842730985 600 8.39160839161
2030 0.020146338512 0.562076573291 100 7.63358778626
2030 0.00931898083771 0.763993835525 200 9.13242009132
2030 0.00913463377463 0.768281536774 300 6.94444444444
2030 0.00686565294812 0.711583823978 400 7.63358778626
2030 0.00549203703774 0.677808967216 500 8.05152979066
2030 0.00444975004892 0.660861906197 600 8.40336134454
2040 0.020331903461 0.690062358328 100 7.69230769231
2040 0.00936450703142 0.828722199565 200 9.13242009132
2040 0.00923332640155 0.796536858697 300 6.94444444444
2040 0.00691141021385 0.723929156567 400 7.61904761905
2040 0.00554654068326 0.680352978402 500 8.05152979066
2040 0.00451561710454 0.657225463448 600 8.41514726508
2050 0.0203359299326 0.799633510886 100 7.7519379845
2050 0.00932165978554 0.877752689205 200 9.13242009132
2050 0.00924270936822 0.81386593266 300 6.96055684455
2050 0.00691770127292 0.736286095576 400 7.61904761905
2050 0.00554907370422 0.689326685428 500 8.06451612903
2060 0.0200551496321 0.866773444567 100 7.93650793651
2060 0.00916139300535 0.900529287441 200 9.17431192661
2060 0.00912385297063 0.825432100773 300 6.99300699301
2060 0.00684396865623 0.756607010533 400 7.64818355641
2060 0.00548132014202 0.715171321459 500 8.09061488673
2070 0.0196198338828 0.912147882262 100 8.19672131148
2070 0.00896320095748 0.898865559667 200 9.3023255814
2070 0.00894490438383 0.831391166894 300 7.05882352941
2070 0.00669913670875 0.778067695564 400 7.70712909441
2070 0.00537709616724 0.744757269604 500 8.14332247557
2080 0.0185041102996 0.883972538541 100 8.62068965517
2080 0.00858313365166 0.829621009782 200 9.47867298578
2080 0.00850244020149 0.813078014933 300 7.14285714286
2080 0.00636874679267 0.797851937892 400 7.79727095517
2080 0.00511706734638 0.78869537369 500 8.21018062397
2090 0.0173263406323 0.761555571795 100 9.25925925926
2090 0.0081919891556 0.67653507647 200 9.70873786408
2090 0.00792725288688 0.739601634486 300 7.26392251816
2090 0.00593996114125 0.778678737485 400 7.90513833992
2090 0.00476449116356 0.802644964662 500 8.29187396352
2100 0.0163196665092 0.560071896549 100 9.90099009901
2100 0.00791362596568 0.43857772361 200 9.95024875622
2100 0.00729280107242 0.598224360891 300 7.38916256158
2100 0.00546912970543 0.695695293558 400 8.01603206413
2100 0.00437857648425 0.753614639737 500 8.38926174497
2110 0.0157968467011 0.310844008088 100 10.5263157895
2110 0.0078619812316 0.165514101856 200 9.95024875622
2110 0.00671234461314 0.417000404765 300 7.5
2110 0.00504695689806 0.561431154314 400 8.11359026369
2110 0.00402673956816 0.646070637074 500 8.47457627119
2120 0.0157271785181 0.0608322339972 100 10.989010989
2120 0.00788142838399 0.0907059084324 200 6.82593856655
2120 0.00624803943492 0.241125868506 300 7.55667506297
2120 0.00470736415647 0.411260405399 400 8.1799591002
2120 0.00373372106077 0.513698421131 500 8.51788756388
2130 0.0159436261655 0.140982755035 100 11.2359550562
2130 0.00843887492646 0.238724250708 200 6.6889632107
2130 0.0059936615907 0.121603736171 300 7.59493670886
2130 0.00449966252643 0.302150034497 400 8.19672131148
2130 0.00354797237323 0.409333134509 500 8.54700854701
2140 0.0160396814927 0.16290866821 100 11.3636363636
2140 0.00899378536679 0.187259958347 200 6.64451827243
2140 0.00602081627141 0.159484693005 300 7.61421319797
2140 0.00449594679143 0.332549010266 400 8.1799591002
2140 0.00352898627033 0.435577061092 500 8.54700854701
2150 0.0160022134698 0.152430150893 100 11.3636363636
2150 0.0091407849053 0.0908733199302 200 6.62251655629
2150 0.0061183975688 0.2329708191 300 7.61421319797
2150 0.00461228840526 0.394468806244 400 8.1466395112
2150 0.00356962937665 0.487393558973 500 8.56164383562
2160 0.0159236318783 0.122503607715 100 11.2359550562
2160 0.0093365217505 0.0423287815863 200 6.60066006601
2160 0.0062353508801 0.322688253804 300 7.59493670886
2160 0.00467638471698 0.468924399742 400 8.13008130081
2160 0.00363974237591 0.552261647809 500 8.56164383562
2170 0.0159500222737 0.143882957727 100 11.1111111111
2170 0.00935949892032 0.0918795167347 200 6.60066006601
2170 0.00622396378284 0.363995691398 300 7.57575757576
2170 0.00468477966023 0.501651267942 400 8.13008130081
2170 0.00366355710482 0.579903576303 500 8.54700854701
2180 0.0159813904175 0.177179635214 100 10.8695652174
2180 0.00937537139223 0.151135202721 200 6.57894736842
2180 0.00624133980731 0.405090124867 300 7.53768844221
2180 0.00468875328866 0.534069398535 400 8.11359026369
2190 0.0160258815497 0.226347779844 100 10.5263157895
2190 0.00936625876629 0.196610415012 200 6.55737704918
2190 0.00623405828901 0.434627694113 300 7.51879699248
2190 0.00469235930868 0.553974974746 400 8.0971659919
2200 0.0159048864517 0.17588428263 100 9.90099009901
2200 0.0095483664081 0.313852167618 200 6.53594771242
2200 0.0063650628579 0.523159724431 300 7.51879699248
2200 0.0047772288107 0.628365042616 400 8.06451612903
2210 0.0159709260795 0.148337097347 100 4.87804878049
2210 0.00958759884804 0.391929536378 200 6.51465798046
2210 0.00642137523834 0.578620570784 300 7.51879699248
2210 0.00476928173456 0.674590686685 400 8.03212851406
2220 0.0188907176038 0.0167004773542 100 4.67289719626
2220 0.00977161025894 0.485573100587 200 6.49350649351
2220 0.00651439803279 0.64642565095 300 7.4812967581
2220 0.00479383414773 0.72704385575 400 8.03212851406
2230 0.0198460259851 0.161709150825 100 4.6511627907
2230 0.00996881456467 0.576278766026 200 6.49350649351
2230 0.00663683685905 0.710388543602 300 7.44416873449
2230 0.0048405433065 0.778339743534 400 8.03212851406
2240 0.0200626439497 0.29487326149 100 4.6511627907
2240 0.0100654415868 0.645714421078 200 6.49350649351
2240 0.00673263653309 0.756629320632 300 7.42574257426
2240 0.00487954055279 0.813147458996 400 8.04828973843
2250 0.0202062902903 0.420258976029 100 4.6511627907
2250 0.0101166323216 0.70268521432 200 6.51465798046
2250 0.00674899072704 0.79951760636 300 7.42574257426
2250 0.0049202202511 0.847145742711 400 8.04828973843
2260 0.020350891603 0.535080206585 100 4.67289719626
2260 0.0101395819342 0.768388825923 200 6.49350649351
2260 0.0067921667164 0.84173737248 300 7.44416873449
2260 0.0049719511976 0.878634183727 400 8.06451612903
2270 0.0204776399966 0.654505759157 100 4.67289719626
2270 0.0102231708768 0.82556754813 200 6.49350649351
2270 0.00682576047275 0.880939198778 300 7.46268656716
2280 0.020575578824 0.755296932532 100 4.69483568075
2280 0.0102733271205 0.876643072777 200 6.51465798046
2280 0.00687100603187 0.914778193412 300 7.4812967581
2290 0.0206022324621 0.830740483357 100 4.7619047619
2290 0.0102845576214 0.917192451634 200 6.57894736842
2290 0.00688517209956 0.944059520371 300 7.5
2300 0.0205987344528 0.894200663243 100 4.85436893204
2300 0.0102985109068 0.946318741953 200 6.6889632107
2300 0.00687099972514 0.963445582841 300 7.57575757576
2310 0.0205822212474 0.93621311531 100 5.0
2310 0.010317284217 0.969302353523 200 6.82593856655
2310 0.00685332396281 0.979855537274 300 7.6726342711
2320 0.0198834457809 0.94112613207 100 5.18134715026
2320 0.00999081686394 0.961003336969 200 7.01754385965
2320 0.0066235385424 0.969388861795 300 7.83289817232
2330 0.0196751268354 0.940091783024 100 5.4347826087
2330 0.00988936202713 0.95741141617 200 7.24637681159
2330 0.00654993159687 0.964340112772 300 8.02139037433
2340 0.0196742960892 0.940202095903 100 5.74712643678
2340 0.00988885255125 0.957453297606 200 7.51879699248
2340 0.00654962095132 0.964359561879 300 8.24175824176
2350 0.0196744664508 0.940464218624 100 6.09756097561
2350 0.00988892895228 0.957587971445 200 7.8125
2350 0.00654967400835 0.964451691015 300 8.47457627119
2360 0.0196763308809 0.940760212383 100 6.49350649351
2360 0.00988986506283 0.957772681748 200 8.13008130081
2360 0.00655029251111 0.964598452998 300 8.72093023256
2370 0.0196787634561 0.941009443873 100 6.94444444444
2370 0.009891092277 0.957944969083 200 8.47457627119
2370 0.00655110170401 0.964743956374 300 8.98203592814
2380 0.0196817145148 0.941260610454 100 7.46268656716
2380 0.00989258055744 0.958128291155 200 8.84955752212
2380 0.00655208318388 0.964903271124 300 9.25925925926
2390 0.0196794923644 0.94108736688 100 8.06451612903
2390 0.00989149769752 0.957996882453 200 9.25925925926
2390 0.00655135845099 0.96478688108 300 9.55414012739
2400 0.0195760293238 0.934881847915 100 8.77192982456
2400 0.00983974129119 0.952748889981 200 9.70873786408
2400 0.00651010887479 0.963093016827 300 9.83606557377
2410 0.0184280484806 0.859977750341 100 9.43396226415
2410 0.00925869439015 0.877104489831 200 10.101010101
2410 0.00611891292389 0.886600678231 300 10.101010101
2420 0.0166528922475 0.577471556563 100 10.0
2420 0.0083453333415 0.591950928928 200 10.3626943005
2420 0.00552065305061 0.596115709652 300 10.3092783505
2430 0.0158308963621 0.225504534492 100 10.4166666667
2430 0.00791703276114 0.229488683934 200 10.582010582
2430 0.00525626671839 0.231068516151 300 10.4529616725
2440 0.0157089902853 0.0221828637664 100 10.6382978723
2440 0.00785398342346 0.0233808508651 200 10.582010582
2440 0.00524165297619 0.0212846386129 300 10.5263157895
2450 0.0157088143333 0.0241062254934 100 10.6382978723
2450 0.00785612410105 0.0251662966458 200 10.5263157895
2450 0.00524401672577 0.0231512968521 300 10.5633802817
2460 0.015708151455 0.0261136182996 100 10.6382978723
2460 0.00785414191469 0.0267981825688 200 10.4712041885
2460 0.00524515897982 0.0312888133314 300 10.6007067138
2470 0.0157083401491 0.0299647612806 100 10.5263157895
2470 0.00785409202093 0.0301412327472 200 10.4712041885
2470 0.00524234385747 0.0363043439978 300 10.6007067138
2480 0.0157086297493 0.0247286753485 100 10.5263157895
2480 0.00785404000433 0.0251123406703 200 10.5263157895
2490 0.0157082328871 0.0267315036874 100 10.4166666667
2490 0.00785403954648 0.0273376741317 200 10.5263157895
2500 0.0157083430829 0.0269938786025 100 10.5263157895
2500 0.00785417106369 0.0267579164514 200 10.4712041885
2510 0.0157086115438 0.032292178066 100 10.6382978723
2510 0.00785406012373 0.0345351266759 200 10.4166666667
2520 0.015708269086 0.0317164215623 100 10.6382978723
2520 0.00785594222298 0.0330592006935 200 10.4166666667
2530 0.015708306089 0.0165109091713 100 10.5263157895
2530 0.00786417535298 0.0149980302291 200 10.4166666667
2540 0.0157097883854 0.0249683643414 100 10.2040816327
2540 0.00787041463576 0.027274590929 200 10.4166666667
2550 0.015708432192 0.0341397528033 100 10.101010101
2550 0.007870790269 0.0427195503882 200 10.4712041885
2560 0.0157081600419 0.0293378874842 100 10.2040816327
2560 0.00786437886834 0.0383329719896 200 10.5263157895
2570 0.0157093980398 0.0179643116336 100 10.3092783505
2570 0.00785960672373 0.0178606678811 200 10.5263157895
2580 0.0157084198839 0.0386391944923 100 10.4166666667
2590 0.0157088393126 0.0172045382752 100 10.3092783505
2600 0.0157080810727 0.0220878033236 100 10.101010101
2610 0.0157139163441 0.0280135433912 100 10.0
2620 0.0157229143021 0.0241535331452 100 10.101010101
2630 0.0157286818087 0.0115589668203 100 10.3092783505
2640 0.015753892782 0.0555477599342 100 10.5263157895
2650 0.0157386141263 0.0524411117477 100 10.6382978723
2660 0.0157288331453 0.0608382055596 100 10.6382978723
