0 0.0157142390945 0.963095441516 100 11.6279069767
0 0.00785421483659 0.608762395516 200 12.0481927711
0 0.00579562224009 0.417549125769 300 10.2389078498
0 0.00777787869724 0.347287306737 400 10.2827763496
0 0.00618954504528 0.277876689025 500 10.3305785124
0 0.0051851431637 0.228028527704 600 10.7719928187
0 0.00445238526807 0.194420949753 700 11.1287758347
0 0.00196350271089 0.150271671141 800 10.781671159
10 0.0157096706089 0.815471486365 100 11.6279069767
10 0.00785400659792 0.543815651653 200 12.0481927711
10 0.00855721495149 0.406241474656 300 9.77198697068
10 0.00777380281801 0.314243561213 400 10.3092783505
10 0.0062001667879 0.251834521565 500 10.3092783505
10 0.00518821994313 0.208555538684 600 10.7913669065
10 0.00445122677395 0.178681174016 700 11.1464968153
10 0.00196352272384 0.136882780904 800 10.781671159
20 0.0157080284443 0.697694386265 100 11.7647058824
20 0.00785457559898 0.480185710795 200 11.9047619048
20 0.0100213020128 0.378405215876 300 9.61538461538
20 0.00777856879947 0.282403890449 400 10.3626943005
20 0.00623240835423 0.226902182742 500 10.3305785124
20 0.00519111710199 0.189642808223 600 10.8303249097
20 0.00445079552798 0.16351467391 700 11.1642743222
20 0.00196352130887 0.123567515296 800 10.7962213225
30 0.0157082850232 0.644017679329 100 11.7647058824
30 0.00785418613398 0.417010084731 200 11.4942528736
30 0.0103259482465 0.33481269753 300 9.61538461538
30 0.00776077517685 0.251375172869 400 10.4166666667
30 0.00623193166419 0.203189099542 500 10.3734439834
30 0.00519360842655 0.171600741557 600 10.8499095841
30 0.00444216650486 0.149305031888 700 11.1642743222
30 0.00196350831577 0.110832437636 800 10.8254397835
40 0.0157083063833 0.6127422395 100 11.9047619048
40 0.0078548455291 0.360115479189 200 11.0497237569
40 0.0103131950668 0.295221068403 300 9.61538461538
40 0.00772614648496 0.224284618819 400 10.4438642298
40 0.00620428680605 0.180854799208 500 10.4166666667
40 0.00517646406565 0.153094707518 600 10.889292196
40 0.00442559908151 0.133751922194 700 11.1642743222
40 0.00196349755972 0.0971247589072 800 10.854816825
50 0.0157082287592 0.556245034766 100 11.9047619048
50 0.00785708910323 0.301899263324 200 10.752688172
50 0.0103515444526 0.256350743441 300 9.6463022508
50 0.00772945622602 0.197151850341 400 10.4166666667
50 0.0062090828124 0.158985120482 500 10.4384133612
50 0.00518271025666 0.135102472257 600 10.9090909091
50 0.00436225237403 0.118326323233 700 11.0935023772
50 0.00196350433339 0.0837587112983 800 10.8843537415
60 0.0157082473132 0.485016168913 100 12.0481927711
60 0.00786120397609 0.242903906968 200 10.5263157895
60 0.0103573298265 0.218869078451 300 9.70873786408
60 0.00774207444358 0.170531938148 400 10.2827763496
60 0.00620530215279 0.137791244247 500 10.4821802935
60 0.00518491149988 0.117988791304 600 10.9489051095
60 0.00300621777379 0.0936389955503 700 10.8695652174
60 0.00196349848388 0.0713381817362 800 10.9140518417
70 0.0157105897411 0.428697467299 100 12.0481927711
70 0.00785401001877 0.219648879445 200 10.3092783505
70 0.0103639090702 0.199603183758 300 9.74025974026
70 0.00779641667817 0.149760489463 400 10.101010101
70 0.00621720605329 0.115478800177 500 10.5263157895
70 0.00519425436648 0.0950443178074 600 10.9689213894
70 0.00226153471622 0.0637402241581 700 10.7033639144
70 0.00196382975407 0.0558222348502 800 10.9439124487
80 0.0157168234027 0.390272691925 100 12.1951219512
80 0.00799593013728 0.207504938328 200 9.90099009901
80 0.0102996008144 0.180677573397 300 9.80392156863
80 0.00769586571446 0.129350938592 400 10.0250626566
80 0.00619336301836 0.0950030868735 500 10.5485232068
80 0.00515963144871 0.0749169840983 600 11.0091743119
80 0.00224445319037 0.0497374263846 700 10.6544901065
80 0.00196453126589 0.0447270398693 800 10.9739368999
90 0.0157137687328 0.388302179633 100 12.1951219512
90 0.0112862531958 0.249975362141 200 9.17431192661
90 0.0103095932438 0.17925172293 300 9.86842105263
90 0.00767010886543 0.126516284562 400 10.0
90 0.00619209497124 0.0927157256731 500 10.593220339
90 0.00517135901617 0.0719387685216 600 11.0294117647
90 0.00224479337555 0.0457367524671 700 10.6382978723
90 0.00196419538366 0.0424343371453 800 11.0041265475
100 0.0157087129742 0.3403512743 100 12.0481927711
100 0.0143896575005 0.249428322531 200 8.81057268722
100 0.0103645906108 0.166125896552 300 9.93377483444
100 0.00775433860039 0.124778889735 400 10.0
100 0.00622850353901 0.0991356486782 500 10.6157112527
100 0.00519682321369 0.0826583872724 600 11.0497237569
100 0.00224404353453 0.0512231786433 700 10.6544901065
100 0.00196349605672 0.0447591379529 800 11.0192837466
110 0.0157103837484 0.281247350363 100 11.3636363636
110 0.0155627965744 0.22823574618 200 8.73362445415
110 0.0103516057566 0.149410154732 300 9.96677740864
110 0.00778349068321 0.113530878145 400 10.0250626566
110 0.00622688777726 0.0925322845326 500 10.6382978723
110 0.0051834483667 0.0789000137981 600 11.0497237569
110 0.0022440631708 0.046522914219 700 10.6707317073
110 0.00196351020849 0.0393942187887 800 11.0344827586
120 0.0157086327515 0.147662913136 100 10.4166666667
120 0.0154339683067 0.156431896296 200 8.73362445415
120 0.01031328261 0.10554047858 300 10.0
120 0.00776039635755 0.0805722119444 400 10.0502512563
120 0.00621694533761 0.0670671117104 500 10.6609808102
120 0.0051707177559 0.0585102740592 600 11.0294117647
120 0.00224399944719 0.0306257392152 700 10.7033639144
120 0.00196353022144 0.0244169773106 800 11.0497237569
130 0.0157105957584 0.0836768005402 100 9.80392156863
130 0.0155487454953 0.120246700978 200 8.77192982456
130 0.0103340707234 0.0832206041434 300 9.96677740864
130 0.00778305159426 0.0619646936865 400 10.0755667506
130 0.00623548722825 0.0510017561401 500 10.6837606838
130 0.00518874863953 0.044361941765 600 10.9689213894
130 0.00224409506426 0.0193032019794 700 10.719754977
130 0.00196349543925 0.0151825451555 800 11.0497237569
140 0.0157220231617 0.0404557390813 100 9.34579439252
140 0.0155699243979 0.0884559209762 200 8.77192982456
140 0.0103472978607 0.0652304462636 300 9.80392156863
140 0.00778454907179 0.0492112058144 400 10.1265822785
140 0.00623747720647 0.0420617787204 500 10.7066381156
140 0.00386276266182 0.029146807434 600 10.7334525939
140 0.002244071715 0.0143488498563 700 10.752688172
140 0.00196352219354 0.0103265509739 800 11.0650069156
150 0.0157129000175 0.0388451951527 100 8.92857142857
150 0.0155681601059 0.0776604498632 200 8.81057268722
150 0.0103650845008 0.0597853177476 300 9.55414012739
150 0.00777503685717 0.0450718484484 400 10.152284264
150 0.00623390644523 0.0394997817621 500 10.7296137339
150 0.00267008760794 0.0154002947178 600 10.4895104895
150 0.00224404653779 0.0104558547058 700 10.7692307692
150 0.00196357174915 0.00654198880252 800 11.0650069156
160 0.0158504556526 0.0262857966083 100 8.26446280992
160 0.0155554269196 0.086042667578 200 8.84955752212
160 0.0103678147744 0.0636038514617 300 9.40438871473
160 0.00777337232339 0.0466866111416 400 10.1781170483
160 0.00622653682571 0.0399510804599 500 10.752688172
160 0.00261829053701 0.0118869725616 600 10.4166666667
160 0.00224401917973 0.00791300660802 700 10.7858243451
160 0.00196353295863 0.00423954746228 800 11.0650069156
170 0.022270698289 0.0970160964114 100 7.24637681159
170 0.0155525462902 0.0863119379112 200 8.92857142857
170 0.010326979473 0.0590233501836 300 9.375
170 0.0077722336551 0.0422523494417 400 10.2040816327
170 0.00623000749155 0.0345226251893 500 10.775862069
170 0.00261799891682 0.0111661059247 600 10.3986135182
170 0.00224400268778 0.00737565221008 700 10.8191653787
170 0.00196359939743 0.00387641921336 800 11.08033241
180 0.0281094614679 0.163882084405 100 6.89655172414
180 0.0155305247208 0.0866671547472 200 9.04977375566
180 0.0103476035922 0.0602559833035 300 9.40438871473
180 0.00777619191339 0.046306426063 400 10.2564102564
180 0.00622289175461 0.0392347996577 500 10.8225108225
180 0.00261815072145 0.0128321344067 600 10.4166666667
180 0.00224406391872 0.00847273745514 700 10.8527131783
180 0.00196358620988 0.0046624909211 800 11.08033241
190 0.0305199845543 0.16864575539 100 6.89655172414
190 0.0154889126255 0.0924690062887 200 9.17431192661
190 0.0103760709973 0.0724072184343 300 9.49367088608
190 0.00775595289825 0.0627958600258 400 10.3359173127
190 0.00619730237473 0.0575715769958 500 10.8932461874
190 0.00261842948652 0.0222063246388 600 10.4712041885
190 0.00224442992905 0.0140067901819 700 10.9034267913
190 0.00196410758232 0.00752856568011 800 11.0957004161
200 0.0311459042348 0.171832204495 100 7.09219858156
200 0.0154833921543 0.0929153482372 200 9.3896713615
200 0.0103804212533 0.0708427709055 300 9.6463022508
200 0.00777127454243 0.0607676819097 400 10.4712041885
200 0.00620247926909 0.055271983009 500 10.9649122807
200 0.00261824229332 0.0190985778632 600 10.5633802817
200 0.00224431157403 0.0120107231899 700 10.989010989
200 0.00196351287189 0.00646178012653 800 11.1420612813
210 0.0308709018487 0.176754355111 100 7.29927007299
210 0.015505118636 0.0855985944064 200 9.61538461538
210 0.0103704799839 0.0568271992143 300 9.80392156863
210 0.00778751527341 0.0441239462924 400 10.6100795756
210 0.00622385753841 0.0371343532631 500 11.0864745011
210 0.0026180756909 0.00998768062704 600 10.6571936057
210 0.0022439967761 0.00658116421943 700 11.0759493671
210 0.00196384438104 0.00366401463867 800 11.2044817927
220 0.0309056808523 0.175751560619 100 7.57575757576
220 0.0155392716273 0.0799460961721 200 9.80392156863
220 0.0103858208121 0.0467160695845 300 9.96677740864
220 0.00779036947416 0.0322697768895 400 10.752688172
220 0.00622818303618 0.0245360352399 500 11.1607142857
220 0.00261823967948 0.0100418814112 600 10.7719928187
220 0.00224406945227 0.0062367902606 700 11.1642743222
220 0.00196349968383 0.00279416152554 800 11.2676056338
230 0.0310157304792 0.171625811003 100 7.8125
230 0.0155504889541 0.0736104445065 200 10.0
230 0.0103701323446 0.0372942910682 300 10.1351351351
230 0.00779000233712 0.0217798522154 400 10.8991825613
230 0.00623148621716 0.0138126208684 500 11.2107623318
230 0.00261854230933 0.015142820548 600 10.8695652174
230 0.00224429152251 0.00897618805357 700 11.2359550562
230 0.00196393707993 0.00410764988096 800 11.315417256
240 0.0309436522304 0.164518714011 100 8.06451612903
240 0.0154924712077 0.0580544556647 200 10.0502512563
240 0.0102962019483 0.0208147253561 300 10.2739726027
240 0.00773888363003 0.0153417785178 400 11.0192837466
240 0.00547638373946 0.0214515759363 500 11.135857461
240 0.00261948204298 0.0311072502182 600 10.9489051095
240 0.00224513523181 0.0184003776102 700 11.3085621971
240 0.0019635263996 0.00929923710234 800 11.3636363636
250 0.0308927334104 0.157444000775 100 8.33333333333
250 0.0154898151651 0.0508461579964 200 10.0
250 0.0102867696214 0.0167745816334 300 10.4166666667
250 0.00773113837648 0.0203122606955 400 11.1420612813
250 0.0039660509731 0.0424877337896 500 10.9649122807
250 0.00262031744133 0.0355908529179 600 11.0294117647
250 0.00224556989402 0.0208190788077 700 11.3636363636
250 0.00196394464636 0.0107578555387 800 11.4285714286
260 0.030986832266 0.166654670894 100 8.62068965517
260 0.0156009393491 0.0717752828414 200 9.85221674877
260 0.0103332653559 0.0354607026483 300 10.5633802817
260 0.00777305899496 0.0245659818588 400 11.2676056338
260 0.00320794320006 0.0320030809366 500 10.8459869848
260 0.0026189777471 0.0214796433326 600 11.1317254174
260 0.00224468437911 0.0123372617273 700 11.4379084967
260 0.00196390347235 0.00657786988397 800 11.4942528736
270 0.0311385466158 0.194047149843 100 8.92857142857
270 0.0155676167799 0.108596919008 200 9.90099009901
270 0.0103693524236 0.0717984917904 300 10.752688172
270 0.00779625226072 0.0577099318866 400 11.396011396
270 0.00314351450665 0.019892812046 500 10.8695652174
270 0.00261808444406 0.0138975803761 600 11.214953271
270 0.00224405614636 0.00898586514832 700 11.5131578947
270 0.00196351045794 0.0046012335414 800 11.5774240232
280 0.0296764368022 0.368200832351 100 9.43396226415
280 0.0149133555886 0.310936868679 200 10.0502512563
280 0.00987106894389 0.283938436512 300 10.989010989
280 0.00740783018682 0.274769171282 400 11.5942028986
280 0.00317676134653 0.215043830877 500 10.9649122807
280 0.00264243273445 0.137987472879 600 11.3421550095
280 0.00226332784157 0.0832201187571 700 11.6086235489
280 0.00198064536941 0.0406147486006 800 11.6618075802
290 0.0264424571739 0.693783991118 100 10.101010101
290 0.0133616927892 0.67809759802 200 10.3092783505
290 0.00879292402992 0.667491082219 300 11.2359550562
290 0.00659510631219 0.665073937701 400 11.7994100295
290 0.00339237174645 0.563188835202 500 11.0864745011
290 0.00282101294869 0.360070777768 600 11.4942528736
290 0.00241107771838 0.214758861362 700 11.7252931323
290 0.00211111232807 0.105053429925 800 11.7820324006
300 0.0224073186775 0.944029144811 100 10.8695652174
300 0.0113400962608 0.958852831529 200 10.6382978723
300 0.00745065218903 0.961999630488 300 11.5384615385
300 0.00558350846314 0.964802953962 400 12.0481927711
300 0.00392700727639 0.82941199956 500 11.2359550562
300 0.00327052844863 0.529403309292 600 11.6504854369
300 0.00279019189888 0.315451027113 700 11.8644067797
300 0.0024437912115 0.15373967148 800 11.9047619048
310 0.0187465516158 0.866416612627 100 11.7647058824
310 0.0094760824891 0.890998389203 200 10.989010989
310 0.00623534250649 0.898338938052 300 11.8577075099
310 0.00467053651531 0.902450114281 400 12.3076923077
310 0.00470399361242 0.780172593346 500 11.3895216401
310 0.00392098587839 0.498442938614 600 11.811023622
310 0.00334666613851 0.296123798262 700 11.9863013699
310 0.0029284685296 0.145520822402 800 12.030075188
320 0.0166836499782 0.579054478635 100 12.5
320 0.00840653703766 0.582668949563 200 11.2994350282
320 0.00555522324197 0.588208619476 300 12.0967741935
320 0.00416064242507 0.588855458682 400 12.5
320 0.00540706050662 0.511027544947 500 11.5207373272
320 0.00450319115611 0.326590928157 600 11.9284294235
320 0.00385915734571 0.194921515906 700 12.0689655172
320 0.00336677592005 0.0973818470042 800 12.1212121212
330 0.0158256745465 0.232774284815 100 13.1578947368
330 0.00793004014092 0.226713418403 200 11.4942528736
330 0.00527406035865 0.225055502579 300 12.2950819672
330 0.00395344355912 0.223748040108 400 12.61829653
330 0.00596665481878 0.208102264821 500 11.6279069767
330 0.00497669848605 0.136274939582 600 12.0240480962
330 0.00427738448181 0.0849871208398 700 12.1107266436
330 0.00373125643394 0.048058229031 800 12.1951219512
340 0.0157196323378 0.0387751763623 100 13.698630137
340 0.0078562388103 0.0441102543995 200 11.6959064327
340 0.00523867139949 0.0469072705637 300 12.3966942149
340 0.00392992579617 0.0496098992915 400 12.6582278481
340 0.00620572941757 0.00987274002093 500 11.6822429907
340 0.00516427834725 0.00764047530426 600 12.0724346076
340 0.0044466110078 0.0125310671876 700 12.1107266436
340 0.00387091597604 0.0185221458155 800 12.2324159021
350 0.0157262749868 0.0546706798232 100 13.698630137
350 0.00785825935735 0.052545674467 200 11.7647058824
350 0.00523857073104 0.0541444668442 300 12.4481327801
350 0.00393070260199 0.0566642534443 400 12.61829653
350 0.00618192993494 0.0133988821261 500 11.7096018735
350 0.00515791371227 0.0089170492019 600 12.0724346076
350 0.00441015191403 0.0123523937907 700 12.0689655172
350 0.003867527864 0.0190031491932 800 12.2324159021
360 0.0157108487311 0.0218911754665 100 13.3333333333
360 0.00785404895563 0.0201714390103 200 11.8343195266
360 0.00523605870149 0.021336695602 300 12.4481327801
360 0.00394856218439 0.0233888266872 400 12.3839009288
360 0.00621382718575 0.0317442840789 500 11.7370892019
360 0.00518619813162 0.0261860639815 600 12.0724346076
360 0.00439829853824 0.022987334419 700 12.0481927711
360 0.00387853452548 0.0214197753143 800 12.1951219512
370 0.0157094018023 0.0161592826139 100 12.0481927711
370 0.00785402957181 0.0164087978999 200 11.8343195266
370 0.00523602015781 0.017199177232 300 12.5
370 0.00576783422285 0.0337821543183 400 11.7994100295
370 0.00621224458996 0.0349793418303 500 11.7647058824
370 0.00518911501664 0.0284821311086 600 12.0724346076
370 0.00443826435218 0.0251813314424 700 12.0481927711
370 0.00388985849783 0.0213546943964 800 12.0663650075
380 0.0157080742561 0.0237355597784 100 10.8695652174
380 0.00785407643034 0.0195337160493 200 11.8343195266
380 0.00523609553211 0.0211852206014 300 12.4481327801
380 0.00773202215775 0.0420811710415 400 11.4285714286
380 0.00621110947649 0.0322840890885 500 11.7924528302
380 0.00517537535221 0.0268190095792 600 12.0481927711
380 0.00445171202082 0.024674784989 700 12.0481927711
380 0.00388577879793 0.0217140680351 800 11.9225037258
390 0.015713041239 0.0197851752856 100 10.3092783505
390 0.00785415420676 0.0171349635342 200 11.8343195266
390 0.0052360927669 0.0191296583227 300 12.4481327801
390 0.00778406834003 0.0407581144272 400 11.2994350282
390 0.00621633054515 0.0313940717019 500 11.7647058824
390 0.00517896233971 0.0261128597143 600 12.0
390 0.00444950839765 0.0244345541047 700 12.0481927711
390 0.00387098608067 0.0225843402249 800 11.7994100295
400 0.0157121064261 0.0248297837709 100 10.101010101
400 0.00785408244675 0.0252941370824 200 11.7647058824
400 0.00523628260458 0.0273809718578 300 12.3966942149
400 0.00778947868445 0.0460878542846 400 11.2359550562
400 0.00621759852864 0.0340394860387 500 11.7647058824
400 0.00517978721427 0.02697679922 600 11.9521912351
400 0.00444197130598 0.0243506207266 700 12.0274914089
400 0.00388242659221 0.0226844544198 800 11.7130307467
410 0.0157094673673 0.0278764761169 100 10.0
410 0.00785414488868 0.0273658031962 200 11.7647058824
410 0.00523606084351 0.0289205583633 300 12.2950819672
410 0.00778494557441 0.0514242725113 400 11.2359550562
410 0.00622011670304 0.0372169461191 500 11.7647058824
410 0.00518563198534 0.028428913566 600 11.8577075099
410 0.00444146798884 0.0241497472383 700 12.0274914089
420 0.0157099421324 0.0490958295477 100 10.101010101
420 0.00785526185854 0.0471691044721 200 11.7647058824
420 0.00523620032614 0.0469481262124 300 12.2448979592
420 0.00772961691195 0.0635446601513 400 11.2359550562
420 0.00619912321048 0.0430745975791 500 11.7370892019
420 0.00516207910072 0.0293317712527 600 11.811023622
420 0.00442596723982 0.0229749069552 700 12.0274914089
430 0.0157098624156 0.0491785645956 100 10.3092783505
430 0.00785532451629 0.0463384918925 200 11.9047619048
430 0.00523892513165 0.045634702152 300 12.0967741935
430 0.00772393589652 0.0606667164136 400 11.3314447592
430 0.00620088252163 0.0415323708764 500 11.7924528302
430 0.00515553725802 0.0293371142624 600 11.811023622
430 0.00441106269087 0.0227902325956 700 12.0274914089
440 0.0157093294988 0.0442215299988 100 10.752688172
440 0.00785482129062 0.0403798473288 200 12.1951219512
440 0.00567007591634 0.0461140386974 300 11.9047619048
440 0.00774485474097 0.0563121204487 400 11.4613180516
440 0.00620786421105 0.0395601790882 500 11.8764845606
440 0.0051582285421 0.0298718300799 600 11.8811881188
440 0.00441251906304 0.0227481372342 700 12.0274914089
450 0.0157092637607 0.0442261727818 100 11.3636363636
450 0.00785446704244 0.0391138832967 200 12.5
450 0.00758477503917 0.0657113021691 300 11.6279069767
450 0.00774958382217 0.0559247745565 400 11.6279069767
450 0.00621027773195 0.0394611459676 500 12.0192307692
450 0.005177738852 0.0301379757134 600 11.9760479042
450 0.00443932205886 0.0220772560738 700 12.0274914089
460 0.0157103237341 0.0427423291674 100 12.0481927711
460 0.00785450388363 0.0348216145812 200 12.9032258065
460 0.00943242670109 0.0785809310231 300 11.5384615385
460 0.00776280612806 0.0553938289238 400 11.7994100295
460 0.00621117519444 0.0392097238394 500 12.1359223301
460 0.00520260034432 0.0298620715835 600 12.0967741935
460 0.00446499691382 0.0211571441144 700 12.0481927711
470 0.015708070402 0.0279915491529 100 12.6582278481
470 0.0078539890358 0.0230020873587 200 13.3333333333
470 0.0102879317666 0.0651091669677 300 11.583011583
470 0.00776601876207 0.0462839081451 400 11.9760479042
470 0.00621165171541 0.0357186137633 500 12.2549019608
470 0.00519570895017 0.0305673143798 600 12.2199592668
470 0.00445097408271 0.0250833539863 700 12.0689655172
480 0.0157118633234 0.0263242106036 100 13.3333333333
480 0.00785573586788 0.0338751939851 200 13.6054421769
480 0.0103297674593 0.0342342311375 300 11.583011583
480 0.00775348522241 0.0309446350796 400 12.1212121212
480 0.00620950883456 0.031122077373 500 12.3456790123
480 0.00518744724018 0.033477185435 600 12.3203285421
480 0.00439926374043 0.0338805269324 700 12.0481927711
490 0.0157145261263 0.0405698373446 100 13.698630137
490 0.00785792719056 0.046370630912 200 13.7931034483
490 0.0103230763422 0.0255462768041 300 11.583011583
490 0.00774001565741 0.0273410115324 400 12.1951219512
490 0.00620188203416 0.0305357449288 500 12.3762376238
490 0.00517563492095 0.0352074504071 600 12.3711340206
490 0.00439652628737 0.0380211736142 700 12.0068610635
500 0.0157121936894 0.0333219939831 100 13.8888888889
500 0.00785708301115 0.0374747173342 200 13.7931034483
500 0.0103672664954 0.0338082714186 300 11.6279069767
500 0.00775832199055 0.032096861085 400 12.2324159021
500 0.00619767920665 0.0319623822172 500 12.3456790123
500 0.00517750042526 0.0341415875667 600 12.3966942149
500 0.00442932720771 0.0356568736452 700 11.9250425894
510 0.015708481422 0.0174685338666 100 13.8888888889
510 0.0078548302581 0.021404753281 200 13.698630137
510 0.0103983197681 0.0489411419432 300 11.6279069767
510 0.00779205283247 0.038222631889 400 12.2324159021
510 0.00623590070054 0.0321698628942 500 12.2549019608
510 0.00519069247806 0.0302349385731 600 12.3966942149
520 0.0157080017542 0.0219743799883 100 13.8888888889
520 0.00785455253694 0.0248137170418 200 13.4228187919
520 0.010348256109 0.0561013219319 300 11.6279069767
520 0.00778286304326 0.0403605317103 400 12.1951219512
520 0.00622299446838 0.0305812694307 500 12.1654501217
520 0.00517983673791 0.0274979660896 600 12.3711340206
530 0.0157084859945 0.0301264540261 100 13.698630137
530 0.00810789845236 0.0332695114712 200 12.6582278481
530 0.0103320892351 0.0539436749046 300 11.6279069767
530 0.00776972010394 0.0398523567574 400 12.1580547112
530 0.00616182648092 0.0332316487589 500 12.1065375303
530 0.00515836045727 0.0292090372049 600 12.2699386503
540 0.0157081630693 0.0240424140222 100 13.698630137
540 0.0131609251726 0.0723747429965 200 11.3636363636
540 0.010344846436 0.0537194817741 300 11.673151751
540 0.00776125267205 0.0396351001123 400 12.1212121212
540 0.00622405564608 0.0335816687376 500 12.077294686
540 0.00519050185577 0.0275020675705 600 12.0481927711
550 0.01570845851 0.0287055105934 100 13.698630137
550 0.0155453646998 0.0851591029784 200 10.8695652174
550 0.0103391872959 0.0532071028033 300 11.673151751
550 0.00775145640095 0.0389362653673 400 12.084592145
550 0.00621687358889 0.033224791646 500 12.077294686
550 0.00517348493029 0.0277379339927 600 11.8811881188
560 0.0157083967519 0.0315001860038 100 13.698630137
560 0.0155487692657 0.0845198572722 200 10.6951871658
560 0.0103476429885 0.0526489283993 300 11.673151751
560 0.00774633521524 0.0383173970472 400 12.0481927711
560 0.00621410951239 0.0331868484248 500 12.1065375303
560 0.00516745766494 0.0292986117433 600 11.7416829746
570 0.0157082623225 0.0256245562386 100 13.5135135135
570 0.0156082365678 0.0838574422767 200 10.6382978723
570 0.0103829413012 0.0526517281435 300 11.71875
570 0.00778045260916 0.0377768429007 400 11.9760479042
570 0.00623011507912 0.0317508962885 500 12.1065375303
570 0.00518919634956 0.0277920867912 600 11.6279069767
580 0.0157082048201 0.0219226565185 100 13.3333333333
580 0.0155947500149 0.0818223987625 200 10.6382978723
580 0.0103934968198 0.0523954701623 300 11.673151751
580 0.00779017690226 0.0380066117175 400 11.8694362018
580 0.00623233456634 0.0317527397826 500 12.1065375303
590 0.0157092949331 0.0261092186673 100 12.8205128205
590 0.0155307608064 0.0796849487944 200 10.6951871658
590 0.0103844189787 0.0528917015926 300 11.673151751
590 0.00778587089478 0.0388502002126 400 11.7647058824
590 0.00622283717549 0.0343932651765 500 12.077294686
600 0.0159103061193 0.0222703780766 100 11.7647058824
600 0.015559142859 0.0792365072865 200 10.752688172
600 0.0103914787448 0.0532952160331 300 11.6279069767
600 0.00771445450921 0.0413924327183 400 11.6959064327
600 0.00620806693942 0.0344753900202 500 11.9904076739
610 0.0245193757761 0.123976807279 100 9.80392156863
610 0.0155327274767 0.0787239958602 200 10.752688172
610 0.0103797871046 0.0508179509914 300 11.6279069767
610 0.00778846495162 0.0394409408862 400 11.6618075802
610 0.00622906295809 0.029892866973 500 11.7647058824
620 0.0311540619248 0.159923631272 100 8.92857142857
620 0.0155473401449 0.0781788678656 200 10.8108108108
620 0.0103639137484 0.0517625728561 300 11.583011583
620 0.00780060387992 0.0412909707884 400 11.6959064327
620 0.0062247063693 0.0323276085567 500 11.5473441109
630 0.0311562754867 0.161492335764 100 8.69565217391
630 0.0155478358841 0.076604977103 200 10.8108108108
630 0.0103530487819 0.0494044336807 300 11.5384615385
630 0.00778229877096 0.0393031151141 400 11.6959064327
630 0.00620776626071 0.0320335715393 500 11.4155251142
640 0.0312161224927 0.161757645133 100 8.69565217391
640 0.0155764481729 0.0735789530671 200 10.8695652174
640 0.0103937244817 0.0448475131302 300 11.4942528736
640 0.00778191844366 0.0341074990352 400 11.7302052786
640 0.00623179681995 0.0274861270006 500 11.3122171946
650 0.0311880449763 0.15897640492 100 8.69565217391
650 0.0155772179616 0.073202991304 200 10.9289617486
650 0.0103856341176 0.0454367244204 300 11.4068441065
650 0.00778876130209 0.0344952811809 400 11.7647058824
650 0.00623153725115 0.0282771199467 500 11.1856823266
660 0.0310262452923 0.153227815089 100 8.84955752212
660 0.0155663886953 0.0672736035465 200 10.989010989
660 0.0103188140973 0.0381754135896 300 11.3636363636
660 0.00778197564198 0.0282687424644 400 11.7994100295
670 0.0309944248024 0.147616912108 100 9.09090909091
670 0.0155314680664 0.063704564878 200 11.1111111111
670 0.0103636089808 0.0373265332786 300 11.3636363636
670 0.00774453339284 0.029031451119 400 11.8694362018
680 0.0305016345892 0.253031472846 100 9.52380952381
680 0.0152647232696 0.186147237968 200 11.3636363636
680 0.0100117964651 0.164260973408 300 11.5384615385
680 0.00766873296617 0.154552010751 400 11.9402985075
690 0.026887467243 0.647901397505 100 10.101010101
690 0.0134349595396 0.623212725101 200 11.7647058824
690 0.00881847709845 0.61992888285 300 11.7647058824
690 0.00677968754958 0.614676190034 400 12.084592145
700 0.0222970614461 0.952803189053 100 10.8695652174
700 0.0111271568761 0.963981718411 200 12.1951219512
700 0.00733779551665 0.966994083312 300 12.0967741935
700 0.00558672763313 0.968888907338 400 12.2324159021
710 0.0184011061009 0.857482300006 100 11.6279069767
710 0.009181963471 0.865048317089 200 12.6582278481
710 0.00609046210048 0.867695727483 300 12.3966942149
710 0.00457477517538 0.870847676687 400 12.3456790123
720 0.0161311996367 0.386924945517 100 12.5
720 0.00806055573961 0.389389924004 200 13.0718954248
720 0.00536914955356 0.38801344044 300 12.6582278481
720 0.00402069577921 0.390137618637 400 12.3839009288
730 0.0157130879572 0.0371119782026 100 13.3333333333
730 0.00785693046626 0.0377875324847 200 13.4228187919
730 0.00523740434934 0.0348306226561 300 12.9310344828
730 0.00392699881035 0.0370471302054 400 12.3839009288
740 0.0157084169459 0.0203490494815 100 13.8888888889
740 0.00785483092091 0.0226100372619 200 13.6054421769
740 0.0052364555214 0.0219194432054 300 13.1004366812
740 0.00392805126829 0.0233431616055 400 12.3456790123
750 0.0157079832141 0.0133506678632 100 14.0845070423
750 0.00785455411229 0.0153175312085 200 13.6054421769
750 0.00523614748598 0.0137739054661 300 13.1578947368
750 0.0039272459765 0.0144534173459 400 12.2324159021
760 0.0157084534925 0.00289224328633 100 14.2857142857
760 0.00785465104122 0.0055775966344 200 13.4228187919
760 0.00523614450393 0.00804929763023 300 13.2158590308
760 0.0039272431882 0.0103372352789 400 12.0481927711
770 0.0157084361522 0.0250055814951 100 14.0845070423
770 0.00785573319873 0.0270024939522 200 13.0718954248
770 0.00523611779794 0.0291059835683 300 13.1578947368
780 0.0157083881764 0.0281635013915 100 13.8888888889
780 0.00785856209529 0.0289628742464 200 12.8205128205
780 0.00523614736421 0.0304350420071 300 13.0434782609
790 0.0157083777313 0.0311138543446 100 13.698630137
790 0.00785664922799 0.0310315491003 200 12.6582278481
790 0.0052362817741 0.0320618201034 300 12.7118644068
800 0.015707986769 0.0321450031436 100 13.3333333333
800 0.00785456385456 0.0327865778701 200 12.6582278481
800 0.00523677455427 0.0328232256845 300 12.1951219512
810 0.0157084281453 0.0320645498762 100 13.1578947368
810 0.00785444493766 0.0326079385675 200 12.6582278481
810 0.00523854339447 0.0336260949678 300 11.8577075099
820 0.0157084780025 0.0201734443633 100 12.8205128205
820 0.00785423539136 0.0176820690379 200 12.6582278481
820 0.00523623278904 0.0185795867897 300 11.6279069767
830 0.0157082224606 0.0197089997054 100 12.3456790123
830 0.00785398246743 0.0199351279987 200 12.6582278481
830 0.00523630925516 0.0214779170422 300 11.3636363636
840 0.0157119231997 0.016801342178 100 12.0481927711
840 0.00785398983358 0.0175115354658 200 12.6582278481
850 0.0157149438696 0.0167755821768 100 11.7647058824
850 0.00785425821763 0.0180837021569 200 12.5786163522
860 0.0157151477019 0.0184922413638 100 11.6279069767
860 0.00785524595838 0.0204010404998 200 12.2699386503
870 0.0157090556848 0.0332625542274 100 11.7647058824
870 0.00785489909525 0.0344954898005 200 11.7647058824
880 0.0157082721502 0.0378040160696 100 11.9047619048
880 0.00785779655897 0.036200175884 200 11.3636363636
890 0.0157082772721 0.0397832351637 100 12.0481927711
890 0.00785864242109 0.0395288454075 200 11.1111111111
900 0.0157083944631 0.0179325394873 100 12.3456790123
900 0.00785407412946 0.0193920024149 200 10.989010989
910 0.0157082365875 0.0248629159133 100 12.6582278481
910 0.00785420882452 0.0262617145209 200 10.8108108108
920 0.0157123232032 0.0545364037391 100 12.987012987
930 0.015709962125 0.0206229289701 100 13.3333333333
940 0.0157337344002 0.0705568930179 100 13.1578947368
950 0.0157084232005 0.0409409248497 100 12.0481927711
960 0.0157108363375 0.018477079221 100 10.989010989
970 0.015717341171 0.0288909254972 100 10.2040816327
980 0.0157088540919 0.0279637163873 100 9.70873786408
990 0.0157083843777 0.0244594039896 100 9.09090909091
