0 0.0157212450504 1.06114488603 100 5.78034682081
0 0.00866631359249 1.04428803691 200 6.36942675159
0 0.00848360915956 0.947807338367 300 6.7264573991
0 0.00766289504366 0.632172063002 400 6.90846286701
0 0.00410389498065 0.420212439384 500 6.29722921914
0 0.00333552725893 0.197550155984 600 6.74157303371
10 0.0157174589115 1.02968108993 100 6.09756097561
10 0.00874665384751 0.97963911046 200 6.45161290323
10 0.00823985267166 0.931091429872 300 6.84931506849
10 0.00775979284396 0.645574664476 400 7.01754385965
10 0.00425654616558 0.444045242497 500 6.36942675159
10 0.00342350920761 0.211052444465 600 6.80272108844
20 0.0160777541417 0.880380878115 100 6.36942675159
20 0.00879513371626 0.7729332355 200 6.47249190939
20 0.00770983494861 0.838498807844 300 6.94444444444
20 0.00722558353804 0.645361010831 400 7.11743772242
20 0.00464856723031 0.481390800737 500 6.43500643501
20 0.00364826354298 0.24610061244 600 6.84931506849
30 0.0176507289085 0.467623150154 100 6.62251655629
30 0.00850994777147 0.378801036731 200 6.53594771242
30 0.00690621921101 0.551307476587 300 7.04225352113
30 0.0063267264784 0.542566695359 400 7.20720720721
30 0.00533932304328 0.467716734767 500 6.50195058518
30 0.00401266546576 0.285285729838 600 6.88863375431
40 0.0202319824028 0.290479621493 100 6.84931506849
40 0.00826790366303 0.476980927452 200 6.57894736842
40 0.00657864170733 0.288450924838 300 7.07547169811
40 0.00545231381172 0.34725970384 400 7.29927007299
40 0.00608444152487 0.359283774763 500 6.55307994758
40 0.00415141751047 0.274052494745 600 6.90448791715
50 0.0210957496809 0.528055311522 100 7.04225352113
50 0.0082480970401 0.621477194775 200 6.60066006601
50 0.00731974512452 0.319408889365 300 7.05882352941
50 0.00518313899683 0.295699107446 400 7.35294117647
50 0.00621702252816 0.309131669265 500 6.60501981506
50 0.00377938638856 0.249240692854 600 6.89655172414
60 0.0210097146619 0.964676067832 100 7.09219858156
60 0.0082980194552 0.607293829703 200 6.62251655629
60 0.00818838021343 0.313467654835 300 6.99300699301
60 0.00519698063807 0.306847015827 400 7.40740740741
60 0.00622395872544 0.310429155553 500 6.6401062417
60 0.00355970460987 0.240421256588 600 6.88073394495
70 0.0210287136491 0.954523237107 100 7.14285714286
70 0.00832433593403 0.580388137129 200 6.64451827243
70 0.0082355668207 0.306636364493 300 6.94444444444
70 0.00521724329423 0.324185299862 400 7.42115027829
70 0.00622055891109 0.313280687744 500 6.66666666667
70 0.00350993937453 0.232210811852 600 6.87285223368
80 0.0208987985178 0.972997030723 100 7.14285714286
80 0.00832534740343 0.567958992555 200 6.6889632107
80 0.00823876465142 0.309745177688 300 6.92840646651
80 0.0052302828603 0.340934366653 400 7.43494423792
80 0.00622434853975 0.314050525892 500 6.68449197861
80 0.00349206836254 0.222409011269 600 6.86498855835
90 0.0205996560711 0.99981898466 100 7.14285714286
90 0.0083359809321 0.556918880542 200 6.71140939597
90 0.00823540383757 0.310082034959 300 6.94444444444
90 0.0051423631728 0.351959023829 400 7.43494423792
90 0.00622335705394 0.311094666554 500 6.70241286863
90 0.003500638538 0.210372239254 600 6.84931506849
100 0.0201828039258 1.06464553416 100 7.09219858156
100 0.00830578494241 0.565372892556 200 6.75675675676
100 0.00819065884147 0.316817092498 300 6.96055684455
100 0.00508451321274 0.359482017694 400 7.29927007299
100 0.00621630686235 0.306977936764 500 6.72947510094
100 0.00351398645142 0.200580983941 600 6.82593856655
110 0.0195633030514 1.07392578347 100 7.09219858156
110 0.00829414291008 0.539426016825 200 6.80272108844
110 0.00803701660443 0.317505916692 300 6.99300699301
110 0.00660574282352 0.377269915589 400 6.21118012422
110 0.00621211651221 0.312331476939 500 6.75675675676
110 0.00349874674489 0.196565946596 600 6.80272108844
120 0.0188471409185 1.06984867508 100 7.14285714286
120 0.00841415563475 0.499338529334 200 6.87285223368
120 0.00769022784823 0.323931479053 300 7.02576112412
120 0.00762941040926 0.393828125692 400 6.2015503876
120 0.00618122734765 0.310584212107 500 6.7842605156
120 0.00344252837847 0.185765545914 600 6.77966101695
130 0.0170878159672 0.69018740192 100 7.35294117647
130 0.00916169256754 0.381264962616 200 6.99300699301
130 0.00817609775018 0.417521268076 300 7.09219858156
130 0.00719958661393 0.482551324607 400 6.24024960998
130 0.00565918538443 0.310254972648 500 6.83994528044
130 0.00310706769383 0.155212568751 600 6.718924972
140 0.0157823429161 0.560226962993 100 7.57575757576
140 0.0106218828154 0.641953999941 200 7.14285714286
140 0.00924344373784 0.551229499678 300 7.17703349282
140 0.00619402286464 0.490123247674 400 6.29921259843
140 0.0049056604849 0.224488280224 500 6.8870523416
140 0.00273614132571 0.0817015862531 600 6.65926748058
150 0.015892250001 0.884365584086 100 7.69230769231
150 0.0118702774006 0.841465225904 200 7.24637681159
150 0.0101256157386 0.56663209171 300 7.24637681159
150 0.00551351641565 0.397336361119 400 6.33914421553
150 0.00439321946946 0.125014273282 500 6.93481276006
150 0.002636505585 0.0478324772435 600 6.58616904501
160 0.0161699284435 0.963800608085 100 7.69230769231
160 0.0122946014895 0.878782035706 200 7.29927007299
160 0.010397024795 0.536954055803 300 7.29927007299
160 0.00528489253572 0.332510286614 400 6.37958532695
160 0.00423917875387 0.0815586684801 500 6.95410292072
160 0.00262675256729 0.0490396895337 600 6.52883569097
170 0.0167627717718 0.983323912117 100 7.14285714286
170 0.012451015352 0.868408818535 200 7.27272727273
170 0.0103510555622 0.49857357488 300 7.35294117647
170 0.00523606452758 0.283966377681 400 6.42054574639
170 0.00410278823774 0.0966773143203 500 6.95410292072
180 0.0220237346539 0.975238805822 100 6.32911392405
180 0.0133818522997 0.813177478646 200 7.2202166065
180 0.0103449611606 0.446619944187 300 7.40740740741
180 0.00521842654325 0.238424978944 400 6.45161290323
180 0.00371169890879 0.147502912959 500 6.92520775623
190 0.0246238484917 0.922394815077 100 6.17283950617
190 0.0153448601873 0.747113992499 200 7.06713780919
190 0.0103809122482 0.407971398062 300 7.44416873449
190 0.0052433229479 0.212713532148 400 6.49350649351
190 0.00318446633334 0.178216512713 500 6.85871056241
200 0.0248073848727 0.384082284244 100 6.13496932515
200 0.0135874675028 0.512435898485 200 6.87285223368
200 0.0103767726063 0.250159114924 300 7.4812967581
200 0.00523815697883 0.0325187077213 400 6.51465798046
200 0.00314259606832 0.150910894535 500 6.81198910082
210 0.0249404265871 0.464980828196 100 6.17283950617
210 0.0135420002184 0.49185165053 200 6.80272108844
210 0.0104037828926 0.249942816181 300 7.5
210 0.00519633602983 0.00911408214402 400 6.53594771242
210 0.00314174483297 0.151463544777 500 6.80272108844
220 0.0247773506867 0.525494423096 100 6.21118012422
220 0.0136210672686 0.470460568569 200 6.80272108844
220 0.0103916247991 0.25961973959 300 7.51879699248
220 0.00523815457166 0.0037697016727 400 6.56814449918
220 0.00314192585463 0.14560764479 500 6.79347826087
230 0.0244597759258 0.57278382336 100 6.2893081761
230 0.013819333251 0.456559675498 200 6.82593856655
230 0.0101299473632 0.28443025872 300 7.51879699248
230 0.00533884839422 0.0087242482052 400 6.60066006601
230 0.00314461238599 0.13393570698 500 6.7842605156
240 0.0238703935783 0.610516229602 100 6.41025641026
240 0.0141223943423 0.455677863063 200 6.87285223368
240 0.0098980805736 0.327393681523 300 7.31707317073
240 0.0054698997482 0.0197767822755 400 6.63349917081
240 0.00315428453032 0.116090896468 500 6.76589986468
250 0.0230779431089 0.655703068256 100 6.49350649351
250 0.0147670286562 0.470448428732 200 6.92041522491
250 0.00904736328936 0.378595551923 300 5.95238095238
250 0.00564903072414 0.0451819850242 400 6.65557404326
250 0.00317494199569 0.0884074449442 500 6.73854447439
260 0.0226571635922 0.714841987327 100 6.57894736842
260 0.0154108266635 0.4860117642 200 6.94444444444
260 0.00798901922127 0.39325765738 300 5.92885375494
260 0.0057554568942 0.0591996900077 400 6.6889632107
260 0.00320236964039 0.0735114041321 500 6.68449197861
270 0.0223088404236 0.780498691993 100 6.66666666667
270 0.0145311440602 0.510071539442 200 6.96864111498
270 0.00787157742157 0.394391679098 300 5.94059405941
270 0.00584164215043 0.0655721604411 400 6.72268907563
270 0.00320434174078 0.0654834789795 500 6.50195058518
280 0.0220000882528 0.848093298201 100 6.75675675676
280 0.0142317812988 0.540131536482 200 7.01754385965
280 0.0079185012881 0.395683978779 300 5.97609561753
280 0.00592662711244 0.0696295766212 400 6.74536256324
280 0.00326536408312 0.0596688961958 500 6.37755102041
290 0.021826198067 0.913123356962 100 6.84931506849
290 0.0141425633586 0.564316282316 200 7.11743772242
290 0.00794560697994 0.390632633727 300 6.02409638554
290 0.00596774734798 0.0713863369891 400 6.77966101695
290 0.00318213165359 0.0569197768434 500 6.31313131313
300 0.0215656232238 0.95034390739 100 7.09219858156
300 0.0139736107303 0.595110162706 200 7.24637681159
300 0.0080449343469 0.40439765261 300 6.1099796334
300 0.00599292439394 0.0863641374827 400 6.83760683761
310 0.0206545645345 0.967563979748 100 7.40740740741
310 0.0133942658798 0.66717739546 200 7.46268656716
310 0.00841541515258 0.480449112867 300 6.19834710744
310 0.00618488368287 0.166988547458 400 6.90846286701
320 0.0193981987047 0.922941734655 100 7.7519379845
320 0.0124589521885 0.748400940228 200 7.69230769231
320 0.00903714825612 0.590925388885 300 6.3025210084
320 0.00652432476331 0.298485954851 400 6.98080279232
330 0.0178667685688 0.720179127865 100 8.13008130081
330 0.0111292038032 0.775459635246 200 7.90513833992
330 0.0099954216338 0.683143267291 300 6.41025641026
330 0.00701944997187 0.458456369679 400 7.04225352113
340 0.0170738008824 0.317870486427 100 8.26446280992
340 0.0096425835808 0.640780541752 200 8.0971659919
340 0.00971592296516 0.652352535148 300 6.50759219089
340 0.00727056057272 0.557401013523 400 7.06713780919
350 0.0184203741112 0.104067380994 100 8.13008130081
350 0.00897639546433 0.521802164675 200 8.2304526749
350 0.00909451908348 0.582974634059 300 6.57894736842
350 0.00669996885922 0.551496037103 400 7.04225352113
360 0.0208145505723 0.146061502408 100 7.7519379845
360 0.00888718848888 0.529474167135 200 8.33333333333
360 0.00901984683133 0.586423623209 300 6.62251655629
360 0.00629659392697 0.535128538003 400 6.99300699301
370 0.0208246469768 0.220794562586 100 7.51879699248
370 0.00887718228817 0.556788382878 200 8.36820083682
370 0.00903945491528 0.599553555472 300 6.65188470067
370 0.00623816298993 0.517058798941 400 6.96864111498
380 0.0208344047135 0.32021176013 100 7.40740740741
380 0.00888105222461 0.597832019074 200 8.33333333333
380 0.00902598608035 0.618409064326 300 6.66666666667
380 0.00621458633403 0.496982720583 400 6.93240901213
390 0.0207666175928 0.419253428905 100 7.35294117647
390 0.00869558698961 0.632991904629 200 8.19672131148
390 0.00897089191766 0.636670054372 300 6.68151447661
390 0.00624660866098 0.47784206949 400 6.88468158348
400 0.0206161948583 0.526460251734 100 7.29927007299
400 0.010299482552 0.679081179055 200 5.74712643678
400 0.00899732663101 0.656940794123 300 6.69642857143
400 0.00619641650725 0.456311508121 400 6.80272108844
410 0.0189819146512 0.616739581356 100 7.24637681159
410 0.0129971450657 0.718999462529 200 5.61797752809
410 0.00900068993003 0.677391619165 300 6.69642857143
410 0.00622858955421 0.43814834 400 6.6889632107
420 0.0179630500629 0.70327534334 100 7.19424460432
420 0.0133868182224 0.752818124193 200 5.60224089636
420 0.00900139452734 0.695480874934 300 6.71140939597
420 0.00618671266732 0.418289106486 400 6.38977635783
430 0.0179241971541 0.778428533875 100 7.24637681159
430 0.0135274036836 0.780670809877 200 5.6338028169
430 0.00899304271074 0.713032929021 300 6.7264573991
430 0.00617752935822 0.400416016427 400 6.23052959502
440 0.0179125997591 0.847627964602 100 7.35294117647
440 0.0135156276556 0.800919451795 200 5.69800569801
440 0.00906805171887 0.727570833193 300 6.74157303371
450 0.0175268790774 0.866989447258 100 7.57575757576
450 0.0132051481116 0.803357645767 200 5.76368876081
450 0.00930362275601 0.749140458053 300 6.7264573991
460 0.0163466987115 0.711288766277 100 7.87401574803
460 0.0120014797521 0.701801323975 200 5.84795321637
460 0.00959338061772 0.74964263215 300 6.71140939597
470 0.0157081735247 0.321498249028 100 8.19672131148
470 0.0104613617026 0.426906057131 200 5.95238095238
470 0.00959859392786 0.604964851271 300 6.71140939597
480 0.01624778785 0.133411084182 100 8.62068965517
480 0.00925437198523 0.0923711557102 200 6.06060606061
480 0.00907334475986 0.355801584734 300 6.7264573991
490 0.0166325612899 0.302967558496 100 8.92857142857
490 0.00893957510096 0.0153155702186 200 6.17283950617
490 0.00895678379306 0.269164431807 300 6.75675675676
500 0.016632501475 0.341260285014 100 9.25925925926
500 0.00896503730193 0.0141152756955 200 6.25
500 0.00900586651525 0.277251641889 300 6.78733031674
510 0.0165993626918 0.386924563335 100 9.43396226415
510 0.00896849321075 0.0448344256246 200 6.30914826498
510 0.00905062599282 0.291986001581 300 6.77200902935
520 0.016764675148 0.437856554759 100 9.34579439252
520 0.00893787130245 0.083228745194 200 6.34920634921
520 0.00903187554082 0.310356629638 300 6.74157303371
530 0.0168155196829 0.489355694742 100 8.19672131148
530 0.00893751458807 0.128621187596 200 6.36942675159
530 0.00905437016248 0.332552433581 300 6.66666666667
540 0.0164509197484 0.39057849713 100 4.60829493088
540 0.00918693051653 0.24252890795 200 6.41025641026
540 0.00933849523246 0.391972024621 300 6.59340659341
550 0.0195044845944 0.0204469156501 100 4.54545454545
550 0.00998131574506 0.478770595573 200 6.45161290323
550 0.0100284373122 0.485902032413 300 6.39658848614
560 0.0206037221916 0.200040736493 100 4.56621004566
560 0.0103721986323 0.598722478891 200 6.47249190939
560 0.0102962759356 0.50480218061 300 6.06060606061
570 0.0207790401117 0.300753998189 100 4.5871559633
570 0.010372475009 0.649398571074 200 6.45161290323
570 0.0100802174462 0.505222141926 300 5.859375
580 0.020806946477 0.414229202247 100 4.60829493088
580 0.0109755793899 0.702883560395 200 6.34920634921
590 0.0209148828195 0.520349536811 100 4.6511627907
590 0.0142322970936 0.745882732851 200 6.13496932515
600 0.021015661771 0.629416772099 100 4.67289719626
600 0.0155519025179 0.753948116259 200 5.9880239521
610 0.0210613071252 0.724842653662 100 4.69483568075
610 0.015549587108 0.75317288772 200 5.93471810089
620 0.021053700109 0.814056430235 100 4.73933649289
620 0.0155218036842 0.751986787783 200 5.89970501475
630 0.0213733739454 0.90011115591 100 4.80769230769
630 0.015408142075 0.741027603915 200 5.89970501475
640 0.0215057065935 0.944777995795 100 4.9504950495
640 0.015325973039 0.733725394689 200 5.95238095238
650 0.0213797634129 0.965404770612 100 5.15463917526
650 0.0153975876702 0.738738529577 200 6.07902735562
660 0.0210427216187 0.973166478573 100 5.40540540541
660 0.0155419026711 0.752517371007 200 6.23052959502
670 0.0209943907705 0.972412937891 100 5.71428571429
670 0.0155628751877 0.754313232086 200 6.4308681672
680 0.0209878864807 0.972524814577 100 6.06060606061
680 0.0155629356109 0.754656541912 200 6.64451827243
690 0.0209731358288 0.972283080339 100 6.45161290323
690 0.0155651623396 0.755190875141 200 6.87285223368
700 0.020965746238 0.9722090541 100 6.89655172414
700 0.0155656687769 0.755481117655 200 7.11743772242
710 0.0209617596774 0.972016719805 100 7.40740740741
710 0.0155655600339 0.755560770789 200 7.38007380074
720 0.0209174798729 0.972489216495 100 8.0
720 0.0155710934318 0.757807692181 200 7.63358778626
730 0.0203927476493 0.961976939606 100 8.69565217391
730 0.0153539673827 0.775171182594 200 7.93650793651
740 0.0192766440776 0.92770440142 100 9.34579439252
740 0.0146506121375 0.792396683501 200 8.16326530612
750 0.0173947079825 0.722366003277 100 10.101010101
750 0.0132226678254 0.734889028178 200 8.33333333333
760 0.015957901254 0.306869598587 100 10.5263157895
760 0.0114335922949 0.511937384485 200 8.33333333333
770 0.0157206507149 0.0725730304576 100 10.8695652174
770 0.0106924029277 0.391587704033 200 7.8431372549
780 0.0157088328296 0.0274224900651 100 10.8695652174
780 0.010379589933 0.411328268834 200 7.06713780919
790 0.0157095359414 0.0230532906621 100 10.5263157895
800 0.0167266440245 0.0460426427356 100 9.43396226415
810 0.0204272202487 0.152377047976 100 8.40336134454
820 0.0208023105523 0.246415213302 100 8.0
830 0.0208807226502 0.364485525387 100 7.69230769231
840 0.0209295789058 0.482114877443 100 7.35294117647
850 0.0210231196658 0.584070812908 100 6.94444444444
860 0.0209040921183 0.681654957317 100 6.13496932515
870 0.0207077425272 0.789405527434 100 5.20833333333
880 0.0217656616904 0.87514825812 100 4.8309178744
