0 0.0175952962122 0.931679305336 100 8.47457627119
0 0.00810776358722 0.981511358438 200 9.43396226415
0 0.00616310082999 0.579645611111 300 10.3806228374
0 0.00468753942698 0.232683583683 400 10.4438642298
0 0.00325205642908 0.12838180443 500 10.395010395
0 0.00264892259905 0.106784642524 600 10.3986135182
0 0.0023088098995 0.0881212001413 700 10.2489019034
0 0.00297875026059 0.11806693367 800 10.2564102564
10 0.0174376864305 0.872177944858 100 9.00900900901
10 0.00800419795413 0.936087723542 200 9.70873786408
10 0.00635516093919 0.508052672318 300 10.6761565836
10 0.00474227482056 0.183626983958 400 10.6382978723
10 0.00326841798306 0.126677008198 500 10.5485232068
10 0.00263597941661 0.114105066662 600 10.5263157895
10 0.0023587652062 0.0869453589156 700 10.3397341211
10 0.00304006397203 0.158168850299 800 10.3626943005
20 0.0171186510242 0.77119689444 100 9.52380952381
20 0.00789084333057 0.828117019892 200 10.0
20 0.00670791036252 0.379645925368 300 10.9489051095
20 0.00485228584448 0.116621002994 400 10.781671159
20 0.00331234470196 0.169757831151 500 10.6837606838
20 0.00262057985741 0.172679541506 600 10.6382978723
20 0.00247536451894 0.155952539553 700 10.4166666667
20 0.00315369870615 0.238643737004 800 10.4438642298
30 0.0169923052075 0.664002801727 100 10.101010101
30 0.00785846802731 0.73214416469 200 10.2040816327
30 0.00701568985054 0.274557593478 300 11.1940298507
30 0.00488902063775 0.098524068307 400 10.8991825613
30 0.00334456158466 0.215335935175 500 10.7991360691
30 0.00261882762199 0.221133958043 600 10.7334525939
30 0.00262196342097 0.216547992803 700 10.4790419162
30 0.00322832649728 0.292458166282 800 10.5263157895
40 0.0170228890204 0.58196047654 100 10.5263157895
40 0.00793293653333 0.647210933171 200 10.4166666667
40 0.00733490284169 0.181025937502 300 11.3636363636
40 0.00492225605962 0.114694718114 400 10.989010989
40 0.00335968307665 0.253229421732 500 10.8932461874
40 0.00262505135356 0.256718671493 600 10.8108108108
40 0.00277299821851 0.265480330458 700 10.5105105105
40 0.00327691613667 0.331599392233 800 10.5960264901
50 0.0168540720036 0.48836707812 100 10.989010989
50 0.00809425006666 0.520881138291 200 10.6382978723
50 0.00776105108538 0.068935368098 300 11.4942528736
50 0.00502465789456 0.197177760346 400 11.0192837466
50 0.00339565366407 0.323548525522 500 10.9409190372
50 0.00263204982067 0.321195835868 600 10.8499095841
50 0.0030040293191 0.340300418601 700 10.5263157895
50 0.00334766324159 0.386443702554 800 10.6666666667
60 0.0166792147047 0.387389711783 100 11.3636363636
60 0.00838877316712 0.386077102382 200 10.752688172
60 0.0080350278689 0.0493292606656 300 11.583011583
60 0.00511743542011 0.273968530351 400 11.0497237569
60 0.00348984018031 0.38830254422 500 10.9649122807
60 0.00264342928361 0.379426504877 600 10.889292196
60 0.00329955648431 0.408430662926 700 10.5263157895
60 0.00340970764194 0.434746193406 800 10.7095046854
70 0.0165708524268 0.457388999732 100 11.4942528736
70 0.0086393924371 0.33402404128 200 10.9289617486
70 0.00803067818897 0.094397730959 300 11.583011583
70 0.0050473608033 0.311314426616 400 11.0192837466
70 0.0033638459585 0.413182140089 500 10.9409190372
70 0.00264726498991 0.396367274923 600 10.889292196
70 0.00355484425277 0.433729854868 700 10.5263157895
70 0.00342056358081 0.450108135255 800 10.752688172
80 0.0160906880943 0.416877706021 100 11.4942528736
80 0.0091237303083 0.201675116579 200 11.0497237569
80 0.00804848549958 0.181750903289 300 11.5384615385
80 0.005004338296 0.37602486929 400 11.0192837466
80 0.00326424118815 0.465048073482 500 10.8932461874
80 0.00266793096173 0.448524824427 600 10.8695652174
80 0.00385304586725 0.488862154091 700 10.5263157895
80 0.00350111199794 0.486932928117 800 10.781671159
90 0.0158040090445 0.378325006232 100 11.4942528736
90 0.0097471781765 0.0763503156288 200 11.2359550562
90 0.00801419232807 0.251273581687 300 11.4942528736
90 0.00489824504898 0.432455237784 400 10.989010989
90 0.0033054630194 0.505978031214 500 10.8932461874
90 0.00268760114065 0.491090860511 600 10.8108108108
90 0.00404577948442 0.527858682687 700 10.5421686747
90 0.00357930523963 0.513289899354 800 10.8108108108
100 0.015711102115 0.362474159686 100 11.2359550562
100 0.0104512794897 0.0665865801589 200 11.4285714286
100 0.00811037050282 0.329840112065 300 11.4068441065
100 0.00492554832118 0.489257899206 400 10.989010989
100 0.00334265577877 0.552936379509 500 10.8932461874
100 0.00279492646192 0.542221782872 600 10.7334525939
100 0.00415147082196 0.568378271511 700 10.5421686747
100 0.00367602075146 0.537240149836 800 10.8254397835
110 0.0159525118308 0.353423152992 100 10.752688172
110 0.0111646872766 0.178035860589 200 11.5606936416
110 0.00799862478878 0.385679258186 300 11.320754717
110 0.00499706848892 0.530158485265 400 10.989010989
110 0.0033258105629 0.585137554754 500 10.8695652174
110 0.00306935536702 0.581472617223 600 10.6571936057
110 0.0042308169365 0.590045267575 700 10.5580693816
110 0.00365833660199 0.547510110459 800 10.8254397835
120 0.0163439386001 0.274689019905 100 10.4166666667
120 0.0120143056652 0.288951237662 200 11.6959064327
120 0.00794635366277 0.441524696714 300 11.2359550562
120 0.00493093546079 0.573389934144 400 10.9589041096
120 0.0033437818356 0.618232707507 500 10.8459869848
120 0.00335673947195 0.626301981552 600 10.582010582
120 0.00431147902331 0.608942793243 700 10.5580693816
120 0.00351950776644 0.55652354544 800 10.7962213225
130 0.0173607779823 0.0967750046148 100 10.2040816327
130 0.0130912802137 0.409003421612 200 11.6959064327
130 0.00798122679351 0.495324809758 300 11.1111111111
130 0.00497676559403 0.611302532167 400 10.9289617486
130 0.00341593679243 0.653555741494 500 10.8225108225
130 0.00381231872394 0.674777374097 600 10.5078809107
130 0.00442922083385 0.621203257417 700 10.5740181269
130 0.00333940803641 0.559236778017 800 10.7671601615
140 0.0186818159799 0.0838795545784 100 10.101010101
140 0.0139222177276 0.473706576745 200 11.6959064327
140 0.00809711175418 0.534579274037 300 10.989010989
140 0.00501358659628 0.639248765025 400 10.8991825613
140 0.00347982889435 0.677287890626 500 10.7991360691
140 0.0042548811071 0.703974273591 600 10.4166666667
140 0.00443843218812 0.620528503524 700 10.5900151286
140 0.00311504148461 0.561850489555 800 10.7382550336
150 0.019664136879 0.228275215737 100 10.2040816327
150 0.0141757636291 0.512870106312 200 11.6279069767
150 0.00809327147627 0.573220562136 300 10.8695652174
150 0.00506997932443 0.671188344086 400 10.8108108108
150 0.00350183971353 0.699792139202 500 10.752688172
150 0.00464520803871 0.719274323233 600 10.3806228374
150 0.00441366465773 0.619454796043 700 10.62215478
150 0.00297663071997 0.570705932824 800 10.7382550336
160 0.0202285553851 0.317390114052 100 10.3092783505
160 0.0137769155449 0.535956988763 200 11.4942528736
160 0.0077498887655 0.613620155736 300 10.8303249097
160 0.00460154767299 0.704406094282 400 10.752688172
160 0.00345907702191 0.715207456543 500 10.7296137339
160 0.00489412342934 0.725561373683 600 10.3626943005
160 0.00443858282887 0.626647438039 700 10.6382978723
160 0.00287988346199 0.596521094721 800 10.7382550336
170 0.0203701944151 0.349885120817 100 10.6382978723
170 0.0130787242402 0.566523175284 200 11.4285714286
170 0.00718566407205 0.671579259094 300 10.7913669065
170 0.00435026055373 0.738959939357 400 10.6951871658
170 0.00336241377892 0.721274387518 500 10.6837606838
170 0.00498208876544 0.724543487161 600 10.3626943005
170 0.00434552992929 0.642351618289 700 10.6870229008
170 0.00279334031773 0.635108672835 800 10.7382550336
180 0.0207249658958 0.425154277897 100 10.989010989
180 0.0124537530418 0.623499773714 200 11.3636363636
180 0.00674673044005 0.729121648003 300 10.8303249097
180 0.00424502278982 0.764550853872 400 10.7238605898
180 0.00329897920723 0.71994427084 500 10.6382978723
180 0.00490111511413 0.721603235447 600 10.3806228374
180 0.00424626785367 0.656688195417 700 10.719754977
180 0.0028012370954 0.665848822906 800 10.7382550336
190 0.0207917938108 0.500195819299 100 11.4942528736
190 0.0119312338289 0.683119909756 200 11.4285714286
190 0.00645333984747 0.782251702982 300 10.8695652174
190 0.00411929738361 0.778756247448 400 10.781671159
190 0.00334689404459 0.709537021808 500 10.6157112527
190 0.00477142039007 0.715099722892 600 10.4166666667
190 0.004136401259 0.666119094591 700 10.7692307692
190 0.00300219510091 0.688092554719 800 10.7095046854
200 0.0205361971182 0.52044011983 100 12.1951219512
200 0.0111432878038 0.728645095016 200 11.4942528736
200 0.00618486219325 0.807470333975 300 10.989010989
200 0.00399668642546 0.763282216939 400 10.8401084011
200 0.00343021980317 0.672927690822 500 10.593220339
200 0.00460043571837 0.688945434942 600 10.4712041885
200 0.0039111412862 0.663021254274 700 10.8024691358
200 0.00324048125248 0.693528802611 800 10.6951871658
210 0.0207598358168 0.576347546094 100 12.8205128205
210 0.0106333594847 0.766930344411 200 11.6279069767
210 0.00591820007705 0.825808509309 300 11.0701107011
210 0.00394916378733 0.743735733579 400 10.8991825613
210 0.00349700602408 0.646507390365 500 10.593220339
210 0.00448466933564 0.669136218156 600 10.5448154657
210 0.00364208927939 0.660207732829 700 10.8191653787
210 0.00338216296297 0.692249964332 800 10.6666666667
220 0.021141949366 0.666229622922 100 13.3333333333
220 0.0100740737447 0.825781094026 200 11.5606936416
220 0.00567197007783 0.841091926367 300 11.1524163569
220 0.00393086437284 0.721442348634 400 10.9589041096
220 0.00361275023879 0.624169047844 500 10.5708245243
220 0.00437903364247 0.655170532969 600 10.582010582
220 0.00335810194529 0.659726887069 700 10.8359133127
220 0.00375060983905 0.687311353598 800 10.6241699867
230 0.0209320901467 0.645188689016 100 13.5135135135
230 0.00936737008193 0.812793040023 200 11.4942528736
230 0.00541034176025 0.780594784905 300 11.1524163569
230 0.00393983968801 0.608901977117 400 10.9589041096
230 0.00367797765446 0.51451385438 500 10.5042016807
230 0.00413715122937 0.572814641071 600 10.6382978723
230 0.00289557701154 0.613421250214 700 10.8191653787
230 0.00382716489834 0.633196726887 800 10.5401844532
240 0.020563114 0.625573337017 100 13.5135135135
240 0.00887087234475 0.777272072168 200 11.2994350282
240 0.00529313241085 0.681814873759 300 11.1111111111
240 0.00399723378795 0.467938021907 400 10.9289617486
240 0.00378216977546 0.391409805213 500 10.4384133612
240 0.00391007202597 0.481270469555 600 10.6571936057
240 0.00254448048892 0.545160846407 700 10.8024691358
240 0.00373586784563 0.555856406498 800 10.4712041885
250 0.0195776515546 0.633605074192 100 12.987012987
250 0.0084211509219 0.717710423461 200 11.1111111111
250 0.00523820140824 0.562132160731 300 10.9489051095
250 0.00409711180034 0.31499327189 400 10.8401084011
250 0.00394003675374 0.27308065241 500 10.3734439834
250 0.0037080092003 0.390264255405 600 10.6761565836
250 0.00237218718755 0.463625499736 700 10.7858243451
250 0.00387324239703 0.47273251905 800 10.4031209363
260 0.0181944384797 0.631053437237 100 12.3456790123
260 0.0080012561225 0.623700861841 200 10.8695652174
260 0.00549224249077 0.398928282036 300 10.7142857143
260 0.00424982905052 0.14420423072 400 10.6951871658
260 0.00408675376529 0.155668259486 500 10.2880658436
260 0.00353226408197 0.297195911042 600 10.6571936057
260 0.00230494025008 0.364958946937 700 10.752688172
260 0.00381302418008 0.383499920553 800 10.3492884864
270 0.0167980843381 0.539042913069 100 11.4942528736
270 0.00788229042006 0.411905071205 200 10.6382978723
270 0.00576029887813 0.138513377118 300 10.5633802817
270 0.00448249492796 0.102599671712 400 10.498687664
270 0.00392781062244 0.0473886244635 500 10.2249488753
270 0.00331606667881 0.146045369304 600 10.6382978723
270 0.00228142866174 0.200675547949 700 10.6707317073
270 0.00345289151227 0.248775193158 800 10.296010296
280 0.0159961130854 0.42725859072 100 10.8695652174
280 0.00803062872119 0.196449592353 200 10.4166666667
280 0.00621732589335 0.0955097106245 300 10.4166666667
280 0.004284861201 0.29782953158 400 10.2564102564
280 0.00373109840797 0.171597148152 500 10.162601626
280 0.0030971647231 0.0610335029478 600 10.582010582
280 0.00248896662565 0.0885182384406 700 10.4947526237
280 0.00309330008801 0.148872327 800 10.2171136654
290 0.0157100875631 0.236452747334 100 10.3092783505
290 0.00850821312572 0.0584856264477 200 10.2564102564
290 0.00672188136507 0.328004801697 300 10.3092783505
290 0.00418388606401 0.480868199708 400 10.0502512563
290 0.00353058617349 0.307302687286 500 10.1419878296
290 0.00277794886272 0.139713226306 600 10.5078809107
290 0.00267269405669 0.119282881925 700 10.3550295858
290 0.00280022517071 0.0629378317586 800 10.165184244
300 0.0160132965346 0.01418778335 100 9.90099009901
300 0.00910528655482 0.305030510259 200 10.152284264
300 0.00714598752017 0.523140986705 300 10.2389078498
300 0.00409442718619 0.621382734596 400 9.92555831266
300 0.00338687308474 0.422611767687 500 10.1419878296
300 0.00263601944458 0.268260040855 600 10.4529616725
300 0.00300698345814 0.237037563396 700 10.2189781022
300 0.00256917543062 0.105646434088 800 10.1137800253
310 0.0164305394102 0.231335745268 100 9.61538461538
310 0.00958610963578 0.504310438409 200 10.101010101
310 0.00747143449417 0.662363348134 300 10.2040816327
310 0.00403271328479 0.714206054905 400 9.85221674877
310 0.00328754740232 0.504942072782 500 10.183299389
310 0.0027195455962 0.374316543434 600 10.4347826087
310 0.00322535765248 0.322655970889 700 10.1302460203
310 0.00255560326375 0.167237903725 800 10.0250626566
320 0.016638482552 0.337319634677 100 9.52380952381
320 0.00965869530203 0.591753766459 200 10.0502512563
320 0.00757168707754 0.718845401321 300 10.2040816327
320 0.00395973876338 0.739289892312 400 9.82800982801
320 0.00326348901964 0.519242021991 500 10.2249488753
320 0.00283132743169 0.412918016714 600 10.4347826087
320 0.00322842613337 0.335969234759 700 10.101010101
320 0.00308589056411 0.177837915527 800 9.93788819876
330 0.0167779038234 0.353817453761 100 9.52380952381
330 0.0102507436574 0.610695868856 200 10.0
330 0.00748865786933 0.732886882019 300 10.2040816327
330 0.00397098329562 0.721761723364 400 9.82800982801
330 0.00327888115858 0.490100219076 500 10.2880658436
330 0.00284163455464 0.400481412756 600 10.4712041885
330 0.00328310802877 0.300920662488 700 10.101010101
330 0.00328601240536 0.152476618799 800 9.90099009901
340 0.0169630998108 0.353347748431 100 9.52380952381
340 0.0105558096482 0.609371937501 200 10.0
340 0.007379582721 0.735460480422 300 10.2040816327
340 0.00406553852994 0.685348288702 400 9.85221674877
340 0.00331830417192 0.446134082881 500 10.3519668737
340 0.0028070958067 0.373434362536 600 10.4895104895
340 0.00334503675077 0.252320529888 700 10.101010101
340 0.0033270854507 0.119143165409 800 9.90099009901
350 0.0171151244161 0.346709535559 100 9.61538461538
350 0.0102819998558 0.602415598206 200 10.0502512563
350 0.0072119303737 0.734675727096 300 10.1694915254
350 0.00418410905495 0.636807094183 400 9.87654320988
350 0.00337454289871 0.395499318058 500 10.4166666667
350 0.00272841086115 0.33831251805 600 10.5078809107
350 0.00335419222674 0.202546408558 700 10.1156069364
350 0.00337059271504 0.088758063602 800 9.91325898389
360 0.0172389495174 0.384454196793 100 9.70873786408
360 0.0102341014347 0.628017403475 200 10.101010101
360 0.00693018315819 0.751377663243 300 10.101010101
360 0.00421938956952 0.605513906595 400 9.92555831266
360 0.00340847292279 0.365675783594 500 10.4821802935
360 0.00264644068765 0.323187656231 600 10.4895104895
360 0.00325534789483 0.173042677886 700 10.1156069364
360 0.00332341518007 0.0753896251322 800 9.92555831266
370 0.0169611941922 0.365961527483 100 9.90099009901
370 0.0102199856957 0.618786973265 200 10.152284264
370 0.00623416577077 0.742387915045 300 10.0334448161
370 0.00430221943806 0.543149290588 400 9.97506234414
370 0.00344211658398 0.303542103106 500 10.5042016807
370 0.00270993913653 0.268062215264 600 10.4166666667
370 0.00322210839542 0.122864447161 700 10.1156069364
370 0.00329051706653 0.0672357072149 800 9.93788819876
380 0.0168857856045 0.342286427279 100 10.0
380 0.0101083411824 0.601186571857 200 10.2040816327
380 0.00575499657266 0.720942156655 300 9.96677740864
380 0.00438803430292 0.46981249462 400 10.0250626566
380 0.00338041709004 0.236372432127 500 10.5042016807
380 0.00291067983735 0.201110694256 600 10.3626943005
380 0.00322123215939 0.0851249918974 700 10.1302460203
380 0.00330210729636 0.084941458791 800 9.95024875622
390 0.0169215551543 0.312876701823 100 10.2040816327
390 0.00991019759975 0.579089452714 200 10.3092783505
390 0.00543819465242 0.687639477658 300 9.93377483444
390 0.00448220775732 0.394761504442 400 10.101010101
390 0.00331440308017 0.172474042941 500 10.5263157895
390 0.00339052135549 0.13335458488 600 10.3092783505
390 0.00323471591069 0.0786541708544 700 10.1302460203
390 0.00336285662252 0.112541768609 800 9.96264009963
400 0.0168559698054 0.306893845628 100 10.3092783505
400 0.00974497284161 0.575728276425 200 10.3626943005
400 0.00527065161865 0.651623953759 300 9.90099009901
400 0.00455852843644 0.328484959857 400 10.1781170483
400 0.00322539408478 0.122887039084 500 10.5485232068
400 0.00386115190396 0.0856188706747 600 10.2564102564
400 0.00323226752624 0.100870768711 700 10.1302460203
400 0.00342508054098 0.136645715883 800 9.98751560549
410 0.0169429357411 0.352593518625 100 10.4166666667
410 0.00967006628921 0.610715962787 200 10.4166666667
410 0.00526767089243 0.640253088165 300 9.86842105263
410 0.00457417529923 0.296233615622 400 10.2564102564
410 0.00316213211492 0.108026124375 500 10.5708245243
410 0.00429896420976 0.0705882623365 600 10.2040816327
410 0.00329593135563 0.115035072711 700 10.071942446
410 0.00346906208062 0.145338295905 800 10.0250626566
420 0.0166938401889 0.397121986483 100 10.5263157895
420 0.0096283105664 0.648678344523 200 10.4712041885
420 0.005382254407 0.624131888566 300 9.86842105263
420 0.00458094820106 0.269984531848 400 10.3626943005
420 0.00315411330473 0.0976021303705 500 10.593220339
420 0.00441816496424 0.0587333055327 600 10.1694915254
420 0.00391262185183 0.124821543384 700 10.0
420 0.00353515491238 0.152283412387 800 10.0502512563
430 0.017072684688 0.407605508594 100 10.4166666667
430 0.0094886025225 0.652081811397 200 10.5263157895
430 0.00565426714335 0.566003439895 300 9.86842105263
430 0.00463365171375 0.210295754268 400 10.4438642298
430 0.00315319664403 0.0644757548883 500 10.6382978723
430 0.00450456411915 0.06770519291 600 10.1694915254
430 0.00434303438558 0.148574010709 700 9.9573257468
430 0.00361159542298 0.169475540304 800 10.0882723834
440 0.0177130944053 0.3818972266 100 10.3092783505
440 0.00923032339397 0.617880005814 200 10.5263157895
440 0.00606382966149 0.460698501202 300 9.90099009901
440 0.00477248120391 0.113634490107 400 10.498687664
440 0.00314730314235 0.0503145560015 500 10.6609808102
440 0.00464881831764 0.125555793517 600 10.1694915254
440 0.00443799105782 0.18925602375 700 9.92907801418
440 0.00371215106937 0.195699588014 800 10.1137800253
450 0.0171680219392 0.332086601156 100 10.3092783505
450 0.00893295094898 0.564566646275 200 10.4166666667
450 0.00654076722033 0.328431641702 300 9.93377483444
450 0.00497354933486 0.0187243855551 400 10.582010582
450 0.00316526279218 0.120516166121 500 10.6837606838
450 0.00474662143474 0.196842929948 600 10.1694915254
450 0.00437166771651 0.23028580035 700 9.92907801418
450 0.00382037771295 0.218349000505 800 10.1394169835
460 0.0168804816587 0.31855509327 100 10.3092783505
460 0.00860339864227 0.53195152559 200 10.2564102564
460 0.00675077632035 0.219202070888 300 9.93377483444
460 0.00513013688501 0.0830783561097 400 10.6382978723
460 0.00328412196828 0.184713035707 500 10.6157112527
460 0.00467522621132 0.245959659035 600 10.152284264
460 0.0043548243054 0.253033395692 700 9.92907801418
460 0.00384922676621 0.228870707654 800 10.1781170483
470 0.0171234918303 0.374344431915 100 10.3092783505
470 0.00807733466742 0.545952960353 200 10.0502512563
470 0.00680778857363 0.168207576855 300 9.96677740864
470 0.00510723944041 0.124103426198 400 10.6382978723
470 0.00376145233052 0.21455364251 500 10.5042016807
470 0.00453553946314 0.264087485272 600 10.1351351351
470 0.00442513818247 0.257474256764 700 9.91501416431
470 0.00386045565223 0.230356442924 800 10.2040816327
480 0.0170445628176 0.373944692987 100 10.3092783505
480 0.00786046218562 0.487792961767 200 9.85221674877
480 0.00697032164823 0.0689373163929 300 10.0
480 0.00491269567017 0.200189790261 400 10.582010582
480 0.00424470348511 0.285576147082 500 10.395010395
480 0.00450451163426 0.304486283974 600 10.1180438449
480 0.00442459862367 0.272601737798 700 9.91501416431
480 0.0037989959247 0.231440681676 800 10.2301790281
490 0.0167302362129 0.346929620306 100 10.2040816327
490 0.00801885824614 0.378178339321 200 9.70873786408
490 0.00719956669255 0.0464125013166 300 10.067114094
490 0.00471246953609 0.284670581128 400 10.5540897098
490 0.00516250753766 0.366007483309 500 10.2669404517
490 0.00453338551781 0.348629151406 600 10.0840336134
490 0.00438271041819 0.285116228834 700 9.91501416431
490 0.00369718161957 0.226140411451 800 10.2564102564
500 0.0165493970229 0.352489838816 100 10.3092783505
500 0.00844172278303 0.296086245107 200 9.56937799043
500 0.00732386610334 0.120099103033 300 10.1351351351
500 0.0044501782926 0.334426806692 400 10.5540897098
500 0.00589116228916 0.402560724366 500 10.162601626
500 0.00452788539814 0.371518109266 600 10.0334448161
500 0.00431535168295 0.286573430556 700 9.92907801418
500 0.00365207502522 0.218746482523 800 10.296010296
510 0.0166036033199 0.439489763636 100 10.3092783505
510 0.00889779167021 0.285664341332 200 9.52380952381
510 0.00725491594162 0.139156298497 300 10.2040816327
510 0.00418566031234 0.340104913449 400 10.5540897098
510 0.00613195811086 0.392256299673 500 10.101010101
510 0.00499241612564 0.373054813323 600 9.93377483444
510 0.00428785328266 0.283931753438 700 9.9573257468
510 0.00369316926514 0.218992038355 800 10.3359173127
520 0.0164832480453 0.451964473282 100 10.4166666667
520 0.00960747779635 0.203173330029 200 9.52380952381
520 0.0073291947014 0.19630938724 300 10.3092783505
520 0.00413092925675 0.372745642086 400 10.6100795756
520 0.00617207678839 0.409078120713 500 10.0806451613
520 0.00474398106768 0.376357306816 600 9.86842105263
520 0.00420168596206 0.28041212584 700 10.0
520 0.00368075999507 0.209963730815 800 10.3761348898
530 0.0159333168965 0.2436254111 100 10.4166666667
530 0.0109639069652 0.0700942473581 200 9.56937799043
530 0.00786845095251 0.350129571633 300 10.4529616725
530 0.0043092720347 0.487111212444 400 10.6666666667
530 0.00586408571073 0.476039373058 500 10.101010101
530 0.00432579912621 0.382519856703 600 9.83606557377
530 0.00393185555307 0.25522688965 700 10.0430416069
530 0.00349110617595 0.159322705752 800 10.4302477184
540 0.015785456746 0.116097384531 100 10.5263157895
540 0.0119504296719 0.228205014361 200 9.66183574879
540 0.00821477123699 0.433050179422 300 10.5633802817
540 0.00445748853673 0.54488357091 400 10.7238605898
540 0.00568104031291 0.489452235691 500 10.1214574899
540 0.00418134618066 0.366094823361 600 9.85221674877
540 0.00378519775073 0.226187458525 700 10.0864553314
540 0.00339590788209 0.120809784757 800 10.4712041885
550 0.0157915577493 0.151035714759 100 10.2040816327
550 0.0122031229349 0.264827298175 200 9.66183574879
550 0.0082341286111 0.45792744218 300 10.6382978723
550 0.0045674494584 0.562080491844 400 10.7238605898
550 0.00585758629952 0.48070498698 500 10.101010101
550 0.00423980133026 0.35444205865 600 9.85221674877
550 0.0038016777102 0.219587938662 700 10.1156069364
550 0.00342828374274 0.118151574484 800 10.5124835742
560 0.015752608183 0.109476026712 100 9.80392156863
560 0.0123970781743 0.339473798264 200 9.70873786408
560 0.00836713104017 0.498566332404 300 10.6761565836
560 0.00514468156104 0.597796496122 400 10.6100795756
560 0.00599856806584 0.476018310589 500 10.0806451613
560 0.00434528591895 0.33396683855 600 9.83606557377
560 0.00375761343159 0.198366151024 700 10.1449275362
560 0.00339968771313 0.09787935619 800 10.5540897098
570 0.0163639782198 0.0226867377618 100 9.52380952381
570 0.0127008452791 0.42791305863 200 9.75609756098
570 0.00827730328666 0.538650129135 300 10.6761565836
570 0.00608441213201 0.635120765053 400 10.4712041885
570 0.00606933645788 0.46720002372 500 10.060362173
570 0.00439094671906 0.306472545516 600 9.83606557377
570 0.0036684277128 0.164868293747 700 10.1744186047
570 0.00333373322318 0.0656701841805 800 10.582010582
580 0.0172403696636 0.128942268205 100 9.25925925926
580 0.0128544156528 0.485074877776 200 9.85221674877
580 0.00788121461585 0.573054218532 300 10.6382978723
580 0.00693556024907 0.656872860202 400 10.3359173127
580 0.0061372436762 0.458792433233 500 10.0401606426
580 0.00438242466822 0.283842723854 600 9.83606557377
580 0.00361157252622 0.141243031651 700 10.2189781022
580 0.00330320859386 0.0478561323945 800 10.6100795756
590 0.0186248182193 0.232317822782 100 9.00900900901
590 0.0128987915168 0.532976873202 200 9.90099009901
590 0.00726043351671 0.609191675692 300 10.6007067138
590 0.00775555592855 0.661692921094 400 10.1781170483
590 0.00623094058294 0.455699189186 500 10.0
590 0.00438267832528 0.269563998373 600 9.85221674877
590 0.00359784677125 0.12636687016 700 10.2489019034
590 0.00325911995449 0.0446879749857 800 10.6524633822
600 0.019998487903 0.331311157466 100 8.77192982456
600 0.0128510526967 0.571627199182 200 10.0
600 0.00668767984748 0.646281559242 300 10.6007067138
600 0.00702042041315 0.654487173423 400 10.0502512563
600 0.0062015098601 0.45874061906 500 9.90099009901
600 0.00435457198352 0.262014003149 600 9.86842105263
600 0.0036183676227 0.12232137666 700 10.2941176471
600 0.00319699812091 0.0498442430468 800 10.6809078772
610 0.0216195631746 0.429154500391 100 8.69565217391
610 0.0128147295911 0.606852272418 200 10.152284264
610 0.00629799005089 0.682977584722 300 10.6007067138
610 0.0068629085148 0.640963452433 400 9.97506234414
610 0.00525657576989 0.452056137223 500 9.78473581213
610 0.0042787426657 0.25159217027 600 9.88467874794
610 0.00364142718617 0.11661366468 700 10.3397341211
610 0.00312463380963 0.0538444452377 800 10.7095046854
620 0.0231909138091 0.529432344384 100 8.69565217391
620 0.012788425453 0.643319977066 200 10.3092783505
620 0.00617606927873 0.710741310611 300 10.6761565836
620 0.0068243352218 0.627390311345 400 9.97506234414
620 0.00478268793927 0.433809475607 500 9.70873786408
620 0.0042477473329 0.239757623514 600 9.93377483444
620 0.00367526402641 0.107910066035 700 10.3857566766
620 0.00308236551467 0.0592673902693 800 10.752688172
630 0.024523533924 0.617928622505 100 8.77192982456
630 0.0128158520515 0.679130983145 200 10.4712041885
630 0.00615741348918 0.741089869596 300 10.7142857143
630 0.00678781969542 0.612487056393 400 9.97506234414
630 0.00478965805013 0.415085800706 500 9.68992248062
630 0.00423032580832 0.226929030236 600 9.96677740864
630 0.00370734485424 0.104209580771 700 10.4321907601
630 0.0030517805746 0.0740342219803 800 10.8108108108
640 0.0254515602824 0.688910308543 100 8.92857142857
640 0.0128904115791 0.714008168691 200 10.6382978723
640 0.00625657135465 0.76673346689 300 10.7913669065
640 0.00687038892037 0.600302132566 400 10.0
640 0.0048131107469 0.399223682313 500 9.70873786408
640 0.00421887328484 0.217558988581 600 10.0334448161
640 0.00372156921037 0.0999863141425 700 10.4947526237
640 0.00301148221343 0.0813107723373 800 10.854816825
650 0.0254372880276 0.7443838526 100 9.17431192661
650 0.0128762966729 0.747696477158 200 10.8695652174
650 0.00645345869636 0.79606364794 300 10.8303249097
650 0.00710416343561 0.597853505966 400 10.0502512563
650 0.0048999586163 0.395312397566 500 9.765625
650 0.0042493433932 0.216394084124 600 10.101010101
650 0.00376120611428 0.0991943804596 700 10.5580693816
650 0.00302924449599 0.0760214306048 800 10.9289617486
660 0.0241886495617 0.772336845601 100 9.43396226415
660 0.0122428374535 0.818782787717 200 11.0497237569
660 0.00670600085038 0.838605733581 300 10.8303249097
660 0.00755497128784 0.644819684572 400 10.101010101
660 0.00531567794297 0.456434389878 500 9.80392156863
660 0.00446507170697 0.292327341296 600 10.1694915254
660 0.00395269738546 0.178538096731 700 10.6382978723
660 0.00319455230451 0.103930535711 800 10.989010989
670 0.0225844926263 0.770450340472 100 9.80392156863
670 0.0111933863279 0.869233404138 200 11.2359550562
670 0.00704534161939 0.844955555337 300 10.7913669065
670 0.00738055098506 0.685662398256 400 10.1781170483
670 0.00578954009959 0.525496933335 500 9.86193293886
670 0.00475410931189 0.386195909757 600 10.2564102564
670 0.0042030541742 0.286713901171 700 10.7033639144
670 0.00341012119993 0.206961289881 800 11.0650069156
680 0.0214006040543 0.790962729526 100 10.101010101
680 0.0101643338908 0.892913141454 200 11.3636363636
680 0.00711985294142 0.82469229298 300 10.752688172
680 0.0069095796148 0.701737818229 400 10.2040816327
680 0.00609355480678 0.563355894996 500 9.90099009901
680 0.00494748835134 0.446821957853 600 10.3270223752
680 0.00435277234588 0.366111554149 700 10.7692307692
680 0.00356447272113 0.292428198404 800 11.1265646732
690 0.0202674552112 0.789970581059 100 10.5263157895
690 0.00915092834035 0.891219482654 200 11.4285714286
690 0.0076761848337 0.779206913199 300 10.6761565836
690 0.00645060317384 0.703791012804 400 10.2301790281
690 0.00602865536862 0.590812897913 500 9.96015936255
690 0.0050783756329 0.500286950561 600 10.3986135182
690 0.00429260037151 0.441793822983 700 10.8359133127
690 0.00370915480155 0.377762444752 800 11.1888111888
700 0.0189750642792 0.755194578033 100 10.8695652174
700 0.00826427013592 0.820220089679 200 11.5606936416
700 0.00793575421721 0.677727827193 300 10.6007067138
700 0.00593678384071 0.675475454973 400 10.2564102564
700 0.00570019615854 0.604726764185 500 10.0
700 0.00491564478614 0.549975272139 600 10.4712041885
700 0.00410370927987 0.520512476616 700 10.9034267913
700 0.0037926396451 0.473186421781 800 11.2517580872
710 0.0180119244171 0.699570098938 100 11.3636363636
710 0.00787915903985 0.713057227508 200 11.6959064327
710 0.0083670009877 0.574346941556 300 10.4895104895
710 0.00559771094131 0.632602340258 400 10.2040816327
710 0.00544926298655 0.598882953642 500 10.060362173
710 0.00467594144408 0.575486284411 600 10.5448154657
710 0.00396234303668 0.569978744922 700 10.9717868339
710 0.00366576607693 0.538887128349 800 11.315417256
720 0.0170099935293 0.582174532211 100 11.7647058824
720 0.00799757807897 0.515136695184 200 11.7647058824
720 0.00808746378736 0.418066855648 300 10.4529616725
720 0.0059841063523 0.545064334392 400 10.101010101
720 0.00518017155982 0.565331976175 500 10.1214574899
720 0.00437370147123 0.581646861519 600 10.6194690265
720 0.00378253425465 0.603158457413 700 11.0410094637
720 0.00345576723077 0.59502358025 800 11.3798008535
730 0.0162439731441 0.411144610284 100 12.1951219512
730 0.0084605559938 0.265120420523 200 11.9047619048
730 0.00757221543729 0.252385326539 300 10.4166666667
730 0.00642042893499 0.428604750554 400 9.97506234414
730 0.00488836298162 0.507080658891 500 10.162601626
730 0.00405077517963 0.560943315867 600 10.6761565836
730 0.00359212357714 0.605685167348 700 11.0935023772
730 0.00323411917228 0.620185317577 800 11.4449213162
740 0.015838152919 0.216693416337 100 12.6582278481
740 0.00897505778193 0.010891259367 200 11.9760479042
740 0.00712738639012 0.100851890919 300 10.4166666667
740 0.00610026881582 0.309641455724 400 9.92555831266
740 0.00459134279972 0.436166592632 500 10.2040816327
740 0.00375074163423 0.519169885888 600 10.7334525939
740 0.00340932609974 0.582848286356 700 11.1287758347
740 0.00303596997837 0.616152738622 800 11.4942528736
750 0.0157164870603 0.0392572207703 100 12.987012987
750 0.00930222228116 0.217592428838 200 11.9760479042
750 0.00668453245377 0.0107243833491 300 10.3806228374
750 0.0057592123786 0.215617640086 400 9.90099009901
750 0.00436566305188 0.370963864102 500 10.2459016393
750 0.00353023308042 0.474089085066 600 10.7719928187
750 0.00327720508801 0.546349563596 700 11.1821086262
750 0.00287870466685 0.596381487684 800 11.5273775216
760 0.0157140397576 0.0269100778776 100 13.1578947368
760 0.00888338320127 0.296483921204 200 11.7647058824
760 0.0063688889778 0.0128393854686 300 10.3448275862
760 0.00557313350317 0.223379414888 400 9.87654320988
760 0.00432037729626 0.377306115788 500 10.2880658436
760 0.00347735311743 0.480927488411 600 10.8108108108
760 0.00324737092177 0.551927336313 700 11.2179487179
760 0.00284902313123 0.603013017298 800 11.5606936416
770 0.0157085143923 0.0294329202682 100 12.987012987
770 0.00795764324394 0.338707981983 200 11.2994350282
770 0.00610315746041 0.0332138856568 300 10.2739726027
770 0.00532185180695 0.246315246319 400 9.85221674877
770 0.0043088538246 0.398026279939 500 10.3092783505
770 0.00345783061524 0.496389913792 600 10.8499095841
770 0.0032361143339 0.566756053197 700 11.2359550562
770 0.00283833116994 0.614915770696 800 11.5942028986
780 0.015887897082 0.0309047406873 100 12.5
780 0.00789350564371 0.341144155794 200 10.8695652174
780 0.00591549559596 0.0665915754868 300 10.1694915254
780 0.00520995306973 0.279382985079 400 9.80392156863
780 0.00432900163493 0.421210653953 500 10.3519668737
780 0.0034465621761 0.518072772675 600 10.8695652174
780 0.0032508364064 0.582846653996 700 11.2721417069
780 0.00284010160178 0.629059153423 800 11.6279069767
790 0.0166497610996 0.0850156582919 100 12.0481927711
790 0.00867442018836 0.307783143675 200 10.3626943005
790 0.00578020074377 0.0985991105383 300 10.0334448161
790 0.00517786482164 0.310050855983 400 9.77995110024
790 0.00433054564481 0.446342837592 500 10.3734439834
790 0.00348032065531 0.538799604839 600 10.889292196
790 0.0032587475349 0.600394232025 700 11.2903225806
790 0.00281706327974 0.645574376856 800 11.6279069767
800 0.0179630179712 0.187596299808 100 11.6279069767
800 0.00983161344327 0.242873874373 200 9.90099009901
800 0.00602893578658 0.134334950737 300 9.70873786408
800 0.00526298310738 0.347279056997 400 9.73236009732
800 0.0043129068148 0.475457370707 500 10.3734439834
800 0.00358536736473 0.56254927461 600 10.889292196
800 0.00325648900037 0.620761796518 700 11.2903225806
800 0.00279994742672 0.662074777651 800 11.611030479
810 0.0188523994993 0.302040894016 100 11.3636363636
810 0.00997721797577 0.169408812822 200 9.66183574879
810 0.00751059690015 0.185283925901 300 9.375
810 0.00537025604945 0.383491889545 400 9.73236009732
810 0.00427427622421 0.507540218347 500 10.3734439834
810 0.00368993247458 0.588459699281 600 10.889292196
810 0.00326003522724 0.640860909377 700 11.3085621971
810 0.00312069233531 0.67968312096 800 11.4942528736
820 0.0190248879322 0.430338536348 100 11.1111111111
820 0.0100241655905 0.0979666294211 200 9.47867298578
820 0.00762693413443 0.230231039651 300 9.20245398773
820 0.0053866235117 0.420710961412 400 9.70873786408
820 0.00420976750548 0.534401996346 500 10.395010395
820 0.00374240514992 0.61221277437 600 10.889292196
820 0.00325632822924 0.659508237389 700 11.3268608414
820 0.00352807188718 0.68247653366 800 11.2517580872
830 0.0185420523342 0.575690771549 100 10.752688172
830 0.00967325498489 0.0529036756531 200 9.34579439252
830 0.00748025882392 0.257297828566 300 9.11854103343
830 0.00534800931751 0.443500111175 400 9.70873786408
830 0.00414167520807 0.554797766072 500 10.395010395
830 0.00375807217338 0.626197007777 600 10.9090909091
830 0.00322573358257 0.675342222748 700 11.3268608414
830 0.00313552292174 0.667549730205 800 11.0957004161
840 0.0167284659463 0.682165746567 100 10.101010101
840 0.00920770671464 0.00764968903273 200 9.21658986175
840 0.00714273877442 0.292591828133 300 9.06344410876
840 0.00532260171348 0.470211796298 400 9.73236009732
840 0.00410716469532 0.574156398288 500 10.4384133612
840 0.0037304532869 0.644358481141 600 10.9289617486
840 0.00320866667728 0.689814477639 700 11.3636363636
840 0.00312703111025 0.654042534709 800 11.0192837466
850 0.0157263887585 0.625093846052 100 9.70873786408
850 0.00921818432614 0.111929748419 200 9.21658986175
850 0.00717433283792 0.375418225665 300 9.09090909091
850 0.00552429222807 0.530823593259 400 9.80392156863
850 0.0042460031289 0.6206693206 500 10.5042016807
850 0.00386938296974 0.679052188242 600 10.989010989
850 0.00332145913194 0.713968186423 700 11.4192495922
850 0.0030630922902 0.644544398495 800 10.9589041096
860 0.016434934602 0.445671636903 100 9.43396226415
860 0.00949410729129 0.258452929027 200 9.21658986175
860 0.00751829237128 0.469900569752 300 9.11854103343
860 0.00586305561942 0.588554176004 400 9.87654320988
860 0.0044793161049 0.657835470102 500 10.5708245243
860 0.00410640210452 0.696608204751 600 11.0497237569
860 0.00350949626562 0.715476234004 700 11.4754098361
870 0.0196347734125 0.13331704428 100 9.00900900901
870 0.0099976817114 0.416865222206 200 9.17431192661
870 0.00805889599169 0.541459860246 300 9.14634146341
870 0.00630843460647 0.607039255155 400 9.95024875622
870 0.00486253634229 0.650303822521 500 10.6382978723
870 0.00441480388971 0.659444253408 600 11.1317254174
870 0.00374781207014 0.65926291938 700 11.5321252059
880 0.0241662428026 0.20175244076 100 8.62068965517
880 0.0107643126847 0.538730819487 200 9.00900900901
880 0.00876105522675 0.55356394953 300 9.17431192661
880 0.00677524157639 0.560668061749 400 10.0250626566
880 0.00535547264566 0.578886949623 500 10.6837606838
880 0.00473594577611 0.55808558016 600 11.1731843575
880 0.00400923826135 0.537857364154 700 11.5702479339
890 0.0266455186384 0.41986822104 100 8.40336134454
890 0.0135977225216 0.591806090425 200 8.73362445415
890 0.0094571965538 0.510532327978 300 9.20245398773
890 0.00713514742469 0.47534441617 400 10.0755667506
890 0.00578858360576 0.471458735747 500 10.7296137339
890 0.00496480062178 0.428848256516 600 11.2359550562
890 0.00427466933087 0.39800349916 700 11.5511551155
900 0.0275302735489 0.525242196866 100 8.19672131148
900 0.0151531912614 0.584821412599 200 8.51063829787
900 0.00975779135706 0.476426274113 300 9.23076923077
900 0.00724296063978 0.42432012778 400 10.1265822785
900 0.00598203621038 0.408390950782 500 10.775862069
900 0.00502947230975 0.357463653358 600 11.2781954887
900 0.00382475797088 0.317708539649 700 11.4192495922
910 0.0276402811535 0.583189102212 100 8.13008130081
910 0.0151543917705 0.582810132367 200 8.40336134454
910 0.00978822955037 0.478698519399 300 9.28792569659
910 0.00720349289904 0.423919402144 400 10.2040816327
910 0.00601543594793 0.401960199606 500 10.8225108225
910 0.00503434205541 0.349002180737 600 11.320754717
910 0.00277061405576 0.292717291891 700 11.2
920 0.0264565561194 0.655721904941 100 8.13008130081
920 0.0149634337252 0.629988984785 200 8.40336134454
920 0.0096035303704 0.547338383984 300 9.34579439252
920 0.00701357631269 0.500634818375 400 10.2564102564
920 0.00597829931634 0.474061041939 500 10.8932461874
920 0.00498670990974 0.423131891151 600 11.385199241
920 0.00263251781597 0.351157945378 700 11.1287758347
930 0.0243916506302 0.755380116501 100 8.26446280992
930 0.0141092806766 0.724980014858 200 8.47457627119
930 0.00917822560462 0.670834829558 300 9.46372239748
930 0.00666875879463 0.636244278228 400 10.3896103896
930 0.00575874913297 0.612954790708 500 10.989010989
930 0.00480885485915 0.567536721426 600 11.4942528736
930 0.00275702589153 0.477909321266 700 11.1111111111
940 0.0212431378788 0.860084816494 100 8.40336134454
940 0.0124068857272 0.85410868619 200 8.58369098712
940 0.00828029344509 0.848631379488 300 9.61538461538
940 0.00599065477648 0.844912615855 400 10.498687664
940 0.00521215912762 0.832550091135 500 11.1111111111
940 0.00435742818978 0.806443000067 600 11.6054158607
940 0.003071080699 0.701609530778 700 11.1287758347
950 0.0189459702454 0.869792330574 100 8.62068965517
950 0.0110852378506 0.884851450745 200 8.73362445415
950 0.00756319748554 0.915012507781 300 9.77198697068
950 0.00545328573092 0.930121144245 400 10.6382978723
950 0.00477048211959 0.930097807418 500 11.2359550562
950 0.0039818280611 0.92203708342 600 11.71875
950 0.00340164856687 0.809494178069 700 11.1464968153
960 0.0176109510906 0.845128592116 100 8.84955752212
960 0.0102897846333 0.877059255896 200 8.84955752212
960 0.00711802509096 0.917815690292 300 9.93377483444
960 0.00510341100212 0.939346471947 400 10.781671159
960 0.00449128932077 0.947378019353 500 11.3636363636
960 0.00373742798359 0.950506478149 600 11.8343195266
960 0.00373058941509 0.83232806026 700 11.1287758347
970 0.0161568852361 0.644155268535 100 9.00900900901
970 0.00918281512541 0.732973339216 200 8.96860986547
970 0.00637547979039 0.795618775732 300 10.101010101
970 0.00458561862434 0.825129087258 400 10.9289617486
970 0.0040221486854 0.851781816799 500 11.4942528736
970 0.00333213252254 0.874051221118 600 11.9521912351
980 0.0157193640749 0.401332376711 100 9.25925925926
980 0.00854763962824 0.542179132903 200 9.17431192661
980 0.00590541388943 0.621843004494 300 10.2739726027
980 0.0043020961116 0.649970920864 400 11.08033241
980 0.00371033879937 0.690490723172 500 11.6279069767
980 0.00305862280166 0.722929524639 600 12.0724346076
990 0.0159636580701 0.0808953755265 100 9.34579439252
990 0.00809390956725 0.282830220525 200 9.34579439252
990 0.00551804667832 0.369037921176 300 10.4529616725
990 0.00408929099183 0.393133288127 400 11.2359550562
990 0.00343608907064 0.44412099818 500 11.7924528302
990 0.00282789051664 0.486860170046 600 12.1703853955
1000 0.0159602238237 0.176854720827 100 9.17431192661
1000 0.00793547968514 0.084057357452 200 9.52380952381
1000 0.00533838123702 0.16957160173 300 10.6382978723
1000 0.00400012899009 0.189561483161 400 11.396011396
1000 0.0032921541176 0.249184371613 500 11.9047619048
1000 0.00271551076598 0.291426063079 600 12.2699386503
1010 0.0158216466624 0.223992740313 100 8.92857142857
1010 0.0079395298251 0.0529044153312 200 9.66183574879
1010 0.00530304326762 0.132010599531 300 10.7913669065
1010 0.00400808337112 0.149921858455 400 11.5273775216
1010 0.00326575484163 0.210072876908 500 12.0481927711
1010 0.0027350524486 0.251654325786 600 12.2950819672
1020 0.016333691485 0.198149761313 100 8.69565217391
1020 0.00794404602101 0.0505315492061 200 9.75609756098
1020 0.00527759370407 0.124471210858 300 10.9090909091
1020 0.00402140387394 0.142792074239 400 11.6279069767
1020 0.00325553516015 0.20391406451 500 12.1359223301
1020 0.00314515244033 0.247527142041 600 12.1703853955
1030 0.016276192242 0.158981689395 100 8.62068965517
1030 0.00793994944601 0.0547895750273 200 9.90099009901
1030 0.00526118017346 0.123035523678 300 11.0294117647
1030 0.00403267640023 0.144205104523 400 11.7302052786
1030 0.0032493292178 0.204951932146 500 12.2249388753
1030 0.00417651178557 0.254840716658 600 11.9521912351
1040 0.0163635004229 0.054943198081 100 8.62068965517
1040 0.00798767563962 0.119258991052 200 10.0
1040 0.00527421825511 0.183414192207 300 11.1524163569
1040 0.00409095722939 0.209838233031 400 11.8343195266
1040 0.00327648068884 0.269049946324 500 12.315270936
1040 0.00474076818402 0.315270199168 600 11.8343195266
1050 0.016488153155 0.134217559834 100 8.62068965517
1050 0.00812370806905 0.270181489728 200 10.152284264
1050 0.00533145119244 0.325038928476 300 11.2781954887
1050 0.0041857646759 0.355708290455 400 11.9402985075
1050 0.00335513646737 0.408442911397 500 12.4378109453
1050 0.00493665548152 0.438589332675 600 11.7647058824
1060 0.0164910702721 0.299683771899 100 8.69565217391
1060 0.00828863774192 0.411148463584 200 10.3092783505
1060 0.0054111952396 0.450599617621 300 11.4503816794
1060 0.00429059474877 0.485513448275 400 12.0481927711
1060 0.00343973568183 0.531711707606 500 12.5313283208
1060 0.00507934857522 0.536296093024 600 11.71875
1070 0.0165622416813 0.44379261024 100 8.77192982456
1070 0.00847922077475 0.533585691826 200 10.4712041885
1070 0.005493951297 0.557223756886 300 11.583011583
1070 0.00440689238697 0.593107569815 400 12.1580547112
1070 0.00352251233391 0.632230573802 500 12.6262626263
1070 0.00508439462355 0.608303594587 600 11.6279069767
1080 0.0167276816661 0.565627252163 100 8.84955752212
1080 0.00862987977141 0.625048464775 200 10.6951871658
1080 0.00557055981817 0.636867697197 300 11.71875
1080 0.00450232718569 0.669739401881 400 12.3076923077
1080 0.00358139865008 0.70462714253 500 12.7226463104
1090 0.0169533295661 0.67777720146 100 9.00900900901
1090 0.00876955240824 0.714470302196 200 10.8695652174
1090 0.00570845537463 0.709731662106 300 11.8577075099
1090 0.00458983899911 0.741333988457 400 12.4223602484
1090 0.00362554608135 0.765297489344 500 12.853470437
1100 0.017098240463 0.737877810658 100 9.34579439252
1100 0.00878693716792 0.752927053463 200 11.1731843575
1100 0.00579359816171 0.737021411818 300 12.0967741935
1100 0.00460619327987 0.764165298649 400 12.6582278481
1100 0.00362522796109 0.787357207855 500 12.987012987
1110 0.0163351755928 0.552701073063 100 9.80392156863
1110 0.00826824190171 0.550756301081 200 11.5606936416
1110 0.00551799940923 0.522254810593 300 12.3966942149
1110 0.00429806726743 0.562028798334 400 12.8617363344
1110 0.0033936970643 0.587568743616 500 13.1233595801
1120 0.0157287870922 0.1492180617 100 10.3092783505
1120 0.00787009270015 0.141016957129 200 11.9047619048
1120 0.00526628979707 0.106325064837 300 12.6582278481
1120 0.00399541339653 0.15310125473 400 13.1147540984
1120 0.00320018189727 0.182230279715 500 13.2625994695
1130 0.0157969955011 0.160639376043 100 10.8695652174
1130 0.00790815393255 0.163329530599 200 12.3456790123
1130 0.00524048210424 0.194474432373 300 12.9310344828
1130 0.00392770837266 0.143335203606 400 13.3333333333
1130 0.00324092084282 0.111023342775 500 13.2275132275
1140 0.0158371006617 0.225430635919 100 11.2359550562
1140 0.00796128149412 0.21866347543 200 12.6582278481
1140 0.00524252085746 0.240748777788 300 13.1578947368
1140 0.0039272676356 0.187120161217 400 13.5135135135
1140 0.00390538792371 0.141325150307 500 13.0208333333
1150 0.0158103504985 0.228994776887 100 11.6279069767
1150 0.00796982728228 0.217032244699 200 12.9032258065
1150 0.00523682454651 0.226299913651 300 13.3333333333
1150 0.00392730969975 0.170924056155 400 13.698630137
1150 0.00481436982692 0.106626802188 500 12.8205128205
1160 0.0157722976149 0.206230253189 100 11.9047619048
1160 0.0079519558599 0.189172940962 200 13.1578947368
1160 0.00523711488354 0.183579362195 300 13.5135135135
1160 0.00392802537659 0.1276589617 400 13.8408304498
1160 0.00504151294434 0.0501643786999 500 12.6903553299
1170 0.0157098203488 0.0742225032544 100 12.3456790123
1170 0.00788399245688 0.0623964842318 200 13.3333333333
1170 0.00525793700094 0.0413132297001 300 13.698630137
1170 0.00394596316837 0.0143387344938 400 13.986013986
1170 0.00525234451351 0.0936608338007 500 12.5944584383
1180 0.0157386391216 0.0554430440071 100 12.6582278481
1180 0.00785639250805 0.054374949416 200 13.6054421769
1180 0.00530617829809 0.0884485573129 300 13.8248847926
1180 0.00397988565259 0.140792968782 400 14.0845070423
1180 0.00532083380813 0.211391856384 500 12.4378109453
1190 0.0157679830045 0.10280078377 100 13.1578947368
1190 0.00785434721605 0.0849320418897 200 13.7931034483
1190 0.00533238962454 0.131227551929 300 14.0186915888
1190 0.00399140743059 0.180061061178 400 14.2348754448
1200 0.0157739482933 0.127784652195 100 13.5135135135
1200 0.00785750940203 0.0912997467507 200 13.986013986
1200 0.00534025873779 0.15059954249 300 14.1509433962
1200 0.00398253484988 0.195385144622 400 14.2857142857
1210 0.0157267337837 0.086162390079 100 13.698630137
1210 0.00786477150812 0.0381437642117 200 14.0845070423
1210 0.00530665586878 0.106790767575 300 14.2180094787
1210 0.00395866785132 0.145112168575 400 14.2857142857
1220 0.0157090250544 0.0248247312798 100 13.8888888889
1220 0.00786959687717 0.0241004905808 200 14.1843971631
1220 0.00527744088824 0.0522390508351 300 14.3540669856
1220 0.00411128941467 0.090688520106 400 13.986013986
1230 0.0157252188236 0.0156537832455 100 14.0845070423
1230 0.00788120188431 0.0270530703217 200 14.2857142857
1230 0.00527200830983 0.0546197603664 300 14.4230769231
1230 0.00575874869391 0.113291849288 400 13.2890365449
1240 0.0157416474558 0.0206352749428 100 14.2857142857
1240 0.00790017692229 0.0255172437906 200 14.2857142857
1240 0.00526840554363 0.0560297129613 300 14.4927536232
1240 0.00656219919054 0.131288763921 400 12.8617363344
1250 0.015751699219 0.033802625644 100 14.2857142857
1250 0.00789570233897 0.0183001660219 200 14.2857142857
1250 0.00526757226924 0.0677032933822 300 14.4927536232
1250 0.00659973719871 0.156189395935 400 12.5786163522
1260 0.0157718332189 0.0704872965809 100 14.2857142857
1260 0.0078953596027 0.0217991400554 200 14.3884892086
1260 0.00526283052223 0.0619502967458 300 14.4927536232
1260 0.00634017446975 0.169706035764 400 12.1951219512
1270 0.0157578676259 0.106064630029 100 14.2857142857
1270 0.00789897617421 0.0259787880371 200 14.3884892086
1270 0.00525424236819 0.0614960928181 300 14.4927536232
1280 0.0157082765955 0.104796084612 100 14.0845070423
1280 0.00790461436447 0.0289812705562 200 14.3884892086
1280 0.00525125208669 0.07640981132 300 14.4230769231
1290 0.015744861509 0.0639974815313 100 14.0845070423
1290 0.0079215495247 0.0790048673808 200 14.3884892086
1290 0.00545616878674 0.123797740812 300 13.9534883721
1300 0.0158470126617 0.0385765292399 100 14.0845070423
1300 0.00795879779718 0.159232384977 200 14.3884892086
1300 0.00796195927494 0.227169522771 300 12.9310344828
1310 0.0159461184667 0.101899253615 100 14.0845070423
1310 0.00797782992331 0.206036798472 200 14.4927536232
1310 0.00902916412763 0.28358073652 300 12.3456790123
1320 0.0159567526296 0.16370728897 100 14.0845070423
1320 0.00798724099569 0.246777523396 200 14.4927536232
1320 0.00909604828933 0.323423101632 300 12.0
1330 0.016009445902 0.2235407557 100 14.0845070423
1330 0.00799774112624 0.282568785684 200 14.4927536232
1330 0.00877028918909 0.362120559002 300 11.5384615385
1340 0.0159674954333 0.236418378296 100 14.0845070423
1340 0.00794869344203 0.267863611704 200 14.4927536232
1350 0.0158198578146 0.164735795338 100 14.2857142857
1350 0.00788138104518 0.176049282205 200 14.2857142857
1360 0.0157386420204 0.0923805576642 100 14.2857142857
1360 0.00814061980438 0.0969726614436 200 13.6054421769
1370 0.015715317388 0.0553994555093 100 14.4927536232
1370 0.0113452240187 0.110960811589 200 12.2699386503
1380 0.0157081186272 0.0228297767883 100 14.4927536232
1380 0.0124988172244 0.130716029704 200 11.4942528736
1390 0.0157082784744 0.0240197956489 100 14.4927536232
1390 0.0125567128159 0.191502834014 200 11.0497237569
1400 0.0157093203425 0.0190425862025 100 14.4927536232
1410 0.0157164007588 0.0322127100919 100 14.4927536232
1420 0.0157189915986 0.0391947051461 100 13.8888888889
1430 0.0167062863492 0.0387947748618 100 12.1951219512
1440 0.0239087407579 0.152413627933 100 10.101010101
1450 0.0250068491908 0.271125682726 100 9.25925925926
1460 0.0248914722446 0.393085488891 100 8.54700854701
