0 0.0238251433984 1.56167864887 100 7.63358778626
0 0.00958848934294 1.25867166775 200 7.7519379845
0 0.00610413991801 1.13122347407 300 7.77202072539
0 0.00443113132052 1.03888038781 400 8.13008130081
0 0.00441466599571 1.00656948347 500 8.01282051282
0 0.00358349405987 0.994302414527 600 7.94701986755
0 0.00310734595363 0.994397951331 700 8.49514563107
0 0.00308181602389 0.863283830624 800 8.51063829787
10 0.0213815250215 1.70029901814 100 8.13008130081
10 0.00869102349048 1.31942942918 200 7.96812749004
10 0.00563031189603 1.1053886797 300 7.91556728232
10 0.00411969288564 0.950256736598 400 8.26446280992
10 0.00398463109799 0.900192236548 500 8.0
10 0.00324654456785 0.878487704022 600 8.04289544236
10 0.0028121171176 0.893119296799 700 8.58895705521
10 0.00339653541986 0.793253535855 800 8.58369098712
20 0.0181156974884 1.54918571597 100 8.54700854701
20 0.0079101641236 1.08360923866 200 8.13008130081
20 0.00524951563842 0.779339999917 300 8.04289544236
20 0.00392739031615 0.567693062654 400 8.3857442348
20 0.00335243848801 0.504412823678 500 7.93650793651
20 0.00283946338136 0.477306804734 600 8.11907983762
20 0.0024491570708 0.510992625781 700 8.66336633663
20 0.00387502936535 0.486170936676 800 8.63930885529
30 0.0167734848345 1.36968066442 100 8.84955752212
30 0.00787254930215 0.839611815788 200 8.2304526749
30 0.0052767061765 0.508380100491 300 8.13008130081
30 0.0039985414459 0.28839537498 400 8.47457627119
30 0.00314250919878 0.222576404112 500 7.88643533123
30 0.00269682969102 0.197555641085 600 8.18553888131
30 0.0023174570826 0.23445704245 700 8.72817955112
30 0.00364133761379 0.256431005742 800 8.66738894908
40 0.0163257914142 1.40570240176 100 9.00900900901
40 0.00791604367482 0.783005454097 200 8.2304526749
40 0.00536385814859 0.434761006747 300 8.17438692098
40 0.00405491058998 0.213953774603 400 8.51063829787
40 0.00319455053339 0.149593656474 500 7.84929356358
40 0.00267065155995 0.135073548068 600 8.2304526749
40 0.00228962412509 0.166033591587 700 8.78293601004
40 0.00352677759809 0.196411392119 800 8.56531049251
50 0.0158003791768 1.26109320995 100 9.09090909091
50 0.00803571625566 0.569002316565 200 8.19672131148
50 0.00566400620136 0.223387137446 300 8.19672131148
50 0.00424105036168 0.109440731037 400 8.54700854701
50 0.00332383581219 0.132825238927 500 7.84929356358
50 0.00262914977538 0.150505910033 600 8.27586206897
50 0.00225038814921 0.134220253859 700 8.80503144654
50 0.00324158804153 0.0842738506153 800 8.29875518672
60 0.0157770071775 0.945857630211 100 9.09090909091
60 0.00843262449545 0.247993818107 200 8.16326530612
60 0.00613634044599 0.108196201624 300 8.21917808219
60 0.00452291346003 0.294388481781 400 8.54700854701
60 0.00353203407372 0.355972940844 500 7.86163522013
60 0.00263533728091 0.367290019545 600 8.33333333333
60 0.00225040303416 0.343812758987 700 8.77192982456
60 0.00293369281317 0.197042097701 800 8.26446280992
70 0.0160270551338 0.692388052927 100 9.17431192661
70 0.00886625078849 0.0205727937969 200 8.13008130081
70 0.00651687008184 0.283076572177 300 8.26446280992
70 0.00461036785199 0.449514961262 400 8.51063829787
70 0.00369919672386 0.507704203059 500 7.87401574803
70 0.00267772127058 0.510597768047 600 8.37988826816
70 0.00256506672301 0.480635399015 700 8.70646766169
70 0.00276801766463 0.303770570612 800 8.26446280992
80 0.016025783929 0.716043328404 100 9.17431192661
80 0.00892219721771 0.396803946757 200 8.0971659919
80 0.00657902804811 0.498172961739 300 8.28729281768
80 0.00451769670498 0.593110891069 400 8.49256900212
80 0.00362281974187 0.617291363162 500 7.89889415482
80 0.00267334249714 0.588736363008 600 8.42696629213
80 0.00310330146733 0.527094073448 700 8.6741016109
80 0.00276385405986 0.347390603886 800 8.27300930714
90 0.016343030495 0.603637955848 100 8.92857142857
90 0.00901144642847 0.414370135677 200 8.03212851406
90 0.00660230114669 0.53900513708 300 8.26446280992
90 0.0044102325578 0.624549726573 400 8.4388185654
90 0.00346803729782 0.6423850932 500 7.91139240506
90 0.00267599854886 0.60263202624 600 8.47457627119
90 0.00337686038314 0.520693094764 700 8.64197530864
90 0.00278520635746 0.340958452981 800 8.26446280992
100 0.0163893834636 0.569128271194 100 8.69565217391
100 0.00904724186987 0.451958755904 200 7.93650793651
100 0.00645602193571 0.576568424677 300 8.24175824176
100 0.0041953394818 0.648045555468 400 8.35073068894
100 0.003307280364 0.659051276608 500 7.92393026941
100 0.00267813885681 0.612994260229 600 8.51063829787
100 0.00343943310606 0.511395341691 700 8.62068965517
100 0.00277901660839 0.3323956824 800 8.26446280992
110 0.0166782600766 0.32586701064 100 8.40336134454
110 0.00931974389425 0.57208748164 200 7.87401574803
110 0.00642840331042 0.697551811688 300 8.24175824176
110 0.00419260869718 0.739197579581 400 8.31600831601
110 0.00326930671166 0.740637184615 500 7.93650793651
110 0.00269630132578 0.689640874344 600 8.54700854701
110 0.00337755604623 0.563352149467 700 8.62068965517
110 0.00272655166602 0.372795131057 800 8.25593395253
120 0.0173548857993 0.388223477835 100 8.06451612903
120 0.0093829750208 0.614371546064 200 7.8125
120 0.00636291756044 0.723640697869 300 8.26446280992
120 0.00417531309607 0.752232975183 400 8.24742268041
120 0.00325830588491 0.747098800902 500 7.96178343949
120 0.0026954428608 0.693021557688 600 8.59598853868
120 0.00335379331697 0.548886003591 700 8.63131935882
120 0.00273825739354 0.359374984371 800 8.25593395253
130 0.0172519186809 0.363042465977 100 7.7519379845
130 0.00895764456442 0.575848903203 200 7.78210116732
130 0.00617969331523 0.687347459878 300 8.28729281768
130 0.00397262111932 0.698613902749 400 8.06451612903
130 0.00321300701234 0.689895268096 500 8.0
130 0.00266523102183 0.628356668293 600 8.64553314121
130 0.00343912464171 0.473042192686 700 8.63131935882
130 0.00283053237045 0.296442976376 800 8.23892893924
140 0.0172109377474 0.335051924282 100 7.57575757576
140 0.00879027099247 0.536404287615 200 7.7519379845
140 0.0060330579914 0.648737705301 300 8.31024930748
140 0.00417122400588 0.644725788273 400 7.66283524904
140 0.00317432215903 0.629058536842 500 8.038585209
140 0.00264030370605 0.561084465156 600 8.68306801737
140 0.00351066139932 0.39935370923 700 8.62068965517
140 0.00290696398339 0.234903539178 800 8.15494393476
150 0.0169259911436 0.335733177033 100 7.46268656716
150 0.00880922304546 0.518384148618 200 7.7519379845
150 0.00594702195073 0.627655635597 300 8.33333333333
150 0.00432209547951 0.613837443066 400 7.59013282732
150 0.00315710058286 0.585084532622 500 8.07754442649
150 0.00262970232253 0.513145051567 600 8.72093023256
150 0.00355295632636 0.346657608422 700 8.46432889964
160 0.016449393306 0.320758155183 100 7.35294117647
160 0.00884423919292 0.495468264998 200 7.7519379845
160 0.00586889441516 0.600490939073 300 8.33333333333
160 0.00429102100383 0.578055685036 400 7.56143667297
160 0.00314606858527 0.532182286601 500 8.13008130081
160 0.00262281876779 0.457343149623 600 8.73362445415
160 0.00352417059705 0.289827554459 700 8.17757009346
170 0.01641524492 0.324898712343 100 7.29927007299
170 0.00886589322256 0.495021921649 200 7.78210116732
170 0.00578427245667 0.590663093697 300 8.31024930748
170 0.00426036449241 0.560069260117 400 7.57575757576
170 0.00314363165898 0.499452327074 500 8.18330605565
170 0.00271427550806 0.420365253913 600 8.68306801737
170 0.00350513038862 0.251440692596 700 8.13953488372
180 0.0165410797395 0.370149920911 100 7.19424460432
180 0.00896019238145 0.524903200726 200 7.8125
180 0.00563855152662 0.6053981886 300 8.26446280992
180 0.00425604172361 0.570907033788 400 7.59013282732
180 0.00314315527586 0.494631569544 500 8.23723228995
180 0.0034665617916 0.402599377823 600 8.60832137733
180 0.00348012099161 0.236709028059 700 8.13953488372
190 0.0165684126011 0.39220518527 100 7.19424460432
190 0.00899762472573 0.53633991225 200 7.87401574803
190 0.0055611567324 0.603967091446 300 8.24175824176
190 0.00416978176746 0.56366063546 400 7.63358778626
190 0.00314308224691 0.474329162251 500 8.29187396352
190 0.00407633349897 0.368295644491 600 8.57142857143
190 0.00349847864225 0.211057690798 700 8.1490104773
200 0.0163597695463 0.319956585137 100 7.19424460432
200 0.00875791343271 0.467104997361 200 7.90513833992
200 0.00540266062443 0.518210248656 300 8.24175824176
200 0.00399672798301 0.473309395099 400 7.66283524904
200 0.00314941129333 0.36772546214 500 8.36120401338
200 0.0044901359139 0.254578553341 600 8.57142857143
200 0.00363929649777 0.125103778988 700 8.15850815851
210 0.0162580949196 0.306466763076 100 7.24637681159
210 0.00855731649451 0.451582779546 200 7.96812749004
210 0.00527800294544 0.483572812784 300 8.21917808219
210 0.00393445998622 0.434317925647 400 7.72200772201
210 0.00315602871927 0.321694578702 500 8.43170320405
210 0.00465033274709 0.207176045547 600 8.59598853868
210 0.00368592025892 0.0881875028145 700 8.18713450292
220 0.0164218589149 0.383205036848 100 7.29927007299
220 0.00854018310822 0.512926953955 200 8.06451612903
220 0.00527218768386 0.524269660207 300 8.24175824176
220 0.00392706332142 0.473368753855 400 7.76699029126
220 0.00314916285056 0.358970662263 500 8.50340136054
220 0.0045619529919 0.236853120324 600 8.62068965517
220 0.00362754283582 0.105971789542 700 8.20633059789
230 0.016333750271 0.304530107827 100 7.35294117647
230 0.00829026296605 0.428937842196 200 8.16326530612
230 0.00524440084659 0.4200582123 300 8.26446280992
230 0.00394519616518 0.363638331332 400 7.82778864971
230 0.00317057983649 0.245583225734 500 8.57632933105
230 0.00468693897245 0.13280382348 600 8.65800865801
230 0.00372993951059 0.0277002903881 700 8.23529411765
240 0.016069221939 0.191414506244 100 7.46268656716
240 0.00807820214422 0.311327704203 200 8.26446280992
240 0.0052533326649 0.284873691233 300 8.28729281768
240 0.0039948592947 0.223182501194 400 7.88954635108
240 0.0032153530249 0.104683058139 500 8.66551126516
240 0.00482823863285 0.0111252641149 600 8.69565217391
240 0.00388166529647 0.061255607591 700 8.26446280992
250 0.0158782482631 0.163915117943 100 7.63358778626
250 0.00802935799195 0.280262460684 200 8.40336134454
250 0.00534297903604 0.23717625586 300 8.26446280992
250 0.00401507502559 0.175032773593 400 7.96812749004
250 0.003231274836 0.0577921878642 500 8.75656742557
250 0.00487437527873 0.0280608637245 600 8.74635568513
250 0.00394075163292 0.0910008904543 700 8.28402366864
260 0.0157583479665 0.0943340916953 100 7.7519379845
260 0.00795679289355 0.208546115531 200 8.54700854701
260 0.00546781650849 0.147267550715 300 7.93650793651
260 0.00406323842017 0.0875013964939 400 8.04828973843
260 0.00326719423515 0.0296414224923 500 8.83392226148
260 0.00495219838636 0.0945026749951 600 8.78477306003
260 0.00402550333233 0.139431960567 700 8.28402366864
270 0.0157311877656 0.0413309916818 100 7.87401574803
270 0.00791691244782 0.15641536429 200 8.65800865801
270 0.00525725705121 0.0816169446692 300 7.65306122449
270 0.0041103780789 0.0197314585917 400 8.13008130081
270 0.00330052924595 0.0951220913758 500 8.91265597148
270 0.00500234889088 0.142341547891 600 8.79765395894
270 0.0040882400346 0.17418444128 700 8.22561692127
280 0.0157802825139 0.0640911772857 100 7.93650793651
280 0.00792603540463 0.176722290386 200 8.77192982456
280 0.00524197299883 0.0946719834977 300 7.59493670886
280 0.00411296636667 0.0214797488336 400 8.19672131148
280 0.00329538065626 0.0900422022941 500 8.9928057554
280 0.00496837821218 0.13583332157 600 8.72093023256
280 0.00403896337721 0.17269672762 700 7.66703176342
290 0.0159449774067 0.1487128787 100 8.06451612903
290 0.00798302906004 0.256234483621 200 8.84955752212
290 0.00526969099068 0.165187862797 300 7.59493670886
290 0.00408088533879 0.0832221912769 400 8.28157349896
290 0.00325413016405 0.0426393768316 500 9.04159132007
290 0.00484642522746 0.0929246946591 600 8.34492350487
300 0.0160864211716 0.197313183445 100 8.19672131148
300 0.00799771442365 0.291990539929 200 8.88888888889
300 0.00528512442175 0.193009207241 300 7.63358778626
300 0.00407499595966 0.102267189978 400 8.36820083682
300 0.00329994695485 0.0545170526094 500 9.04159132007
300 0.00467819038525 0.0879649282499 600 8.29875518672
310 0.0160891927063 0.183246249852 100 8.33333333333
310 0.00792807217722 0.260712073789 200 8.88888888889
310 0.00527161147243 0.157065256158 300 7.6726342711
310 0.00410500203444 0.0596471945103 400 8.4388185654
310 0.00403156490177 0.0881007473384 500 8.97666068223
310 0.00470577291447 0.120080459772 600 8.28729281768
320 0.0160886891889 0.165732444418 100 8.47457627119
320 0.00787046258126 0.221015188752 200 8.84955752212
320 0.00525518960434 0.116982025951 300 7.71208226221
320 0.00413551652608 0.0376805126858 400 8.52878464819
320 0.00524143118542 0.133611419798 500 8.91265597148
320 0.00471510283838 0.15152557713 600 8.29875518672
330 0.0161051322837 0.167913810731 100 8.54700854701
330 0.00786854708944 0.191334751848 200 8.84955752212
330 0.00524010356166 0.0897200258859 300 7.77202072539
330 0.00415549301664 0.0701810687036 400 8.62068965517
330 0.00576863026897 0.170284247973 500 8.89679715302
330 0.00476531893062 0.175920095119 600 8.32177531207
340 0.0160202390599 0.168203262885 100 8.69565217391
340 0.00788646968954 0.159531871409 200 8.81057268722
340 0.00528783500475 0.0675585375897 300 7.8125
340 0.00417651745213 0.113349462734 400 8.71459694989
340 0.00611075106869 0.203359030844 500 8.89679715302
340 0.00482313406511 0.199770357502 600 8.33333333333
350 0.0158986777355 0.179564283674 100 8.84955752212
350 0.00801410035262 0.136504406512 200 8.77192982456
350 0.00539970977046 0.050673341608 300 7.87401574803
350 0.00417952495357 0.13094947826 400 8.79120879121
350 0.00615165105556 0.209903667707 500 8.91265597148
350 0.00482890218678 0.208408414709 600 8.356545961
360 0.0157864147959 0.15646978905 100 8.92857142857
360 0.00810184811981 0.0777279886151 200 8.73362445415
360 0.00552427029452 0.0349676025874 300 7.93650793651
360 0.0042069921815 0.17399436768 400 8.88888888889
360 0.00618731256869 0.239204878751 500 8.92857142857
360 0.00485536663093 0.231817250798 600 8.36820083682
370 0.0157099310481 0.0566634833081 100 9.09090909091
370 0.00819793873564 0.0567846567372 200 8.69565217391
370 0.00566774890583 0.152163497392 300 8.0
370 0.00430214684272 0.292545541085 400 8.96860986547
370 0.00615582407739 0.321596284804 500 8.9605734767
370 0.00498722116257 0.285875629021 600 8.39160839161
380 0.0157410072815 0.150597466826 100 9.25925925926
380 0.00831378431289 0.0216809041744 200 8.58369098712
380 0.00556564688458 0.07429041429 300 8.06451612903
380 0.00421227843597 0.214243033261 400 9.07029478458
380 0.00617541368712 0.25239442755 500 8.9928057554
380 0.00489953932229 0.248003808837 600 8.39160839161
390 0.0157618996087 0.195555783001 100 9.43396226415
390 0.00827280959948 0.034003296509 200 7.78210116732
390 0.00554084562122 0.0529763130076 300 8.15217391304
390 0.00418017026418 0.193078328554 400 9.1533180778
390 0.00611604154592 0.228269261099 500 9.00900900901
390 0.00485939368335 0.237073843622 600 8.34492350487
400 0.0157385487992 0.169319649274 100 9.61538461538
400 0.0078779311298 0.0150906866518 200 7.43494423792
400 0.00559730699152 0.104036744399 300 8.21917808219
400 0.00421039165241 0.237758371567 400 9.23787528868
400 0.00613279514517 0.252814462361 500 8.97666068223
400 0.00487066607797 0.254745512411 600 8.16326530612
410 0.0157156730798 0.0893524867143 100 9.70873786408
410 0.00786568246347 0.0988929218397 200 7.35294117647
410 0.00571269521757 0.201685529617 300 8.31024930748
410 0.00427509273593 0.328604341579 400 9.2807424594
410 0.00621955750729 0.303902910274 500 8.51788756388
420 0.015720093866 0.0239530768718 100 9.61538461538
420 0.00788740249922 0.179831517356 200 7.32600732601
420 0.00583265159209 0.300382536737 300 8.37988826816
420 0.00442244126018 0.414970661715 400 9.25925925926
420 0.00613656205336 0.348048837307 500 8.29187396352
430 0.0157970975091 0.0543098519493 100 9.34579439252
430 0.0079070714153 0.240263053554 200 7.32600732601
430 0.00591434276556 0.375297665962 300 8.45070422535
430 0.00593192136826 0.481756397957 400 9.09090909091
430 0.00618351363137 0.374816046438 500 8.25082508251
440 0.0160198405232 0.138284795845 100 9.09090909091
440 0.00797737352902 0.304658700616 200 7.35294117647
440 0.00599437522019 0.448756446768 300 8.54700854701
440 0.00764371551336 0.535619877441 400 8.96860986547
440 0.00621424814676 0.399164874892 500 8.25082508251
450 0.0162484328464 0.199816077428 100 8.92857142857
450 0.00815219461884 0.344095023892 200 7.40740740741
450 0.00601753467882 0.494745103601 300 8.64553314121
450 0.00752168666486 0.551765872177 400 8.92857142857
450 0.00622269661108 0.408198351319 500 8.25082508251
460 0.0166630294803 0.188646062215 100 8.62068965517
460 0.00842145395445 0.311937418455 200 7.43494423792
460 0.00592017645105 0.471491784576 300 8.72093023256
460 0.00737498480732 0.50414326138 400 8.90868596882
460 0.00619613453898 0.387733199126 500 8.25082508251
470 0.016669753304 0.17788975613 100 8.40336134454
470 0.00857251669365 0.280088422503 200 7.46268656716
470 0.0058204795 0.435764508681 300 8.82352941176
470 0.0075582952324 0.453982977025 400 8.88888888889
470 0.00608112345131 0.367420206085 500 8.25082508251
480 0.0164654814479 0.18747399713 100 8.19672131148
480 0.00854751221757 0.277292363366 200 7.49063670412
480 0.0057646902746 0.426493912433 300 8.90207715134
480 0.00766533818257 0.425617623572 400 8.88888888889
480 0.00602441904369 0.358534294797 500 8.23723228995
490 0.0173560231409 0.238142986792 100 7.51879699248
490 0.00853472073321 0.297687669128 200 7.54716981132
490 0.00573739891534 0.439282384223 300 8.98203592814
490 0.00770392016846 0.4159745227 400 8.88888888889
490 0.00603677980584 0.358313650779 500 8.19672131148
500 0.0160317257641 0.287214422134 100 6.13496932515
500 0.00857166337378 0.330741059656 200 7.60456273764
500 0.00573800220579 0.460402524875 300 9.06344410876
500 0.00769263168332 0.413626315937 400 8.84955752212
500 0.00603217492888 0.361065273898 500 8.038585209
510 0.0157622255898 0.308874301132 100 5.91715976331
510 0.00862264847438 0.370742685701 200 7.69230769231
510 0.00574507412475 0.489986180083 300 9.11854103343
510 0.00770388467528 0.416350231858 400 8.4388185654
520 0.0157680069708 0.329387208083 100 5.88235294118
520 0.00867865536564 0.419113795446 200 7.78210116732
520 0.00576174279042 0.523247148014 300 9.11854103343
520 0.00758971227494 0.422390623622 400 8.01603206413
530 0.0157550982744 0.31670629697 100 5.91715976331
530 0.00864604303774 0.426022276882 200 7.93650793651
530 0.00663396935891 0.526828687409 300 9.03614457831
530 0.00751219305962 0.416416826956 400 7.98403193613
540 0.0157442080781 0.225736067739 100 6.02409638554
540 0.00847786779765 0.365716486834 200 8.0971659919
540 0.00829142147538 0.469215267234 300 8.92857142857
540 0.00729236925431 0.383148495587 400 8.01603206413
550 0.0157766158683 0.19004960628 100 6.13496932515
550 0.00839849431322 0.35129197047 200 8.26446280992
550 0.00942833070886 0.443460975239 300 8.90207715134
550 0.00714835171094 0.36970664711 400 8.04828973843
560 0.015794435764 0.166143205943 100 6.25
560 0.0082921486415 0.324643634183 200 8.4388185654
560 0.00970226948438 0.403898743804 300 8.90207715134
560 0.00705705513389 0.354044771948 400 8.06451612903
570 0.0157881183408 0.136753272827 100 6.41025641026
570 0.00809696921381 0.214037700792 200 8.62068965517
570 0.00973608556613 0.291442250889 300 8.92857142857
570 0.00683436544528 0.307143012791 400 8.11359026369
580 0.0158471212731 0.253097623559 100 6.53594771242
580 0.00799614393326 0.196146898255 200 8.81057268722
580 0.0093699707766 0.224957572132 300 8.98203592814
580 0.00656362171168 0.271975900691 400 8.1466395112
590 0.0158110365187 0.221327584659 100 6.66666666667
590 0.00794393911814 0.118381682128 200 9.00900900901
590 0.00935665488685 0.179103825017 300 9.03614457831
590 0.00652167762866 0.26902673679 400 8.1799591002
600 0.0158366907754 0.19024188365 100 6.84931506849
600 0.00795110707893 0.115549355615 200 9.21658986175
600 0.00934626438412 0.195151863803 300 9.11854103343
600 0.00656923823069 0.286932947262 400 8.2135523614
610 0.0157448195424 0.308793837879 100 7.09219858156
610 0.00788193544637 0.140549295519 200 9.47867298578
610 0.00900289090914 0.119413164931 300 9.23076923077
610 0.00634978412988 0.252538691801 400 8.26446280992
620 0.0157346670219 0.423151309061 100 7.46268656716
620 0.00786020738483 0.233826684523 200 9.85221674877
620 0.00868927114901 0.0540537014589 300 9.40438871473
620 0.00613074468868 0.213444399065 400 8.35073068894
630 0.0157441046161 0.447495791907 100 7.93650793651
630 0.00786282649384 0.257643520391 200 10.2564102564
630 0.00861296741701 0.053637113364 300 9.61538461538
630 0.00608675952967 0.210213582231 400 8.45665961945
640 0.0157254097187 0.404955696145 100 8.54700854701
640 0.00785850105506 0.213322436975 200 10.752688172
640 0.00871007150634 0.0632556982974 300 9.86842105263
640 0.00616772793704 0.2294265627 400 8.58369098712
650 0.0157470264697 0.276889651198 100 9.17431192661
650 0.00788146643406 0.098142026557 200 11.2359550562
650 0.00902201851838 0.13808937419 300 10.101010101
650 0.00640947239366 0.27603476347 400 8.67678958785
660 0.0160365562864 0.0526830628215 100 9.80392156863
660 0.00803911043434 0.191757404748 200 11.6959064327
660 0.009586731674 0.275024437608 300 10.3092783505
660 0.00683520545222 0.337883532846 400 8.69565217391
670 0.016503900593 0.2041139325 100 10.4166666667
670 0.00827285155882 0.384053317055 200 12.1212121212
670 0.0100223254945 0.374063605392 300 10.3092783505
670 0.00711543228341 0.371479722384 400 8.26446280992
680 0.0168103845284 0.326011374035 100 10.989010989
680 0.00838905075738 0.480821910788 200 12.4223602484
680 0.0102025936624 0.411309048358 300 9.49367088608
690 0.0169250071813 0.400186070394 100 11.4942528736
690 0.00846083245262 0.523512712659 200 12.5
690 0.00992891115283 0.423415624803 300 9.06344410876
700 0.0169728260479 0.474413262421 100 11.9047619048
700 0.0108210765417 0.573367739438 200 11.9047619048
700 0.00987997876115 0.433396356357 300 8.98203592814
710 0.0168561726365 0.513940747198 100 12.3456790123
710 0.0141191348115 0.581980293054 200 11.4285714286
710 0.00970532631942 0.438689698974 300 8.92857142857
720 0.0162889471562 0.402776913621 100 12.8205128205
720 0.0146355616454 0.462469971258 200 11.1731843575
720 0.00931416604809 0.422241006265 300 8.90207715134
730 0.0158108647007 0.169866946709 100 13.3333333333
730 0.0140051828329 0.281707443045 200 10.989010989
730 0.00866203189501 0.391993812053 300 8.84955752212
740 0.0157208376405 0.0601102852393 100 13.698630137
740 0.0134710267151 0.228443435732 200 10.8695652174
740 0.00832848828787 0.394575178615 300 8.79765395894
750 0.0157142411121 0.0508676131675 100 14.0845070423
750 0.0133292073539 0.256076797556 200 10.752688172
750 0.00833791047276 0.422514366954 300 8.72093023256
760 0.0157097629158 0.0362058546526 100 14.2857142857
760 0.0131551783052 0.285706617445 200 10.5263157895
760 0.00829945316762 0.454780563704 300 8.37988826816
770 0.0157088352835 0.0163209824672 100 14.0845070423
770 0.0129580519488 0.322225824352 200 8.73362445415
780 0.0163469484802 0.014627293944 100 12.3456790123
780 0.0123532385953 0.375624276923 200 8.0
790 0.0239624236437 0.1365549263 100 10.3092783505
790 0.0122025778715 0.439353035414 200 7.78210116732
800 0.0267201692907 0.261750931451 100 9.43396226415
800 0.0123374901727 0.503977644796 200 7.60456273764
810 0.0265108482604 0.357402263581 100 9.00900900901
810 0.0122616580809 0.564117616869 200 7.46268656716
820 0.0263160821759 0.458240315571 100 8.62068965517
820 0.012347430664 0.625576725529 200 7.27272727273
830 0.0260895146604 0.555947112798 100 8.13008130081
830 0.0123339197951 0.683297111232 200 6.80272108844
840 0.0259691141148 0.638470673953 100 6.17283950617
850 0.0246989587585 0.725045578879 100 5.81395348837
860 0.0214846260741 0.93378847741 100 5.88235294118
870 0.0180208322091 0.877798780258 100 6.02409638554
880 0.0159506045282 0.461397380008 100 6.13496932515
890 0.0157118979278 0.156478513039 100 6.21118012422
900 0.0158507838594 0.105276880356 100 6.2893081761
910 0.015927114539 0.179807230595 100 6.32911392405
920 0.0159243478288 0.183224513729 100 6.32911392405
930 0.0158677780517 0.178259685345 100 6.2893081761
940 0.0158399307176 0.187915423662 100 6.17283950617
950 0.0158221135538 0.187653888727 100 5.84795321637
960 0.0158537374074 0.186722201521 100 5.02512562814
970 0.0158434736813 0.184235826066 100 4.36681222707
