0 0.0210461549385 1.10421326304 100 12.3456790123
0 0.0111337951409 1.29335598861 200 15.625
0 0.00773446062656 1.37208456235 300 17.6470588235
0 0.00603017519016 1.36665235716 400 19.3236714976
0 0.00492502287244 1.30940195989 500 20.4081632653
0 0.00406214236767 1.23388149057 600 21.2765957447
0 0.00347255489069 1.16150520395 700 21.875
0 0.0030292074995 1.11026914235 800 22.4089635854
10 0.0186774138071 0.845972437905 100 13.1578947368
10 0.00983825740719 0.988621351237 200 16.393442623
10 0.00682391165885 1.07454133657 300 18.2926829268
10 0.00532486994581 1.08742803276 400 19.9004975124
10 0.00432403151108 1.07190761894 500 21.0084033613
10 0.00357362928277 1.02790988771 600 21.7391304348
10 0.00305428587639 0.991718573027 700 22.3642172524
10 0.00266658947344 0.972283783658 800 22.792022792
20 0.0168937940851 0.605471468393 100 14.0845070423
20 0.00878631023613 0.642483272318 200 17.2413793103
20 0.00605176213923 0.669823781019 300 19.1082802548
20 0.00471535400979 0.655775719728 400 20.5128205128
20 0.00380069028956 0.652932008908 500 21.5517241379
20 0.0031502609893 0.615661270326 600 22.3048327138
20 0.00269433766111 0.6123733182 700 22.8013029316
20 0.00235296410246 0.623199321915 800 23.1884057971
30 0.0160506577087 0.784740072818 100 15.1515151515
30 0.00821340490816 0.683616474891 200 18.1818181818
30 0.00560869311952 0.626536696579 300 19.8675496689
30 0.00433436177495 0.500085694681 400 21.2765957447
30 0.00348090872585 0.41699994305 500 22.1238938053
30 0.00289082761516 0.318666484105 600 22.8136882129
30 0.00247316565012 0.285024268012 700 23.2558139535
30 0.00216008608013 0.29020169816 800 23.6686390533
40 0.0157868586859 0.962932409825 100 16.393442623
40 0.00799598776726 0.848518001858 200 19.0476190476
40 0.00542568415247 0.761822994304 300 20.6896551724
40 0.00416220499683 0.573194271259 400 21.978021978
40 0.00332893441438 0.44453740547 500 22.7272727273
40 0.00276971812474 0.289911366304 600 23.3463035019
40 0.00236974460637 0.186137812784 700 23.7288135593
40 0.00206982065334 0.126844986037 800 24.0963855422
50 0.0157475759288 1.02558430522 100 17.5438596491
50 0.0079503740561 0.915968270027 200 20.0
50 0.00538724399475 0.817968541548 300 21.4285714286
50 0.00412071745982 0.589523897527 400 22.5988700565
50 0.00328438697488 0.469291395001 500 23.3644859813
50 0.00273559267951 0.310172706514 600 23.8095238095
50 0.00234047454197 0.202226507006 700 24.2214532872
50 0.0020441417092 0.124260370734 800 24.4648318043
60 0.0157635290317 0.997165586061 100 18.8679245283
60 0.00796520344871 0.883044076823 200 20.8333333333
60 0.00540108444743 0.799777726162 300 22.2222222222
60 0.00412325670957 0.555877248707 400 23.2558139535
60 0.00328009222764 0.42870761052 500 23.8095238095
60 0.00273363099958 0.28319330264 600 24.2914979757
60 0.0023379829017 0.176512836127 700 24.5614035088
60 0.00204123807199 0.10380236726 800 24.7678018576
70 0.0157956890303 0.97361108061 100 19.6078431373
70 0.00799320608143 0.852225036931 200 21.5053763441
70 0.00542417267986 0.737805499012 300 22.9007633588
70 0.00413481771864 0.505058191689 400 23.8095238095
70 0.00328483471437 0.378983416438 500 24.2718446602
70 0.00273534556799 0.236746446853 600 24.5901639344
70 0.00233949094697 0.144227048185 700 24.9110320285
70 0.00204227644457 0.0859281887506 800 25.078369906
80 0.0158157741553 0.947440649772 100 20.4081632653
80 0.00800853913313 0.826685713018 200 22.2222222222
80 0.00543991858579 0.67772308175 300 23.4375
80 0.0041271829755 0.489665028339 400 24.2424242424
80 0.00328154523857 0.334130829623 500 24.6305418719
80 0.00273080888165 0.204804538218 600 25.0
80 0.00233674598446 0.12499135529 700 25.1798561151
80 0.0020398990348 0.0863173737457 800 25.3164556962
90 0.0157986603734 0.951769888347 100 21.2765957447
90 0.00798896808982 0.843411678993 200 22.7272727273
90 0.00542374759565 0.655967844327 300 24.0
90 0.00408508990844 0.504222712879 400 24.6913580247
90 0.00325815338011 0.319168087568 500 25.0
90 0.00271215825369 0.192664682014 600 25.2100840336
90 0.00232213375198 0.116810492919 700 25.4545454545
90 0.00202485847226 0.0737265993664 800 25.5591054313
100 0.0157724411153 0.91824998923 100 22.2222222222
100 0.00797233670717 0.848045113684 200 23.2558139535
100 0.00540113653601 0.607759510261 300 24.3902439024
100 0.00404837760513 0.469780902558 400 25.0
100 0.00323495893927 0.295732894978 500 25.2525252525
100 0.00269221763164 0.182464089262 600 25.5319148936
100 0.00230437665658 0.102370315758 700 25.641025641
100 0.00200995606185 0.0526738751723 800 25.7234726688
110 0.0157641185461 0.952121074369 100 22.7272727273
110 0.00796819392229 0.858208177817 200 23.8095238095
110 0.00538479496367 0.564446147869 300 24.7933884298
110 0.00402237400025 0.438082592129 400 25.3164556962
110 0.00321773610172 0.274513116399 500 25.5102040816
110 0.00267728686169 0.169133090367 600 25.7510729614
110 0.00229119834055 0.0892560199491 700 25.8302583026
110 0.00200139499965 0.0395620169976 800 25.8899676375
120 0.0157648465545 0.944509282042 100 22.7272727273
120 0.00796269678792 0.799075602004 200 24.3902439024
120 0.00536658493963 0.532453306797 300 25.2100840336
120 0.00400497574543 0.398688575211 400 25.4777070064
120 0.00320232470308 0.25080982477 500 25.7731958763
120 0.00266449815553 0.152311173153 600 25.8620689655
120 0.00228038625443 0.0762689789996 700 26.0223048327
120 0.0019926404154 0.0294027168518 800 26.0586319218
130 0.0157625829315 0.93960355109 100 23.2558139535
130 0.00795919344966 0.737545735893 200 25.0
130 0.00533666511016 0.538144317184 300 25.4237288136
130 0.0039905196216 0.354559061493 400 25.8064516129
130 0.00318936678512 0.222684105711 500 25.9067357513
130 0.00265562892379 0.136602177061 600 26.0869565217
130 0.0022724780716 0.0616430170749 700 26.1194029851
130 0.00198473203573 0.0268236291029 800 26.1437908497
140 0.0157564507732 0.935854446369 100 23.8095238095
140 0.00795730854169 0.657984948844 200 25.3164556962
140 0.00531069324112 0.499593287642 300 25.641025641
140 0.00397824567384 0.31078557019 400 25.974025974
140 0.00318014855905 0.189681252413 500 26.0416666667
140 0.00264805939064 0.114521382737 600 26.2008733624
140 0.00226471566462 0.0439868304172 700 26.2172284644
140 0.00197971605296 0.0242481243092 800 26.2295081967
150 0.015765303539 0.909261888274 100 24.3902439024
150 0.00795415696886 0.535642082864 200 25.641025641
150 0.0052909906426 0.42565882536 300 25.8620689655
150 0.00396792204249 0.256351572797 400 26.1437908497
150 0.00317125326358 0.156952957066 500 26.1780104712
150 0.0026403796147 0.0858708407844 600 26.3157894737
150 0.0022599159611 0.0260388182117 700 26.3157894737
150 0.00197485372917 0.0305349806613 800 26.3157894737
160 0.0157631428416 0.871274954061 100 25.0
160 0.00793593112372 0.480154611443 200 25.974025974
160 0.00527450939799 0.381418700966 300 26.0869565217
160 0.00395550924331 0.230352155131 400 26.3157894737
160 0.00316129395147 0.146526553539 500 26.3157894737
160 0.0026318464387 0.0778205524715 600 26.3157894737
160 0.00225431263425 0.0299320484553 700 26.4150943396
160 0.00196955383676 0.0302519653184 800 26.402640264
170 0.0157622222239 0.717106155099 100 25.641025641
170 0.00791219212727 0.484780653416 200 26.3157894737
170 0.00526326279263 0.318696701649 300 26.3157894737
170 0.00394571288415 0.196323598676 400 26.4900662252
170 0.00315487518213 0.125902064998 500 26.455026455
170 0.00262689164971 0.061354378302 600 26.4317180617
170 0.00224951272696 0.0277483090325 700 26.4150943396
170 0.00196669128404 0.0320396869479 800 26.4900662252
180 0.0157680805048 0.544544947069 100 25.641025641
180 0.00788944596926 0.438274468557 200 26.3157894737
180 0.00525583991079 0.249690170768 300 26.5486725664
180 0.00394037055766 0.145899142027 400 26.4900662252
180 0.00315111907121 0.0900568510581 500 26.455026455
180 0.00262312191806 0.0380702879747 600 26.5486725664
180 0.00224749050195 0.0272464926194 700 26.5151515152
180 0.00196541143741 0.0404868144655 800 26.4900662252
190 0.015752027858 0.315539182861 100 26.3157894737
190 0.00786838682319 0.337063467018 200 26.3157894737
190 0.00524554596969 0.189343279982 300 26.5486725664
190 0.00393271901742 0.118952301104 400 26.4900662252
190 0.0031450681022 0.0687950557473 500 26.455026455
190 0.00261965769184 0.0243691215072 600 26.5486725664
190 0.00224481708941 0.0166586173186 700 26.5151515152
190 0.00196403652221 0.0269828023126 800 26.402640264
200 0.0157364212258 0.28274355838 100 25.641025641
200 0.00785937223532 0.282298123986 200 26.3157894737
200 0.00523936756225 0.166784134273 300 26.3157894737
200 0.00392873560923 0.110349813238 400 26.4900662252
200 0.0031422463395 0.0629178443024 500 26.455026455
200 0.00261823044327 0.0251684876585 600 26.4317180617
200 0.0022445381453 0.0133128612566 700 26.4150943396
200 0.00196469105188 0.0140540870446 800 26.402640264
210 0.0157145232058 0.448108150048 100 25.641025641
210 0.00785501623572 0.256272350788 200 26.3157894737
210 0.00523648088808 0.162479790937 300 26.3157894737
210 0.00392725402785 0.116342433172 400 26.4900662252
210 0.00314174639683 0.0681305201699 500 26.455026455
210 0.00261857226309 0.0384194622251 600 26.4317180617
210 0.0022457001771 0.0250746376785 700 26.4150943396
210 0.00196598625794 0.0323006164094 800 26.402640264
220 0.0157079822105 0.478763552378 100 25.641025641
220 0.00785416097734 0.250355927707 200 26.3157894737
220 0.00523641830304 0.168868708158 300 26.3157894737
220 0.00392758574236 0.127282251891 400 26.3157894737
220 0.00314314495978 0.0813517252692 500 26.455026455
220 0.00261999167311 0.0551658974691 600 26.4317180617
220 0.00224773738641 0.0443624428798 700 26.4150943396
220 0.00196829586378 0.0554756624455 800 26.3157894737
230 0.0157107424859 0.45136957145 100 25.641025641
230 0.00785556463846 0.254211018215 200 25.974025974
230 0.00523801888266 0.176219812135 300 26.3157894737
230 0.00392940124894 0.131275813965 400 26.3157894737
230 0.00314448190966 0.0870937245509 500 26.3157894737
230 0.00262262062291 0.0692999070831 600 26.4317180617
230 0.00225091021427 0.0640070708573 700 26.3157894737
230 0.001971187284 0.0873823144545 800 26.3157894737
240 0.0157128846782 0.3385837952 100 25.641025641
240 0.00785755458111 0.191670567221 200 25.974025974
240 0.00523968580602 0.143407888202 300 26.3157894737
240 0.00393087115814 0.100139560945 400 26.3157894737
240 0.00314630897352 0.0668554119993 500 26.3157894737
240 0.0026251456757 0.058041325919 600 26.3157894737
240 0.00225223854724 0.0647042808558 700 26.3157894737
240 0.00197328590662 0.091535676652 800 26.2295081967
250 0.0157093455513 0.065081914224 100 25.641025641
250 0.00785548902294 0.0380041226566 200 25.974025974
250 0.00523738890918 0.0371426564475 300 26.3157894737
250 0.00392941575801 0.00621638662673 400 26.3157894737
250 0.00314477889152 0.0081160313777 500 26.3157894737
250 0.00262299313767 0.00960186125795 600 26.3157894737
250 0.00225040029492 0.00791048820051 700 26.3157894737
250 0.00197140123237 0.0475554290228 800 26.2295081967
260 0.0157083238013 0.02547723638 100 25.641025641
260 0.0078546624194 0.0191037602438 200 25.974025974
260 0.00523682774638 0.0105034170023 300 26.3157894737
260 0.00392887781543 0.0216772473864 400 26.3157894737
260 0.00314407432479 0.031270816516 500 26.3157894737
260 0.00262256449461 0.0289288146294 600 26.3157894737
260 0.00224966222137 0.00427842091951 700 26.2172284644
260 0.00197129410065 0.0366222181839 800 26.1437908497
270 0.0157082382534 0.0210150431078 100 25.641025641
270 0.00785435780987 0.01348092011 200 25.974025974
270 0.00523674238824 0.0174939276369 300 26.3157894737
270 0.00392812115986 0.0417282530744 400 26.3157894737
270 0.00314444350451 0.0427218952775 500 26.3157894737
270 0.0026227741151 0.0343149292896 600 26.3157894737
270 0.00224962636952 0.00833941501932 700 26.2172284644
270 0.00197129723315 0.0336818251453 800 26.1437908497
280 0.0157083132533 0.0165504566322 100 25.641025641
280 0.00785458233792 0.0162170249592 200 25.974025974
280 0.00523697685494 0.028561458721 300 26.3157894737
280 0.00392888580217 0.0494494461079 400 26.3157894737
280 0.00314540900363 0.0452995361979 500 26.3157894737
280 0.00262285637045 0.0257299799216 600 26.2008733624
280 0.00225028162782 0.0180598505416 700 26.1194029851
280 0.00197161052232 0.0391962184106 800 26.0586319218
290 0.0157081791694 0.0202832145297 100 25.641025641
290 0.00785434054343 0.0140101553715 200 25.974025974
290 0.00523744639652 0.043443575198 300 26.3157894737
290 0.00392902197604 0.0554358467121 400 26.3157894737
290 0.00314548651331 0.0504036167031 500 26.3157894737
290 0.00262312705371 0.0261122017553 600 26.2008733624
290 0.00225093700039 0.0265661403299 700 26.1194029851
290 0.00197165031266 0.0417194952945 800 26.0586319218
300 0.0157083589068 0.0172429678297 100 25.641025641
300 0.00785472735514 0.0169669222851 200 25.974025974
300 0.00523774069399 0.0483756843682 300 26.0869565217
300 0.0039295049719 0.0513368736927 400 26.3157894737
300 0.0031465057293 0.0494181897347 500 26.1780104712
300 0.00262374830664 0.014194069897 600 26.2008733624
300 0.0022521990113 0.0364438584726 700 26.0223048327
300 0.00197244636785 0.0514399118286 800 26.0586319218
310 0.0157085569863 0.0218199397999 100 25.641025641
310 0.0078551781563 0.0342442471667 200 25.974025974
310 0.00523765898947 0.0622204490753 300 26.0869565217
310 0.00393059116191 0.0592038105645 400 26.3157894737
310 0.00314694525397 0.0426982373018 500 26.1780104712
310 0.00262467030292 0.0210275997312 600 26.0869565217
310 0.00225295949677 0.0393475036212 700 26.0223048327
310 0.00197361056721 0.0547645742983 800 26.0586319218
320 0.0157082197875 0.0225251122771 100 25.641025641
320 0.00785489965757 0.0586037034973 200 25.974025974
320 0.00523799454016 0.07499991015 300 26.0869565217
320 0.00393079277715 0.0645114202547 400 26.1437908497
320 0.00314637451373 0.0402987580374 500 26.1780104712
320 0.00262425045047 0.0256558037479 600 26.0869565217
320 0.00225201506991 0.0375225664186 700 26.0223048327
320 0.00197355056783 0.051202190424 800 26.0586319218
330 0.0157081826551 0.0158233393588 100 25.641025641
330 0.00785568879239 0.0672087146431 200 25.974025974
330 0.00523807887769 0.076421781782 300 26.0869565217
330 0.00393110750153 0.0673040118949 400 26.1437908497
330 0.00314692210193 0.0376124045062 500 26.1780104712
330 0.0026253997504 0.0276573818653 600 25.974025974
330 0.00225239356985 0.0430008720365 700 25.9259259259
330 0.00197438613525 0.0570689198069 800 26.0586319218
340 0.015708383008 0.0471035865768 100 25.641025641
340 0.00785527690954 0.0911691164277 200 25.974025974
340 0.00523855920781 0.0875195373908 300 26.0869565217
340 0.00393186393821 0.0731652935464 400 26.1437908497
340 0.00314728409899 0.0205075928887 500 26.0416666667
340 0.00262621626381 0.0308736108093 600 25.974025974
340 0.00225297881775 0.0429674496092 700 25.9259259259
340 0.00197472391988 0.0609838700389 800 26.0586319218
350 0.0157086877672 0.0885723131055 100 25.641025641
350 0.00785519984525 0.112883754974 200 25.974025974
350 0.00523933267986 0.097104560084 300 26.0869565217
350 0.00393171442253 0.0641032126419 400 26.1437908497
350 0.00314783049571 0.0200386337484 500 26.0416666667
350 0.00262646833498 0.03240211383 600 25.974025974
350 0.00225380823944 0.0442682265113 700 25.9259259259
350 0.00197480887443 0.0629135360023 800 26.0586319218
360 0.0157090380518 0.122039168423 100 25.641025641
360 0.00785610268559 0.116267770786 200 25.974025974
360 0.00524008748426 0.0965799528912 300 26.0869565217
360 0.00393207887616 0.0520045780781 400 26.1437908497
360 0.00314828759763 0.0235374699902 500 25.9067357513
360 0.00262627184104 0.036318966313 600 25.8620689655
360 0.00225466734258 0.0522766986568 700 25.9259259259
360 0.00197538657607 0.0907350467583 800 26.1437908497
370 0.0157099267967 0.140584062406 100 25.641025641
370 0.00785606848515 0.124654681642 200 25.974025974
370 0.00524035799705 0.10047124581 300 26.0869565217
370 0.00393250957246 0.0508660384678 400 25.974025974
370 0.00314941114624 0.0253429721944 500 25.9067357513
370 0.00262668415881 0.04283405591 600 25.8620689655
370 0.00225521388175 0.0573561011733 700 26.0223048327
370 0.00197586365602 0.10739646192 800 26.1437908497
380 0.0157085822778 0.148868197224 100 25.641025641
380 0.00785640396879 0.118415391327 200 25.974025974
380 0.00524082062594 0.0905409406488 300 26.0869565217
380 0.00393270074812 0.0221838114552 400 25.974025974
380 0.00314978601099 0.033435004114 500 25.9067357513
380 0.00262696300553 0.0447549728883 600 25.8620689655
380 0.00225506106886 0.0631612751631 700 26.0223048327
380 0.00197602034946 0.11834180613 800 26.1437908497
390 0.015708777339 0.147404237154 100 25.641025641
390 0.00785724484162 0.10948155066 200 25.974025974
390 0.00524045151002 0.0655297662367 300 25.8620689655
390 0.00393298453628 0.013796271703 400 25.974025974
390 0.00314971754245 0.0395610069267 500 25.7731958763
390 0.00262766696807 0.0523269782413 600 25.8620689655
390 0.00225510121862 0.0697607662907 700 26.0223048327
390 0.00197647018599 0.122032190628 800 26.1437908497
400 0.0157088695592 0.131438989929 100 25.641025641
400 0.00785695625732 0.101562851552 200 25.974025974
400 0.00524049027766 0.0521926847425 300 25.8620689655
400 0.00393299207131 0.030917332378 400 25.8064516129
400 0.00314896493117 0.0454004038369 500 25.7731958763
400 0.00262771856738 0.0608759038492 600 25.8620689655
400 0.00225492010676 0.106599583062 700 26.0223048327
400 0.00197639101638 0.1260109958 800 26.1437908497
410 0.0157085082747 0.129179604199 100 25.641025641
410 0.00785704844157 0.103242805233 200 25.641025641
410 0.00524006835299 0.02868910201 300 25.8620689655
410 0.00393342621187 0.039699806 400 25.8064516129
410 0.00314876692861 0.0531356560029 500 25.7731958763
410 0.00262764728031 0.0668603702098 600 25.8620689655
410 0.00225469775224 0.121818674052 700 26.1194029851
410 0.0019762951567 0.130724982517 800 26.1437908497
420 0.0157109348474 0.0899764761704 100 25.641025641
420 0.00785981235353 0.063690031312 200 25.641025641
420 0.00524192989649 0.0263007360301 300 25.8620689655
420 0.00393550481249 0.0643448869488 400 25.641025641
420 0.00315080101323 0.0706682267712 500 25.7731958763
420 0.0026289370987 0.085089404865 600 25.974025974
420 0.00225637385746 0.141071353508 700 26.1194029851
420 0.00197716237845 0.149019166489 800 26.1437908497
430 0.0157110201497 0.0853185932088 100 25.641025641
430 0.00785794464721 0.0335718483143 200 25.641025641
430 0.00524130274001 0.0407368991327 300 25.641025641
430 0.00393432725555 0.0696785629178 400 25.641025641
430 0.00315060244525 0.0778483772382 500 25.7731958763
430 0.00262835188284 0.0938467628238 600 25.974025974
430 0.0022562327828 0.141589268838 700 26.1194029851
430 0.00197636412127 0.15193276259 800 26.1437908497
440 0.0157105496522 0.0938232445004 100 25.0
440 0.00785781586703 0.0250027394989 200 25.641025641
440 0.00524158574566 0.0698241955621 300 25.641025641
440 0.00393385628646 0.0747668810969 400 25.641025641
440 0.00315092417866 0.0827708593416 500 25.7731958763
440 0.00262842290618 0.132033843605 600 25.974025974
440 0.00225650456284 0.146934817548 700 26.1194029851
440 0.00197668589372 0.168287144768 800 26.0586319218
450 0.0157112149809 0.0973311790462 100 25.0
450 0.0078577864179 0.0201825846918 200 25.641025641
450 0.00524249538415 0.0806571100383 300 25.4237288136
450 0.00393404387856 0.0868490295301 400 25.641025641
450 0.00315119932253 0.0919454302148 500 25.7731958763
450 0.00262878115035 0.152041474566 600 26.0869565217
450 0.00225688918532 0.155160256206 700 26.1194029851
450 0.00197656906049 0.176315289176 800 26.0586319218
460 0.0157102891417 0.0591880085755 100 25.0
460 0.00785725997014 0.0630957531537 200 25.3164556962
460 0.00524176843536 0.0835158211055 300 25.4237288136
460 0.00393376090158 0.084691223333 400 25.641025641
460 0.00315000977686 0.0925992570671 500 25.9067357513
460 0.00262810353376 0.149921035175 600 26.0869565217
460 0.00225523993847 0.152015233225 700 26.1194029851
460 0.00197384513144 0.182437137781 800 25.974025974
470 0.0157091178772 0.016645736701 100 25.0
470 0.0078565418727 0.091486846878 200 25.3164556962
470 0.00524043507488 0.0883567993168 300 25.4237288136
470 0.003933477073 0.0866328329802 400 25.641025641
470 0.00314958014172 0.108589781962 500 25.9067357513
470 0.00262805391797 0.150566393959 600 26.0869565217
470 0.00225470842235 0.162253608234 700 26.1194029851
470 0.00196979196739 0.191888858953 800 25.8899676375
480 0.0157092586413 0.0203399675883 100 25.0
480 0.00785732144137 0.1212038316 200 25.3164556962
480 0.00524044503862 0.0998570095014 300 25.4237288136
480 0.00393427462795 0.0975215365371 400 25.641025641
480 0.0031500323913 0.146697826665 500 25.9067357513
480 0.00262870670484 0.158472675463 600 26.0869565217
480 0.00225519241465 0.174164286671 700 26.0223048327
480 0.00196839876611 0.19639195134 800 25.8064516129
490 0.0157088755351 0.131993039847 100 25.0
490 0.00785743175402 0.140063808215 200 25.3164556962
490 0.0052401949115 0.109616464256 300 25.4237288136
490 0.00393369045649 0.104557671433 400 25.8064516129
490 0.00314985473383 0.17157849315 500 26.0416666667
490 0.00262826556805 0.161372092662 600 26.0869565217
490 0.0022540761333 0.181413809142 700 26.0223048327
490 0.0019683154651 0.196049012993 800 25.641025641
500 0.0157093192756 0.130703549977 100 25.0
500 0.00785793754413 0.121402183952 200 25.0
500 0.00524116055119 0.10390757499 300 25.4237288136
500 0.00393382666778 0.0998740710138 400 25.8064516129
500 0.00315037696612 0.162617322995 500 26.0416666667
500 0.00262768405471 0.160689569083 600 26.0869565217
500 0.0022522109838 0.192687158213 700 25.9259259259
500 0.0019699392391 0.191957650058 800 25.4777070064
510 0.0157095465475 0.197275400356 100 24.3902439024
510 0.00785744244175 0.111578586874 200 25.0
510 0.00524180992161 0.0958957511163 300 25.4237288136
510 0.00393434212019 0.12351990134 400 25.974025974
510 0.00315144468207 0.159466371545 500 26.0416666667
510 0.00262814363976 0.174689704042 600 26.0869565217
510 0.00224906614735 0.200744645132 700 25.8302583026
510 0.00197002711034 0.189074851241 800 25.3164556962
520 0.0157103295667 0.2173974779 100 24.3902439024
520 0.00785722003488 0.129485265898 200 25.0
520 0.00524221604744 0.106928885613 300 25.641025641
520 0.00393453266181 0.162616164455 400 25.974025974
520 0.00315149020113 0.168643155876 500 26.1780104712
520 0.00262824907235 0.184111184608 600 26.0869565217
520 0.0022478831202 0.203809827512 700 25.7352941176
520 0.00197114935107 0.195230100066 800 25.1572327044
530 0.0157110352324 0.13126036268 100 24.3902439024
530 0.0078575402145 0.074883484403 200 25.0
530 0.00524215085796 0.0795322233924 300 25.641025641
530 0.00393480945276 0.160918344432 400 26.1437908497
530 0.00315135944459 0.147620436835 500 26.1780104712
530 0.00262716175414 0.169277854869 600 25.974025974
530 0.00224862243906 0.187199709926 700 25.5474452555
530 0.00197068063045 0.181920053219 800 25.0
540 0.0157106105963 0.0765788025694 100 24.3902439024
540 0.00785785996463 0.0522798943707 200 25.3164556962
540 0.00524164916669 0.0605789733917 300 25.8620689655
540 0.00393473089876 0.142677522978 400 26.1437908497
540 0.00315005847268 0.138544259192 500 26.1780104712
540 0.00262456372649 0.1804607405 600 25.974025974
540 0.00224918533864 0.173790479498 700 25.4545454545
540 0.0019683196278 0.183300245924 800 24.6913580247
550 0.015709846326 0.0135386070927 100 24.3902439024
550 0.00785834959954 0.0266023758508 200 25.3164556962
550 0.00524200309617 0.0949117988084 300 26.0869565217
550 0.0039355136053 0.128056766487 400 26.3157894737
550 0.00315031331147 0.153020724781 500 26.1780104712
550 0.00262158938841 0.178763715101 600 25.8620689655
550 0.00224919777285 0.167088771977 700 25.2707581227
550 0.00196409497071 0.204815256769 800 24.3902439024
560 0.0157090499361 0.028054779771 100 24.3902439024
560 0.007857897277 0.0307661434274 200 25.641025641
560 0.0052413664984 0.12015977257 300 26.0869565217
560 0.00393473464648 0.130687008929 400 26.3157894737
560 0.00314978763056 0.152277344489 500 26.1780104712
560 0.00262029532416 0.173599793427 600 25.7510729614
560 0.00224975195857 0.163920974053 700 25.0896057348
560 0.00199560894324 0.223224585071 800 23.8805970149
570 0.0157088268088 0.0303927990785 100 25.0
570 0.00785747791503 0.0305314741014 200 25.974025974
570 0.00524150060638 0.140118390301 300 26.3157894737
570 0.00393430533564 0.126370434886 400 26.3157894737
570 0.00314824551445 0.144902165102 500 26.1780104712
570 0.00262081727839 0.16400732245 600 25.641025641
570 0.00224884638082 0.1572602089 700 24.9110320285
570 0.0021554667447 0.214113057524 800 23.3918128655
580 0.0157094355866 0.0176438002944 100 25.0
580 0.00785721557095 0.0303838963853 200 25.974025974
580 0.00524125273449 0.134331259622 300 26.5486725664
580 0.00393300048495 0.123733121559 400 26.4900662252
580 0.00314567992951 0.175473585204 500 26.0416666667
580 0.00262124150901 0.160089110564 600 25.4237288136
580 0.0022470178743 0.168421225396 700 24.6478873239
580 0.00240977488512 0.193659845689 800 22.9226361032
590 0.0157104738397 0.0212977171918 100 25.641025641
590 0.00785838456277 0.123167842171 200 26.3157894737
590 0.0052429443234 0.148629456703 300 26.5486725664
590 0.00393395174714 0.162242294641 400 26.3157894737
590 0.00314365208557 0.186489198919 500 25.9067357513
590 0.0026216776155 0.166837117146 600 25.2100840336
590 0.0022440735048 0.209511818104 700 24.1379310345
590 0.00275899964431 0.16821159899 800 22.4719101124
600 0.0157112735369 0.0228593754553 100 25.641025641
600 0.00785873899173 0.166098366879 200 26.3157894737
600 0.00524314351339 0.144758501715 300 26.5486725664
600 0.00393444178891 0.165252201544 400 26.3157894737
600 0.00314312800536 0.183848442849 500 25.7731958763
600 0.00262277335493 0.171957519474 600 25.0
600 0.0022992454127 0.23316956677 700 23.569023569
600 0.00314128532884 0.136508333076 800 22.0385674931
610 0.0157111244995 0.0445201710563 100 25.641025641
610 0.00785907545908 0.200635016147 200 26.6666666667
610 0.00524267327083 0.156435468725 300 26.5486725664
610 0.00393257737393 0.178308265602 400 26.1437908497
610 0.00314384227887 0.183035480411 500 25.5102040816
610 0.00262176376243 0.168115817412 600 24.6913580247
610 0.0025033717661 0.229145872145 700 23.0263157895
610 0.00335314854793 0.123911794606 800 21.6802168022
620 0.0157096540786 0.0473066761316 100 26.3157894737
620 0.00785804200327 0.186894188326 200 26.6666666667
620 0.00524062246099 0.142172991189 300 26.5486725664
620 0.00392923157758 0.202347988248 400 25.974025974
620 0.00314358737465 0.169592024357 500 25.2525252525
620 0.0026196036023 0.181797999981 600 24.2914979757
620 0.00283543741996 0.19634502328 700 22.4358974359
620 0.00340345721798 0.14540654377 800 21.3903743316
630 0.0157101340133 0.203879456903 100 26.3157894737
630 0.00785846258168 0.16948903093 200 26.6666666667
630 0.00524064614405 0.177091603445 300 26.3157894737
630 0.00392752928675 0.194849529917 400 25.8064516129
630 0.00314360781085 0.161381731661 500 25.0
630 0.00262207766468 0.217942488268 600 23.7154150198
630 0.00328984464452 0.157809126707 700 21.875
630 0.00344450885418 0.175469270642 800 21.0526315789
640 0.0157096307547 0.312154254414 100 26.3157894737
640 0.0078580054269 0.178172777399 200 26.3157894737
640 0.00524024193925 0.183049486124 300 26.0869565217
640 0.00392725208903 0.188379621808 400 25.4777070064
640 0.003144260555 0.162234492831 500 24.6305418719
640 0.00273630053214 0.236188580137 600 22.9885057471
640 0.00370985290319 0.142468723334 700 21.4067278287
640 0.00377506269508 0.206541130764 800 20.618556701
650 0.0157098278287 0.314829723507 100 26.3157894737
650 0.00785710983885 0.180037771469 200 26.3157894737
650 0.00523859559022 0.200243394604 300 25.8620689655
650 0.00392786005857 0.183611901149 400 25.0
650 0.00314326371625 0.170071510344 500 24.154589372
650 0.00305713823392 0.224575615183 600 22.2222222222
650 0.00389185526129 0.163875997305 700 20.9580838323
650 0.00347232008915 0.21865581892 800 20.1511335013
660 0.0157102479846 0.28040612161 100 25.641025641
660 0.00785674910773 0.183388837326 200 25.974025974
660 0.00523628777992 0.224162619109 300 25.4237288136
660 0.00392782335522 0.168036382793 400 24.6913580247
660 0.00314201354033 0.194860917202 500 23.5849056604
660 0.00349453533059 0.193569684096 600 21.5827338129
660 0.00392428306329 0.195441155891 700 20.5882352941
660 0.00294724221936 0.188613447711 800 19.7044334975
670 0.015710665767 0.0859520434728 100 25.641025641
670 0.00785684451107 0.114697152157 200 25.641025641
670 0.0052360162759 0.149142648678 300 25.2100840336
670 0.00392841332589 0.117795094682 400 24.2424242424
670 0.00317226926525 0.201190042014 500 22.8310502283
670 0.00405218557126 0.148399572536 600 20.979020979
670 0.00403893858862 0.245606922309 700 20.2312138728
670 0.00259568256865 0.164063673809 800 19.3236714976
680 0.0157100861115 0.0258713120114 100 25.641025641
680 0.00785610935608 0.086929370367 200 25.3164556962
680 0.00523611474405 0.114077618249 300 24.7933884298
680 0.00392864744478 0.0994492188627 400 23.8095238095
680 0.00340087114092 0.196627325937 500 22.0264317181
680 0.00446478731662 0.17323039283 600 20.4778156997
680 0.00437203391226 0.288021648848 700 19.7183098592
690 0.0157090730933 0.028319588163 100 25.641025641
690 0.00785456826122 0.137211854696 200 25.0
690 0.00523627379454 0.110027853158 300 24.3902439024
690 0.00392787720353 0.108816917161 400 23.2558139535
690 0.00381834455517 0.184272675468 500 21.2765957447
690 0.00458793703955 0.226300724271 600 20.0668896321
690 0.00375904070087 0.285077761261 700 19.2837465565
700 0.0157089295685 0.114707844587 100 25.0
700 0.00785460616706 0.16844785961 200 24.6913580247
700 0.00523648573883 0.102966904885 300 23.8095238095
700 0.00392944152845 0.164330065502 400 22.5988700565
700 0.00440593708613 0.177996541741 500 20.5761316872
700 0.0046206728755 0.284488467452 600 19.7368421053
700 0.00316340712868 0.247765646924 700 18.8172043011
710 0.0157091049339 0.137250274188 100 24.3902439024
710 0.00785564036269 0.153042124204 200 24.3902439024
710 0.00523702141697 0.100737336363 300 23.4375
710 0.00402665342865 0.213373821278 400 21.7391304348
710 0.00504318582096 0.200363729649 500 20.0
710 0.00486890084914 0.34044074926 600 19.2926045016
710 0.00291527049623 0.208083528815 700 18.4696569921
720 0.0157084759183 0.139335542065 100 24.3902439024
720 0.00785482554682 0.150467727879 200 23.8095238095
720 0.00523687407774 0.103707505315 300 22.9007633588
720 0.00440833349624 0.226558984438 400 20.8333333333
720 0.00546118410093 0.239099653805 500 19.4552529183
720 0.00490681076716 0.354706309127 600 18.8087774295
730 0.0157082068546 0.286353460994 100 23.8095238095
730 0.00785429822745 0.137130827965 200 23.2558139535
730 0.00523680982524 0.138709729554 300 22.2222222222
730 0.00494135322164 0.215072939481 400 20.1005025126
730 0.00554080336872 0.299670956156 500 19.0839694656
730 0.00421723712849 0.338528623545 600 18.3486238532
740 0.0157122469158 0.177822541798 100 23.2558139535
740 0.00785440226705 0.0709923508397 200 22.7272727273
740 0.00524487576587 0.165261595329 300 21.5827338129
740 0.00567558711498 0.209766320127 400 19.4174757282
740 0.0055814121962 0.382067815592 500 18.7265917603
740 0.00361145921568 0.310132321592 600 17.9640718563
750 0.015715655314 0.15462007541 100 23.2558139535
750 0.0078545766165 0.06553467552 200 22.4719101124
750 0.00541993718526 0.224867898823 300 20.5479452055
750 0.00641964460331 0.265218459094 400 18.8679245283
750 0.00594094647286 0.444481287187 500 18.315018315
750 0.00338019225527 0.266675032704 600 17.6470588235
760 0.0157112253267 0.151686202683 100 22.7272727273
760 0.00785447508056 0.0751675720805 200 21.978021978
760 0.00589175293932 0.249081975896 300 19.7368421053
760 0.00684394715401 0.321764101108 400 18.4331797235
760 0.00587094355524 0.457394050207 500 17.9211469534
770 0.0157081018801 0.0176181846971 100 22.2222222222
770 0.00785472525583 0.0684911221452 200 21.2765957447
770 0.00653473484184 0.23341944936 300 18.9873417722
770 0.00691803318736 0.426401973429 400 18.0995475113
770 0.0051096305882 0.464950267592 500 17.4825174825
780 0.0157099530176 0.0138856265041 100 21.7391304348
780 0.00785738731943 0.18464227817 200 20.4081632653
780 0.00736810805018 0.267273284178 300 18.2926829268
780 0.00690225012717 0.490735230705 400 17.7777777778
780 0.00441260044124 0.403294868723 500 17.0648464164
790 0.0157162235695 0.0298982361101 100 21.2765957447
790 0.00799735948857 0.305766957584 200 19.4174757282
790 0.00827108793322 0.332990371882 300 17.7514792899
790 0.00720101794075 0.555899313619 400 17.3913043478
790 0.00412403322013 0.34154380495 500 16.7785234899
800 0.0157147746648 0.0625543889312 100 20.8333333333
800 0.00854314528545 0.334387146471 200 18.5185185185
800 0.00891742734087 0.418276646692 300 17.3410404624
800 0.0076484871884 0.597930535734 400 17.0212765957
810 0.0157094295238 0.0747535664395 100 20.4081632653
810 0.00944436843372 0.329298828827 200 17.6991150442
810 0.00918548965481 0.524317720251 300 17.0454545455
810 0.00671185760784 0.597515772376 400 16.6666666667
820 0.0157090372333 0.249025238202 100 19.6078431373
820 0.0105008512951 0.373224642327 200 17.094017094
820 0.00923580678158 0.627911896229 300 16.7597765363
820 0.00583646154741 0.542342970679 400 16.2601626016
830 0.0158096913526 0.460306842027 100 18.1818181818
830 0.0118192795165 0.465996469001 200 16.5289256198
830 0.00938348075148 0.730277910114 300 16.4835164835
830 0.00522184743276 0.472884396929 400 16.0
840 0.0164636462139 0.553103436202 100 16.9491525424
840 0.013087148808 0.584417486965 200 16.0
840 0.0100929580967 0.798099693052 300 16.1290322581
840 0.00505559020472 0.420985474491 400 15.8102766798
850 0.0176918591631 0.606918723857 100 16.1290322581
850 0.0136976228553 0.707017992553 200 15.7480314961
850 0.00968179021649 0.822638820208 300 15.7894736842
860 0.0192104186388 0.599905778383 100 15.3846153846
860 0.0138358115995 0.880456609561 200 15.503875969
860 0.00871127233267 0.828169142523 300 15.5440414508
870 0.0209318794507 0.656034131662 100 14.9253731343
870 0.0138060886248 0.997404202756 200 15.503875969
870 0.00780535529204 0.78937295552 300 15.306122449
880 0.0222475652816 0.715401518865 100 14.7058823529
880 0.0135285201631 1.06956886297 200 15.503875969
880 0.00733309437035 0.760048549731 300 15.2284263959
890 0.0227679597883 0.709303968341 100 14.7058823529
890 0.0132481881283 1.07718093319 200 15.625
890 0.00745310111781 0.751209327504 300 15.2284263959
900 0.0224535409517 0.69539729731 100 14.9253731343
900 0.0133547563796 1.06631744825 200 15.503875969
900 0.00796136983107 0.741264193403 300 15.306122449
910 0.0215125739802 0.691924591399 100 15.1515151515
910 0.013581903077 1.0220412015 200 15.503875969
920 0.0202900261925 0.665028623772 100 15.3846153846
920 0.0138782528572 0.943206845699 200 15.503875969
930 0.0189600914208 0.630869676872 100 15.625
930 0.0141743411835 0.8418210729 200 15.3846153846
940 0.0176971486244 0.564036821711 100 15.873015873
940 0.0143233403945 0.720305895568 200 15.3846153846
950 0.0167917808041 0.601823065225 100 16.1290322581
950 0.014181661191 0.613036645843 200 15.3846153846
960 0.0165306324827 0.713942845378 100 16.1290322581
960 0.0135696249352 0.522435416875 200 15.3846153846
970 0.0169499019083 0.768166965081 100 15.873015873
980 0.0182478217294 0.685324141119 100 15.3846153846
990 0.0200118391081 0.565823260862 100 14.9253731343
1000 0.0223037870585 0.661779312337 100 14.4927536232
1010 0.0238956842264 0.806276973182 100 14.2857142857
1020 0.02340740976 0.733719311513 100 14.4927536232
