0 0.0201974053512 0.459758946804 100 6.25
0 0.00849436509978 0.672999214538 200 6.66666666667
0 0.00655416349986 0.748760838673 300 7.17703349282
0 0.00515545831428 0.878869250102 400 7.28597449909
0 0.00383706529527 0.944228947216 500 7.56429652042
10 0.0198787274625 0.561297765167 100 6.17283950617
10 0.0085479364512 0.714102831688 200 6.66666666667
10 0.00662443377345 0.794102241221 300 7.17703349282
10 0.0051318258724 0.916815996713 400 7.28597449909
10 0.00386065563128 0.973771509047 500 7.54147812971
20 0.0199036672127 0.708390594822 100 6.06060606061
20 0.00865893555588 0.774464771566 200 6.66666666667
20 0.00671226624258 0.855722735968 300 7.19424460432
20 0.0051335194871 0.972564336309 400 7.28597449909
20 0.00387335964368 1.01717601657 500 7.53012048193
30 0.0200549844136 0.859045603034 100 5.91715976331
30 0.00880257274182 0.834992182052 200 6.6889632107
30 0.00679429934254 0.918130419149 300 7.21153846154
30 0.00514465421908 1.02501275801 400 7.29927007299
30 0.00386358064733 1.06031575694 500 7.50750750751
40 0.0195293098344 1.01599179183 100 5.81395348837
40 0.00899270444632 0.903028923846 200 6.73400673401
40 0.00690422657217 0.983659959283 300 7.24637681159
40 0.00514625475388 1.08116415618 400 7.32600732601
40 0.0038701520649 1.10777986294 500 7.47384155456
50 0.0189591496905 1.12181958491 100 5.88235294118
50 0.00903566979263 0.942295631958 200 6.80272108844
50 0.0069486557299 1.02269617725 300 7.28155339806
50 0.00506080572756 1.10840091783 400 7.3664825046
50 0.0038511261308 1.12694722368 500 7.40740740741
60 0.0183925669008 1.15029806956 100 6.02409638554
60 0.00891542977005 0.917757664293 200 6.92041522491
60 0.00685115408822 0.995875268378 300 7.37100737101
60 0.00490162994221 1.07674596072 400 7.43494423792
60 0.00371804079019 1.08918224492 500 7.35294117647
70 0.0177425703927 1.07908836983 100 6.25
70 0.00867250459076 0.821693581225 200 7.09219858156
70 0.00662189075057 0.895817750145 300 7.5
70 0.00469991185499 0.972549658487 400 7.5329566855
70 0.00347006734127 0.979956304619 500 7.36377025037
80 0.0167345643948 0.848510960327 100 6.53594771242
80 0.00825713870525 0.640272884631 200 7.24637681159
80 0.00617974649107 0.686098645885 300 7.63358778626
80 0.00438294887646 0.740381974585 400 7.63358778626
80 0.00337961729267 0.743663236441 500 7.37463126844
90 0.0157830170775 0.649760234872 100 6.75675675676
90 0.00787290428028 0.757181823011 200 7.40740740741
90 0.00557276717211 0.709611097003 300 7.7519379845
90 0.00402480945104 0.668937437471 400 7.72200772201
90 0.00319463393936 0.677803978438 500 7.34214390602
100 0.0160235847777 1.02892397964 100 6.89655172414
100 0.00802057839993 1.23003990905 200 7.51879699248
100 0.00524784903342 1.16777492228 300 7.83289817232
100 0.00393976611308 1.11048312737 400 7.79727095517
110 0.016547421845 1.22609146707 100 6.84931506849
110 0.00813533152999 1.37291546146 200 7.54716981132
110 0.00524153655977 1.3107465288 300 7.87401574803
110 0.00399663472798 1.2660405821 400 7.85854616896
120 0.0167975384248 1.26564066639 100 6.80272108844
120 0.00805140251186 1.39086657699 200 7.54716981132
120 0.00524751531839 1.31315859748 300 7.85340314136
120 0.00400089763039 1.27288967251 400 7.88954635108
130 0.016907670519 1.26910004725 100 6.84931506849
130 0.00797596594764 1.37830307755 200 7.57575757576
130 0.00524328149818 1.28707248716 300 7.7519379845
130 0.00398647834862 1.2495788733 400 7.90513833992
140 0.0169302810652 1.28678679889 100 6.89655172414
140 0.00792588106087 1.36325983898 200 7.63358778626
140 0.0052380533726 1.26059899182 300 7.71208226221
140 0.00397459249413 1.22854299201 400 7.92079207921
150 0.017002829088 1.29285327276 100 6.99300699301
150 0.00789005874611 1.35107670652 200 7.66283524904
150 0.00523756944843 1.23199835175 300 7.69230769231
150 0.00396513148548 1.20214842688 400 7.95228628231
160 0.0168867681555 1.29037378355 100 7.04225352113
160 0.00786415658984 1.30519757098 200 7.72200772201
160 0.00524222392987 1.17263246113 300 7.69230769231
160 0.00394808280081 1.14595483194 400 7.96812749004
170 0.016643020778 1.28295945273 100 7.14285714286
170 0.00785444866467 1.26116488482 200 7.78210116732
170 0.0052482645522 1.11858043526 300 7.71208226221
170 0.00393562040527 1.09647448304 400 7.96812749004
180 0.0164837611772 1.30619396436 100 7.24637681159
180 0.007856279133 1.24436933882 200 7.8431372549
180 0.00524897110148 1.09724657819 300 7.7519379845
180 0.00393293901224 1.08059251998 400 7.96812749004
190 0.0164271641064 1.35317403566 100 7.40740740741
190 0.00785675253774 1.26043059524 200 7.93650793651
190 0.00524519391002 1.11132729159 300 7.83289817232
190 0.0039375094878 1.10082637498 400 8.0
200 0.0162891682484 1.36988623507 100 7.63358778626
200 0.00786172735986 1.25045134241 200 8.06451612903
200 0.00524519596181 1.10569265232 300 7.89473684211
200 0.00393811409722 1.09704654046 400 8.03212851406
210 0.0159849637835 1.31301357363 100 7.87401574803
210 0.00790674167493 1.1565871351 200 8.19672131148
210 0.00526452929522 1.00839327526 300 7.97872340426
210 0.00392839381969 1.00492753606 400 8.01603206413
220 0.0157872355204 1.250697331 100 8.0
220 0.0080204453181 1.05365463022 200 8.2304526749
220 0.00528811306206 0.90455374312 300 8.02139037433
220 0.00393081094584 0.9056740787 400 7.87401574803
230 0.015728876447 1.2029331569 100 8.06451612903
230 0.00810458056004 0.973404810039 200 8.29875518672
230 0.0052783831101 0.845553070908 300 8.04289544236
230 0.00392912014589 0.852481640672 400 7.63358778626
240 0.0157115225522 1.17954895647 100 8.13008130081
240 0.00812756012686 0.925229429032 200 8.33333333333
240 0.00527723073658 0.810505786363 300 8.10810810811
240 0.00393202155386 0.8210213758 400 7.29927007299
250 0.0157146142237 1.14288509478 100 8.19672131148
250 0.00814303312746 0.871532698593 200 8.4388185654
250 0.00527909263417 0.773930892082 300 8.17438692098
260 0.0157929117291 1.06277566846 100 8.33333333333
260 0.00819364998985 0.791653932618 200 8.47457627119
260 0.00530217262525 0.713068501438 300 8.26446280992
270 0.0160033497952 0.960659070024 100 8.33333333333
270 0.00826542116 0.709995047432 200 8.33333333333
270 0.0053486409587 0.659408602335 300 8.28729281768
280 0.0161866125645 0.873686654362 100 8.40336134454
280 0.00837985999401 0.652863510968 200 8.16326530612
280 0.00538280581691 0.623111241718 300 8.28729281768
290 0.0164303234958 0.779282959235 100 8.40336134454
290 0.00850691937178 0.612663231742 200 8.06451612903
290 0.00541879404336 0.603757578714 300 8.28729281768
300 0.0166125890988 0.692311535441 100 8.40336134454
300 0.00858371236816 0.582936767784 200 8.0
300 0.00545392946904 0.584250374108 300 8.28729281768
310 0.0166298326498 0.673366539135 100 8.40336134454
310 0.0084909806678 0.588041616311 200 8.0
310 0.0054435676731 0.591624405974 300 8.24175824176
320 0.0165952017867 0.675700241447 100 8.40336134454
320 0.00839420047009 0.599671505789 200 8.0
320 0.0054015603853 0.603584291493 300 8.19672131148
330 0.016487199167 0.689375310809 100 8.47457627119
330 0.00827688401426 0.612399542901 200 8.0
330 0.00533926426714 0.621779698119 300 8.13008130081
340 0.0164226052664 0.727065033482 100 8.40336134454
340 0.00811966533848 0.643393978355 200 7.96812749004
340 0.00529232986597 0.663693939555 300 7.93650793651
350 0.0164409527333 0.719774682616 100 8.40336134454
350 0.00800786682885 0.648580923974 200 8.0
350 0.00523857658799 0.683999711158 300 7.55667506297
360 0.0163651128399 0.710289631233 100 8.47457627119
360 0.00794414246027 0.665101446125 200 8.03212851406
360 0.00524494826635 0.705134182974 300 7.17703349282
370 0.0161893650508 0.725515299554 100 8.54700854701
370 0.00789755322381 0.696723613649 200 8.0971659919
380 0.0159744916551 0.777700209509 100 8.47457627119
380 0.00786413920481 0.756467461137 200 8.19672131148
390 0.0158454087297 0.814385117204 100 8.13008130081
390 0.00785529541979 0.814148631461 200 8.19672131148
400 0.0158223253149 0.846818877296 100 7.8125
400 0.00785513510677 0.866384896013 200 8.19672131148
410 0.0158014890204 0.868674304478 100 7.63358778626
410 0.00786161460739 0.908229902243 200 8.19672131148
420 0.0157722976177 0.873542722305 100 7.51879699248
420 0.00786526770644 0.928025798004 200 8.16326530612
430 0.0157333403093 0.891186109109 100 7.51879699248
430 0.00787231418364 0.967436447373 200 8.0971659919
440 0.0157173829178 0.919934883899 100 7.51879699248
440 0.00789030299291 1.01227034321 200 8.0
450 0.0157079784399 0.965335268187 100 7.51879699248
450 0.00792177059795 1.06673249909 200 7.87401574803
460 0.0157340907841 1.03007367764 100 7.51879699248
460 0.00795615905378 1.14006254491 200 7.54716981132
470 0.0158376215719 1.08995013855 100 7.51879699248
470 0.00816023781265 1.19605403535 200 7.04225352113
480 0.0158740519499 1.09597330014 100 7.57575757576
490 0.015872013212 1.07322998458 100 7.69230769231
500 0.0158420422376 1.05212346444 100 7.87401574803
510 0.0158202705748 1.04685475529 100 8.13008130081
520 0.0158387842051 1.07661965369 100 8.40336134454
530 0.0158631813635 1.11853091938 100 8.54700854701
540 0.0158907440962 1.14959488291 100 8.69565217391
550 0.0158788658949 1.15835780895 100 8.77192982456
560 0.0158307522461 1.14875206456 100 8.69565217391
570 0.0158304703772 1.15888782897 100 8.54700854701
580 0.0158470675936 1.18157690376 100 8.26446280992
590 0.0158100403413 1.16731235408 100 7.69230769231
600 0.0159872570364 1.11475723519 100 6.66666666667
