0 0.0157079899653 0.881256569497 100 13.5135135135
0 0.00785404036098 0.908734368203 200 13.6054421769
0 0.00523604139402 0.875006918633 300 14.0845070423
10 0.0157080266134 0.882090400141 100 13.5135135135
10 0.00785399898074 0.908514999687 200 13.698630137
10 0.00523600091822 0.874019606046 300 14.2180094787
20 0.0157083381193 0.88152963277 100 13.5135135135
20 0.00785399195502 0.907301418545 200 13.7931034483
20 0.00523602423545 0.87455019211 300 14.3540669856
30 0.0157079955749 0.875880592739 100 13.5135135135
30 0.00785398482217 0.853847875804 200 13.7931034483
30 0.005235992774 0.876068853553 300 14.4230769231
40 0.0157081567797 0.827868284254 100 13.3333333333
40 0.00785407500272 0.8437193181 200 13.8888888889
40 0.00523599678903 0.8679095259 300 14.4927536232
50 0.0157082570089 0.772549121311 100 13.3333333333
50 0.00785404084619 0.841366186187 200 13.986013986
50 0.00523600601907 0.874507007964 300 14.5631067961
60 0.0157080473235 0.880760375446 100 13.3333333333
60 0.00785422543768 0.818757549374 200 14.0845070423
60 0.00523600470318 0.880666502786 300 14.6341463415
70 0.015708442147 0.942886364577 100 13.3333333333
70 0.00785411426439 0.873228462854 200 14.1843971631
80 0.0157079700048 0.946603042972 100 13.5135135135
80 0.00785398868408 0.874887982343 200 14.3884892086
90 0.0157083652447 0.959141507635 100 13.698630137
90 0.00785402235001 0.884895777843 200 14.598540146
100 0.0157081061591 0.868095715954 100 13.8888888889
100 0.00785401413091 0.886454252956 200 14.7058823529
110 0.015708010605 0.842696120819 100 14.0845070423
110 0.00785404880394 0.883401932443 200 14.9253731343
120 0.0157079894025 0.939001286966 100 14.2857142857
120 0.00785410676385 0.936609896112 200 15.037593985
130 0.0157084715834 0.790229738048 100 14.4927536232
130 0.00785405073464 0.889583483732 200 15.2671755725
140 0.0157081031201 0.800556777418 100 14.7058823529
150 0.0157080163978 0.818088283282 100 14.9253731343
160 0.0157080767396 0.813325842141 100 15.1515151515
170 0.0157079854638 0.895466272674 100 15.3846153846
180 0.0157080603244 0.941226534454 100 15.3846153846
190 0.0157080831727 0.934127077649 100 15.625
200 0.0157082749548 1.01875360477 100 15.625
