0 0.0157144467473 1.02710660443 100 9.09090909091
0 0.0108534318496 0.395982430976 200 7.63358778626
0 0.00679806362595 0.670465963194 300 7.12589073634
0 0.00507202448167 0.432669710458 400 6.90846286701
0 0.00405197976962 0.214041237069 500 7.28862973761
0 0.00261809278849 0.312628093518 600 7.27272727273
0 0.00303089294428 0.260727347027 700 7.18685831622
0 0.00273526917667 0.191668531485 800 7.3126142596
10 0.0160449423684 1.00247789439 100 8.69565217391
10 0.0108793537949 0.430775943633 200 7.7519379845
10 0.00582484253206 0.715111531829 300 7.05882352941
10 0.00503910059877 0.431014520719 400 6.94444444444
10 0.00404054277198 0.20831041493 500 7.33137829912
10 0.00261804580394 0.308363098482 600 7.29040097205
10 0.00304199519259 0.242881503393 700 7.20164609053
10 0.00279987648686 0.196068872382 800 7.33272227314
20 0.0200613000339 0.897822563504 100 8.0
20 0.0109055558298 0.470470776694 200 7.78210116732
20 0.00540522083851 0.735006680239 300 7.02576112412
20 0.00503205378619 0.408798058957 400 6.96864111498
20 0.00403382204725 0.193960838046 500 7.36377025037
20 0.00261829885624 0.306407738579 600 7.29927007299
20 0.00304017697108 0.221750183744 700 7.20164609053
20 0.00281938194862 0.192509094918 800 7.35294117647
30 0.0211899171175 0.737999929638 100 7.69230769231
30 0.010957081947 0.552067163064 200 7.7519379845
30 0.00533621004576 0.760660288063 300 7.00934579439
30 0.00502983304541 0.399015898325 400 6.96864111498
30 0.00406544192431 0.191680661869 500 7.37463126844
30 0.00261813827109 0.307261361367 600 7.29040097205
30 0.00304038177236 0.20808960746 700 7.17948717949
30 0.00276854731491 0.207720084715 800 7.35294117647
40 0.0212524462101 0.548706247401 100 7.51879699248
40 0.0110601845001 0.641034295473 200 7.66283524904
40 0.00534112647688 0.781227338251 300 6.99300699301
40 0.0050171053813 0.375802494665 400 6.95652173913
40 0.00407230277845 0.180827732701 500 7.37463126844
40 0.00261823759757 0.306971445716 600 7.25513905683
40 0.00308897617682 0.188946142838 700 7.13557594292
40 0.00275321430962 0.218113793786 800 7.34618916437
50 0.0212587662007 0.403373758193 100 7.35294117647
50 0.0114666792583 0.750643843491 200 7.51879699248
50 0.00533623696966 0.805537543071 300 6.96055684455
50 0.00500172161831 0.351261776212 400 6.93240901213
50 0.00408884760738 0.170954815617 500 7.36377025037
50 0.00268374540032 0.302901912855 600 7.14285714286
50 0.00313929856649 0.172901567918 700 7.10659898477
50 0.00275491559854 0.234124303098 800 7.32600732601
60 0.0213882341673 0.392488537347 100 7.14285714286
60 0.0113531733345 0.861031415362 200 7.35294117647
60 0.00532165365523 0.821389832163 300 6.92840646651
60 0.0050566272466 0.325399587069 400 6.92041522491
60 0.0041023840381 0.165523956365 500 7.34214390602
60 0.00340679767873 0.278218091669 600 7.02576112412
60 0.00310340365601 0.165768314068 700 7.09939148073
60 0.0027314223023 0.253249655016 800 7.29261622607
70 0.021564696592 0.506700124556 100 6.84931506849
70 0.0106784524632 0.965534165066 200 7.14285714286
70 0.00528724785172 0.827645848066 300 6.78733031674
70 0.00506908980946 0.291182676947 400 6.89655172414
70 0.00410265047837 0.161124871822 500 7.30994152047
70 0.00357186634159 0.242187430171 600 6.97674418605
70 0.00308569423784 0.16336503565 700 7.09219858156
70 0.00277395612234 0.269446655767 800 7.20720720721
80 0.0217622022809 0.704314762359 100 6.62251655629
80 0.0112279025347 1.08610009875 200 6.89655172414
80 0.00606371599651 0.818546849183 300 6.53594771242
80 0.00506533174652 0.266688410973 400 6.88468158348
80 0.00406351483037 0.158855918404 500 7.24637681159
80 0.00353811869805 0.207469088112 600 6.95249130939
80 0.00306848890532 0.170471223452 700 7.08502024291
80 0.00329695503517 0.293684689467 800 7.0796460177
90 0.02191795021 0.910884367947 100 6.49350649351
90 0.0115006703574 1.21117894983 200 6.66666666667
90 0.00696749411784 0.792964544958 300 6.36942675159
90 0.00505673776066 0.244742029758 400 6.88468158348
90 0.00369012815968 0.160736954362 500 7.10227272727
90 0.00355142557487 0.174665200922 600 6.92840646651
90 0.00307406739469 0.183292610444 700 7.07785642063
90 0.00385512038405 0.311917028172 800 7.03605980651
100 0.0221195666048 1.12711613013 100 6.45161290323
100 0.0114256883445 1.330108668 200 6.51465798046
100 0.00675663541381 0.783091270522 300 6.34249471459
100 0.00499255185855 0.23039609356 400 6.89655172414
100 0.00315460416628 0.161051211527 500 6.98324022346
100 0.0035881255957 0.146646921933 600 6.92041522491
100 0.00312880836151 0.203502610687 700 7.08502024291
100 0.00367675637706 0.328686687267 800 7.02370500439
110 0.0219562987189 1.26696005149 100 6.57894736842
110 0.0102164155382 1.40004732313 200 6.41025641026
110 0.00667949309287 0.766891171811 300 6.3829787234
110 0.00500894256905 0.214262100561 400 6.93240901213
110 0.00314283930825 0.163466008033 500 6.98324022346
110 0.0035765210927 0.137963713776 600 6.94444444444
110 0.00316970589874 0.217907890713 700 7.10659898477
110 0.00359241401539 0.33424122983 800 7.03605980651
120 0.0205978987596 1.17818079352 100 6.80272108844
120 0.00863833043992 1.26954748676 200 6.41025641026
120 0.00710114920406 0.609827015939 300 6.46551724138
120 0.00533603242955 0.152557898231 400 7.00525394046
120 0.00315856788274 0.201303992925 500 7.0323488045
120 0.00335957274653 0.169675018049 600 6.97674418605
120 0.00301012070149 0.172046626255 700 7.15015321757
120 0.00377452401452 0.266374504794 800 7.06713780919
130 0.0182011539155 0.787970310363 100 7.09219858156
130 0.0078542679086 0.84289550781 200 6.47249190939
130 0.00806890804989 0.358451405035 300 6.55021834061
130 0.00606488378637 0.163328962108 400 7.09219858156
130 0.00335392687346 0.259890489648 500 7.0821529745
130 0.00297796510331 0.267664936516 600 7.01754385965
130 0.00268151431785 0.193583579037 700 7.19424460432
130 0.00365974664757 0.166486769238 800 7.10479573712
140 0.0162856187226 0.553796323071 100 7.40740740741
140 0.00850750877601 0.569729415723 200 6.55737704918
140 0.00933211563913 0.504779051749 300 6.62251655629
140 0.0070106096582 0.281104756861 400 7.16845878136
140 0.00381213472134 0.265940419302 500 7.14285714286
140 0.0026832284709 0.348011190553 600 7.05882352941
140 0.00237385650125 0.339110041771 700 7.23888314374
140 0.00315402929857 0.253688305864 800 7.136485281
150 0.0157661245755 0.819339766074 100 7.63358778626
150 0.00943704232443 0.830691675471 200 6.64451827243
150 0.0101134849626 0.672648021205 300 6.69642857143
150 0.00761623138274 0.312182629489 400 7.23327305606
150 0.00418023030008 0.236221006363 500 7.18390804598
150 0.00261992812123 0.355682356894 600 7.08382526564
150 0.00226579250999 0.40578671063 700 7.27650727651
150 0.00285628148664 0.334110733052 800 7.16845878136
160 0.0157469210123 0.868008605501 100 7.7519379845
160 0.00963765007711 0.892176602534 200 6.6889632107
160 0.0102123766249 0.659244485972 300 6.74157303371
160 0.00772156716488 0.290531990292 400 7.28597449909
160 0.00425338623139 0.238560616624 500 7.20461095101
160 0.00261815707428 0.353336475232 600 7.09219858156
160 0.00225257424767 0.410837335571 700 7.29927007299
160 0.00281834704875 0.327238285894 800 7.17488789238
170 0.0157599244252 0.909413694372 100 7.7519379845
170 0.00964244616461 0.936419874348 200 6.71140939597
170 0.0102133965472 0.631192003339 300 6.75675675676
170 0.0077326636916 0.268357249998 400 7.3126142596
170 0.00426616820824 0.253461121948 500 7.20461095101
170 0.00261911099866 0.360623262719 600 7.06713780919
170 0.00225031937773 0.416328918628 700 7.3145245559
170 0.00307785833232 0.310541854076 800 7.14285714286
180 0.0158420984529 0.923553829639 100 7.63358778626
180 0.00966093150174 0.962399499006 200 6.73400673401
180 0.0102005048167 0.589886656385 300 6.77200902935
180 0.0077801848241 0.241541494533 400 7.33944954128
180 0.00418940524129 0.270406561605 500 7.14285714286
180 0.00262312205205 0.362078119069 600 7.05882352941
180 0.0022511015472 0.417445222157 700 7.30688935282
180 0.00379684869959 0.288937555196 800 7.09849157054
190 0.015885961807 0.901847394553 100 7.57575757576
190 0.00971797235106 0.984541769892 200 6.75675675676
190 0.0102590306908 0.544581140977 300 6.78733031674
190 0.00776026145071 0.209062575333 400 7.35294117647
190 0.00338324119731 0.281969859158 500 7.0323488045
190 0.00262208735597 0.360730742727 600 7.05882352941
190 0.00224734936718 0.417406859172 700 7.30688935282
190 0.0038609497784 0.271460316356 800 7.0796460177
200 0.0158154867234 0.89661129689 100 7.46268656716
200 0.00981302329758 1.0091157915 200 6.77966101695
200 0.0103219738722 0.501760811571 300 6.81818181818
200 0.00775854547365 0.18195015248 400 7.38007380074
200 0.00314838123199 0.284004092958 500 6.98324022346
200 0.0026189317958 0.359801543595 600 7.07547169811
200 0.00224616000398 0.418359453543 700 7.30688935282
200 0.00386222188142 0.25776714464 800 7.0796460177
210 0.0157336905061 0.886200940088 100 7.40740740741
210 0.00988807287037 1.02264020283 200 6.75675675676
210 0.0103268889059 0.460958022753 300 6.86498855835
210 0.00776247176868 0.16330647672 400 7.40740740741
210 0.00314160597362 0.285660128242 500 6.98324022346
210 0.00261855775884 0.358412705646 600 7.10900473934
210 0.00224733210855 0.417655938305 700 7.27650727651
210 0.00385059839301 0.24558723241 800 7.09219858156
220 0.0157127537462 0.940343927095 100 7.29927007299
220 0.0109815456656 1.06824663412 200 6.64451827243
220 0.010378583415 0.425931930604 300 6.91244239631
220 0.00775235744372 0.143063705455 400 7.40740740741
220 0.00314346071303 0.275894742047 500 6.99300699301
220 0.00261820654609 0.357328859241 600 7.13436385256
220 0.00226006386367 0.422420543598 700 7.19424460432
220 0.00388769738373 0.236118567573 800 7.11111111111
230 0.0157434811823 0.945622718392 100 7.04225352113
230 0.0146801264093 1.04282878709 200 6.4308681672
230 0.0103650172098 0.383298492281 300 6.96055684455
230 0.00775515236278 0.136367208705 400 7.39371534196
230 0.00314573992913 0.272956380173 500 7.00280112045
230 0.00261899676796 0.357258254263 600 7.15137067938
230 0.00243619379337 0.414994847323 700 7.13557594292
230 0.00388252501313 0.219791606672 800 7.12377560107
240 0.0157790521967 0.953450128444 100 6.80272108844
240 0.0152497141753 0.979108303291 200 6.30914826498
240 0.0103441646251 0.338782881117 300 6.99300699301
240 0.0076095026226 0.143818712303 400 7.3126142596
240 0.00314705983085 0.272108938913 500 7.0126227209
240 0.00261979728798 0.35814661184 600 7.16845878136
240 0.0027219665687 0.399730588296 700 7.11382113821
240 0.00389111870327 0.2035989382 800 7.136485281
250 0.0157642023745 0.953606087557 100 6.62251655629
250 0.0152552251365 0.898127188227 200 6.26959247649
250 0.0103569377435 0.293978027747 300 7.02576112412
250 0.0062027333177 0.164230330292 400 7.14285714286
250 0.00314722096026 0.270848638709 500 7.0126227209
250 0.00261928972462 0.35702659321 600 7.18562874251
250 0.00298912871903 0.376851803037 700 7.10659898477
250 0.00389902004688 0.189895473594 800 7.14285714286
260 0.0158389633835 0.939444678576 100 6.21118012422
260 0.0155746227063 0.811103087643 200 6.26959247649
260 0.0103964584302 0.255115043059 300 7.04225352113
260 0.00543147922646 0.185343808653 400 7.0796460177
260 0.00314533413514 0.277314800644 500 7.00280112045
260 0.00261846631652 0.358297782694 600 7.19424460432
260 0.00315983059387 0.347241627398 700 7.09939148073
260 0.00389374385847 0.182809469422 800 7.14924039321
270 0.0183348316626 0.962941594608 100 5.88235294118
270 0.0155750219993 0.728354804484 200 6.26959247649
270 0.010395579573 0.22222246878 300 7.05882352941
270 0.00543052516874 0.204502577403 400 7.06713780919
270 0.00314462625571 0.280022326427 500 6.99300699301
270 0.00262431912074 0.35685754539 600 7.20288115246
270 0.00318305442056 0.315617120683 700 7.09219858156
270 0.00389506465799 0.166501080436 800 7.15563506261
280 0.0197250358956 0.99419153242 100 5.81395348837
280 0.0155933913261 0.654237950803 200 6.2893081761
280 0.0103758632977 0.202145081109 300 7.09219858156
280 0.00545008784177 0.227892246685 400 7.06713780919
280 0.00314530932716 0.283699761022 500 6.97350069735
280 0.00262203072303 0.354717241194 600 7.21153846154
280 0.00312666222731 0.287884079032 700 7.09219858156
280 0.00389259837447 0.155426373326 800 7.16845878136
290 0.0199435521713 1.03602512223 100 5.84795321637
290 0.0156146760275 0.584638352986 200 6.30914826498
290 0.0103165528977 0.195170829052 300 7.12589073634
290 0.00551198898084 0.251926370588 400 7.06713780919
290 0.00314830180831 0.282497555893 500 6.95410292072
290 0.00261855881126 0.353113261239 600 7.2202166065
290 0.00312297380128 0.264175202333 700 7.08502024291
290 0.00387491409736 0.139062092611 800 7.18778077269
300 0.0200617429882 1.08897468517 100 5.88235294118
300 0.0155638828162 0.516702818723 200 6.32911392405
300 0.0102444330255 0.205221108273 300 7.15990453461
300 0.00556524422429 0.273463101904 400 7.05467372134
300 0.00314555376387 0.278657653744 500 6.93481276006
300 0.00261904270364 0.34961818534 600 7.23763570567
300 0.00351856648305 0.237947367831 700 7.04934541793
300 0.00385747760529 0.128564434675 800 7.20720720721
310 0.020579216989 1.17303996048 100 5.95238095238
310 0.0152850424792 0.443403121327 200 6.36942675159
310 0.0100068251467 0.231745820269 300 7.21153846154
310 0.00550852812605 0.288887299884 400 6.99300699301
310 0.00314904768511 0.254981256926 500 6.93481276006
310 0.00262233531045 0.341978777438 600 7.24637681159
310 0.00414107290585 0.217511383577 700 7.01402805611
310 0.00377951617677 0.107463516752 800 7.22673893406
320 0.0208932486466 1.20876193082 100 6.06060606061
320 0.0150661276758 0.373824943724 200 6.4308681672
320 0.00989689151683 0.274565115509 300 7.26392251816
320 0.00453594946533 0.29710518652 400 6.89655172414
320 0.00315527772412 0.238074918214 500 6.95410292072
320 0.00263002809375 0.3351864135 600 7.25513905683
320 0.00428159568112 0.195894781304 700 7.0
320 0.00375276105659 0.0906908916096 800 7.24637681159
330 0.0208035892325 1.22699413798 100 6.13496932515
330 0.0151067405605 0.33462423124 200 6.49350649351
330 0.00994694300587 0.305204594062 300 7.29927007299
330 0.00401849071823 0.291018486005 400 6.84931506849
330 0.00315522991404 0.245841195159 500 6.98324022346
330 0.00262677154163 0.339945548165 600 7.26392251816
330 0.00432234808431 0.178880530048 700 7.00700700701
330 0.00379820699263 0.0855309445187 800 7.27272727273
340 0.0206409441943 1.24033308563 100 6.17283950617
340 0.0152791835742 0.315408097196 200 6.55737704918
340 0.0100516526844 0.322913088183 300 7.35294117647
340 0.00394501480698 0.288717202315 400 6.86106346484
340 0.0031491766774 0.262009794949 500 7.02247191011
340 0.00262132292184 0.346481879123 600 7.25513905683
340 0.00439390537214 0.16845519548 700 7.0281124498
340 0.0038546974693 0.0862295937181 800 7.30593607306
350 0.0200881488551 1.23244977093 100 6.09756097561
350 0.0154739614972 0.36670400997 200 6.66666666667
350 0.0103947125419 0.309748562972 300 7.40740740741
350 0.00392784393206 0.32951176362 400 6.88468158348
350 0.00314341639691 0.319262155353 500 7.06214689266
350 0.00263033669343 0.361933794997 600 7.20288115246
350 0.00438577631628 0.16162800999 700 7.0564516129
350 0.00383783613071 0.102820879096 800 7.33272227314
360 0.0239847394211 1.27429676543 100 5.9880239521
360 0.015556810252 0.322746168465 200 6.75675675676
360 0.0103194889162 0.359566068061 300 7.44416873449
360 0.00393173806461 0.313712358443 400 6.92041522491
360 0.00314249658732 0.302253705788 500 7.11237553343
360 0.00266269630067 0.358958836088 600 7.15137067938
360 0.00445186527245 0.149073324826 700 7.08502024291
360 0.00389586538275 0.0911511776574 800 7.3664825046
370 0.029808677381 1.22144222699 100 5.88235294118
370 0.0152139865854 0.281700397124 200 6.87285223368
370 0.0101218504561 0.435064499334 300 7.4812967581
370 0.00395389875746 0.29659584278 400 6.96864111498
370 0.00315530510506 0.270646983037 500 7.1530758226
370 0.00277982502012 0.341698070839 600 7.13436385256
370 0.00437689689605 0.130369651252 700 7.12105798576
370 0.00380773500988 0.0792107465439 800 7.40740740741
380 0.0301163955218 1.1250993608 100 5.81395348837
380 0.0150833339022 0.290207189707 200 6.99300699301
380 0.0101889436602 0.486228834359 300 7.5
380 0.00396413301265 0.298155839791 400 7.01754385965
380 0.00316220594606 0.262356756716 500 7.20461095101
380 0.00295375023558 0.326734369811 600 7.14285714286
380 0.00434569925698 0.117529261635 700 7.15746421268
380 0.00377057480919 0.0810115406117 800 7.44878957169
390 0.0290214088713 0.989837345382 100 5.81395348837
390 0.0149446315644 0.319164926989 200 7.09219858156
390 0.0100658417069 0.547910814323 300 7.40740740741
390 0.00397518098354 0.298094055736 400 7.06713780919
390 0.00317042298176 0.248589629857 500 7.24637681159
390 0.00315778142102 0.304675671119 600 7.15990453461
390 0.00430144678545 0.104374930884 700 7.18685831622
390 0.0037195486275 0.088039568827 800 7.48362956034
400 0.0295297445366 0.890739315078 100 5.88235294118
400 0.0150517903978 0.359332202612 200 7.19424460432
400 0.00850839361346 0.561416624349 300 7.29927007299
400 0.00396756607721 0.29922269162 400 7.10479573712
400 0.00316143605734 0.257693633325 500 7.28862973761
400 0.00336520364155 0.28821697476 600 7.17703349282
400 0.00432519160847 0.0990903337209 700 7.21649484536
400 0.00372906690448 0.0968884310746 800 7.51879699248
410 0.0305345865499 0.870250068518 100 6.06060606061
410 0.0153912678617 0.363951038007 200 7.35294117647
410 0.00759894336261 0.510673682433 300 7.33496332518
410 0.00394150560175 0.296730005695 400 7.15563506261
410 0.00314465466697 0.283476738442 500 7.35294117647
410 0.0035664479572 0.281399391059 600 7.21153846154
410 0.00441859558484 0.106617637926 700 7.25388601036
410 0.00380500381579 0.0951300594508 800 7.56143667297
420 0.0298300751577 0.976660919293 100 6.25
420 0.0149143727963 0.415884470281 200 7.51879699248
420 0.0068013604497 0.413349542907 300 7.40740740741
420 0.00393988366808 0.390736147882 400 7.2202166065
420 0.00317634483202 0.368248445465 500 7.40740740741
420 0.00393138521972 0.286896113003 600 7.25513905683
420 0.00423311988808 0.140184649311 700 7.29927007299
420 0.00377501292383 0.109815182181 800 7.61179828735
430 0.026878820161 1.08011678108 100 6.49350649351
430 0.0134640079064 0.684944282773 200 7.69230769231
430 0.00607812567986 0.643885763125 300 7.4812967581
430 0.00412392089779 0.601841723953 400 7.27272727273
430 0.00339723016399 0.443326358261 500 7.47384155456
430 0.00442822520552 0.262186750245 600 7.29927007299
430 0.00382417731431 0.181840439337 700 7.34522560336
430 0.0034143769254 0.195573595701 800 7.65550239234
440 0.0237662148264 1.07336545599 100 6.66666666667
440 0.011904790469 0.971607588425 200 7.8125
440 0.00552347443742 0.980636484793 300 7.55667506297
440 0.00453824486257 0.745350920529 400 7.3126142596
440 0.00382538283148 0.43952162541 500 7.53012048193
440 0.00494416704712 0.196186069195 600 7.33496332518
440 0.00340508399056 0.206342294618 700 7.38396624473
440 0.00302780049645 0.280919489087 800 7.69230769231
450 0.0223778421465 1.04270783272 100 6.75675675676
450 0.011246554662 1.07750248469 200 7.90513833992
450 0.00535469845803 1.1062739474 300 7.57575757576
450 0.00480247195233 0.745680594011 400 7.3126142596
450 0.00403096289641 0.38809112894 500 7.55287009063
450 0.00513273797841 0.143935504055 600 7.35294117647
450 0.00321804135301 0.208908646871 700 7.40740740741
450 0.00285660502474 0.308546454453 800 7.72200772201
460 0.0221348045656 1.05374938809 100 6.80272108844
460 0.0111962194951 1.10433549162 200 7.96812749004
460 0.00534612675998 1.13169072114 300 7.57575757576
460 0.00484106830033 0.709186581059 400 7.27272727273
460 0.00400533340294 0.349993370025 500 7.56429652042
460 0.00517152070984 0.11169791834 600 7.32600732601
460 0.00319339587946 0.210713230637 700 7.42311770944
460 0.0028225983992 0.315125266321 800 7.72200772201
470 0.0221091053599 1.08618617937 100 6.75675675676
470 0.0112354736949 1.11377616188 200 8.0
470 0.00535954297712 1.14158408354 300 7.5
470 0.00492669603532 0.663870531139 400 7.2202166065
470 0.00399536315935 0.313852488534 500 7.55287009063
470 0.00448070338208 0.0873486127721 600 7.25513905683
470 0.00319309265305 0.211053050923 700 7.43099787686
470 0.00275530744207 0.317476707663 800 7.69971126083
480 0.0220322164351 1.12330694389 100 6.75675675676
480 0.0112492933628 1.14225279285 200 8.0
480 0.00524395769286 1.15458880918 300 7.29927007299
480 0.00499205161037 0.620331925903 400 7.20720720721
480 0.00399933359446 0.276305933316 500 7.54147812971
480 0.00377189855972 0.0806334328123 600 7.19424460432
480 0.00318285818489 0.213272455058 700 7.44680851064
480 0.00277404232498 0.323335059567 800 7.64087870105
490 0.02211445414 1.16599084796 100 6.80272108844
490 0.0112029608179 1.17081864005 200 8.03212851406
490 0.00616389503051 1.13128032102 300 7.10900473934
490 0.00497304375121 0.576092264916 400 7.20720720721
490 0.00399520740318 0.239954334747 500 7.53012048193
490 0.00368302016774 0.0828425811811 600 7.16845878136
490 0.00313918743828 0.219331691749 700 7.45473908413
490 0.00280704182965 0.330143548402 800 7.48362956034
500 0.0219493370977 1.22118597085 100 6.94444444444
500 0.0111486054375 1.21576334815 200 8.0971659919
500 0.00656917267481 1.10557589154 300 7.09219858156
500 0.00499011369112 0.544740902773 400 7.24637681159
500 0.00403002149095 0.20684785343 500 7.49625187406
500 0.00363455965665 0.0839554012178 600 7.18562874251
500 0.00310300926289 0.223331387155 700 7.48663101604
500 0.00279212249545 0.341771912174 800 7.46965452848
510 0.0217821079626 1.26165754187 100 7.19424460432
510 0.0110203976637 1.24940599456 200 8.19672131148
510 0.00664902261523 1.0794383632 300 7.14285714286
510 0.00502510996656 0.519397120646 400 7.3126142596
510 0.00412407672945 0.183119221119 500 7.47384155456
510 0.00359388899655 0.0878867473842 600 7.2202166065
510 0.00308115588516 0.229706667811 700 7.52688172043
510 0.00277459981207 0.350189025531 800 7.49063670412
520 0.020037972563 1.48952777728 100 7.46268656716
520 0.0100952984179 1.47752320693 200 8.33333333333
520 0.00719846096546 1.12783526432 300 7.22891566265
520 0.00545732571155 0.492735512733 400 7.39371534196
520 0.00465762129877 0.123526624621 500 7.4294205052
520 0.00330843397606 0.0979658047766 600 7.27272727273
520 0.00284414012688 0.258320171198 700 7.57575757576
520 0.00255364153325 0.408060057783 800 7.52587017874
530 0.017514184368 1.6009612868 100 7.8125
530 0.00880077369382 1.59364182541 200 8.51063829787
530 0.00829352662794 1.01552876801 300 7.31707317073
530 0.0062931410274 0.373335905189 400 7.47663551402
530 0.00576487358003 0.082996331609 500 7.41839762611
530 0.00289877333101 0.103576525694 600 7.31707317073
530 0.00249455027106 0.25987993563 700 7.63358778626
530 0.00222405148382 0.427579415181 800 7.56859035005
540 0.0159396111488 1.29981655199 100 8.19672131148
540 0.00797219847042 1.29963098365 200 8.62068965517
540 0.00957606534654 0.656123351957 300 7.42574257426
540 0.00725395946831 0.194579118676 400 7.56143667297
540 0.00557575711954 0.149919048423 500 7.44047619048
540 0.00264857191219 0.0797761955444 600 7.38007380074
540 0.00227573152586 0.188937005722 700 7.69230769231
540 0.00200533992417 0.329532337277 800 7.61179828735
550 0.0157081183971 1.00979762387 100 8.62068965517
550 0.00785723806839 1.01235557742 200 8.69565217391
550 0.0102545910229 0.441653617647 300 7.51879699248
550 0.00774531577014 0.164349882702 400 7.64818355641
550 0.00482633041716 0.175293352165 500 7.47384155456
550 0.00261836007262 0.0615508316988 600 7.42574257426
550 0.00224402140888 0.131776449415 700 7.74336283186
550 0.00196488167116 0.243358545276 800 7.65550239234
560 0.015745112404 0.877750507538 100 8.92857142857
560 0.00812396619386 0.873357325979 200 8.54700854701
560 0.0103049007754 0.367599420543 300 7.57575757576
560 0.00767463471631 0.185854467967 400 7.70712909441
560 0.00423138435608 0.174792163831 500 7.48502994012
560 0.00262802163516 0.0475900794033 600 7.46268656716
560 0.00224793308031 0.106079356341 700 7.78642936596
560 0.00196453355681 0.204675505555 800 7.69230769231
570 0.0157222893453 0.927548055617 100 9.17431192661
570 0.00954731344184 0.891737514522 200 8.19672131148
570 0.0103777325988 0.35229256863 300 7.59493670886
570 0.0077278630765 0.186985152219 400 7.73694390716
570 0.00400726919978 0.168655792984 500 7.48502994012
570 0.00262229037562 0.0430465774321 600 7.4812967581
570 0.002244431857 0.117015779562 700 7.82122905028
570 0.00196350795988 0.216356664485 800 7.71456123433
580 0.0157080087148 1.00955406253 100 9.25925925926
580 0.0101512382154 0.893681051503 200 8.06451612903
580 0.0102494611051 0.324651856324 300 7.55667506297
580 0.00771773607755 0.183576290334 400 7.7519379845
580 0.00393848770153 0.159276132749 500 7.47384155456
580 0.00261825787239 0.0350321836974 600 7.49063670412
580 0.00224518994935 0.134161567619 700 7.83874580067
580 0.00196594693291 0.233322073655 800 7.72946859903
590 0.0157081180096 1.01366020665 100 9.34579439252
590 0.0100864814731 0.819236133301 200 8.03212851406
590 0.01024434709 0.284045581296 300 7.51879699248
590 0.00761481464459 0.201719787316 400 7.7519379845
590 0.00395631526109 0.149426554097 500 7.47384155456
590 0.00261813413147 0.0294668709341 600 7.5
590 0.00224582098206 0.135272473601 700 7.85634118967
590 0.00196614769426 0.233067185007 800 7.73694390716
600 0.0157102808741 1.01580576919 100 9.43396226415
600 0.010047772222 0.743757941655 200 8.0
600 0.010242544913 0.248646563743 300 7.46268656716
600 0.00769114622434 0.225974073918 400 7.76699029126
600 0.00401149941427 0.139538274487 500 7.45156482861
600 0.00261836965524 0.0215653987672 600 7.50938673342
600 0.00224672287758 0.135918989704 700 7.86516853933
600 0.00196663807495 0.221379880223 800 7.7519379845
610 0.0157134910452 1.02935129171 100 9.52380952381
610 0.0100081131479 0.680739299673 200 7.96812749004
610 0.0102858989756 0.223605552855 300 7.38916256158
610 0.00774117170929 0.255874494693 400 7.76699029126
610 0.00383728521909 0.132549196588 500 7.39644970414
610 0.0026185336102 0.0129704005894 600 7.52823086575
610 0.00224454938424 0.137922656664 700 7.85634118967
610 0.00196787474049 0.213737381308 800 7.76699029126
620 0.0157209877868 1.0436185116 100 9.61538461538
620 0.0100099674324 0.621348633665 200 7.78210116732
620 0.0103836301128 0.209040455494 300 7.35294117647
620 0.0077326179677 0.289113990587 400 7.7519379845
620 0.00321073983739 0.125935308587 500 7.30994152047
620 0.00261881256908 0.0135940080638 600 7.54716981132
620 0.00224419407442 0.139589506668 700 7.82997762864
620 0.00197026402998 0.217557284891 800 7.77453838678
630 0.0157177588661 1.03942830231 100 9.61538461538
630 0.0127634793036 0.537733345696 200 7.40740740741
630 0.0103709448101 0.218302975126 300 7.33496332518
630 0.00777126179589 0.327194910921 400 7.72200772201
630 0.00314185413907 0.120502522936 500 7.24637681159
630 0.00261811091668 0.0126406614136 600 7.55667506297
630 0.00224479109147 0.136406436207 700 7.66703176342
630 0.00197061958009 0.213867712611 800 7.78967867575
640 0.0157156040434 1.01308136363 100 9.61538461538
640 0.0153349390531 0.445763115567 200 7.16845878136
640 0.0103980033082 0.247482153095 300 7.33496332518
640 0.00775078085285 0.366893168798 400 7.67754318618
640 0.00314169285203 0.124991915759 500 7.22543352601
640 0.00261851066716 0.00980866457328 600 7.56620428752
640 0.00224500596616 0.132315890698 700 7.55124056095
640 0.00197015894182 0.208431588572 800 7.79727095517
650 0.0157108802092 1.01686591768 100 9.34579439252
650 0.0154967903217 0.378349777702 200 7.09219858156
650 0.010370727243 0.288614791132 300 7.33496332518
650 0.00761581037498 0.408828227909 400 7.46268656716
650 0.00314223866143 0.125837397392 500 7.21500721501
650 0.00261841946353 0.0126637633198 600 7.57575757576
650 0.00224583191593 0.132375014974 700 7.52688172043
650 0.00197062641309 0.208977679451 800 7.80487804878
660 0.0157082559203 1.01380296645 100 9.00900900901
660 0.0154128711092 0.330478288632 200 7.04225352113
660 0.0103392805438 0.33741919067 300 7.33496332518
660 0.00651144140178 0.43840073439 400 7.25952813067
660 0.00314217663575 0.127561976662 500 7.21500721501
660 0.00261801588829 0.018476759929 600 7.59493670886
660 0.0022454032633 0.133170349174 700 7.51879699248
660 0.00197073709966 0.209832136636 800 7.82013685239
670 0.0160096197358 0.997839348384 100 8.06451612903
670 0.0154394955089 0.318708285715 200 6.99300699301
670 0.0103533218518 0.393321476797 300 7.33496332518
670 0.00546752012628 0.442516965675 400 7.16845878136
670 0.00314224271496 0.133226322599 500 7.20461095101
670 0.00261814018472 0.0181071128179 600 7.60456273764
670 0.0022454135569 0.1335844561 700 7.52688172043
670 0.00197091041676 0.212434916725 800 7.82778864971
680 0.0195191346244 0.898562310609 100 7.24637681159
680 0.0153976321141 0.320609847083 200 6.94444444444
680 0.0103714883292 0.448787382896 300 7.33496332518
680 0.00503444195148 0.442206388068 400 7.13012477718
680 0.00314195916401 0.149238395787 500 7.20461095101
680 0.00261895256503 0.0168834994947 600 7.62388818297
680 0.00224655708283 0.125389615276 700 7.53498385361
680 0.00197325025973 0.219832225398 800 7.8431372549
690 0.0202723698118 0.72629954033 100 7.04225352113
690 0.015375204448 0.354677543859 200 6.87285223368
690 0.0101950528362 0.505516220686 300 7.31707317073
690 0.00490336193192 0.432201479357 400 7.10479573712
690 0.00314183773688 0.161574617252 500 7.20461095101
690 0.00261938605336 0.0149321517329 600 7.63358778626
690 0.00224657595789 0.1237070143 700 7.53498385361
690 0.00197345326076 0.222512241636 800 7.85083415113
700 0.0202446865883 0.576104520784 100 6.94444444444
700 0.0154106252693 0.417463993533 200 6.77966101695
700 0.0101521640331 0.5548581622 300 7.31707317073
700 0.00497495274471 0.419170470879 400 7.0796460177
700 0.00314173306961 0.171535627851 500 7.20461095101
700 0.00261963412423 0.0149331359611 600 7.64331210191
700 0.00224629173166 0.112577221105 700 7.54310344828
700 0.00197265466825 0.222457510025 800 7.85854616896
710 0.0202527872901 0.475405201218 100 6.80272108844
710 0.0154700671582 0.498382441839 200 6.66666666667
710 0.0102492307097 0.609097418481 300 7.29927007299
710 0.00492171388089 0.406062759273 400 7.02987697715
710 0.00314161866565 0.178199088973 500 7.21500721501
710 0.00261837957675 0.0157372341383 600 7.63358778626
710 0.00224562835671 0.0954531928154 700 7.55124056095
710 0.00197069162344 0.21752442019 800 7.866273353
720 0.0201941550579 0.477491868721 100 6.57894736842
720 0.0154917788821 0.578070305891 200 6.55737704918
720 0.0102342413211 0.665049348642 300 7.26392251816
720 0.00411961149491 0.391505020255 400 6.90846286701
720 0.00314182108315 0.187921823439 500 7.21500721501
720 0.00262055504785 0.0178224760486 600 7.59493670886
720 0.0022462260017 0.0856777227484 700 7.55939524838
720 0.00196940471645 0.217091870577 800 7.85854616896
730 0.024296135055 0.576921079004 100 6.06060606061
730 0.015376776161 0.6570209603 200 6.51465798046
730 0.0102369447952 0.716943595095 300 7.22891566265
730 0.00392714983611 0.382185543082 400 6.81431005111
730 0.00314237094777 0.187256260408 500 7.22543352601
730 0.00261856358967 0.0209003312886 600 7.47198007472
730 0.00224655023397 0.0839759521717 700 7.56756756757
730 0.00197026829503 0.213403429057 800 7.85854616896
740 0.0304066145134 0.702687379481 100 5.71428571429
740 0.0154431775486 0.738071766833 200 6.51465798046
740 0.0102304353382 0.770624740361 300 7.17703349282
740 0.00392916241093 0.382040382782 400 6.79117147708
740 0.00314481033395 0.19272126285 500 7.23589001447
740 0.00261802057484 0.0219491387251 600 7.29040097205
740 0.00224731324469 0.0837214747007 700 7.57575757576
740 0.00197550536622 0.212249159424 800 7.85083415113
750 0.03108840873 0.811796466339 100 5.64971751412
750 0.0154510842284 0.811069949473 200 6.55737704918
750 0.0101717018887 0.81656924224 300 7.07547169811
750 0.00393187139868 0.388028257121 400 6.79117147708
750 0.00314568453391 0.201632689246 500 7.26744186047
750 0.0026182176389 0.0219931934996 600 7.26392251816
750 0.00224755410605 0.0823107272924 700 7.60043431053
750 0.00196984734407 0.211332435985 800 7.85083415113
760 0.0310086528898 0.904570789825 100 5.64971751412
760 0.0155509010783 0.888293940134 200 6.60066006601
760 0.00968712166398 0.870818825308 300 6.86498855835
760 0.00392926256157 0.398689815093 400 6.81431005111
760 0.00314277211325 0.216162461201 500 7.29927007299
760 0.00261887725748 0.0214752986981 600 7.28155339806
760 0.00224961842877 0.0891166577501 700 7.62527233115
760 0.00196380276942 0.21899745453 800 7.85083415113
770 0.0308332196344 0.989923443077 100 5.74712643678
770 0.0154935717506 0.954664412174 200 6.6889632107
770 0.00857984485123 0.907841771233 300 6.78733031674
770 0.00392800905359 0.409791353159 400 6.86106346484
770 0.00314168580677 0.220754249149 500 7.35294117647
770 0.00261939179451 0.0198616500461 600 7.30816077954
770 0.00225173123371 0.0952809241589 700 7.65864332604
770 0.00196631469031 0.225034419302 800 7.8431372549
780 0.0303525956689 1.04887396657 100 5.88235294118
780 0.0153132211494 1.0332447329 200 6.80272108844
780 0.00810135288365 0.966310348801 300 6.81818181818
780 0.00392770564574 0.439461399721 400 6.90846286701
780 0.00314435901839 0.227771040822 500 7.40740740741
780 0.00262504117937 0.0163721998858 600 7.35294117647
780 0.00226201765416 0.112002008192 700 7.70925110132
780 0.0019645608681 0.248276099162 800 7.83545543585
790 0.0291024465569 1.05280463926 100 6.06060606061
790 0.0146748695421 1.13293944028 200 6.94444444444
790 0.00800454418238 1.07865744493 300 6.88073394495
790 0.00395852836504 0.518600607651 400 6.98080279232
790 0.00317874260045 0.248047382913 500 7.48502994012
790 0.00266094737377 0.0193565220928 600 7.41656365884
790 0.00230461368827 0.15023078945 700 7.76914539401
790 0.00206221405457 0.302747477724 800 7.83545543585
800 0.0267481701109 0.95208920711 100 6.2893081761
800 0.0135127206802 1.21174383066 200 7.09219858156
800 0.00837392561017 1.21031424295 300 6.96055684455
800 0.00412585281154 0.61509782056 400 7.06713780919
800 0.00333129231378 0.270865021694 500 7.56429652042
800 0.00279907924467 0.0436792649682 600 7.47198007472
800 0.0024416448378 0.206823781299 700 7.82997762864
800 0.00243696709636 0.377893724713 800 7.82013685239
810 0.0238375212573 0.73071875937 100 6.49350649351
810 0.0120996721539 1.1398991739 200 7.24637681159
810 0.00904174491246 1.2155428282 300 7.02576112412
810 0.00450777927134 0.654009891366 400 7.13012477718
810 0.00366419298074 0.272101379386 500 7.64525993884
810 0.00308430643171 0.0656028426181 600 7.53768844221
810 0.00270570138572 0.243667295493 700 7.88288288288
810 0.00295066600723 0.407704175667 800 7.79727095517
820 0.0215425704432 0.556223664246 100 6.62251655629
820 0.0110478732768 0.977833899691 200 7.35294117647
820 0.00962437509715 1.09284213655 300 7.07547169811
820 0.00495537345021 0.619675022362 400 7.19424460432
820 0.00405005964552 0.243625211423 500 7.70416024653
820 0.00340737923293 0.0762031276256 600 7.58533501896
820 0.00299653436606 0.234992574461 700 7.93650793651
820 0.00360538422786 0.366727538899 800 7.77453838678
830 0.0212049997907 0.605238487036 100 6.66666666667
830 0.0110869850486 0.996004847864 200 7.43494423792
830 0.00963540478957 1.07558720436 300 7.10900473934
830 0.00504670479045 0.591754179876 400 7.2202166065
830 0.00412114061484 0.227662226549 500 7.7519379845
830 0.00345987624204 0.0764188840145 600 7.61421319797
830 0.00304284039958 0.234365733651 700 7.96359499431
830 0.00380625531778 0.341684294486 800 7.75945683802
840 0.0212298932609 0.761894451297 100 6.62251655629
840 0.0112513484557 1.10523464476 200 7.46268656716
840 0.00970118458729 1.11533871187 300 7.10900473934
840 0.00507467278656 0.590784157647 400 7.24637681159
840 0.00411678767795 0.215069924312 500 7.77604976672
840 0.00344882674804 0.077284407908 600 7.63358778626
840 0.00302930887618 0.241939684907 700 7.99086757991
840 0.00383022549316 0.332620374655 800 7.76699029126
850 0.0213411194592 0.923294062962 100 6.53594771242
850 0.0111244195774 1.20236911213 200 7.49063670412
850 0.00973619603535 1.14639244278 300 7.10900473934
850 0.00506282685889 0.587026928992 400 7.27272727273
850 0.00411377315231 0.204107178145 500 7.80031201248
850 0.00343996035722 0.0767834964308 600 7.66283524904
850 0.0030202400472 0.247581703743 700 8.01832760596
850 0.0038263037264 0.320234357384 800 7.78967867575
860 0.0215186441385 1.09971434318 100 6.41025641026
860 0.0110542398991 1.29328041301 200 7.54716981132
860 0.0093229785718 1.17689006891 300 7.04225352113
860 0.00505301362564 0.588316648147 400 7.3126142596
860 0.00404625000042 0.191542456211 500 7.80031201248
860 0.00344521618361 0.0764795731644 600 7.69230769231
860 0.00301941465721 0.256079707587 700 8.03673938002
860 0.0038302207294 0.309526483165 800 7.8125
870 0.0219621873371 1.24595356674 100 6.45161290323
870 0.0111222489541 1.37774822734 200 7.60456273764
870 0.00786092512407 1.18601909365 300 6.99300699301
870 0.00502098519631 0.576258615689 400 7.3664825046
870 0.00395514674903 0.17947671026 500 7.8125
870 0.00343809070111 0.0789554895228 600 7.73195876289
870 0.00299654166849 0.263955698846 700 8.0738177624
870 0.00382131032601 0.305037947672 800 7.85083415113
880 0.0214796418616 1.26375688571 100 6.62251655629
880 0.0108147357706 1.35146599259 200 7.7519379845
880 0.00724517226484 1.15156164575 300 7.00934579439
880 0.00517408668606 0.560303303993 400 7.44878957169
880 0.0040784262591 0.178266978475 500 7.84929356358
880 0.00355037228383 0.0704338206646 600 7.79220779221
880 0.00308845197118 0.244592570492 700 8.12064965197
880 0.00388227916475 0.263610761494 800 7.89733464956
890 0.0194626100762 0.983547110328 100 6.84931506849
890 0.00974687896328 1.05093794159 200 7.90513833992
890 0.00771905536019 0.968858784527 300 7.05882352941
890 0.00571613840705 0.488581439515 400 7.5329566855
890 0.00455764349781 0.181922768395 500 7.84929356358
890 0.00393673835593 0.038343247598 600 7.85340314136
890 0.00343036035887 0.145392251688 700 8.16802800467
890 0.00359347220134 0.132753366436 800 7.95228628231
900 0.0172604471026 0.637806565249 100 7.14285714286
900 0.00862602144425 0.663010198823 200 8.06451612903
900 0.00866794873406 0.65424719145 300 7.12589073634
900 0.00649429697414 0.361841791879 400 7.63358778626
900 0.00524900166128 0.169521739874 500 7.7399380805
900 0.0044862088872 0.0632930631412 600 7.91556728232
900 0.00391837663201 0.0802890454025 700 8.22561692127
900 0.00317720230942 0.175256080954 800 8.0
910 0.0159471335433 0.769077025021 100 7.40740740741
910 0.0079860056256 0.727645376111 200 8.19672131148
910 0.00975925803269 0.420165705469 300 7.19424460432
910 0.00728358842197 0.237430315888 400 7.70712909441
910 0.00593729280562 0.138053869731 500 7.70416024653
910 0.00504980080892 0.136942839145 600 7.97872340426
910 0.00442630644318 0.221422211204 700 8.27423167849
910 0.00278950176863 0.347948085818 800 8.04828973843
920 0.0157190730627 0.973149282266 100 7.63358778626
920 0.00786632486633 0.926157953384 200 8.19672131148
920 0.0102443750038 0.43277548027 300 7.24637681159
920 0.00765641377109 0.210649958019 400 7.78210116732
920 0.00623494726489 0.127356733858 500 7.69230769231
920 0.00514174267032 0.183938790313 600 8.03212851406
920 0.00431441292143 0.305126641464 700 8.30367734282
920 0.00261570576342 0.428582396259 800 8.08897876643
930 0.0157099306377 1.00562003513 100 7.7519379845
930 0.00788190977265 0.951827965155 200 7.87401574803
930 0.0102728130319 0.400280173492 300 7.28155339806
930 0.00769892044072 0.186810396736 400 7.82778864971
930 0.00622589343016 0.141663839736 500 7.69230769231
930 0.00509598656213 0.212617752782 600 8.06451612903
930 0.00437322435766 0.337011342914 700 8.30367734282
930 0.00259790589242 0.458209741709 800 8.11359026369
940 0.0157121802445 0.969660737034 100 7.87401574803
940 0.00841900999472 0.900610669658 200 7.49063670412
940 0.0102154422508 0.350146351174 300 7.29927007299
940 0.00769549440169 0.176378945056 400 7.87401574803
940 0.00624105212597 0.164967549922 500 7.71604938272
940 0.00513265486109 0.233427316167 600 8.0971659919
940 0.00437240406799 0.350008314374 700 8.27423167849
940 0.00263568016592 0.474490761954 800 8.13835198372
950 0.0157120869667 0.957154417296 100 8.0
950 0.00959531877376 0.844226581957 200 7.35294117647
950 0.0101920867943 0.309910580074 300 7.31707317073
950 0.00771202166361 0.161861739497 400 7.90513833992
950 0.00622952079259 0.191779737515 500 7.72797527048
950 0.00513363599538 0.261221386291 600 8.11907983762
950 0.00443157327589 0.36921759028 700 8.20633059789
950 0.00264178000524 0.499292508212 800 8.15494393476
960 0.0157137011612 0.97141770475 100 8.06451612903
960 0.0107049550256 0.785018320154 200 7.29927007299
960 0.010217949959 0.28326276704 300 7.33496332518
960 0.00773866593 0.154774997076 400 7.95228628231
960 0.00622292893652 0.219484459461 500 7.76397515528
960 0.00511746297756 0.292451830702 600 8.15217391304
960 0.0037129480373 0.403409856259 700 8.04597701149
960 0.00262918498263 0.527706935007 800 8.1799591002
970 0.0157289556835 0.969571391556 100 8.19672131148
970 0.0112442942643 0.717814106111 200 7.29927007299
970 0.0102065021006 0.27935377313 300 7.37100737101
970 0.00776579896639 0.158023884348 400 8.01603206413
970 0.00621999630754 0.230456048274 500 7.78816199377
970 0.00510323420885 0.321873353912 600 8.18553888131
970 0.00319979243087 0.435227257164 700 7.95454545455
970 0.00261238950901 0.554912070369 800 8.19672131148
980 0.0157823413947 0.955061449363 100 8.33333333333
980 0.0114110516091 0.644132776183 200 7.32600732601
980 0.0102408138702 0.2538458535 300 7.40740740741
980 0.00775094145382 0.17105085518 400 8.06451612903
980 0.00621965163671 0.256967336392 500 7.82472613459
980 0.00510492285967 0.346244811721 600 8.2304526749
980 0.0030560010039 0.461846315195 700 7.93650793651
980 0.00261221764367 0.577011065537 800 8.2219938335
990 0.0158183943324 0.929217922642 100 8.47457627119
990 0.0113048183071 0.576062255918 200 7.35294117647
990 0.0102945062131 0.241340243835 300 7.46268656716
990 0.00775213993393 0.190403721976 400 8.11359026369
990 0.00622947999058 0.270966071175 500 7.86163522013
990 0.00511941574612 0.368033535143 600 8.26446280992
990 0.00303803806306 0.481948131552 700 7.95454545455
990 0.00263244665712 0.594812525382 800 8.24742268041
1000 0.0157734619423 0.920037193089 100 8.69565217391
1000 0.0111878499891 0.529947922171 200 7.38007380074
1000 0.0103020491132 0.234792634115 300 7.53768844221
1000 0.00775347395738 0.211351090157 400 8.16326530612
1000 0.00622584394637 0.285173038099 500 7.91139240506
1000 0.005098766457 0.393362566654 600 8.31024930748
1000 0.00302367458107 0.507161755803 700 7.99086757991
1000 0.00263508352696 0.618084687764 800 8.27300930714
1010 0.0157440672509 0.915532634023 100 8.92857142857
1010 0.0113532566634 0.493727716179 200 7.38007380074
1010 0.010313382577 0.227696990556 300 7.61421319797
1010 0.0077521713298 0.234346552151 400 8.19672131148
1010 0.00621709499529 0.299516009804 500 7.96178343949
1010 0.0050957201986 0.416351525235 600 8.356545961
1010 0.00301180816819 0.531181171573 700 8.02752293578
1010 0.00262292978263 0.637133149613 800 8.30737279335
1020 0.0157194664408 0.964152435257 100 9.09090909091
1020 0.0125866292111 0.474670694451 200 7.32600732601
1020 0.0103880374359 0.214884616794 300 7.69230769231
1020 0.00774981456997 0.257232745466 400 8.2135523614
1020 0.00615358967269 0.327811238361 500 8.01282051282
1020 0.00504661869559 0.458391351701 600 8.39160839161
1020 0.00296234321733 0.56985127518 700 8.0738177624
1020 0.00253803312742 0.667617396028 800 8.33333333333
1030 0.015709471873 1.00953482851 100 9.17431192661
1030 0.0149860434115 0.429619145557 200 7.16845878136
1030 0.0103150000452 0.200862722632 300 7.7519379845
1030 0.00775718830887 0.286968454639 400 8.19672131148
1030 0.00605986271433 0.371383770361 500 8.05152979066
1030 0.00498771711203 0.505114700461 600 8.41514726508
1030 0.00291120499514 0.612419408101 700 8.11123986095
1030 0.00242554531525 0.698237993283 800 8.35945663532
1040 0.015708435604 0.995854316184 100 9.09090909091
1040 0.0155321868257 0.359979500089 200 7.06713780919
1040 0.0103644010217 0.209844291496 300 7.77202072539
1040 0.00770422881867 0.322214923006 400 7.82778864971
1040 0.00604633595387 0.40269998629 500 8.07754442649
1040 0.00494000947259 0.53158369362 600 8.41514726508
1040 0.00291424169668 0.634841978244 700 8.13008130081
1040 0.00229525342906 0.713296038777 800 8.35945663532
1050 0.0157108531104 0.955994586558 100 8.62068965517
1050 0.0155590510879 0.329310564272 200 7.01754385965
1050 0.0103526935675 0.238114936989 300 7.79220779221
1050 0.00773963141311 0.361573072277 400 7.69230769231
1050 0.00607749422302 0.429920954012 500 8.09061488673
1050 0.00495768844639 0.548780908367 600 8.40336134454
1050 0.0029346834269 0.650679941077 700 8.13953488372
1050 0.00220599379158 0.721934104362 800 8.36820083682
1060 0.0158668037319 0.926330327268 100 7.46268656716
1060 0.0154871961825 0.312336757266 200 6.99300699301
1060 0.0103541546867 0.267219224428 300 7.8125
1060 0.00773349818239 0.408803334428 400 7.64818355641
1060 0.00608178541349 0.468651155797 500 8.10372771475
1060 0.00515054739329 0.580382598577 600 8.356545961
1060 0.00295837568181 0.679887477796 700 8.1490104773
1060 0.0021717485866 0.738741382683 800 8.36820083682
1070 0.0179692706613 0.82717033939 100 6.84931506849
1070 0.0153973081994 0.340398868693 200 6.99300699301
1070 0.0103193623449 0.316658111152 300 7.85340314136
1070 0.00776409008294 0.451271483771 400 7.64818355641
1070 0.00610468785883 0.502445239217 500 8.11688311688
1070 0.0050800498049 0.600168862726 600 8.27586206897
1070 0.00298638418066 0.706103934266 700 8.15850815851
1070 0.00219054919025 0.754599817464 800 8.3857442348
1080 0.0207405435356 0.699681647057 100 6.62251655629
1080 0.0154389644461 0.373054716375 200 6.99300699301
1080 0.010350085875 0.3713191259 300 7.87401574803
1080 0.00775361746054 0.500741454981 400 7.66283524904
1080 0.00609169925215 0.546684981805 500 8.14332247557
1080 0.00447231971852 0.640681828641 600 8.08625336927
1080 0.00297807394873 0.74132218069 700 8.17757009346
1080 0.0022176604876 0.777132689307 800 8.39454354669
1090 0.0219049154589 0.595312378717 100 6.53594771242
1090 0.0155264107898 0.380453116073 200 6.99300699301
1090 0.0102924038858 0.433715031189 300 7.91556728232
1090 0.0076706827434 0.543402175587 400 7.67754318618
1090 0.00601087676845 0.615617016323 500 8.16993464052
1090 0.00366823866002 0.714206291567 600 7.90513833992
1090 0.00292015638498 0.797174289159 700 8.18713450292
1090 0.00219543204477 0.81001369948 800 8.40336134454
1100 0.0216912693624 0.517202278381 100 6.49350649351
1100 0.0153061197254 0.396195330504 200 6.99300699301
1100 0.0100488610841 0.50706547421 300 7.9575596817
1100 0.0075025880681 0.631189598273 400 7.69230769231
1100 0.00587548886444 0.707941034691 500 8.19672131148
1100 0.00338251004614 0.806160410032 600 7.86369593709
1100 0.00284089086023 0.86236671022 700 8.19672131148
1100 0.00214655848486 0.84181755137 800 8.41219768665
1110 0.0213066738782 0.420683736581 100 6.41025641026
1110 0.0152183676527 0.429460215237 200 7.01754385965
1110 0.0100149737915 0.564832635948 300 7.97872340426
1110 0.00749015895521 0.656854783694 400 7.70712909441
1110 0.00587004720585 0.748657946306 500 8.21018062397
1110 0.00335771535536 0.837350555596 600 7.86369593709
1110 0.0028590322591 0.885007399006 700 8.20633059789
1110 0.00211355128252 0.847850262563 800 8.39454354669
1120 0.021870481402 0.471287055343 100 6.25
1120 0.0154025899394 0.498465611184 200 7.04225352113
1120 0.010202446874 0.609186659801 300 7.9575596817
1120 0.00758276236316 0.654048252805 400 7.72200772201
1120 0.00594893315783 0.754668230535 500 8.22368421053
1120 0.0033994280715 0.836212509292 600 7.88436268068
1120 0.00289875814439 0.892504615737 700 8.20633059789
1120 0.00201305414984 0.848484228133 800 8.30737279335
1130 0.0261480484242 0.585685210083 100 5.9880239521
1130 0.0154313629665 0.553276805533 200 7.09219858156
1130 0.0103449837294 0.660263145506 300 7.91556728232
1130 0.00756904806719 0.681693760313 400 7.76699029126
1130 0.00596328617759 0.78609418272 500 8.25082508251
1130 0.00339019141616 0.861781482784 600 7.91556728232
1130 0.00283863494385 0.913159094109 700 8.22561692127
1130 0.00199499072435 0.844204362349 800 8.1799591002
1140 0.030298175321 0.683732712925 100 5.81395348837
1140 0.0154135390628 0.621179118625 200 7.16845878136
1140 0.0103190869515 0.709721353812 300 7.83289817232
1140 0.0075325087454 0.726891956086 400 7.79727095517
1140 0.00594798840684 0.8226136302 500 8.26446280992
1140 0.00337673861235 0.891314810367 600 7.94701986755
1140 0.00271296000227 0.936218604714 700 8.23529411765
1140 0.00208582396618 0.837151084897 800 8.16326530612
1150 0.0309877794995 0.820186821182 100 5.74712643678
1150 0.0154978576815 0.689197922249 200 7.2202166065
1150 0.0102570045027 0.746942901245 300 7.42574257426
1150 0.00755492483199 0.749177026476 400 7.8431372549
1150 0.0059190600596 0.836316024668 500 8.27814569536
1150 0.00340167882215 0.902830243383 600 7.97872340426
1150 0.00260958012799 0.946568615727 700 8.25471698113
1150 0.00212009386699 0.827738675868 800 8.17160367722
1160 0.0310423753012 0.905217774011 100 5.81395348837
1160 0.0155347449092 0.734479405187 200 7.32600732601
1160 0.0102484489205 0.792342815077 300 7.37100737101
1160 0.00753683454718 0.784563864024 400 7.90513833992
1160 0.00589423596977 0.86652574101 500 8.30564784053
1160 0.00339225232373 0.927781154496 600 8.02139037433
1160 0.00252466434017 0.962738904236 700 8.29383886256
1160 0.00211734535422 0.826066661886 800 8.20512820513
1170 0.031125656651 0.973080753847 100 5.95238095238
1170 0.0155684160726 0.77139043342 200 7.49063670412
1170 0.0102004533025 0.833818582138 300 7.42574257426
1170 0.00750100518119 0.819408209206 400 8.0
1170 0.00589999016312 0.897262820738 500 8.37520938023
1170 0.00337491782003 0.952701320576 600 8.08625336927
1170 0.00246728189753 0.977048598284 700 8.34326579261
1170 0.00211899203454 0.822577396379 800 8.24742268041
1180 0.0309014179999 1.02333809364 100 6.17283950617
1180 0.0154401354314 0.82036272625 200 7.69230769231
1180 0.0100818706126 0.885911282908 300 7.53768844221
1180 0.00741491109655 0.871038593543 400 8.11359026369
1180 0.00592334440194 0.948377325819 500 8.44594594595
1180 0.00333692702845 0.991938280855 600 8.16326530612
1180 0.00243265568874 0.999897977912 700 8.41346153846
1180 0.00213246375064 0.827840142903 800 8.30737279335
1190 0.0302797887335 1.05136577299 100 6.45161290323
1190 0.0151157475921 0.872435609309 200 7.90513833992
1190 0.0098535948937 0.96404051828 300 7.65306122449
1190 0.00724908770023 0.952783981889 400 8.2304526749
1190 0.00586782861512 1.02891100681 500 8.53242320819
1190 0.00326409333793 1.05277637473 600 8.24175824176
1190 0.00238499537285 1.03357619513 700 8.48484848485
1190 0.0021694712414 0.839498807816 800 8.37696335079
1200 0.0287216268532 1.04907453226 100 6.75675675676
1200 0.0143062909594 0.965111219329 200 8.13008130081
1200 0.00933601304232 1.10477409966 300 7.77202072539
1200 0.00686351987058 1.10392524553 400 8.35073068894
1200 0.00568158318253 1.18381554703 500 8.5910652921
1200 0.00308793823523 1.15622155582 600 8.32177531207
1200 0.00230408045281 1.08156210312 700 8.55745721271
1200 0.00227408520653 0.848692030281 800 8.4388185654
1210 0.02627198224 0.983773981642 100 6.99300699301
1210 0.0130430656299 1.05017374523 200 8.33333333333
1210 0.00854203781021 1.23312915258 300 7.87401574803
1210 0.00625639486012 1.24828236547 400 8.45665961945
1210 0.00532813320114 1.32784570084 500 8.62068965517
1210 0.00285040945586 1.21023539014 600 8.39160839161
1210 0.00224562653334 1.05232901479 700 8.62068965517
1210 0.0024739921955 0.784767808604 800 8.49256900212
1220 0.0238340925244 0.858887268147 100 7.19424460432
1220 0.0117863888685 1.0348242858 200 8.51063829787
1220 0.00774057479971 1.23061475216 300 7.97872340426
1220 0.00565623600859 1.25797870394 400 8.54700854701
1220 0.00467681168621 1.33023273687 500 8.57632933105
1220 0.00268236543471 1.11746501417 600 8.4388185654
1220 0.00226986690586 0.894168192748 700 8.6741016109
1220 0.00270968397982 0.63042236855 800 8.537886873
1230 0.0214908824141 0.670101104065 100 7.29927007299
1230 0.0105857212789 0.898640826473 200 8.65800865801
1230 0.00696881676699 1.08382500291 300 8.04289544236
1230 0.00509921333132 1.10688359075 400 8.62068965517
1230 0.00352747518207 1.15835196746 500 8.41750841751
1230 0.00261868578575 0.876583060048 600 8.48656294201
1230 0.00237036132173 0.631271333448 700 8.71731008717
1230 0.0029960041558 0.417098782896 800 8.5744908896
1240 0.0202952151701 0.548723273948 100 7.40740740741
1240 0.00993944212416 0.8068989801 200 8.81057268722
1240 0.00656158436235 0.94711883677 300 8.10810810811
1240 0.00480159583203 0.982990703579 400 8.67678958785
1240 0.00315073210952 1.00007629436 500 8.25082508251
1240 0.00263745401494 0.697324291553 600 8.52272727273
1240 0.00246868942115 0.463204469756 700 8.75
1240 0.00317537924358 0.296461443279 800 8.61141011841
1250 0.0197539089938 0.563126295946 100 7.51879699248
1250 0.0096689313464 0.803596604645 200 8.88888888889
1250 0.00640049963043 0.910174422991 300 8.15217391304
1250 0.00468483019044 0.93002745034 400 8.73362445415
1250 0.00316295240046 0.907035349642 500 8.19672131148
1250 0.00265933105174 0.611517213995 600 8.54700854701
1250 0.00251800677766 0.397903302739 700 8.77192982456
1250 0.00325126543667 0.254775423982 800 8.63930885529
1260 0.0197255594555 0.711764612391 100 7.57575757576
1260 0.00972837949574 0.899231539395 200 8.96860986547
1260 0.0064531440197 0.970734033435 300 8.19672131148
1260 0.00472888860647 0.986659137284 400 8.77192982456
1260 0.00316750709122 0.92014173313 500 8.19672131148
1260 0.00264683994153 0.623358358815 600 8.57142857143
1260 0.00253033130554 0.39627937145 700 8.77192982456
1260 0.00322609597899 0.250935113864 800 8.66738894908
1270 0.0198960108636 0.852169910684 100 7.7519379845
1270 0.00979525964674 0.999241877469 200 9.04977375566
1270 0.00650918907544 1.03397247475 300 8.26446280992
1270 0.0047708033176 1.04907884795 400 8.83002207506
1270 0.00316204105851 0.944513445722 500 8.23723228995
1270 0.00263733418839 0.646257966822 600 8.60832137733
1270 0.00257352765348 0.404266968988 700 8.75
1270 0.00318954150339 0.254901247958 800 8.69565217391
1280 0.0196004898779 0.920651222382 100 8.0
1280 0.00973984607341 1.01020094419 200 9.17431192661
1280 0.00640313978441 1.01658765348 300 8.37988826816
1280 0.00469821827017 1.02974118199 400 8.90868596882
1280 0.00317743306155 0.893563074646 500 8.30564784053
1280 0.0026518002837 0.600386577365 600 8.65800865801
1280 0.00286969037741 0.368393732426 700 8.68486352357
1280 0.00319601424597 0.231575733952 800 8.74316939891
1290 0.0180305157702 0.695520460626 100 8.33333333333
1290 0.0090652091466 0.747735179953 200 9.3023255814
1290 0.00588358399343 0.734128494235 300 8.49858356941
1290 0.00434238703646 0.734932246464 400 9.00900900901
1290 0.00332058593045 0.594706785885 500 8.38926174497
1290 0.00280106662129 0.394747650977 600 8.70827285922
1290 0.00358276910959 0.329064450351 700 8.62068965517
1290 0.00344874883662 0.207860817907 800 8.80088008801
1300 0.016270271471 0.312390125565 100 8.77192982456
1300 0.00822664921026 0.403547776321 200 9.43396226415
1300 0.00535463945436 0.377526918559 300 8.64553314121
1300 0.0039913642316 0.447344663216 400 9.11161731207
1300 0.00373089905107 0.492274410114 500 8.47457627119
1300 0.00321367891411 0.598227008546 600 8.77192982456
1300 0.00435134853459 0.621227942265 700 8.62068965517
1300 0.00387772428657 0.40811632216 800 8.84955752212
1310 0.0157344502931 0.531483310376 100 9.17431192661
1310 0.00787684668299 0.647804366386 200 9.43396226415
1310 0.00523628391224 0.635816132421 300 8.77192982456
1310 0.00392942552968 0.738164277894 400 9.21658986175
1310 0.00412999496979 0.820511297109 500 8.54700854701
1310 0.00365752537431 0.893230827422 600 8.83652430044
1310 0.00404630713954 0.814759017141 700 8.65265760198
1310 0.00364123100067 0.535369197758 800 8.90868596882
1320 0.015708122858 0.634131633187 100 9.52380952381
1320 0.00785641097458 0.758917203188 200 8.77192982456
1320 0.00525085426313 0.752007841579 300 8.87573964497
1320 0.0039555213337 0.856376979575 400 9.25925925926
1320 0.00426404786755 0.921170602026 500 8.62068965517
1320 0.00394233840919 0.966430610408 600 8.87573964497
1320 0.00379464474443 0.83505771674 700 8.6741016109
1320 0.00357023941479 0.545422857769 800 8.9485458613
1330 0.0157090733852 0.640669616522 100 9.80392156863
1330 0.00785901267632 0.78260238551 200 8.47457627119
1330 0.00525656139754 0.77161177645 300 8.9552238806
1330 0.00396760907567 0.874949404076 400 9.2807424594
1330 0.00428708393187 0.935958010347 500 8.66551126516
1330 0.00415529884585 0.971839648623 600 8.90207715134
1330 0.00378869150407 0.813624124363 700 8.69565217391
1330 0.00361401613662 0.528641662097 800 8.97867564534
1340 0.0157080235654 0.635921061787 100 10.0
1340 0.00786789535788 0.813273022801 200 8.40336134454
1340 0.00526545586077 0.801603284321 300 9.00900900901
1340 0.00395004751564 0.902817886139 400 9.25925925926
1340 0.00431018929645 0.958006766212 500 8.69565217391
1340 0.00430096494181 0.975765502673 600 8.92857142857
1340 0.00379499812285 0.789164619826 700 8.71731008717
1340 0.00363075965705 0.508875691126 800 8.99887514061
1350 0.0157094366664 0.587370448023 100 10.101010101
1350 0.00786618150784 0.817815306413 200 8.36820083682
1350 0.00526422393228 0.807309423123 300 9.03614457831
1350 0.00392737734317 0.901808922859 400 9.1533180778
1350 0.00427198452525 0.961449910759 500 8.71080139373
1350 0.004307267648 0.966059187711 600 8.94187779434
1350 0.00384978804865 0.756292468509 700 8.73907615481
1350 0.00365392479453 0.483387667772 800 9.00900900901
1360 0.0157132461865 0.590115916302 100 10.3092783505
1360 0.00786598618913 0.822161531782 200 8.40336134454
1360 0.00526646048777 0.815563090865 300 9.09090909091
1360 0.00396087357843 0.905025726802 400 8.92857142857
1360 0.00427395899239 0.967647477741 500 8.74125874126
1360 0.00424968951446 0.959240238494 600 8.96860986547
1360 0.0038966625919 0.724507287231 700 8.76095118899
1360 0.00366257263546 0.460537861878 800 9.02934537246
1370 0.0157190670516 0.660045854732 100 10.5263157895
1370 0.00786794312533 0.837674825261 200 8.4388185654
1370 0.00526820851266 0.846155447302 300 9.14634146341
1370 0.00457170531862 0.936342083091 400 8.54700854701
1370 0.00429202915091 0.988829925524 500 8.75656742557
1370 0.0042180578928 0.964357806563 600 8.98203592814
1370 0.00389754823033 0.70377668855 700 8.79396984925
1370 0.00367656858265 0.443115590273 800 9.0395480226
1380 0.0157248916382 0.762224294644 100 10.752688172
1380 0.00786990191743 0.863789518185 200 8.47457627119
1380 0.00527109341125 0.892878621594 300 9.17431192661
1380 0.00518843861496 0.974511948942 400 8.36820083682
1380 0.00431355435672 1.01276710006 500 8.77192982456
1380 0.00421941751906 0.96900926583 600 8.99550224888
1380 0.00389658478199 0.679662201904 700 8.8161209068
1380 0.00369122796615 0.425914214236 800 9.04977375566
1390 0.0157149443332 0.759562721044 100 10.8695652174
1390 0.00786042310068 0.815733386689 200 8.51063829787
1390 0.00525770845924 0.869183509049 300 9.20245398773
1390 0.00524879390646 0.946726814229 400 8.35073068894
1390 0.00424130542449 0.999448040706 500 8.77192982456
1390 0.00423326839948 0.952656548171 600 8.98203592814
1390 0.00393459173237 0.640889590572 700 8.82723833544
1390 0.00374169275641 0.402606116998 800 9.04977375566
1400 0.0157139714972 0.822030776187 100 10.6382978723
1400 0.00786023351434 0.797960104983 200 8.51063829787
1400 0.00525701471886 0.88308804344 300 9.23076923077
1400 0.0052600863159 0.960623611263 400 8.35073068894
1400 0.00421861867099 1.01259710269 500 8.77192982456
1400 0.00447495220352 0.949814829826 600 8.87573964497
1400 0.00396369821564 0.612707259935 700 8.83838383838
1400 0.00375732636058 0.38326462836 800 9.01916572717
1410 0.0157127675428 0.882452416029 100 10.2040816327
1410 0.00786587766481 0.795660954927 200 8.51063829787
1410 0.00525734042967 0.914768985151 300 9.20245398773
1410 0.00529558343806 0.983995532747 400 8.36820083682
1410 0.00433833525897 1.03266762439 500 8.75656742557
1410 0.00495987576144 0.931612627458 600 8.60832137733
1410 0.00403412047077 0.586684225217 700 8.84955752212
1410 0.00377191570728 0.364704674258 800 8.92857142857
1420 0.0157080386461 0.875993848584 100 9.00900900901
1420 0.00787247024387 0.804004459728 200 8.51063829787
1420 0.00526429796964 0.923098154696 300 9.14634146341
1420 0.00531778125783 0.990681652606 400 8.3857442348
1420 0.0046035605755 1.03870577525 500 8.74125874126
1420 0.00448805837843 0.89392096882 600 8.53485064011
1420 0.00406471457731 0.554025801327 700 8.84955752212
1420 0.0030224224306 0.337788846431 800 8.01603206413
1430 0.0157246488833 0.948628956471 100 7.40740740741
1430 0.00789297447908 0.862311156812 200 8.51063829787
1430 0.00529883284891 0.973221568005 300 9.09090909091
1430 0.00538691167078 1.03216497482 400 8.3857442348
1430 0.00498249036268 1.05849740109 500 8.7260034904
1430 0.00439669943535 0.864122211117 600 8.52272727273
1430 0.00410261013484 0.530245386522 700 8.86075949367
1430 0.00257166587653 0.310274927431 800 7.97607178465
1440 0.0157365127792 1.00049575485 100 7.14285714286
1440 0.0078970921533 0.891942260814 200 8.51063829787
1440 0.00525846106 0.993441904701 300 8.98203592814
1440 0.00537677738042 1.0434198242 400 8.40336134454
1440 0.00516183134847 1.05106000821 500 8.7260034904
1440 0.0044374055964 0.820653753158 600 8.52272727273
1440 0.00415347368229 0.498514294003 700 8.86075949367
1440 0.00252110019787 0.282364250933 800 7.96812749004
1450 0.0157189367882 1.02601785804 100 7.04225352113
1450 0.00788533382714 0.897378569004 200 8.51063829787
1450 0.005243109639 0.980793477576 300 8.74635568513
1450 0.00529648599818 1.04385034628 400 8.3857442348
1450 0.00511695465475 1.03477106623 500 8.7260034904
1450 0.00454194414637 0.777882270007 600 8.53485064011
1450 0.00420679559438 0.469988165859 700 8.86075949367
1450 0.00252983427211 0.257284599436 800 7.96812749004
1460 0.0157135107076 1.0074643855 100 6.99300699301
1460 0.00787771799128 0.882218189373 200 8.51063829787
1460 0.0056784131693 0.965941058213 300 8.19672131148
1460 0.00526489680318 1.03586141071 400 8.3857442348
1460 0.00498932743124 1.01786208434 500 8.71080139373
1460 0.00461330214669 0.728687632857 600 8.53485064011
1460 0.00424863872475 0.437288777316 700 8.84955752212
1460 0.0025422900347 0.227724410887 800 7.96812749004
1470 0.0157113740247 0.886374806361 100 6.94444444444
1470 0.00787403286444 0.87697683985 200 8.51063829787
1470 0.00668182606443 0.969644213321 300 7.79220779221
1470 0.00527438656725 1.03632827821 400 8.36820083682
1470 0.0049594584261 1.00518984002 500 8.69565217391
1470 0.00463619230324 0.680375809269 600 8.53485064011
1470 0.00429344260091 0.405873064621 700 8.83838383838
1470 0.00255216689102 0.195961849451 800 7.96019900498
1480 0.01570982221 0.846601876505 100 6.94444444444
1480 0.00786990245431 0.872678534693 200 8.51063829787
1480 0.00689974146435 0.965398072332 300 7.73195876289
1480 0.00523245509067 1.04325349356 400 8.35073068894
1480 0.00499486168531 0.998634354815 500 8.68055555556
1480 0.00464873609491 0.640646261871 600 8.54700854701
1480 0.0043203452244 0.3799705178 700 8.82723833544
1480 0.00255685542751 0.168238331289 800 7.96019900498
1490 0.0157089038494 0.729501602452 100 6.99300699301
1490 0.00786674181405 0.857264440378 200 8.58369098712
1490 0.00689957685909 0.958982621212 300 7.7519379845
1490 0.0051906287393 1.04374320595 400 8.36820083682
1490 0.00518095701421 0.98901019314 500 8.5910652921
1490 0.00466829853637 0.604926816539 600 8.57142857143
1490 0.00434358594469 0.358751330848 700 8.8161209068
1490 0.00256534849444 0.144344443983 800 7.96812749004
1500 0.0157250985657 0.707954386681 100 7.09219858156
1500 0.00788566336577 0.92273946579 200 8.65800865801
1500 0.00703278274562 1.01597169713 300 7.8125
1500 0.0053321425318 1.07697129476 400 8.40336134454
1500 0.00608367621437 0.977209048288 500 8.40336134454
1500 0.00468582285712 0.572839289255 600 8.60832137733
1500 0.00429583019813 0.330385286456 700 8.80503144654
1500 0.00253262986411 0.120486832828 800 7.99200799201
1510 0.0157757815564 0.781553423537 100 7.29927007299
1510 0.00791572514269 0.998526916381 200 8.77192982456
1510 0.00719631685581 1.07423039494 300 7.89473684211
1510 0.00556343669572 1.102344654 400 8.45665961945
1510 0.00573467833607 0.943349874657 500 8.31946755408
1510 0.00464484226199 0.536854927219 600 8.65800865801
1510 0.00420643015738 0.294590372229 700 8.71731008717
1510 0.00249734819962 0.0956413582356 800 8.01603206413
1520 0.015762664708 0.761829692695 100 7.57575757576
1520 0.00790442106431 0.976758325581 200 8.92857142857
1520 0.00715187444017 1.05804912403 300 8.0
1520 0.00570034044529 1.09500695133 400 8.52878464819
1520 0.00547086613425 0.917914671867 500 8.34724540902
1520 0.00469257577716 0.518932571252 600 8.72093023256
1520 0.00374863615768 0.285426373402 700 7.85634118967
1520 0.00252390597831 0.0846284925126 800 8.04828973843
1530 0.0157466460377 0.73692104405 100 8.0
1530 0.00789787183686 0.951664609411 200 9.17431192661
1530 0.00709712285508 1.03412741596 300 8.17438692098
1530 0.00575999232516 1.08402894362 400 8.65800865801
1530 0.00538148122117 0.902877295873 500 8.43170320405
1530 0.00473896318658 0.510639945868 600 8.81057268722
1530 0.00345127783583 0.283334963072 700 7.88288288288
1530 0.00254362657354 0.0805929030088 800 8.1053698075
1540 0.0157374699914 0.720886534664 100 8.54700854701
1540 0.00789372320173 0.931405651689 200 9.52380952381
1540 0.00706152913509 1.01985541784 300 8.356545961
1540 0.00580279127936 1.07255570296 400 8.81057268722
1540 0.00536725587567 0.888651661263 500 8.54700854701
1540 0.00477893810255 0.501663133206 600 8.91530460624
1540 0.00333762086978 0.279348354452 700 7.94551645857
1540 0.00255523010924 0.0766656292969 800 8.17160367722
1550 0.0157255391561 0.688795475825 100 9.17431192661
1550 0.00788932613535 0.902833013581 200 9.85221674877
1550 0.00700804022876 0.997778528853 300 8.54700854701
1550 0.0058685086808 1.06202532289 400 8.9485458613
1550 0.00538005582711 0.875586074366 500 8.65051903114
1550 0.00483105689386 0.497551838093 600 9.02255639098
1550 0.00321975545272 0.279690242545 700 8.0
1550 0.00257423845642 0.0749725207737 800 8.23892893924
1560 0.015728936261 0.693126032517 100 9.70873786408
1560 0.00789954331926 0.90094310512 200 10.152284264
1560 0.007017933224 1.00502594412 300 8.69565217391
1560 0.00602277362388 1.06557653334 400 9.07029478458
1560 0.00538433206376 0.862379505991 500 8.74125874126
1560 0.00487131288653 0.487175893507 600 9.10470409712
1560 0.00304703624421 0.269247854634 700 8.03673938002
1560 0.00257301580528 0.0672914418061 800 8.29015544041
1570 0.0157257187052 0.67554688232 100 10.2040816327
1570 0.00789073629275 0.894496411517 200 10.2564102564
1570 0.00700043401287 0.994712320093 300 8.82352941176
1570 0.0062047594714 1.04881504978 400 9.1533180778
1570 0.0054195542139 0.823730102143 500 8.80281690141
1570 0.00493338795362 0.46344287585 600 9.17431192661
1570 0.00296324008567 0.248596118782 700 8.06451612903
1570 0.0025803394936 0.0557191588382 800 8.32466181061
1580 0.0157245413505 0.682348071604 100 10.4166666667
1580 0.00785546809742 0.888918077054 200 10.2040816327
1580 0.00695253199888 0.999199270661 300 8.87573964497
1580 0.00629060414429 1.03828628484 400 9.19540229885
1580 0.00547777033503 0.786427971302 500 8.84955752212
1580 0.00497291694801 0.440918593213 600 9.21658986175
1580 0.0029631222374 0.23031089544 700 8.09248554913
1580 0.00257873917591 0.0495208881387 800 8.35073068894
1590 0.01572841972 0.7004744303 100 10.6382978723
1590 0.00788394915564 0.89354373932 200 9.95024875622
1590 0.0069338597246 1.01383633553 300 8.92857142857
1590 0.00628611311055 1.02946655823 400 9.23787528868
1590 0.00554339033386 0.740814380127 500 8.8809946714
1590 0.00498730316584 0.408580190243 600 9.23076923077
1590 0.00294437838351 0.199239618538 700 8.10185185185
1590 0.00256847540375 0.0525927926901 800 8.36820083682
1600 0.0157284534411 0.708101469099 100 10.752688172
1600 0.00818599151746 0.896492602137 200 9.13242009132
1600 0.00693270140213 1.02887451364 300 8.92857142857
1600 0.00617264675624 1.02188699788 400 9.25925925926
1600 0.00559979875216 0.698726529176 500 8.91265597148
1600 0.00500620367055 0.382884291023 600 9.24499229584
1600 0.00294145127183 0.175879254694 700 8.11123986095
1600 0.00257124260092 0.0691348341801 800 8.37696335079
1610 0.0157297946564 0.830149551311 100 10.8695652174
1610 0.00976214318221 0.97921070205 200 8.33333333333
1610 0.00696324627042 1.07256570025 300 8.9552238806
1610 0.00614839244802 1.0382036986 400 9.25925925926
1610 0.00560723177377 0.667746154987 500 8.92857142857
1610 0.00503831672601 0.364697431849 600 9.24499229584
1610 0.00294172827571 0.155891888561 700 8.12064965197
1610 0.00258324788929 0.0786863280767 800 8.36820083682
1620 0.0157297481671 0.854439557988 100 10.8695652174
1620 0.0102736590163 0.997138606343 200 8.16326530612
1620 0.00695835687651 1.09286802943 300 8.92857142857
1620 0.00617637327893 1.03553093202 400 9.23787528868
1620 0.00561176301543 0.622807740176 500 8.94454382826
1620 0.00506347480297 0.338507313258 600 9.23076923077
1620 0.00293932338791 0.134150258006 700 8.12064965197
1620 0.00257448047636 0.103878650116 800 8.36820083682
1630 0.0157281122237 0.970165731733 100 10.8695652174
1630 0.010314569601 1.06185593016 200 8.13008130081
1630 0.00690495303242 1.1376427521 300 8.92857142857
1630 0.00636066515233 1.05267925119 400 9.13242009132
1630 0.00560918212634 0.597938400655 500 8.9605734767
1630 0.00508435928063 0.329242845117 600 9.20245398773
1630 0.00294110881368 0.120434424366 700 8.12064965197
1630 0.00257813982566 0.117205229375 800 8.36820083682
1640 0.0157232171086 1.06743319072 100 10.8695652174
1640 0.0103244156432 1.11727052258 200 8.16326530612
1640 0.00697279296871 1.18277883284 300 8.90207715134
1640 0.00763285193125 1.05286215123 400 8.73362445415
1640 0.00574981666487 0.571486239823 500 8.9605734767
1640 0.00511207384611 0.321224401371 600 9.13242009132
1640 0.00296142327887 0.10648040315 700 8.12064965197
1640 0.0025928180108 0.132640995529 800 8.36820083682
1650 0.0157160021381 1.05807061066 100 10.6382978723
1650 0.0103128330449 1.11429205407 200 8.19672131148
1650 0.00726683766107 1.18557023316 300 8.87573964497
1650 0.00713991686734 0.999030650398 400 8.54700854701
1650 0.00583396367498 0.531214004039 500 8.9605734767
1650 0.00463697895837 0.304500101247 600 7.90513833992
1650 0.0029998647122 0.0977481888143 700 8.11123986095
1650 0.00261072073232 0.15842838707 800 8.37696335079
1660 0.0157326413618 1.03476314601 100 10.4166666667
1660 0.0102724057488 1.11834978728 200 8.19672131148
1660 0.00773824515148 1.18243318416 300 8.84955752212
1660 0.00687994111236 0.936648924539 400 8.49256900212
1660 0.00594456622304 0.498117578123 500 8.97666068223
1660 0.00370344540479 0.278733475975 600 7.80234070221
1660 0.00301218488356 0.0978952488759 700 8.10185185185
1660 0.0026345521876 0.187669135895 800 8.35945663532
1670 0.0157132168902 1.02353457213 100 10.101010101
1670 0.0102498987454 1.12285560081 200 8.2304526749
1670 0.00816265923691 1.17477889126 300 8.82352941176
1670 0.0069456126725 0.878222958843 400 8.49256900212
1670 0.00606311826307 0.46536895557 500 8.97666068223
1670 0.00353556796605 0.252728442461 600 7.78210116732
1670 0.00301736482722 0.108211141988 700 8.10185185185
1670 0.00264872114465 0.214146202095 800 8.34202294056
1680 0.0158010957606 1.01125336841 100 9.43396226415
1680 0.010163315053 1.14385511022 200 8.2304526749
1680 0.00821351781303 1.1646308517 300 8.82352941176
1680 0.00705612965892 0.815666405558 400 8.49256900212
1680 0.00610118462537 0.432995322748 500 8.97666068223
1680 0.0035250600312 0.22591409534 600 7.78210116732
1680 0.0030111864585 0.127859650767 700 8.11123986095
1680 0.00262336750463 0.240153202222 800 8.33333333333
1690 0.0158363406771 0.991610974472 100 8.13008130081
1690 0.0101391346545 1.17583841223 200 8.19672131148
1690 0.00804379857325 1.16380362408 300 8.79765395894
1690 0.00715543580387 0.762651343801 400 8.51063829787
1690 0.00613082453369 0.40568134298 500 8.9605734767
1690 0.0035184782307 0.205911401682 600 7.78210116732
1690 0.00301185388981 0.154862293072 700 8.10185185185
1690 0.00263371173708 0.270294219702 800 8.33333333333
1700 0.0188372954261 1.0401182961 100 6.75675675676
1700 0.0101783630647 1.19490934011 200 8.19672131148
1700 0.0079967155829 1.15384091832 300 8.79765395894
1700 0.00717133787211 0.698634548277 400 8.51063829787
1700 0.0061691069041 0.375517252115 500 8.9605734767
1700 0.00352050018752 0.188046421745 600 7.78210116732
1700 0.0030282361421 0.185040810814 700 8.09248554913
1700 0.00263707328461 0.300778923226 800 8.33333333333
1710 0.0200344639329 1.07855469807 100 6.45161290323
1710 0.0101851708078 1.22313120646 200 8.16326530612
1710 0.00801890542467 1.15259388908 300 8.77192982456
1710 0.00717905087819 0.647165518049 400 8.52878464819
1710 0.00620743832337 0.357755394589 500 8.94454382826
1710 0.00351839560462 0.185013261442 600 7.77202072539
1710 0.00301900093083 0.217669666323 700 8.0831408776
1710 0.0026385756103 0.331169249554 800 8.33333333333
1720 0.0201301081737 1.12305889546 100 6.41025641026
1720 0.0101054725738 1.25649555388 200 8.13008130081
1720 0.00827944182057 1.14680850119 300 8.62068965517
1720 0.00716389715696 0.590225794913 400 8.54700854701
1720 0.00617628293742 0.329358654596 500 8.91265597148
1720 0.00351630774869 0.179731659247 600 7.77202072539
1720 0.00301967928865 0.24972536293 700 8.0831408776
1720 0.00263154236688 0.362577418333 800 8.32466181061
1730 0.0201980673376 1.15039775042 100 6.49350649351
1730 0.0102083756475 1.28584598998 200 8.13008130081
1730 0.00984714433976 1.13253239494 300 8.19672131148
1730 0.00730686351301 0.553678174012 400 8.56531049251
1730 0.00621028912333 0.328741143162 500 8.83392226148
1730 0.0035296845862 0.195036106184 600 7.77202072539
1730 0.00302644863516 0.280028398534 700 8.09248554913
1730 0.00264500718881 0.390144987564 800 8.31600831601
1740 0.0203298188847 1.19210002405 100 6.57894736842
1740 0.0106304035049 1.3100778436 200 8.13008130081
1740 0.00983620688367 1.07886593606 300 8.0
1740 0.00737608912312 0.515727995415 400 8.58369098712
1740 0.00596432239637 0.326506111321 500 7.56429652042
1740 0.00354671367285 0.214476821451 600 7.78210116732
1740 0.00302403748096 0.311419829943 700 8.10185185185
1740 0.00266644112572 0.416885078088 800 8.31600831601
1750 0.0201441839346 1.22694924508 100 6.66666666667
1750 0.0111749352944 1.33519618197 200 8.13008130081
1750 0.00933265983457 1.03421653563 300 7.9575596817
1750 0.00750573872712 0.506572718197 400 8.62068965517
1750 0.00475092310141 0.329925822127 500 7.41839762611
1750 0.00358363979688 0.225687681907 600 7.79220779221
1750 0.00306479671483 0.327889078453 700 8.11123986095
1750 0.00272551538177 0.434644739505 800 8.32466181061
1760 0.0199929053385 1.28304717324 100 6.75675675676
1760 0.0116343627809 1.36155400137 200 8.19672131148
1760 0.00942972031932 1.01108543334 300 8.0
1760 0.00768468012667 0.510030039577 400 8.65800865801
1760 0.00439349860792 0.332820265878 500 7.40740740741
1760 0.00361758616096 0.235856303096 600 7.8125
1760 0.00310779162235 0.342884919498 700 8.12064965197
1760 0.00278162987251 0.454571290925 800 8.34202294056
1770 0.0203699365902 1.34182555783 100 6.89655172414
1770 0.0122205646556 1.35764073696 200 8.26446280992
1770 0.00932681522081 0.929867339359 300 8.04289544236
1770 0.00761897027445 0.465158641154 400 8.71459694989
1770 0.00426474884672 0.314440277672 500 7.4294205052
1770 0.0035373770249 0.277261474463 600 7.8431372549
1770 0.003029440391 0.387133744722 700 8.13008130081
1770 0.00273470796674 0.49234370725 800 8.37696335079
1780 0.0210439244391 1.35455597928 100 7.09219858156
1780 0.0127316355552 1.28515590068 200 8.40336134454
1780 0.0090749201577 0.800704945397 300 8.15217391304
1780 0.00740426481659 0.388761160162 400 8.79120879121
1780 0.00409401868926 0.318908705044 500 7.47384155456
1780 0.00339648468451 0.347497473085 600 7.88436268068
1780 0.00289291893049 0.444496644343 700 8.16802800467
1780 0.00263009777051 0.536712931132 800 8.41219768665
1790 0.0217108196855 1.32106062489 100 7.35294117647
1790 0.0130947158531 1.1863507202 200 8.58369098712
1790 0.00888283124273 0.673159299799 300 8.26446280992
1790 0.00721098582061 0.351774495277 400 8.88888888889
1790 0.00395190549603 0.364997292085 500 7.53012048193
1790 0.00328344034293 0.411610052447 600 7.93650793651
1790 0.00280967955985 0.490086718816 700 8.20633059789
1790 0.00254086124552 0.564345521833 800 8.45665961945
1800 0.0212363702932 1.38592510455 100 7.69230769231
1800 0.0127276678089 1.23552335593 200 8.81057268722
1800 0.00913089703972 0.696520956511 300 8.40336134454
1800 0.00736226613591 0.364746546203 400 9.00900900901
1800 0.00403322738818 0.343879993385 500 7.59878419453
1800 0.00335241433804 0.394584591163 600 8.0
1800 0.00287430401681 0.482432987725 700 8.26446280992
1800 0.00259411301888 0.566836718739 800 8.51063829787
1810 0.0194515804381 1.54922061963 100 8.13008130081
1810 0.0115930726011 1.44571785795 200 9.09090909091
1810 0.00989989073886 0.906476082376 300 8.57142857143
1810 0.00774415333981 0.515861150575 400 9.1533180778
1810 0.00440652000501 0.327429189939 500 7.68049155146
1810 0.0036657577767 0.285365248341 600 8.07537012113
1810 0.00314138823462 0.393817412127 700 8.33333333333
1810 0.00283109713197 0.512793342644 800 8.5744908896
1820 0.0178676804922 1.60364748882 100 8.62068965517
1820 0.0105115623707 1.56307017382 200 9.3896713615
1820 0.0102266333731 1.08537585784 300 8.77192982456
1820 0.00715357658861 0.73015968185 400 9.3023255814
1820 0.00483439765455 0.470577836131 500 7.77604976672
1820 0.00402619896355 0.245245859804 600 8.15217391304
1820 0.00344761380244 0.285171347739 700 8.40336134454
1820 0.00310002775349 0.411103614882 800 8.64864864865
1830 0.0170946580277 1.56193433963 100 9.17431192661
1830 0.00992093239125 1.55614051867 200 9.70873786408
1830 0.00974627599639 1.13344688998 300 8.9552238806
1830 0.00678710258642 0.837393951762 400 9.45626477541
1830 0.00510737615586 0.568856924612 500 7.86163522013
1830 0.00425967246443 0.285803301608 600 8.2304526749
1830 0.00364343917556 0.238471987064 700 8.48484848485
1830 0.00326792150324 0.342024813232 800 8.71459694989
1840 0.0163536810108 1.43506992961 100 9.80392156863
1840 0.00927334338053 1.48195281289 200 10.0502512563
1840 0.00915337500632 1.1518938579 300 9.17431192661
1840 0.00633832886279 0.937868151381 400 9.61538461538
1840 0.00545270767824 0.675672575301 500 7.94912559618
1840 0.00455374718014 0.363891299923 600 8.31024930748
1840 0.00389072204097 0.225077563163 700 8.55745721271
1840 0.00348254534711 0.261986966735 800 8.78155872667
1850 0.0158490355096 1.20952252995 100 10.4166666667
1850 0.00867150581453 1.31453531497 200 10.3626943005
1850 0.0085053889838 1.11091282508 300 9.34579439252
1850 0.00585669061345 1.0066553785 400 9.75609756098
1850 0.00584975543009 0.769554596279 500 8.02568218299
1850 0.00488820141258 0.467960550806 600 8.37988826816
1850 0.00417356019518 0.289654402442 700 8.62068965517
1850 0.00372744420108 0.233255711703 800 8.83977900552
1860 0.0157312798837 1.0877074302 100 10.752688172
1860 0.00842287324869 1.21866701338 200 10.5263157895
1860 0.00817790114332 1.06075046624 300 9.46372239748
1860 0.00560600267176 1.01768082042 400 9.82800982801
1860 0.00604503187309 0.778136573637 500 8.07754442649
1860 0.00505029680482 0.496947182013 600 8.41514726508
1860 0.00431908572135 0.323895141351 700 8.66336633663
1870 0.0157106102725 1.04825297515 100 10.8695652174
1870 0.00846612632016 1.20232415044 200 10.4712041885
1870 0.00809869143505 1.03942973873 300 9.52380952381
1870 0.00551825504043 1.02414149573 400 9.85221674877
1870 0.0060979088483 0.75532258473 500 8.09061488673
1870 0.00508749512318 0.489091509289 600 8.42696629213
1870 0.00435153311107 0.326841310886 700 8.68486352357
1880 0.0157088804638 1.02996347714 100 10.752688172
1880 0.0092331533452 1.21679768039 200 9.80392156863
1880 0.00795878505461 1.02537018975 300 9.55414012739
1880 0.00548050697694 1.03523203367 400 9.73236009732
1880 0.00611688927659 0.718227804592 500 8.07754442649
1880 0.00510878385987 0.466177806479 600 8.42696629213
1880 0.00436566589054 0.313271049348 700 8.66336633663
1890 0.0157602818401 1.01204840432 100 10.5263157895
1890 0.0115347156277 1.20845207279 200 8.92857142857
1890 0.00775378759933 1.02297742189 300 9.52380952381
1890 0.00563114929263 1.05056665231 400 9.3023255814
1890 0.00617859434798 0.692019049273 500 8.06451612903
1890 0.00513026365466 0.454872185978 600 8.41514726508
1890 0.00441980890021 0.3140381136 700 8.63131935882
1900 0.0161019472391 1.03008104883 100 10.3092783505
1900 0.012442381259 1.17806750344 200 8.77192982456
1900 0.00764621455383 1.02467797377 300 9.52380952381
1900 0.00741311222325 1.03545416052 400 7.60456273764
1900 0.00616750283916 0.660979445745 500 8.038585209
1900 0.00514947271679 0.440545964943 600 8.40336134454
1900 0.00444774431782 0.311587101034 700 8.62068965517
1910 0.0166537291898 1.05950570284 100 10.2040816327
1910 0.0123470639658 1.14313748793 200 8.73362445415
1910 0.00745454489294 1.0331696535 300 9.52380952381
1910 0.00776983403462 0.996304875405 400 7.56143667297
1910 0.00619653054982 0.636260553374 500 8.038585209
1910 0.00519420774142 0.434196714989 600 8.36820083682
1910 0.00441687335713 0.315117507454 700 8.62068965517
1920 0.0168816136748 1.13257798057 100 10.2040816327
1920 0.0122467303405 1.1319939196 200 8.73362445415
1920 0.00744403393915 1.03859127934 300 9.52380952381
1920 0.00770770338349 0.938830358042 400 7.56143667297
1920 0.00614587764477 0.592159061175 500 8.05152979066
1920 0.00510370618857 0.398253350463 600 8.356545961
1920 0.004428839261 0.305910213408 700 8.62068965517
1930 0.0167472580942 1.20012108373 100 10.2040816327
1930 0.0120605909354 1.12355031364 200 8.77192982456
1930 0.00742208026467 1.05385074375 300 9.52380952381
1930 0.00766822274888 0.894601632036 400 7.56143667297
1930 0.00612522558742 0.563036395436 500 8.05152979066
1930 0.00510924621764 0.382229372541 600 8.356545961
1930 0.00443466285023 0.309212418401 700 8.63131935882
1940 0.0165953136752 1.25155183491 100 10.2040816327
1940 0.0120038955894 1.11664151144 200 8.81057268722
1940 0.00735909175336 1.0733386823 300 9.52380952381
1940 0.00767413479259 0.861789759256 400 7.57575757576
1940 0.00615185444023 0.546301683096 500 8.05152979066
1940 0.0051163929184 0.378470583304 600 8.36820083682
1940 0.00441757497929 0.320067842847 700 8.64197530864
1950 0.0165469176319 1.29668215473 100 10.2040816327
1950 0.0119515420652 1.11620787149 200 8.84955752212
1950 0.00728147296918 1.10193439039 300 9.49367088608
1950 0.00769782149312 0.83288322766 400 7.57575757576
1950 0.006180654367 0.535666963481 500 8.038585209
1950 0.00513515971524 0.380622044898 600 8.36820083682
1960 0.0168113205813 1.36826676793 100 10.0
1960 0.0120396713253 1.11090680676 200 8.92857142857
1960 0.00729419605685 1.10951949296 300 9.49367088608
1960 0.00766052332296 0.785558856231 400 7.57575757576
1960 0.00613777457209 0.506442716503 500 8.038585209
1960 0.00510323113914 0.370723813486 600 8.37988826816
1970 0.0180110874346 1.43880857515 100 9.09090909091
1970 0.0119484288586 1.10978775081 200 8.96860986547
1970 0.00728858181035 1.12334796964 300 9.40438871473
1970 0.00765361431869 0.74577306445 400 7.59013282732
1970 0.00613414035029 0.485423068667 500 8.05152979066
1970 0.00509434876743 0.366381901421 600 8.36820083682
1980 0.0216876824325 1.42588087218 100 7.8125
1980 0.011420248044 1.14661117534 200 9.00900900901
1980 0.00706738718858 1.18577448662 300 9.17431192661
1980 0.00775056699098 0.77165868412 400 7.59013282732
1980 0.00621089033169 0.526520669853 500 8.06451612903
1980 0.00517342215372 0.400149733802 600 8.36820083682
1990 0.0227406533256 1.32795021169 100 7.57575757576
1990 0.0107669385967 1.20995792195 200 9.09090909091
1990 0.00840115317297 1.27652848363 300 7.02576112412
1990 0.00745791017348 0.860595889698 400 7.60456273764
1990 0.00598356411905 0.632716936333 500 8.07754442649
1990 0.00494212159578 0.493675305649 600 8.36820083682
2000 0.0217067256508 1.20012475418 100 7.51879699248
2000 0.0099097752794 1.2695451332 200 9.13242009132
2000 0.00911956476121 1.32003617435 300 6.96055684455
2000 0.00706567081354 0.962395726029 400 7.60456273764
2000 0.00564808616408 0.771603832874 500 8.07754442649
2000 0.00462128290021 0.640520843923 600 8.37988826816
2010 0.0205686241776 1.12235597976 100 7.57575757576
2010 0.0093413551373 1.30824270925 200 9.17431192661
2010 0.00901279168553 1.32150525987 300 6.94444444444
2010 0.00678735949407 1.0299848598 400 7.61904761905
2010 0.00542450134526 0.87363688277 500 8.06451612903
2010 0.00440070797215 0.763264148747 600 8.39160839161
2020 0.020121214934 1.1757312649 100 7.57575757576
2020 0.00924388927757 1.35185355669 200 9.17431192661
2020 0.00900836735972 1.3008220068 300 6.94444444444
2020 0.00677614138164 1.02606714056 400 7.63358778626
2020 0.00543991552428 0.872233189519 500 8.05152979066
2020 0.00438801152195 0.777295621532 600 8.40336134454
2030 0.0202519297292 1.25405168911 100 7.63358778626
2030 0.00936484080686 1.39849253529 200 9.13242009132
2030 0.00919153138571 1.26028922491 300 6.94444444444
2030 0.00690118970711 0.977384534449 400 7.63358778626
2030 0.00552600924544 0.817585203908 500 8.05152979066
2030 0.00448397100539 0.725924440732 600 8.40336134454
2040 0.0203354998007 1.30775325471 100 7.69230769231
2040 0.00934885343379 1.4197249207 200 9.13242009132
2040 0.00923819811847 1.21001223327 300 6.94444444444
2040 0.00690584231708 0.933645006151 400 7.61904761905
2040 0.00554872525931 0.774759842142 500 8.05152979066
2040 0.00452172547302 0.688162790788 600 8.41514726508
2050 0.0202858489 1.35882685835 100 7.8125
2050 0.00928987605489 1.45506076912 200 9.13242009132
2050 0.00922859240156 1.18074794795 300 6.96055684455
2050 0.00691156680924 0.915597509092 400 7.61904761905
2050 0.00553724038287 0.759319558403 500 8.07754442649
2060 0.0199703028235 1.43886774403 100 8.0
2060 0.00911402490309 1.50541335577 200 9.21658986175
2060 0.00908389597454 1.20091061686 300 7.00934579439
2060 0.00681019477302 0.955922071307 400 7.66283524904
2060 0.00545896105681 0.807792680867 500 8.10372771475
2070 0.0193682547521 1.51074612388 100 8.33333333333
2070 0.00886964864865 1.55109938588 200 9.34579439252
2070 0.00884798076155 1.2421775594 300 7.07547169811
2070 0.00662463039082 1.0239164889 400 7.72200772201
2070 0.00532141259595 0.8855246761 500 8.15660685155
2080 0.0181114737754 1.59380596334 100 8.77192982456
2080 0.00845563420793 1.57675535396 200 9.56937799043
2080 0.00833134043428 1.32938782879 300 7.17703349282
2080 0.0062405465079 1.16604324245 400 7.82778864971
2080 0.00501275375948 1.05585038752 500 8.23723228995
2090 0.016983448561 1.57515792269 100 9.43396226415
2090 0.00809014415914 1.51473813873 200 9.80392156863
2090 0.00773952582337 1.367689676 300 7.29927007299
2090 0.0058018271054 1.2801460618 400 7.93650793651
2090 0.00465397245195 1.21021636789 500 8.33333333333
2100 0.0161019822689 1.43692337291 100 10.101010101
2100 0.00787259511416 1.3187943028 200 10.0
2100 0.00710218964757 1.30331655115 300 7.42574257426
2100 0.00532680961381 1.30588014041 400 8.04828973843
2100 0.00426215984566 1.28867379571 500 8.41750841751
2110 0.0157384934111 1.24685097826 100 10.6382978723
2110 0.00786599286061 1.07941123762 200 9.80392156863
2110 0.00657767206337 1.18388058653 300 7.51879699248
2110 0.00495438978605 1.2560485691 400 8.1466395112
2110 0.00394572704502 1.28352055425 500 8.48896434635
2120 0.0157842869936 0.973680715434 100 11.1111111111
2120 0.00800829033096 0.817497053168 200 6.75675675676
2120 0.00612131445475 1.00643356844 300 7.57575757576
2120 0.00460875151397 1.13582897591 400 8.19672131148
2120 0.00365178400488 1.19723772365 500 8.53242320819
2130 0.0159691842913 0.850734844126 100 11.3636363636
2130 0.00867692089904 0.742123378429 200 6.66666666667
2130 0.00599739943152 0.951499627517 300 7.59493670886
2130 0.00449814168397 1.09881367598 400 8.19672131148
2130 0.0035384361913 1.1720203262 500 8.54700854701
2140 0.0160382178599 0.837260814466 100 11.3636363636
2140 0.00903156842428 0.775710975275 200 6.62251655629
2140 0.00604325601524 0.984672136354 300 7.61421319797
2140 0.004520120199 1.11676629333 400 8.1799591002
2140 0.00353572594308 1.19609910417 500 8.56164383562
2150 0.0159777427865 0.849828272044 100 11.3636363636
2150 0.00920070790424 0.844946701282 200 6.62251655629
2150 0.00615098251066 1.05066280329 300 7.61421319797
2150 0.00462878351785 1.16462188296 400 8.1466395112
2150 0.00358974920798 1.2413890181 500 8.56164383562
2160 0.0159229927075 0.864910191782 100 11.2359550562
2160 0.00935010287473 0.920834591809 200 6.60066006601
2160 0.00623865259859 1.10953769482 300 7.59493670886
2160 0.00468294142981 1.20877614495 400 8.13008130081
2160 0.00365184744795 1.27959317386 500 8.54700854701
2170 0.0159610401936 0.839641907457 100 10.989010989
2170 0.00936031237913 0.944385548741 200 6.60066006601
2170 0.00621907955311 1.13785193635 300 7.55667506297
2170 0.00468618800995 1.22542871136 400 8.13008130081
2170 0.00366721628367 1.29260103921 500 8.54700854701
2180 0.0159930715938 0.803497034568 100 10.752688172
2180 0.00937598241782 0.974016204475 200 6.57894736842
2180 0.00624719705321 1.16177575539 300 7.53768844221
2180 0.00469122012731 1.24650991104 400 8.11359026369
2190 0.0160024668369 0.770574359983 100 10.4166666667
2190 0.00940336556001 1.01083779225 200 6.55737704918
2190 0.0062579343107 1.19803676221 300 7.51879699248
2190 0.00471433639632 1.27530536432 400 8.08080808081
2200 0.0158985416451 0.818975246844 100 9.43396226415
2200 0.00956984014966 1.09659196459 200 6.53594771242
2200 0.00638710925637 1.2532326588 300 7.51879699248
2200 0.00477942451614 1.31053442971 400 8.04828973843
2210 0.0168195096181 0.861034595808 100 4.78468899522
2210 0.00961682684146 1.15610373267 200 6.49350649351
2210 0.00642993540568 1.29464990838 300 7.5
2210 0.0047665101884 1.34007536224 400 8.03212851406
2220 0.0194608265866 0.983294161695 100 4.6511627907
2220 0.00984343209776 1.21390399076 200 6.49350649351
2220 0.00654752545545 1.31700180621 300 7.46268656716
2220 0.00480987679713 1.35208784226 400 8.03212851406
2230 0.0199112873054 1.0665784483 100 4.62962962963
2230 0.0100048043715 1.2581473058 200 6.49350649351
2230 0.00670748823285 1.32251276053 300 7.42574257426
2230 0.00485124530632 1.35865636856 400 8.03212851406
2240 0.020119459469 1.11896427375 100 4.6511627907
2240 0.0100894515001 1.28875449455 200 6.51465798046
2240 0.00673232370739 1.3432527006 300 7.40740740741
2240 0.00489023444718 1.37228068155 400 8.04828973843
2250 0.020242075672 1.18888068934 100 4.6511627907
2250 0.0101203692373 1.32361516115 200 6.51465798046
2250 0.00675766872905 1.35957380202 300 7.42574257426
2250 0.00493458786718 1.38516716608 400 8.06451612903
2260 0.0203772109406 1.24197716396 100 4.67289719626
2260 0.0101508036291 1.35972149186 200 6.49350649351
2260 0.00680270486594 1.37329194483 300 7.44416873449
2260 0.00498371472645 1.39755337327 400 8.06451612903
2270 0.0205098362588 1.29390835428 100 4.69483568075
2270 0.0102468023817 1.37963417069 200 6.51465798046
2270 0.00684058683288 1.38337039934 300 7.46268656716
2280 0.0206029336258 1.35160185391 100 4.71698113208
2280 0.0102843787503 1.40763326465 200 6.53594771242
2280 0.00688196719132 1.39288615053 300 7.4812967581
2290 0.020575426121 1.39302137708 100 4.78468899522
2290 0.0102759392465 1.42460121336 200 6.62251655629
2290 0.00687232279063 1.40501263998 300 7.51879699248
2300 0.0206112217325 1.4231471896 100 4.87804878049
2300 0.0103110535562 1.4377980082 200 6.71140939597
2300 0.0068690604475 1.40160334696 300 7.59493670886
2310 0.02046902865 1.44661227847 100 5.05050505051
2310 0.0102705331174 1.4575356307 200 6.87285223368
2310 0.00681574838246 1.42027575214 300 7.71208226221
2320 0.0197332808648 1.5189456364 100 5.26315789474
2320 0.00991474688111 1.53540036578 200 7.06713780919
2320 0.00656682631917 1.4985702778 300 7.87401574803
2330 0.0196754639435 1.53493589321 100 5.52486187845
2330 0.00988946723702 1.53726192406 200 7.32600732601
2330 0.00655001910136 1.50110620272 300 8.08625336927
2340 0.0196741681157 1.5354296065 100 5.84795321637
2340 0.00988878463621 1.53768567491 200 7.60456273764
2340 0.00654957711173 1.50151126117 300 8.31024930748
2350 0.0196751517071 1.5347369478 100 6.21118012422
2350 0.00988927111215 1.53666979217 200 7.90513833992
2350 0.00654990061481 1.50036845886 300 8.54700854701
2360 0.0196773540088 1.53540299233 100 6.62251655629
2360 0.00989037988341 1.5375325547 200 8.2304526749
2360 0.00655063234617 1.50130845849 300 8.79765395894
2370 0.0196797338555 1.53544807585 100 7.09219858156
2370 0.009891580508 1.53750040314 200 8.58369098712
2370 0.00655142400484 1.5012467129 300 9.06344410876
2380 0.0196822262672 1.53552885278 100 7.63358778626
2380 0.00989284105113 1.53759986477 200 8.96860986547
2380 0.00655225429646 1.50135161512 300 9.34579439252
2390 0.0196722934938 1.53581983218 100 8.26446280992
2390 0.00988790794859 1.53820361673 200 9.3896713615
2390 0.00654897971185 1.50208532262 300 9.6463022508
2400 0.0193933255266 1.54979448193 100 9.00900900901
2400 0.00974577528503 1.56640322391 200 9.80392156863
2400 0.00644947990226 1.52959214385 300 9.93377483444
2410 0.0178791194737 1.60582074552 100 9.61538461538
2410 0.00897744358384 1.61700397063 200 10.2040816327
2410 0.00593265093813 1.59291542986 300 10.1694915254
2420 0.0162836617367 1.43506927997 100 10.101010101
2420 0.00815270403048 1.43816953528 200 10.4712041885
2420 0.00539820357658 1.41695778103 300 10.3806228374
2430 0.0157501776708 1.14450665145 100 10.4166666667
2430 0.00787449994784 1.12954017613 200 10.582010582
2430 0.00523835098377 1.11682311207 300 10.4895104895
2440 0.0157090485367 1.02006550238 100 10.6382978723
2440 0.0078541376453 0.989140948209 200 10.582010582
2440 0.00524292570701 0.990200806101 300 10.5633802817
2450 0.0157084365932 1.00892568143 100 10.6382978723
2450 0.00785502072328 0.976848724251 200 10.4712041885
2450 0.00524447542868 0.976014845636 300 10.5633802817
2460 0.0157080839813 0.994183726526 100 10.6382978723
2460 0.00785437102527 0.965034030129 200 10.4712041885
2460 0.00524429604115 0.959449757786 300 10.6007067138
2470 0.0157084328727 0.995132564001 100 10.5263157895
2470 0.00785401306973 0.963160366025 200 10.5263157895
2470 0.00524196549799 0.957221208447 300 10.6007067138
2480 0.015708046665 0.987626007656 100 10.5263157895
2480 0.00785398465259 0.963696672205 200 10.5263157895
2490 0.0157082764398 0.984819066618 100 10.5263157895
2490 0.00785421095597 0.958999893261 200 10.5263157895
2500 0.015708278375 1.00067868386 100 10.5263157895
2500 0.0078545315241 0.967870597117 200 10.4712041885
2510 0.01570954056 1.02237213637 100 10.6382978723
2510 0.00785410875364 0.992432657256 200 10.4166666667
2520 0.0157088858365 1.01234509472 100 10.6382978723
2520 0.00785900526897 0.987906772698 200 10.4166666667
2530 0.0157091128519 0.940096079561 100 10.4166666667
2530 0.00786647660408 0.973911783505 200 10.4166666667
2540 0.0157090825235 0.934615930449 100 10.2040816327
2540 0.00787059611946 0.953533971401 200 10.4166666667
2550 0.0157081851486 0.938043041221 100 10.101010101
2550 0.00786963121659 0.939516786368 200 10.4712041885
2560 0.0157082585338 0.954868457332 100 10.2040816327
2560 0.00786229282528 0.949400556463 200 10.5263157895
2570 0.0157086860404 0.951174434128 100 10.4166666667
2580 0.0157080998341 0.939568346 100 10.4166666667
2590 0.015708412153 0.9540786795 100 10.2040816327
2600 0.015708681248 0.950626777606 100 10.101010101
2610 0.0157153073288 0.966023556944 100 10.0
2620 0.015723996918 0.974963996528 100 10.2040816327
2630 0.0157400479189 0.979342718005 100 10.4166666667
2640 0.0157478484724 0.956095358125 100 10.5263157895
2650 0.0157356040768 0.950272555524 100 10.6382978723
2660 0.0157273879696 0.939369035788 100 10.6382978723
