0 0.0157136056544 1.01049289014 100 11.6279069767
0 0.00785407378425 1.00758446297 200 12.0481927711
0 0.00655508669165 1.01710807003 300 10.067114094
0 0.00777952063371 0.555722109714 400 10.2827763496
0 0.00619456408725 0.245065127724 500 10.3092783505
0 0.00517927412256 0.0402809597303 600 10.7719928187
0 0.00445204423551 0.118918729481 700 11.1287758347
0 0.00196350571384 0.165648662436 800 10.781671159
10 0.0157084378845 1.00057104767 100 11.6279069767
10 0.00785402094154 1.00159725229 200 11.9760479042
10 0.00909178857901 0.983414769854 300 9.70873786408
10 0.00777552017107 0.492493322222 400 10.3359173127
10 0.00620342249259 0.194691027364 500 10.3092783505
10 0.00519161121092 0.0255421223685 600 10.8108108108
10 0.00445138182274 0.15121991917 700 11.1464968153
10 0.00196353254838 0.165564657666 800 10.7962213225
20 0.0157080914401 0.984552498758 100 11.7647058824
20 0.00785510831106 0.992182692634 200 11.8343195266
20 0.0102371573103 0.911560778634 300 9.61538461538
20 0.0077700619745 0.430965521053 400 10.3896103896
20 0.00622773544428 0.148416250313 500 10.3519668737
20 0.00519076767784 0.0531073601789 600 10.8303249097
20 0.00444656077027 0.18304918354 700 11.1642743222
20 0.00196354635547 0.164052197298 800 10.8108108108
30 0.0157082035109 0.984949512062 100 11.7647058824
30 0.00785399205152 0.988418541317 200 11.3636363636
30 0.0102981554817 0.826972729516 300 9.61538461538
30 0.00774730102942 0.368315556643 400 10.4166666667
30 0.00621797798903 0.0992307455718 500 10.3734439834
30 0.00519321393385 0.0883719030881 600 10.8695652174
30 0.00443950095334 0.215648491003 700 11.1642743222
30 0.00196353892632 0.163162494318 800 10.8401084011
40 0.0157083954401 0.986714073513 100 11.9047619048
40 0.00785490794681 0.994578840662 200 10.989010989
40 0.0103267513524 0.752490805848 300 9.6463022508
40 0.00773335735593 0.314566968236 400 10.4438642298
40 0.00620361940492 0.0559937057711 500 10.4166666667
40 0.00517550504902 0.129448863446 600 10.889292196
40 0.00442712641803 0.251430364394 700 11.1464968153
40 0.00196349543233 0.164923940714 800 10.8695652174
50 0.0157082340395 0.985933876936 100 11.9047619048
50 0.00785868215123 0.987553369429 200 10.6951871658
50 0.0103688184564 0.667495995015 300 9.67741935484
50 0.00773190536281 0.254633193948 400 10.3896103896
50 0.00620279663956 0.0291406294491 500 10.460251046
50 0.00518313411984 0.166895380252 600 10.9289617486
50 0.00409466485162 0.284613301703 700 11.0410094637
50 0.00196350469081 0.16434131795 800 10.8991825613
60 0.015708537429 0.985482026635 100 12.0481927711
60 0.00785933816982 0.988338302832 200 10.4712041885
60 0.0103525072317 0.589898218679 300 9.70873786408
60 0.00775873982191 0.197599466444 400 10.2301790281
60 0.00620757462921 0.0553820972924 500 10.5042016807
60 0.0051824965867 0.208359298978 600 10.9489051095
60 0.00262335350477 0.322137244232 700 10.8024691358
60 0.00196351195793 0.16525335246 800 10.9289617486
70 0.0157126242944 1.0191710715 100 12.1951219512
70 0.00785496153405 1.02173939189 200 10.2040816327
70 0.0103415084039 0.528329424662 300 9.77198697068
70 0.00778066039543 0.144701579207 400 10.0755667506
70 0.00620855475672 0.104365744128 500 10.5263157895
70 0.00518069784304 0.255011605469 600 10.989010989
70 0.00224566395089 0.34165601968 700 10.6870229008
70 0.00196404048435 0.17040944221 800 10.9589041096
80 0.0157177423013 1.06366608181 100 12.1951219512
80 0.00838987921913 1.06164126406 200 9.70873786408
80 0.0103018002535 0.461388095281 300 9.83606557377
80 0.00766822245846 0.089209326977 400 10.0
80 0.00619332387612 0.153338108832 500 10.5708245243
80 0.00516239545579 0.303416910528 600 11.0091743119
80 0.00224486055266 0.350074848584 700 10.6544901065
80 0.00196480758076 0.174027093629 800 10.989010989
90 0.0157114681634 1.04689357139 100 12.1951219512
90 0.0126228343167 1.04245535234 200 9.00900900901
90 0.0103288618325 0.370294575687 300 9.86842105263
90 0.00769361850775 0.0435326092136 400 9.97506234414
90 0.00620674730696 0.198431478072 500 10.593220339
90 0.0051815104284 0.337219852185 600 11.0294117647
90 0.00224438669798 0.343335555244 700 10.6544901065
90 0.00196380571879 0.168942995094 800 11.0041265475
100 0.0157093863095 1.01405364505 100 11.9047619048
100 0.0149251806007 0.925763863803 200 8.77192982456
100 0.0103670895982 0.28261513586 300 9.93377483444
100 0.00778684841668 0.0591236093492 400 10.0
100 0.00622844174905 0.239133218423 500 10.6157112527
100 0.00519210017334 0.363508799577 600 11.0497237569
100 0.00224403205884 0.329655892199 700 10.6544901065
100 0.00196349650827 0.162447845708 800 11.0192837466
110 0.0157093548903 1.00952203608 100 11.1111111111
110 0.0154502618197 0.801025917055 200 8.73362445415
110 0.0103282176644 0.199363184269 300 9.96677740864
110 0.0077691912027 0.112890513463 400 10.0250626566
110 0.00621876538777 0.287106459962 500 10.6382978723
110 0.00517586986362 0.402135551284 600 11.0497237569
110 0.00224402076951 0.326706456066 700 10.6707317073
110 0.0019635463331 0.161809615357 800 11.0344827586
120 0.0157086152435 1.01209228061 100 10.2040816327
120 0.0154828667203 0.670852025703 200 8.73362445415
120 0.0103290850688 0.124366307003 300 10.0
120 0.00777961952061 0.175952212871 400 10.0502512563
120 0.0062271885239 0.336290974065 500 10.6837606838
120 0.00517700216354 0.445547637921 600 11.0294117647
120 0.00224403567698 0.328682084191 700 10.7033639144
120 0.00196349749021 0.162997272669 800 11.0497237569
130 0.015713696164 1.00777326759 100 9.61538461538
130 0.0155607023063 0.545436435478 200 8.77192982456
130 0.0103292848972 0.0635981489071 300 9.93377483444
130 0.00777897583969 0.235087060903 400 10.101010101
130 0.00623333744583 0.385792974687 500 10.7066381156
130 0.00505180350556 0.486294581362 600 10.9289617486
130 0.00224403042308 0.328952440178 700 10.736196319
130 0.00196349630518 0.16160059209 800 11.0497237569
140 0.0157217987829 0.991968646936 100 9.17431192661
140 0.0155760020456 0.413643087681 200 8.77192982456
140 0.0103463433163 0.0811800874341 300 9.74025974026
140 0.00777630227488 0.296291367829 400 10.1265822785
140 0.00623296876538 0.432894023684 500 10.7296137339
140 0.00330831357025 0.530031407426 600 10.6382978723
140 0.00224401986026 0.325709924746 700 10.752688172
140 0.00196352974009 0.161619899123 800 11.0650069156
150 0.0157094112286 0.979877274655 100 8.77192982456
150 0.015567980228 0.29733475483 200 8.84955752212
150 0.0103831641557 0.150744560418 300 9.49367088608
150 0.00777444045105 0.357999308668 400 10.152284264
150 0.00622923382761 0.481373942411 500 10.752688172
150 0.00262635370061 0.543517383982 600 10.4529616725
150 0.00224403184168 0.324122688549 700 10.7692307692
150 0.00196353316266 0.160867459734 800 11.0650069156
160 0.016590331768 1.00862673706 100 7.93650793651
160 0.015572099856 0.180093643373 200 8.88888888889
160 0.0103594294994 0.228255576939 300 9.40438871473
160 0.00778528163166 0.422391545755 400 10.1781170483
160 0.00623409229369 0.536787976053 500 10.752688172
160 0.00261809294416 0.548128694724 600 10.3986135182
160 0.00224405562465 0.327729568158 700 10.8024691358
160 0.00196358150697 0.161615568713 800 11.0650069156
170 0.024663091127 1.01955600408 100 7.09219858156
170 0.0155487283721 0.0918456541422 200 8.96860986547
170 0.0103287986481 0.309946407501 300 9.375
170 0.00777420027894 0.482564087036 400 10.2301790281
170 0.00622527660845 0.585902863192 500 10.7991360691
170 0.00261801360285 0.552911090634 600 10.3986135182
170 0.00224401222662 0.330937745636 700 10.8359133127
170 0.00196353073272 0.163776859221 800 11.08033241
180 0.0289347666783 0.885150566376 100 6.89655172414
180 0.0155262199296 0.101799932663 200 9.09090909091
180 0.0103629474742 0.373263683547 300 9.43396226415
180 0.0077649667477 0.528377197973 400 10.2827763496
180 0.00621256298395 0.620760290665 500 10.8225108225
180 0.00261819296015 0.545505955199 600 10.4347826087
180 0.00224413155566 0.325582422732 700 10.8695652174
180 0.00196373324723 0.160949253695 800 11.08033241
190 0.0308675273518 0.715201535635 100 6.94444444444
190 0.015473799339 0.164079869819 200 9.25925925926
190 0.0103727209225 0.42292397656 300 9.52380952381
190 0.00775551415996 0.556597270621 400 10.3896103896
190 0.00619167727222 0.636553952079 500 10.9170305677
190 0.00261850050035 0.532847546407 600 10.5078809107
190 0.00224450986042 0.318571305594 700 10.9375
190 0.00196401152681 0.157860088152 800 11.1111111111
200 0.0310018231314 0.57965547817 100 7.14285714286
200 0.0154907937619 0.237651146952 200 9.43396226415
200 0.0103711036588 0.477182212494 300 9.67741935484
200 0.00777857605894 0.599918097388 400 10.5263157895
200 0.00620668751347 0.674267856336 500 11.013215859
200 0.00261813882106 0.539882052414 600 10.6007067138
200 0.002244190317 0.321792653681 700 11.0062893082
200 0.00196354673244 0.159730956023 800 11.1576011158
210 0.0308281647584 0.455556888684 100 7.40740740741
210 0.0155112282398 0.309756436917 200 9.66183574879
210 0.0103689880069 0.53635062668 300 9.86842105263
210 0.00778808381735 0.654520982924 400 10.6666666667
210 0.00622226993492 0.723442046219 500 11.1111111111
210 0.00261809490674 0.555153363733 600 10.6951871658
210 0.00224400776425 0.331934868612 700 11.0935023772
210 0.00196376517587 0.164734353033 800 11.2201963534
220 0.0309788704532 0.312282277434 100 7.63358778626
220 0.0155547995434 0.379242123831 200 9.90099009901
220 0.0103931336762 0.590539644664 300 10.0334448161
220 0.00779399086418 0.696843673677 400 10.8108108108
220 0.00623519063408 0.75940523259 500 11.1856823266
220 0.00261827849714 0.559196219167 600 10.7913669065
220 0.00224410616147 0.33523428908 700 11.1821086262
220 0.00196360078807 0.166408618658 800 11.2834978843
230 0.0309873941639 0.188956433834 100 7.87401574803
230 0.0155305828177 0.471050539729 200 10.0
230 0.010350106862 0.66162706925 300 10.1694915254
230 0.0077662296187 0.754864479327 400 10.9289617486
230 0.00609946932135 0.809597257381 500 11.1856823266
230 0.00261870570827 0.572069545548 600 10.889292196
230 0.00224450595106 0.342101316271 700 11.2540192926
230 0.00196386428517 0.169928871011 800 11.3314447592
240 0.0309072271374 0.173098296563 100 8.13008130081
240 0.0154838247849 0.572989168518 200 10.0
240 0.0102930427163 0.740545294332 300 10.3092783505
240 0.00772990131097 0.82016838773 400 11.0497237569
240 0.00500099492163 0.87101740662 500 11.0864745011
240 0.00261996278305 0.58571583528 600 10.9689213894
240 0.00224544089816 0.351375988485 700 11.3268608414
240 0.00196354339096 0.174036798999 800 11.3798008535
250 0.0309021812204 0.295542321027 100 8.40336134454
250 0.0155321541971 0.65556500069 200 9.95024875622
250 0.0103025980183 0.798075398694 300 10.4529616725
250 0.00774183008852 0.861922621879 400 11.1731843575
250 0.00361604684011 0.902200086577 500 10.9170305677
250 0.00262019700398 0.585580359556 600 11.0701107011
250 0.00224547201945 0.348895091764 700 11.3821138211
250 0.00196411067284 0.174222694499 800 11.4449213162
260 0.0310588633706 0.431633286343 100 8.69565217391
260 0.0155809246127 0.710024639203 200 9.85221674877
260 0.0103515735389 0.817584246364 300 10.6382978723
260 0.00778353984125 0.870256600912 400 11.2994350282
260 0.0031653974317 0.879276992151 500 10.8459869848
260 0.00261851190926 0.562841437575 600 11.1524163569
260 0.00224435145814 0.336501905289 700 11.4566284779
260 0.00196372411681 0.167370146593 800 11.5107913669
270 0.0309924795731 0.520744470098 100 9.09090909091
270 0.0155039761136 0.714493339787 200 9.95024875622
270 0.010312027676 0.796491900896 300 10.8303249097
270 0.0077488740573 0.834623360846 400 11.4613180516
270 0.00314450601653 0.814616048475 500 10.8932461874
270 0.00261888681576 0.519689604038 600 11.2570356473
270 0.0022445965226 0.309879461449 700 11.5321252059
270 0.00196407789998 0.15438238179 800 11.5942028986
280 0.0288292010509 0.497456320816 100 9.61538461538
280 0.0145037157705 0.55420501152 200 10.152284264
280 0.00958843180673 0.58800070036 300 11.0701107011
280 0.00719544369152 0.60555882013 400 11.6618075802
280 0.00321412866183 0.569759768823 500 10.989010989
280 0.00267278834709 0.363364660518 600 11.385199241
280 0.00228811772346 0.217701585032 700 11.6472545757
280 0.0020025325947 0.108315365728 800 11.6959064327
290 0.0252341809558 0.821327888314 100 10.3092783505
290 0.012760982797 0.779517233294 200 10.4166666667
290 0.00839047489603 0.760096712045 300 11.320754717
290 0.00629148809798 0.755241140797 400 11.8694362018
290 0.00352210680535 0.635505754602 500 11.135857461
290 0.00292973886187 0.405277690475 600 11.5384615385
290 0.00250216487473 0.242208535017 700 11.7647058824
290 0.00219129328188 0.118033719131 800 11.8168389956
300 0.0212417108392 1.38030026703 100 11.1111111111
300 0.0107496528954 1.36581758909 200 10.752688172
300 0.00706399340368 1.35625052749 300 11.6279069767
300 0.00529278489511 1.35461878396 400 12.1212121212
300 0.00413771959857 1.14363719554 500 11.2866817156
300 0.00344741776177 0.727861836043 600 11.6959064327
300 0.00294116189204 0.432802953055 700 11.9047619048
300 0.00257543793005 0.207828941573 800 11.9402985075
310 0.0179430493753 1.58086807444 100 12.0481927711
310 0.00906117175825 1.5943399365 200 11.1111111111
310 0.00596802673236 1.60274673865 300 11.9047619048
310 0.00446943519076 1.60304632862 400 12.3456790123
310 0.00493765996648 1.35187621425 500 11.4416475973
310 0.00411662259489 0.855880134787 600 11.8343195266
310 0.00351577762238 0.504858857861 700 12.0068610635
310 0.00307405502686 0.24316229988 800 12.0663650075
320 0.0163353418239 1.43702914849 100 12.8205128205
320 0.00821709664364 1.43970579807 200 11.3636363636
320 0.00544065502311 1.44298671187 300 12.1457489879
320 0.00407505344075 1.4403400244 400 12.539184953
320 0.00558211492691 1.19374912771 500 11.5473441109
320 0.00465141137764 0.753483187951 600 11.9521912351
320 0.00399026944575 0.441118768007 700 12.0898100173
320 0.00347926869891 0.20816920413 800 12.1580547112
330 0.0157415488083 1.14784922788 100 13.3333333333
330 0.00787870293948 1.1315541405 200 11.5606936416
330 0.00524677207974 1.12680848639 300 12.3456790123
330 0.00393392708362 1.12436037289 400 12.6582278481
330 0.00610513788231 0.906017381547 500 11.6279069767
330 0.00509191960468 0.570222805793 600 12.0481927711
330 0.00437237663098 0.327506492814 700 12.1107266436
330 0.00381965735089 0.149154144728 800 12.213740458
340 0.0157318217506 0.944210580014 100 13.698630137
340 0.00786077514963 0.934387422915 200 11.6959064327
340 0.00524138239962 0.932910151513 300 12.3966942149
340 0.00393280243901 0.928306506522 400 12.6582278481
340 0.00616360543327 0.710893660191 500 11.6822429907
340 0.00513776002697 0.440053567119 600 12.0724346076
340 0.00443865124444 0.246277464023 700 12.1107266436
340 0.00385135892576 0.102062687196 800 12.2324159021
350 0.0157200358664 0.964406438771 100 13.698630137
350 0.00785645211567 0.967880888281 200 11.7647058824
350 0.00523728561844 0.965994025814 300 12.4481327801
350 0.00392981497983 0.962197761753 400 12.5786163522
350 0.00619642887592 0.688184413742 500 11.7370892019
350 0.00517080307794 0.412574498046 600 12.0724346076
350 0.00439928219174 0.217085873638 700 12.0689655172
350 0.00387616194146 0.0733859341345 800 12.2324159021
360 0.0157094975956 1.00131923926 100 12.987012987
360 0.00785413361095 1.0063012925 200 11.8343195266
360 0.00523600655631 1.00820365058 300 12.4481327801
360 0.00413291616976 1.00554839632 400 12.2324159021
360 0.00621443933086 0.661523659492 500 11.7647058824
360 0.00519188521417 0.383487192061 600 12.0724346076
360 0.00441065884063 0.187835796358 700 12.0481927711
360 0.00387634049476 0.0435049818098 800 12.1765601218
370 0.0157101978588 0.99514776127 100 11.6279069767
370 0.00785400763052 1.00691079982 200 11.8343195266
370 0.0052361194537 1.00170743502 300 12.5
370 0.00668311398455 0.997935385754 400 11.6279069767
370 0.00620702688858 0.603157453353 500 11.7647058824
370 0.0051737351302 0.338213421368 600 12.0724346076
370 0.00444420774504 0.14992495581 700 12.0481927711
370 0.00389080900838 0.0206244346027 800 12.030075188
380 0.0157084247539 0.989612768592 100 10.6382978723
380 0.00785411608465 1.00295443891 200 11.8343195266
380 0.00523604627783 1.00167321806 300 12.4481327801
380 0.00777261376213 0.930853851265 400 11.3636363636
380 0.00621180774728 0.546904183783 500 11.7924528302
380 0.00517580977311 0.288051941392 600 12.0240480962
380 0.00444727853977 0.109629804455 700 12.0481927711
380 0.00387799165974 0.0374553980909 800 11.8870728083
390 0.0157125608581 0.996211873238 100 10.2040816327
390 0.00785406971905 1.00474260277 200 11.7647058824
390 0.00523616207158 1.00136231572 300 12.3966942149
390 0.00778045131943 0.859102853632 400 11.2676056338
390 0.00622184715543 0.486530309994 500 11.7647058824
390 0.00517261625383 0.240942539677 600 12.0
390 0.00444706867384 0.0676959214662 700 12.0274914089
390 0.00387549944769 0.0701707608974 800 11.7820324006
400 0.0157117534528 1.01380534089 100 10.0
400 0.00785400933379 1.00750490107 200 11.7647058824
400 0.00523619075561 1.00618143534 300 12.3456790123
400 0.00779248310206 0.792585416692 400 11.2359550562
400 0.00621993064024 0.43260992832 500 11.7647058824
400 0.00518302718656 0.194258395019 600 11.9284294235
400 0.00444313610336 0.03248528472 700 12.0274914089
400 0.00389171414801 0.106627164294 800 11.6618075802
410 0.0157092414893 1.03066934944 100 10.0
410 0.00785436551736 1.02122410627 200 11.7647058824
410 0.00523606661567 1.01852812141 300 12.2950819672
410 0.00776015668865 0.730236358261 400 11.2359550562
410 0.00621508988626 0.379066339117 500 11.7370892019
410 0.00515598730745 0.147820964936 600 11.8343195266
410 0.00443701374145 0.0291240826585 700 12.0274914089
420 0.0157097583358 1.05138856404 100 10.101010101
420 0.00785519829158 1.04279836735 200 11.7647058824
420 0.0052360702375 1.03421521237 300 12.1951219512
420 0.00773039202176 0.671962702699 400 11.2676056338
420 0.00620114416383 0.332847234509 500 11.7647058824
420 0.00517865784765 0.106709693455 600 11.811023622
420 0.00442115209331 0.0610562450279 700 12.0274914089
430 0.0157098032971 1.04604818292 100 10.4166666667
430 0.00785521709008 1.03548601631 200 11.9760479042
430 0.00526210254429 1.03020923073 300 12.0481927711
430 0.00773306910707 0.616129244072 400 11.3636363636
430 0.00619758641786 0.288513729646 500 11.8203309693
430 0.00514910134466 0.0732943400897 600 11.8343195266
430 0.00440709333179 0.0909376960547 700 12.0274914089
440 0.0157092121218 1.046298436 100 10.8695652174
440 0.00785459561927 1.03180104427 200 12.2699386503
440 0.00614632229814 1.03531460256 300 11.811023622
440 0.00774087211927 0.569742133613 400 11.4942528736
440 0.0062108604421 0.251799299173 500 11.9047619048
440 0.00516944594924 0.0483098873345 600 11.9047619048
440 0.00442586681634 0.114426249645 700 12.0274914089
450 0.0157093984291 1.05214760372 100 11.4942528736
450 0.00785440337482 1.03536414658 200 12.6582278481
450 0.00821291193499 1.03668494962 300 11.583011583
450 0.00774775803875 0.534262518032 400 11.6618075802
450 0.00621476561455 0.224722015859 500 12.0481927711
450 0.00518623393232 0.0326513855226 600 12.0240480962
450 0.00444491409018 0.135040271062 700 12.0481927711
460 0.0157098173296 1.05472473514 100 12.1951219512
460 0.00785439902381 1.03555046155 200 13.0718954248
460 0.00984360667436 1.00493249565 300 11.5384615385
460 0.0077603652084 0.501460446168 400 11.8694362018
460 0.00621008777636 0.197670137984 500 12.1951219512
460 0.00520051761767 0.0300418120316 600 12.1457489879
460 0.0044679490642 0.155787496422 700 12.0481927711
470 0.0157082283615 1.01544558795 100 12.987012987
470 0.00785418872966 1.00672971105 200 13.4228187919
470 0.0103591914655 0.929408576476 300 11.583011583
470 0.0077634597763 0.447186289169 400 12.012012012
470 0.00621129314925 0.160531724759 500 12.285012285
470 0.0051910542065 0.0445248881459 600 12.2448979592
470 0.00443286426939 0.172443146203 700 12.0481927711
480 0.0157143828028 0.972178391442 100 13.5135135135
480 0.00785711796382 0.963740667931 200 13.698630137
480 0.0103233823267 0.830697968292 300 11.583011583
480 0.00774468289803 0.383417059646 400 12.1212121212
480 0.00621259522991 0.120765315247 500 12.3762376238
480 0.00518386503195 0.0694598549085 600 12.3203285421
480 0.00438929798849 0.190571412157 700 12.0274914089
490 0.0157143887848 0.974210042855 100 13.698630137
490 0.00785805132552 0.962234450917 200 13.7931034483
490 0.0103302821434 0.758454542781 300 11.6279069767
490 0.00774464911189 0.328204036326 400 12.1951219512
490 0.00619295694594 0.0771240020517 500 12.3762376238
490 0.00517931403259 0.102070888903 600 12.3966942149
490 0.00440710078504 0.221550968514 700 11.9863013699
500 0.0157108542897 0.986062740465 100 13.8888888889
500 0.00785613422568 0.97852105222 200 13.7931034483
500 0.0104015607097 0.686103539623 300 11.6279069767
500 0.00777867588819 0.271347757897 400 12.2324159021
500 0.00620821300125 0.0370457907529 500 12.315270936
500 0.00518605777177 0.147433233798 600 12.3966942149
500 0.00443913461007 0.26258969435 700 11.8845500849
510 0.0157084059034 1.00429531399 100 13.8888888889
510 0.00785471514309 0.996361225215 200 13.698630137
510 0.0103441223965 0.604371758043 300 11.6279069767
510 0.00778058465538 0.204540671767 400 12.1951219512
510 0.00620355709597 0.0479155879131 500 12.2249388753
510 0.00518351279723 0.19684413782 600 12.3966942149
520 0.0157086631824 1.02064294152 100 13.698630137
520 0.00785472387721 1.00239991278 200 13.3333333333
520 0.0103285031448 0.509735720951 300 11.6279069767
520 0.00777034131314 0.136847068991 400 12.1951219512
520 0.00618522866824 0.101715134697 500 12.1359223301
520 0.00516669342279 0.248464708343 600 12.3456790123
530 0.015708095592 1.00860510781 100 13.698630137
530 0.00916887431042 1.01389045727 200 12.1951219512
530 0.0103479167393 0.409129076896 300 11.6279069767
530 0.00778164153566 0.0692240841816 400 12.1580547112
530 0.00619079803168 0.157436034683 500 12.077294686
530 0.00518328051522 0.29477430184 600 12.2199592668
540 0.0157084542771 1.00797739145 100 13.698630137
540 0.0144885021559 0.971577367904 200 11.1731843575
540 0.0103397236372 0.318841393154 300 11.673151751
540 0.00775197454381 0.0407413681255 400 12.1212121212
540 0.00623445479986 0.212546391749 500 12.077294686
540 0.00519259947237 0.343469050489 600 12.0
550 0.0157079783195 1.00665377003 100 13.698630137
550 0.0155682215583 0.838679498757 200 10.8108108108
550 0.0103537551844 0.224802026365 300 11.673151751
550 0.00776117513063 0.0932105190404 400 12.084592145
550 0.00622514350365 0.269949022334 500 12.077294686
550 0.00517458603109 0.390535594235 600 11.8343195266
560 0.0157081233155 1.01557834924 100 13.5135135135
560 0.0155693631719 0.702219509443 200 10.6951871658
560 0.010378752624 0.140277499604 300 11.71875
560 0.00776558238479 0.157847312236 400 12.0481927711
560 0.00622555932397 0.323003150381 500 12.1065375303
560 0.00518011174433 0.435345210237 600 11.71875
570 0.0157081792725 1.00606849791 100 13.5135135135
570 0.0156045517665 0.561826199848 200 10.6382978723
570 0.0103787264572 0.0638759886518 300 11.71875
570 0.00777930165727 0.227369860602 400 11.9402985075
570 0.00622508572307 0.379971441916 500 12.1065375303
570 0.005197490313 0.48274708586 600 11.583011583
580 0.0157086534723 1.0091759615 100 13.1578947368
580 0.01556379273 0.424489342107 200 10.6951871658
580 0.0103996373749 0.078630009759 300 11.673151751
580 0.00775935013256 0.296529679497 400 11.8343195266
580 0.00623677517036 0.436859076728 500 12.077294686
590 0.0157100006771 0.999462205629 100 12.6582278481
590 0.0155280946232 0.28120237919 200 10.6951871658
590 0.0103760912898 0.158598385136 300 11.673151751
590 0.007743876716 0.366981141356 400 11.7302052786
590 0.00621295290915 0.491230816637 500 12.0481927711
600 0.0171851573702 1.02101405449 100 11.1111111111
600 0.0155620456091 0.152586259852 200 10.752688172
600 0.0103933173532 0.252204449783 300 11.6279069767
600 0.00772937466034 0.43451510458 400 11.6959064327
600 0.00621403790224 0.547539970561 500 11.9331742243
610 0.0277016904413 0.981490828997 100 9.43396226415
610 0.0155350510474 0.0759807582355 200 10.752688172
610 0.0103512013194 0.347860600788 300 11.583011583
610 0.00780805244072 0.509048321683 400 11.6618075802
610 0.00624123990692 0.606948422525 500 11.7096018735
620 0.0311396701644 0.725167223103 100 8.84955752212
620 0.0155492058967 0.163595237923 200 10.8108108108
620 0.0103571869977 0.433737882441 300 11.583011583
620 0.0077876050611 0.572879148091 400 11.6959064327
620 0.00621731634033 0.659453033593 500 11.4942528736
630 0.0311699949768 0.468792408861 100 8.69565217391
630 0.0155807791289 0.295799476692 200 10.8108108108
630 0.0103517795055 0.527406467355 300 11.5384615385
630 0.00778472285334 0.642936736044 400 11.7302052786
630 0.0062203349468 0.715084851903 500 11.3895216401
640 0.0312336476457 0.239117360761 100 8.69565217391
640 0.0155866980176 0.42405673051 200 10.8695652174
640 0.0103941843401 0.619518967706 300 11.4503816794
640 0.00779335514267 0.716081686111 400 11.7302052786
640 0.00624032348886 0.773339842169 500 11.2612612613
650 0.0311657792212 0.169338940666 100 8.77192982456
650 0.0155773560275 0.54830015965 200 10.9289617486
650 0.0103705559082 0.703491176213 300 11.3636363636
650 0.00778452545181 0.778062329373 400 11.7647058824
660 0.0310222022997 0.350399702954 100 8.92857142857
660 0.0155510507198 0.673153497612 200 10.989010989
660 0.0103448099985 0.787165315872 300 11.3636363636
660 0.00777227688282 0.844324587827 400 11.7994100295
670 0.030987607182 0.530625410254 100 9.25925925926
670 0.0155356496254 0.774155019276 200 11.1731843575
670 0.0103442329593 0.859026845679 300 11.4068441065
670 0.00774059817679 0.898547049819 400 11.8694362018
680 0.0297144997847 0.503860438911 100 9.70873786408
680 0.0148591654209 0.626622643076 200 11.4285714286
680 0.00973955008588 0.668775943137 300 11.583011583
680 0.00747767183762 0.691486015031 400 11.9760479042
690 0.0254575652185 0.776190931504 100 10.3092783505
690 0.0127138165136 0.743280963063 200 11.8343195266
690 0.008357176662 0.734944898325 300 11.8577075099
690 0.00641105822928 0.732280428741 400 12.1212121212
700 0.0210358015016 1.39384197795 100 11.1111111111
700 0.010495684205 1.38412866969 200 12.3456790123
700 0.00694371774717 1.38874185383 300 12.1457489879
700 0.00525585515909 1.38372257685 400 12.2699386503
710 0.0175007264012 1.59444427438 100 11.9047619048
710 0.00873429862035 1.58888939716 200 12.8205128205
710 0.0058025475893 1.5899332589 300 12.5
710 0.00435036176487 1.59660038048 400 12.3456790123
720 0.0158676734286 1.2317502386 100 12.8205128205
720 0.00793200122686 1.24055237937 200 13.1578947368
720 0.00528491767056 1.23168905708 300 12.7659574468
720 0.00395891051933 1.23375509027 400 12.4223602484
730 0.0157102256777 1.02381530414 100 13.5135135135
730 0.00785562111538 1.02226521983 200 13.5135135135
730 0.00523675939716 1.0175655159 300 12.987012987
730 0.00392722019723 1.01893174119 400 12.3839009288
740 0.0157081580698 1.01685401891 100 13.8888888889
740 0.00785459156266 1.01088811911 200 13.6054421769
740 0.00523622666184 1.00534323068 300 13.1004366812
740 0.00392819089044 1.00243885874 400 12.3076923077
750 0.0157081630004 1.01430251133 100 14.2857142857
750 0.00785405328865 1.01407775407 200 13.6054421769
750 0.00523624611912 1.00933191155 300 13.2158590308
750 0.00392709212371 1.00778100165 400 12.1951219512
760 0.0157083815236 0.996853578868 100 14.2857142857
760 0.00785426381479 0.996926987015 200 13.3333333333
760 0.00523614196962 0.993111377849 300 13.2158590308
760 0.00392747267721 0.989552471341 400 11.9760479042
770 0.015708387944 0.996272528124 100 14.0845070423
770 0.00785429150824 1.00144747609 200 12.987012987
770 0.00523611594909 0.993049242725 300 13.1578947368
780 0.0157084049738 1.01467911493 100 13.698630137
780 0.00786069290068 1.00579901752 200 12.7388535032
780 0.00523658771583 1.00034175926 300 12.987012987
790 0.0157081275281 1.00253843929 100 13.5135135135
790 0.00785521473313 0.990638354645 200 12.6582278481
790 0.00523619401496 0.991971333058 300 12.5523012552
800 0.015707971778 0.995639605126 100 13.3333333333
800 0.00785428523164 0.984621074518 200 12.6582278481
800 0.00523750807959 0.988504840441 300 12.0967741935
810 0.0157086286483 1.01451799642 100 12.987012987
810 0.00785430251886 0.995157423963 200 12.6582278481
810 0.00523798661546 0.998144421041 300 11.7647058824
820 0.0157079929729 1.0204390881 100 12.6582278481
820 0.00785412852501 1.0057663461 200 12.6582278481
820 0.00523604165752 1.00592210306 300 11.5384615385
830 0.0157080878347 1.01159727108 100 12.1951219512
830 0.00785398493844 0.998546286935 200 12.6582278481
830 0.00523618809176 0.995175191447 300 11.2781954887
840 0.0157085547735 1.01134757129 100 11.9047619048
840 0.00785398418959 0.996285233646 200 12.6582278481
850 0.0157195097333 0.999992162582 100 11.7647058824
850 0.00785458867665 0.994923630966 200 12.5786163522
860 0.0157106914861 1.00179251827 100 11.6279069767
860 0.00785412002828 1.00043436732 200 12.1212121212
870 0.0157090948524 0.984763366929 100 11.7647058824
870 0.0078551541068 0.990271100506 200 11.6279069767
880 0.0157083152924 0.977044738443 100 11.9047619048
880 0.0078593412914 0.980465285152 200 11.2359550562
890 0.0157081845654 0.989906842062 100 12.0481927711
890 0.00785660078238 0.982971734393 200 11.0497237569
900 0.0157084212983 1.00297584057 100 12.5
900 0.007853986382 1.00587642687 200 10.9289617486
910 0.0157080329867 0.995923435642 100 12.8205128205
910 0.00785434739609 0.992103851123 200 10.752688172
920 0.0157114186851 0.954394381987 100 13.1578947368
930 0.0157159694319 1.03912732004 100 13.3333333333
940 0.0157338024672 1.07328364107 100 12.8205128205
950 0.0157081601589 1.01488337223 100 11.7647058824
960 0.0157140785508 0.992230497977 100 10.752688172
970 0.015714566611 0.984796425998 100 10.101010101
980 0.0157083481871 0.99854015132 100 9.52380952381
