0 0.0157147529465 1.29289497849 100 5.88235294118
0 0.00867601362843 1.22570389523 200 6.41025641026
0 0.00845969426413 1.02055354333 300 6.75675675676
0 0.00769629113891 0.496069780066 400 6.94444444444
0 0.00412753259095 0.220945735274 500 6.3211125158
0 0.00335453874012 0.120823999275 600 6.76437429538
10 0.0157579783572 1.31986994128 100 6.17283950617
10 0.00878026482249 1.14956326927 200 6.45161290323
10 0.00810027888733 1.04064338416 300 6.88073394495
10 0.00764614687563 0.550001207705 400 7.05467372134
10 0.0043492097248 0.267050299791 500 6.38569604087
10 0.00347866313015 0.102787114025 600 6.81818181818
20 0.0163660273986 1.24122355557 100 6.45161290323
20 0.00873449930789 0.911726834472 200 6.49350649351
20 0.00749175813046 0.995052754029 300 6.97674418605
20 0.00699692209201 0.611687888211 400 7.14285714286
20 0.00481775706198 0.354091840258 500 6.45161290323
20 0.00375445402556 0.0885355915255 600 6.86498855835
30 0.0184342223039 0.846337024641 100 6.71140939597
30 0.00846436397105 0.508579233088 200 6.53594771242
30 0.00671475657934 0.729745807762 300 7.05882352941
30 0.00602296072979 0.585296354542 400 7.23327305606
30 0.00558934435003 0.426642430197 500 6.51890482399
30 0.00409966165135 0.139095321275 600 6.89655172414
40 0.0207222509255 0.484537650601 100 6.89655172414
40 0.00825471120487 0.573235025105 200 6.57894736842
40 0.00668029969296 0.456987186757 300 7.07547169811
40 0.0053046629268 0.467234991675 400 7.3126142596
40 0.00620716126947 0.402058820191 500 6.5703022339
40 0.00408319546302 0.180298088067 600 6.90448791715
50 0.0210413128972 0.463876923426 100 7.04225352113
50 0.00826734066487 0.606406648544 200 6.62251655629
50 0.00771220350238 0.412394814027 300 7.04225352113
50 0.00518596844497 0.444668229943 400 7.38007380074
50 0.00621265819789 0.375755741908 500 6.61375661376
50 0.00368123877503 0.165868095829 600 6.88863375431
60 0.0210013312991 0.488242030348 100 7.14285714286
60 0.0083086495611 0.568182361078 200 6.64451827243
60 0.00823714079751 0.394289795406 300 6.96055684455
60 0.00520547349292 0.45658322237 400 7.40740740741
60 0.0062204990745 0.352216355959 500 6.64893617021
60 0.00353311631635 0.13773689603 600 6.87285223368
70 0.0210216541604 0.582386621883 100 7.14285714286
70 0.00832236651886 0.538034925305 200 6.66666666667
70 0.00823346218555 0.366788484013 300 6.92840646651
70 0.00522406527084 0.461249197967 400 7.43494423792
70 0.00621084896723 0.322137522133 500 6.66666666667
70 0.00349697410579 0.110327975032 600 6.86498855835
80 0.0208265266318 0.711960482797 100 7.14285714286
80 0.00832836853746 0.508247183189 200 6.6889632107
80 0.00824528004249 0.340811810147 300 6.92840646651
80 0.00521603714483 0.470908039651 400 7.43494423792
80 0.00621011266508 0.294783783307 500 6.69344042838
80 0.00349126831693 0.0858724886129 600 6.85714285714
90 0.020495985726 0.870294002297 100 7.09219858156
90 0.00833096117626 0.490143906165 200 6.73400673401
90 0.00822255619889 0.315099773431 300 6.94444444444
90 0.00510569270113 0.475661990883 400 7.42115027829
90 0.00623203825754 0.266917812392 500 6.71140939597
90 0.00350685315684 0.0696495358522 600 6.84150513113
100 0.0200022269724 1.03255901361 100 7.09219858156
100 0.00829927293292 0.478473223693 200 6.77966101695
100 0.00818105139676 0.28604393718 300 6.97674418605
100 0.00536275072441 0.481610655348 400 6.35930047695
100 0.00621293154429 0.245950652724 500 6.73854447439
100 0.00351147423558 0.0654015284944 600 6.82593856655
110 0.0194196515805 1.17345356373 100 7.09219858156
110 0.00830166323592 0.457168807098 200 6.82593856655
110 0.00788785994678 0.266551522816 300 6.99300699301
110 0.0069845850912 0.471638853584 400 6.2015503876
110 0.00621008179511 0.225352733221 500 6.76589986468
110 0.00349989980269 0.0713924753335 600 6.79501698754
120 0.0184419758937 1.15608598086 100 7.19424460432
120 0.00854113583984 0.386042264581 200 6.92041522491
120 0.00771213512849 0.30035421108 300 7.04225352113
120 0.00776505131521 0.45930921694 400 6.21118012422
120 0.0060866905353 0.18592757577 500 6.80272108844
120 0.00337544638145 0.0971869193447 600 6.76437429538
130 0.0165332154403 0.72210774794 100 7.40740740741
130 0.00955871459188 0.505397967775 200 7.04225352113
130 0.00850393261893 0.409005742956 300 7.12589073634
130 0.00688712633943 0.393453194768 400 6.25978090767
130 0.00542870386406 0.111481788604 500 6.84931506849
130 0.00296026892808 0.16394198718 600 6.70391061453
140 0.0157085342651 0.720637822901 100 7.63358778626
140 0.0111372250139 0.815352395754 200 7.16845878136
140 0.00962045280174 0.419794715954 300 7.21153846154
140 0.00590821771255 0.234440430413 400 6.30914826498
140 0.00468254981704 0.203119974131 500 6.90607734807
140 0.00268205231224 0.201813544643 600 6.62983425414
150 0.0159658688486 0.990827448519 100 7.7519379845
150 0.012007782052 0.902206136229 200 7.27272727273
150 0.0102203703859 0.361438889528 300 7.26392251816
150 0.00543085147922 0.170442319367 400 6.34920634921
150 0.00434212220651 0.285182704772 500 6.94444444444
150 0.00263375845266 0.20455852314 600 6.5717415115
160 0.016225131752 1.12077094793 100 7.63358778626
160 0.0123483986009 0.910542013321 200 7.29927007299
160 0.0103547348981 0.310496174215 300 7.31707317073
160 0.00526276948103 0.180848450915 400 6.38977635783
160 0.00421126563406 0.337072576462 500 6.96378830084
160 0.00262407909694 0.199991545168 600 6.49350649351
170 0.0177393050593 1.18056785 100 6.80272108844
170 0.0125649353779 0.898299731425 200 7.27272727273
170 0.010359538005 0.280573435169 300 7.37100737101
170 0.00523097330103 0.208363318025 400 6.4308681672
170 0.004039605489 0.373436955932 500 6.95410292072
180 0.0232456398604 1.20413867371 100 6.2893081761
180 0.0141656346261 0.874559179565 200 7.16845878136
180 0.0103459023774 0.259780297743 300 7.42574257426
180 0.00521684384132 0.240163435261 400 6.4620355412
180 0.00348845479728 0.403151358361 500 6.90607734807
190 0.0246964475764 1.15083069176 100 6.17283950617
190 0.0143677246205 0.815940280732 200 6.99300699301
190 0.010369865408 0.262032321268 300 7.46268656716
190 0.00525286290022 0.268777349191 400 6.49350649351
190 0.00316030978937 0.409123170107 500 6.84931506849
200 0.0248566637947 1.12075030108 100 6.13496932515
200 0.0135450408675 0.719339380426 200 6.84931506849
200 0.0103630527817 0.260810107384 300 7.4812967581
200 0.00522369292375 0.310121047591 400 6.52528548124
200 0.0031420985234 0.413041639143 500 6.81198910082
210 0.024908788791 1.08771113605 100 6.17283950617
210 0.0135535910899 0.624224014602 200 6.77966101695
210 0.0103717349876 0.278188416887 300 7.5
210 0.00519861679212 0.353503274525 400 6.54664484452
210 0.00314161399403 0.414067220369 500 6.80272108844
220 0.0247032499921 1.06169722295 100 6.25
220 0.013658583662 0.568468888063 200 6.80272108844
220 0.0103248999436 0.308340544061 300 7.51879699248
220 0.00526102109616 0.381015815365 400 6.57894736842
220 0.00314197433666 0.408987542946 500 6.79347826087
230 0.0243494415326 1.0527892786 100 6.32911392405
230 0.0138733982078 0.530064801579 200 6.84931506849
230 0.0100423175921 0.333666318805 300 7.5
230 0.00537073097358 0.40150842655 400 6.60066006601
230 0.00314621916066 0.400279210194 500 6.77506775068
240 0.0236212426333 1.07057007621 100 6.41025641026
240 0.0142655986664 0.518392895271 200 6.87285223368
240 0.0103321708502 0.364373335264 300 6.1099796334
240 0.00552229099558 0.398780810987 400 6.63349917081
240 0.00315912381145 0.382274611005 500 6.75675675676
250 0.0229370254366 1.10066002843 100 6.53594771242
250 0.0151043608266 0.53143931565 200 6.92041522491
250 0.00860775034539 0.397163139056 300 5.94059405941
250 0.00568350459846 0.392057743923 400 6.66666666667
250 0.00318282877742 0.361825963308 500 6.72947510094
260 0.0225556856076 1.15088704051 100 6.62251655629
260 0.0150527664787 0.537295263425 200 6.94444444444
260 0.00792042197423 0.40387453656 300 5.92885375494
260 0.00577888613049 0.403058791477 400 6.70016750419
260 0.00320882706687 0.354674175607 500 6.63129973475
270 0.0222125779573 1.19818990934 100 6.71140939597
270 0.0143679743415 0.555321412436 200 6.96864111498
270 0.0078981607066 0.412167651221 300 5.95238095238
270 0.00586830972686 0.42014848403 400 6.73400673401
270 0.00322411460316 0.348826792811 500 6.44329896907
280 0.0219412844701 1.24835420805 100 6.80272108844
280 0.0141941211608 0.563553064143 200 7.04225352113
280 0.00791513769507 0.403272589145 300 5.9880239521
280 0.00594406799137 0.44037772445 400 6.75675675676
280 0.00325314595857 0.348518278819 500 6.35324015248
290 0.0217863210947 1.30229758225 100 6.89655172414
290 0.0141228998772 0.58147185237 200 7.14285714286
290 0.00796201869093 0.410432898126 300 6.04838709677
290 0.00596590540369 0.460476532695 400 6.79117147708
290 0.00319846655601 0.345212330845 500 6.29722921914
300 0.0214048584494 1.36159268749 100 7.14285714286
300 0.0138658457051 0.618060566629 200 7.29927007299
300 0.00810825892508 0.412634265711 300 6.13496932515
300 0.00600254569074 0.444757906185 400 6.84931506849
310 0.0203012996895 1.49976989834 100 7.51879699248
310 0.0131525763379 0.78893095162 200 7.51879699248
310 0.00857217443929 0.511096731387 300 6.23700623701
310 0.006275340918 0.367493291381 400 6.93240901213
320 0.0189821678243 1.62038031585 100 7.87401574803
320 0.0121282573208 1.01753655499 200 7.7519379845
320 0.00926535167748 0.705257519949 300 6.34249471459
320 0.00665519577411 0.350955773754 400 7.00525394046
330 0.0174713731844 1.53864276315 100 8.19672131148
330 0.010649244257 1.2453254947 200 7.96812749004
330 0.0103317097165 0.977718295136 300 6.43776824034
330 0.0071684911802 0.563092199886 400 7.05467372134
340 0.0171221945269 1.19819407825 100 8.26446280992
340 0.00931717010545 1.26027908406 200 8.16326530612
340 0.00941373756434 1.09802254449 300 6.52173913043
340 0.00722785467149 0.780376948523 400 7.06713780919
350 0.0195130193305 1.07289922342 100 8.0
350 0.00892303638751 1.24279822179 200 8.26446280992
350 0.00904496733685 1.08838551835 300 6.59340659341
350 0.00649066922906 0.802732688621 400 7.01754385965
360 0.020891389471 1.07070851552 100 7.63358778626
360 0.00888150528796 1.26261274923 200 8.33333333333
360 0.00902261069376 1.0672588601 300 6.63716814159
360 0.00626575169157 0.76024826808 400 6.98080279232
370 0.0208252750829 1.07625613689 100 7.46268656716
370 0.00889856446463 1.28971420029 200 8.33333333333
370 0.00904830183753 1.04059061866 300 6.65188470067
370 0.00621634721652 0.70799438738 400 6.95652173913
380 0.0208151892195 1.11280603374 100 7.35294117647
380 0.00882077915851 1.32256833837 200 8.29875518672
380 0.00900663050687 1.01834355659 300 6.66666666667
380 0.00622570567064 0.652478037235 400 6.92041522491
390 0.0207770082867 1.14243590393 100 7.35294117647
390 0.00868128078771 1.35566126316 200 8.06451612903
390 0.00897816323862 1.00128757596 300 6.68151447661
390 0.00623967218773 0.602380826722 400 6.86106346484
400 0.0203180032134 1.19365016572 100 7.29927007299
400 0.0114032663272 1.38283478954 200 5.68181818182
400 0.00900089216697 0.979803794363 300 6.69642857143
400 0.00619059539545 0.545968884681 400 6.77966101695
410 0.0185644826435 1.25232980569 100 7.24637681159
410 0.0131592562512 1.36299319554 200 5.61797752809
410 0.00900357534153 0.963341053673 300 6.71140939597
410 0.00623434879122 0.499730145257 400 6.61157024793
420 0.0179190731902 1.336338254 100 7.19424460432
420 0.0134159331296 1.33509353142 200 5.61797752809
420 0.00899970210358 0.949189883809 300 6.7264573991
420 0.00626228462808 0.454876515639 400 6.31911532385
430 0.0179383182268 1.40371631407 100 7.24637681159
430 0.0135349165726 1.30163898128 200 5.64971751412
430 0.00899919806467 0.933502722999 300 6.7264573991
430 0.00591147671994 0.411003875002 400 6.1919504644
440 0.0178814373761 1.45793118813 100 7.40740740741
440 0.0134968272517 1.27537433476 200 5.71428571429
440 0.00914018551826 0.921480791854 300 6.74157303371
450 0.0172248903275 1.52493425486 100 7.63358778626
450 0.0129368816049 1.29905099175 200 5.79710144928
450 0.00933533397949 1.00305965731 300 6.7264573991
460 0.0160319678576 1.49928529039 100 7.93650793651
460 0.0115411544357 1.33243535856 200 5.88235294118
460 0.00961764360857 1.19720927978 300 6.71140939597
470 0.0157686860874 1.1404139052 100 8.33333333333
470 0.0100362412372 1.12761544557 200 5.9880239521
470 0.00950856749971 1.18702861813 300 6.71140939597
480 0.0164428271851 0.750342972257 100 8.69565217391
480 0.00907715337201 0.845452099161 200 6.09756097561
480 0.00895999962051 1.01757004811 300 6.74157303371
490 0.0166525036594 0.665598387308 100 9.09090909091
490 0.00893693570037 0.795327235968 200 6.1919504644
490 0.00895760528792 0.956756525346 300 6.77200902935
500 0.016617447288 0.648719858869 100 9.34579439252
500 0.00897234377841 0.811169574864 200 6.26959247649
500 0.00903068482486 0.935465770991 300 6.78733031674
510 0.0166123175756 0.614963301353 100 9.43396226415
510 0.00895951812355 0.823732209103 200 6.32911392405
510 0.00904831624282 0.909448037229 300 6.77200902935
520 0.0168506460313 0.593677259057 100 9.17431192661
520 0.00892904599013 0.853642390698 200 6.34920634921
520 0.00903166701666 0.879953826489 300 6.7264573991
530 0.0160042434689 0.588061705954 100 4.85436893204
530 0.00894978858938 0.879580805473 200 6.38977635783
530 0.00908268384135 0.853562180818 300 6.65188470067
540 0.0176233347784 0.686038632614 100 4.56621004566
540 0.00941233965639 1.03153464653 200 6.41025641026
540 0.00953627399882 0.851706696177 300 6.56455142232
550 0.0200226357263 0.96206713053 100 4.54545454545
550 0.0101431031308 1.15236537538 200 6.45161290323
550 0.0102585326466 0.786336840577 300 6.3025210084
560 0.0207108492199 1.06391908475 100 4.56621004566
560 0.0103771052381 1.18688125891 200 6.47249190939
560 0.0102656412541 0.714293417024 300 6.0
570 0.0207773163908 1.07979429352 100 4.60829493088
570 0.0104330113868 1.22409557066 200 6.4308681672
580 0.0208176546738 1.1274654027 100 4.62962962963
580 0.0115967828153 1.24785585252 200 6.2893081761
590 0.0209542755059 1.18279644853 100 4.6511627907
590 0.0149801528236 1.20542386239 200 6.07902735562
600 0.0210544937342 1.23568130326 100 4.67289719626
600 0.0155602625994 1.1325777231 200 5.97014925373
610 0.0210349213805 1.2754040779 100 4.71698113208
610 0.0155548299194 1.06558961186 200 5.91715976331
620 0.0211586041452 1.31861881663 100 4.7619047619
620 0.0154910346761 0.987275232252 200 5.89970501475
630 0.021442333611 1.30774725957 100 4.85436893204
630 0.0153709952646 0.881434829158 200 5.89970501475
640 0.0214775875641 1.33212830715 100 5.0
640 0.0153417446479 0.852994259673 200 5.9880239521
650 0.0212992140784 1.35700157622 100 5.23560209424
650 0.0154397923553 0.870658468183 200 6.11620795107
660 0.0210003077311 1.40493149728 100 5.49450549451
660 0.0155544487762 0.911067577562 200 6.2893081761
670 0.0209935711937 1.40460927259 100 5.81395348837
670 0.0155625112559 0.911498823068 200 6.49350649351
680 0.0209844209404 1.40689067759 100 6.17283950617
680 0.0155633333298 0.913449029922 200 6.71140939597
690 0.0209710877699 1.40643835076 100 6.57894736842
690 0.0155654585392 0.913321104257 200 6.94444444444
700 0.020963522038 1.40743296022 100 7.04225352113
700 0.0155656711656 0.914486153202 200 7.19424460432
710 0.020962514842 1.40779757154 100 7.57575757576
710 0.0155642499195 0.91299435874 200 7.43494423792
720 0.0208221208198 1.42528456402 100 8.19672131148
720 0.0155583150484 0.93346090657 200 7.72200772201
730 0.0201113691587 1.5075321286 100 8.84955752212
730 0.0151925630211 1.02572649917 200 8.0
740 0.0188141040331 1.58540288031 100 9.61538461538
740 0.0143305467192 1.1612571874 200 8.2304526749
750 0.0168457723186 1.53541537671 100 10.2040816327
750 0.0126892939621 1.27666976836 200 8.36820083682
760 0.0158045810759 1.19738008279 100 10.6382978723
760 0.0110407929235 1.17375547772 200 8.26446280992
770 0.0157124882224 1.04954016316 100 10.8695652174
770 0.0107249736426 1.10859718293 200 7.57575757576
780 0.0157082822345 1.00548967045 100 10.8695652174
780 0.0104701490568 1.11297705873 200 6.94444444444
790 0.0157375240734 1.01035776638 100 10.2040816327
800 0.0182907957655 1.05497344334 100 9.00900900901
810 0.0207225248561 1.08548549236 100 8.19672131148
820 0.0208380371005 1.08697535194 100 7.93650793651
830 0.0208887345625 1.13318573499 100 7.63358778626
840 0.0209561225391 1.17871550672 100 7.24637681159
850 0.0209559307 1.22076077651 100 6.80272108844
860 0.0212112181373 1.26159567305 100 5.78034682081
870 0.0207559373023 1.31749206287 100 5.10204081633
