0 0.0177248123667 1.50856834718 100 8.62068965517
0 0.00812234649198 1.56928424339 200 9.52380952381
0 0.00613149949658 1.18647257744 300 10.4895104895
0 0.00465203679692 0.639811678265 400 10.498687664
0 0.00323730561806 0.506239479798 500 10.4384133612
0 0.00265459133087 0.575179647423 600 10.4347826087
0 0.00230797919183 0.656107907981 700 10.2790014684
0 0.0029620911248 0.513260836423 800 10.296010296
10 0.0172617618823 1.42870951594 100 9.17431192661
10 0.00795137439312 1.50353445499 200 9.80392156863
10 0.00649421875859 1.05171897285 300 10.752688172
10 0.00479190456753 0.520610355861 400 10.6666666667
10 0.00329149333768 0.414260792836 500 10.593220339
10 0.00262745902645 0.477966460168 600 10.5633802817
10 0.00239155696234 0.545406344669 700 10.3703703704
10 0.00308880389229 0.414173299553 800 10.3896103896
20 0.0170747476448 1.37933961507 100 9.70873786408
20 0.00787100028383 1.44238543656 200 10.0502512563
20 0.00679332608921 0.940352270698 300 11.0294117647
20 0.0048592638201 0.44050891304 400 10.8108108108
20 0.00332141178143 0.376149597845 500 10.7296137339
20 0.00261937941024 0.435940055949 600 10.6571936057
20 0.00250414319217 0.483967857036 700 10.447761194
20 0.00317507340643 0.364355993458 800 10.4712041885
30 0.0170183986236 1.3479646612 100 10.2040816327
30 0.00786735373961 1.3762923916 200 10.3092783505
30 0.00711745267795 0.833097744198 300 11.2359550562
30 0.00489307798155 0.3954391684 400 10.9289617486
30 0.00334890761712 0.392180110945 500 10.8225108225
30 0.00262032880613 0.442124754741 600 10.752688172
30 0.00266263299768 0.463755776549 700 10.4947526237
30 0.00324271796716 0.362724611416 800 10.5540897098
40 0.0169792592716 1.34002584189 100 10.752688172
40 0.00797043075065 1.32276546593 200 10.4712041885
40 0.00745251330843 0.744916437335 300 11.4068441065
40 0.00494255365991 0.370585676561 400 10.989010989
40 0.00336445794632 0.403372042338 500 10.9170305677
40 0.00262634218519 0.445099682812 600 10.8303249097
40 0.00283711271283 0.461920056484 700 10.5105105105
40 0.00329433085779 0.35544508111 800 10.6241699867
50 0.0167906296153 1.30549287947 100 11.1111111111
50 0.00819150376734 1.22206191466 200 10.6382978723
50 0.00786034920781 0.608764310903 300 11.5384615385
50 0.00506108608205 0.351154194524 400 11.0497237569
50 0.00342854170121 0.443306076622 500 10.9649122807
50 0.00263574751403 0.46181599351 600 10.8695652174
50 0.00309114182102 0.475970447595 700 10.5263157895
50 0.00337019447958 0.378884672054 800 10.6809078772
60 0.0166720517676 1.31204954971 100 11.3636363636
60 0.00845797954603 1.1284980356 200 10.8108108108
60 0.00805408058588 0.501650934237 300 11.583011583
60 0.00511339873573 0.355500001097 400 11.0497237569
60 0.00347468116888 0.466760055345 500 10.9649122807
60 0.00264515787813 0.464480133398 600 10.889292196
60 0.00337690436513 0.444702531079 700 10.5263157895
60 0.00341501183412 0.38102896543 800 10.7238605898
70 0.0164205785961 1.32633747388 100 11.4942528736
70 0.00879858490331 1.02744651165 200 10.9289617486
70 0.00804596176117 0.4128246575 300 11.583011583
70 0.0050391665171 0.385364811812 400 11.0192837466
70 0.00330966200637 0.497326492777 500 10.9170305677
70 0.00265449747348 0.475960776104 600 10.8695652174
70 0.00365271047487 0.443588286367 700 10.5263157895
70 0.00344468324008 0.39063258942 800 10.752688172
80 0.0159880442731 1.3119473087 100 11.4942528736
80 0.00928432732796 0.888805484401 200 11.1111111111
80 0.00804627801076 0.346633953905 300 11.5384615385
80 0.00497000082845 0.454564932256 400 11.0192837466
80 0.0032730214984 0.553947422511 500 10.8932461874
80 0.00267078091024 0.51718495879 600 10.8499095841
80 0.0039300833896 0.477676993237 700 10.5263157895
80 0.00351964772274 0.431749640215 800 10.7962213225
90 0.0157455250238 1.27187611189 100 11.3636363636
90 0.00995393880391 0.739785140573 200 11.2994350282
90 0.00804138708267 0.348095378479 300 11.4503816794
90 0.00489545483437 0.543257635811 400 10.989010989
90 0.00332054539751 0.61839759056 500 10.8932461874
90 0.00269890478077 0.571489865152 600 10.7913669065
90 0.00407873470742 0.525256988285 700 10.5421686747
90 0.00360781940106 0.477455707225 800 10.8254397835
100 0.0157413030354 1.1839898127 100 11.1111111111
100 0.010692374255 0.584025885041 200 11.4285714286
100 0.00811026912487 0.415982362649 300 11.4068441065
100 0.00494936566249 0.645423843164 400 10.989010989
100 0.0033378383536 0.697474859029 500 10.8932461874
100 0.00286559060266 0.645420943943 600 10.7142857143
100 0.00417627842891 0.588499867446 700 10.5421686747
100 0.00369059862129 0.533501141154 800 10.8254397835
110 0.0160550006988 1.08229890231 100 10.6382978723
110 0.0113503001001 0.488069731983 200 11.6279069767
110 0.00797782402985 0.509843461684 300 11.320754717
110 0.00498382976605 0.7337645157 400 10.989010989
110 0.0033246222965 0.757819920678 500 10.8695652174
110 0.00314203430063 0.71246386113 600 10.6382978723
110 0.00424574182029 0.633699863351 700 10.5580693816
110 0.00360661556455 0.571384337004 800 10.8108108108
120 0.0165465796756 0.910247264907 100 10.3092783505
120 0.0123515595165 0.467434572589 200 11.6959064327
120 0.00794322204592 0.637703795019 300 11.1940298507
120 0.00492850735332 0.838790769967 400 10.9589041096
120 0.00336476273521 0.835416144923 500 10.8459869848
120 0.0034759853549 0.80780469195 600 10.5633802817
120 0.0043489213455 0.693371127761 700 10.5740181269
120 0.00346653788393 0.620090582849 800 10.781671159
130 0.0178356568627 0.712473215915 100 10.101010101
130 0.0133833399262 0.570999414718 200 11.6959064327
130 0.00802482670344 0.781245994375 300 11.0701107011
130 0.00498845761044 0.951927632071 400 10.9289617486
130 0.00343829877659 0.927829419181 500 10.8225108225
130 0.00394447067492 0.909045579008 600 10.4712041885
130 0.00444529596376 0.762016860359 700 10.5900151286
130 0.00326562605365 0.678413545795 800 10.752688172
140 0.0190146207152 0.589462044999 100 10.101010101
140 0.0140388831674 0.675662051454 200 11.6959064327
140 0.00811540032625 0.89015020392 300 10.9489051095
140 0.00508740987228 1.02819116563 400 10.8695652174
140 0.00349053216157 0.978016985094 500 10.775862069
140 0.00438438764812 0.976221356442 600 10.3986135182
140 0.00442931442584 0.786687367289 700 10.6060606061
140 0.00306151129485 0.70443634897 800 10.7382550336
150 0.0199425065852 0.567141694412 100 10.2040816327
150 0.0141234182892 0.779779371858 200 11.5606936416
150 0.00804154157408 0.984121880481 300 10.8695652174
150 0.00495597537213 1.09286943176 400 10.781671159
150 0.00349981284552 1.01206606649 500 10.752688172
150 0.00475745769692 0.929470033234 600 10.3626943005
150 0.00442627410248 0.799305892763 700 10.62215478
150 0.00294684692798 0.724219244583 800 10.7382550336
160 0.0202303562906 0.601951336134 100 10.4166666667
160 0.0135831651292 0.839641432426 200 11.4942528736
160 0.00757490401467 1.05209445564 300 10.7913669065
160 0.00445967433378 1.11101164294 400 10.7238605898
160 0.00343056918809 0.99931077347 500 10.7066381156
160 0.00492687945044 0.902091197815 600 10.3626943005
160 0.00442565886793 0.780467597498 700 10.6544901065
160 0.0028474857512 0.722892468111 800 10.7382550336
170 0.0204620869281 0.605423651556 100 10.752688172
170 0.0128638839723 0.871283932413 200 11.4285714286
170 0.00702571225853 1.07835032735 300 10.7913669065
170 0.00431800160796 1.07932060487 400 10.6951871658
170 0.00333909242342 0.936274552185 500 10.6837606838
170 0.00497901457006 0.831914610911 600 10.3626943005
170 0.00431634734741 0.73188421583 700 10.6870229008
170 0.00278874054486 0.695973526856 800 10.7382550336
180 0.0208120472245 0.617021679238 100 11.1111111111
180 0.0123168155303 0.913301402907 200 11.3636363636
180 0.00664572907721 1.08891563616 300 10.8303249097
180 0.00421418320654 1.03592313945 400 10.7238605898
180 0.00329804762178 0.870679206272 500 10.6382978723
180 0.00486674341105 0.76503989573 600 10.3986135182
180 0.00421867574353 0.683457748226 700 10.736196319
180 0.00284131209146 0.66415524791 800 10.7238605898
190 0.0206411775306 0.604236530328 100 11.7647058824
190 0.011686356314 0.929626300962 200 11.4285714286
190 0.00637213119278 1.06959921037 300 10.9090909091
190 0.00407224573277 0.964260738529 400 10.781671159
190 0.00336786815503 0.788101873919 500 10.6157112527
190 0.00472047896058 0.684466763172 600 10.4347826087
190 0.00408148014949 0.622657986034 700 10.7692307692
190 0.00306655681644 0.616577047706 800 10.7095046854
200 0.0205610426098 0.58636110467 100 12.3456790123
200 0.0109651023213 0.912450393596 200 11.5606936416
200 0.00610908898255 1.01073883629 300 11.0294117647
200 0.00397694670182 0.856986374553 400 10.8695652174
200 0.00344608566942 0.688352275959 500 10.593220339
200 0.00455495704137 0.583357112351 600 10.4895104895
200 0.00382089519145 0.541967807553 700 10.8024691358
200 0.00327981199192 0.546788749395 800 10.6809078772
210 0.0209065524815 0.60188865209 100 12.987012987
210 0.0104890223533 0.942850542633 200 11.6279069767
210 0.00585186289536 0.991949846152 300 11.1111111111
210 0.00394288322291 0.79534669489 400 10.9289617486
210 0.00352037730371 0.643318184045 500 10.593220339
210 0.00445778632258 0.531465710803 600 10.5633802817
210 0.00358083628511 0.501961875981 700 10.8359133127
210 0.00349223878148 0.511225923723 800 10.6524633822
220 0.021157062649 0.617766000236 100 13.3333333333
220 0.00984286413452 0.934199496644 200 11.5606936416
220 0.00558875497701 0.917401104968 300 11.1524163569
220 0.00392718874117 0.688318880355 400 10.9589041096
220 0.00365569032775 0.576252684979 500 10.5485232068
220 0.00431351923832 0.445533043162 600 10.6007067138
220 0.00322763077862 0.42743695271 700 10.8359133127
220 0.00382714728154 0.438120678138 800 10.5960264901
230 0.0208879597445 0.564549839604 100 13.5135135135
230 0.00919894162085 0.820697579118 200 11.4285714286
230 0.00535346409757 0.736760924255 300 11.1524163569
230 0.00395269440985 0.523989325777 400 10.9589041096
230 0.00370079882125 0.469045950134 500 10.4821802935
230 0.00406698517087 0.31003619587 600 10.6382978723
230 0.00278071240944 0.283569341171 700 10.8191653787
230 0.00378070931345 0.292605230824 800 10.5263157895
240 0.0203234483656 0.539181078813 100 13.5135135135
240 0.00874495746488 0.710186663327 200 11.2994350282
240 0.00528073303896 0.595268929716 300 11.0701107011
240 0.00402292315599 0.484453826621 400 10.8991825613
240 0.00383235834597 0.492391675273 500 10.4166666667
240 0.00384806034906 0.260555755164 600 10.6571936057
240 0.00247798424798 0.173624280089 700 10.8024691358
240 0.00377598092123 0.166053624889 800 10.4438642298
250 0.0191673196809 0.562750321803 100 12.8205128205
250 0.00828394035624 0.627764763885 200 11.0497237569
250 0.00527637408068 0.54132835808 300 10.8695652174
250 0.00413260499998 0.569697532509 400 10.8108108108
250 0.00399271826502 0.535291921443 500 10.3519668737
250 0.00365287386001 0.288864370639 600 10.6761565836
250 0.00234748697649 0.14137669272 700 10.7692307692
250 0.00390427628163 0.0881058058015 800 10.3896103896
260 0.0177037835328 0.563457942969 100 12.0481927711
260 0.00790530950529 0.569044557632 200 10.752688172
260 0.00555906256128 0.60497379327 300 10.6761565836
260 0.00432009163485 0.741514042131 400 10.6666666667
260 0.0040810544299 0.644231444395 500 10.2669404517
260 0.00346425342292 0.37011117082 600 10.6571936057
260 0.00229222119011 0.216407326459 700 10.736196319
260 0.00372263698138 0.123000071427 800 10.3359173127
270 0.016537308629 0.574825724689 100 11.2359550562
270 0.0079215967953 0.648963316789 200 10.5263157895
270 0.00586761112315 0.813935580865 300 10.5263157895
270 0.00446079179737 0.961820873507 400 10.4166666667
270 0.00386342514376 0.772284959779 500 10.2040816327
270 0.00326258297891 0.487791870707 600 10.6382978723
270 0.00230254440931 0.351926860185 700 10.62215478
270 0.00333512315339 0.233266975691 800 10.26957638
280 0.0158344606061 0.645936457777 100 10.6382978723
280 0.00811765929402 0.828103298158 200 10.3626943005
280 0.00636468059641 1.01223488701 300 10.3806228374
280 0.00423160248805 1.12223138135 400 10.1781170483
280 0.00367233026529 0.847762742297 500 10.162601626
280 0.00299638773111 0.566265057012 600 10.5633802817
280 0.00252796898062 0.447421592689 700 10.447761194
280 0.00300188073213 0.309140324949 800 10.2040816327
290 0.0157597198611 0.833744339352 100 10.101010101
290 0.00871487220268 1.07595931166 200 10.2040816327
290 0.00685514739395 1.1969927854 300 10.2739726027
290 0.00416507974369 1.25437897523 400 10.0250626566
290 0.00347984245264 0.908754727178 500 10.1419878296
290 0.00270854306596 0.646487838386 600 10.4895104895
290 0.00280256904118 0.538134642451 700 10.3092783505
290 0.00272726530853 0.383312387911 800 10.152284264
300 0.0161355854017 1.0647750571 100 9.80392156863
300 0.00928490824437 1.26837902599 200 10.152284264
300 0.00725292467307 1.29888469205 300 10.2389078498
300 0.00408415554904 1.2833661452 400 9.90099009901
300 0.00335222832574 0.92394275877 500 10.162601626
300 0.00264357773423 0.689119269768 600 10.4347826087
300 0.00310055593667 0.581046900832 700 10.1892285298
300 0.00251018403431 0.415886662144 800 10.0882723834
310 0.0165078411045 1.25198904647 100 9.61538461538
310 0.00956686252415 1.39240006177 200 10.101010101
310 0.00751871065091 1.34441298264 300 10.2040816327
310 0.00400131672738 1.30961220853 400 9.82800982801
310 0.00327604876766 0.915301407477 500 10.2040816327
310 0.00276171190932 0.712611130471 600 10.4347826087
310 0.00323618383523 0.596037911152 700 10.1156069364
310 0.00269187614574 0.430058706611 800 10.0
320 0.0166920374026 1.32515924844 100 9.52380952381
320 0.00978047331181 1.43367683051 200 10.0502512563
320 0.00756419055088 1.35516830845 300 10.2040816327
320 0.0039534746621 1.21548727563 400 9.82800982801
320 0.00326403331734 0.890229937334 500 10.2459016393
320 0.00284250009473 0.708708371557 600 10.4529616725
320 0.00323699974824 0.577351590267 700 10.101010101
320 0.00317799957508 0.416733412604 800 9.92555831266
330 0.0168259417594 1.32555360195 100 9.52380952381
330 0.0104486066697 1.43794847513 200 10.0
330 0.00744927234544 1.36794032807 300 10.2040816327
330 0.00399290645896 1.20119191265 400 9.82800982801
330 0.00328789447132 0.865839286344 500 10.3092783505
330 0.00283393328777 0.696544672706 600 10.4712041885
330 0.00330675175694 0.547385718343 700 10.101010101
330 0.00329520375041 0.396409838899 800 9.90099009901
340 0.017040600706 1.33028126186 100 9.52380952381
340 0.0104766141049 1.42946323795 200 10.0
340 0.00733706367572 1.37880099858 300 10.2040816327
340 0.00410992070882 1.17670099154 400 9.85221674877
340 0.00333246735737 0.835550640421 500 10.3734439834
340 0.00279058126719 0.677750164152 600 10.5078809107
340 0.00334905897069 0.514212847674 700 10.101010101
340 0.0033379517298 0.374755354277 800 9.90099009901
350 0.017147732273 1.31198771028 100 9.70873786408
350 0.0102537993817 1.42322839749 200 10.0502512563
350 0.00718443201097 1.38925647832 300 10.1694915254
350 0.00419544830168 1.14391450374 400 9.90099009901
350 0.00338591133623 0.79930344228 500 10.4384133612
350 0.0027066015799 0.653096620113 600 10.5078809107
350 0.00332115506656 0.479250530462 700 10.1156069364
350 0.00336389114 0.351298650035 800 9.91325898389
360 0.0171837344281 1.33291390553 100 9.80392156863
360 0.0102635582204 1.42931734805 200 10.101010101
360 0.00670876465776 1.40276429327 300 10.067114094
360 0.00423611065394 1.10241581685 400 9.95024875622
360 0.00342277351758 0.761211522961 500 10.4821802935
360 0.00262577932076 0.627433949918 600 10.4712041885
360 0.00323831941582 0.448369894507 700 10.1156069364
360 0.00329713103574 0.333939865473 800 9.92555831266
370 0.0168827372414 1.3093258301 100 9.90099009901
370 0.0101887229536 1.41675176456 200 10.152284264
370 0.00603946292088 1.4200209386 300 10.0
370 0.00433340299937 1.05647929255 400 10.0
370 0.00343087927977 0.712750207652 500 10.5042016807
370 0.00277155162237 0.578764017878 600 10.3986135182
370 0.00321988669571 0.405583812978 700 10.1156069364
370 0.00328647467338 0.307495487589 800 9.93788819876
380 0.0169288085885 1.29613388034 100 10.0
380 0.0100579893348 1.40325762207 200 10.2564102564
380 0.00566190316397 1.43322179515 300 9.96677740864
380 0.00441594981509 1.00757990014 400 10.0502512563
380 0.00336018713131 0.667090355623 500 10.5042016807
380 0.00302454037645 0.530217548751 600 10.3448275862
380 0.00322296143714 0.369514109022 700 10.1302460203
380 0.00332133435169 0.285204601135 800 9.95024875622
390 0.0169029532683 1.26138345706 100 10.2040816327
390 0.00984231489509 1.3976342135 200 10.3092783505
390 0.00536406401416 1.42596872579 300 9.93377483444
390 0.00451294609157 0.952986179946 400 10.1265822785
390 0.00328580115435 0.619797157739 500 10.5263157895
390 0.00353832298562 0.477019751408 600 10.2915951973
390 0.00324140466412 0.332819937679 700 10.1302460203
390 0.00338586973604 0.263606347274 800 9.97506234414
400 0.0168804045734 1.26049056844 100 10.4166666667
400 0.00972197934871 1.40373647848 200 10.4166666667
400 0.00525984992713 1.38888221069 300 9.90099009901
400 0.00456705144439 0.906666469798 400 10.2040816327
400 0.00319850376283 0.588611340394 500 10.5485232068
400 0.00401321767371 0.443435831094 600 10.2389078498
400 0.00321776319613 0.311539533668 700 10.1156069364
400 0.00343398782155 0.252509201757 800 10.0
410 0.0168865632606 1.30549566434 100 10.5263157895
410 0.00966055841248 1.4344167156 200 10.4712041885
410 0.00528874819288 1.37871432607 300 9.86842105263
410 0.00457585732001 0.870103746163 400 10.2827763496
410 0.00315622983989 0.572801569786 500 10.5708245243
410 0.00436904059407 0.426387530013 600 10.1867572156
410 0.00342846641718 0.302863023077 700 10.0574712644
410 0.0034923477481 0.249791086251 800 10.0250626566
420 0.0167212598982 1.34890298376 100 10.5263157895
420 0.00960715412612 1.46239595535 200 10.5263157895
420 0.00544408447726 1.35615070537 300 9.86842105263
420 0.00458835768921 0.834249248565 400 10.3626943005
420 0.00315479660729 0.560122887567 500 10.6157112527
420 0.00443374964135 0.412287873215 600 10.1694915254
420 0.00408705381449 0.298115009124 700 9.98573466476
420 0.00355535864234 0.248699609427 800 10.0628930818
430 0.0172692895548 1.35511982082 100 10.4166666667
430 0.00941274213469 1.47325035255 200 10.5263157895
430 0.00577766441604 1.29330013117 300 9.86842105263
430 0.00466777504849 0.776654188402 400 10.4438642298
430 0.00315217601238 0.522930307459 500 10.6382978723
430 0.00454615603055 0.376363509897 600 10.1694915254
430 0.00440155003985 0.279172722293 700 9.94318181818
430 0.00364138324463 0.234914749415 800 10.0882723834
440 0.0176009990884 1.33284447196 100 10.3092783505
440 0.00915991329024 1.4701390834 200 10.4712041885
440 0.00621685805243 1.20879416071 300 9.90099009901
440 0.00482570937989 0.704942795784 400 10.5263157895
440 0.00314760232202 0.472021444119 500 10.6837606838
440 0.00468169237707 0.333960750243 600 10.1694915254
440 0.0044313812367 0.254575696313 700 9.92907801418
440 0.00374465022119 0.214532189378 800 10.1265822785
450 0.0170391141209 1.28763407631 100 10.3092783505
450 0.00885542948214 1.44659304325 200 10.3626943005
450 0.00662690589487 1.09923555991 300 9.93377483444
450 0.00503198798399 0.615031008927 400 10.582010582
450 0.00318641700883 0.404281665215 500 10.6609808102
450 0.00473904327858 0.283399926676 600 10.1694915254
450 0.00435064391495 0.221017170835 700 9.92907801418
450 0.00384001636983 0.185484560636 800 10.152284264
460 0.0169272520649 1.29404408399 100 10.3092783505
460 0.00843441550634 1.44541210996 200 10.2040816327
460 0.00677923508045 1.00154181259 300 9.93377483444
460 0.00515378156421 0.541232813086 400 10.6382978723
460 0.00337821896087 0.347142490646 500 10.593220339
460 0.00464399031464 0.240884161917 600 10.152284264
460 0.00439164376092 0.190402661336 700 9.92907801418
460 0.00385848637234 0.159329662532 800 10.1781170483
470 0.0171734930853 1.34594071211 100 10.3092783505
470 0.00796719684524 1.46479599646 200 9.95024875622
470 0.00682636364997 0.926682114373 300 9.96677740864
470 0.00502548060473 0.490423989265 400 10.6100795756
470 0.00388098574485 0.316487641537 500 10.4821802935
470 0.00450538726549 0.227189924904 600 10.1351351351
470 0.00441208303065 0.184700518133 700 9.91501416431
470 0.00385616356393 0.154753760251 800 10.2040816327
480 0.0169446337827 1.33803832274 100 10.2040816327
480 0.0078604570457 1.39585921787 200 9.80392156863
480 0.00704933137066 0.800984686591 300 10.0
480 0.00488458885352 0.400486105521 400 10.582010582
480 0.00453609839724 0.248629236484 500 10.3519668737
480 0.00451220665614 0.188316349776 600 10.101010101
480 0.00442199979363 0.154123385318 700 9.91501416431
480 0.00376481299604 0.127597936377 800 10.2432778489
490 0.0166924537478 1.31280395703 100 10.3092783505
490 0.00813054277405 1.24507807695 200 9.66183574879
490 0.00723124338521 0.68689502487 300 10.067114094
490 0.00462389976004 0.318478287523 400 10.5540897098
490 0.0053394206141 0.196925778482 500 10.2459016393
490 0.00452701521041 0.156111646715 600 10.0840336134
490 0.00436862083414 0.124495232109 700 9.92907801418
490 0.00368520034667 0.103016953719 800 10.26957638
500 0.0164946018197 1.32667783952 100 10.3092783505
500 0.00859084205478 1.15493792474 200 9.56937799043
500 0.00735167941778 0.589911217569 300 10.1351351351
500 0.00437890743511 0.261063928954 400 10.5540897098
500 0.00608121027418 0.175592712373 500 10.1214574899
500 0.00458723309901 0.148040070137 600 10.0
500 0.00429218620453 0.109684432588 700 9.94318181818
500 0.00364434749387 0.0909270874933 800 10.3092783505
510 0.0166533110117 1.44103458561 100 10.3092783505
510 0.00903487942592 1.14749587628 200 9.52380952381
510 0.00721815614984 0.569874418544 300 10.2389078498
510 0.00414509129836 0.272364887021 400 10.582010582
510 0.00613650450718 0.197994374468 500 10.0806451613
510 0.00513621459424 0.172829542689 600 9.90099009901
510 0.00429280167953 0.128072997384 700 9.97150997151
510 0.00371245361413 0.100101868719 800 10.3492884864
520 0.0163216716844 1.39105743595 100 10.4166666667
520 0.00996928910531 1.11691015802 200 9.52380952381
520 0.0074532830194 0.456971327362 300 10.3448275862
520 0.00416299917376 0.212114212033 400 10.6382978723
520 0.00612934622713 0.177777313742 500 10.0806451613
520 0.00458860621407 0.152892686379 600 9.85221674877
520 0.00413238431401 0.102644479796 700 10.0
520 0.00363897158978 0.0826994833457 800 10.3896103896
530 0.0158276457471 1.15900641615 100 10.5263157895
530 0.0113584785853 0.807772351431 200 9.61538461538
530 0.00805919127819 0.256863263525 300 10.4895104895
530 0.00438609854074 0.0856962920281 400 10.6951871658
530 0.00574206048174 0.123360663425 500 10.101010101
530 0.00423447428441 0.0726126092948 600 9.83606557377
530 0.0038482268375 0.0357903433303 700 10.0574712644
530 0.003429572097 0.100984692903 800 10.4438642298
540 0.0157911081847 1.13122007291 100 10.4166666667
540 0.0120993950667 0.675103263386 200 9.66183574879
540 0.00821008821938 0.175634199237 300 10.6007067138
540 0.00447386153736 0.106099026166 400 10.7238605898
540 0.00571762578168 0.128189028965 500 10.1214574899
540 0.00419876093018 0.0630604862906 600 9.85221674877
540 0.00379016932408 0.0358028902733 700 10.0864553314
540 0.00340806793536 0.110349339388 800 10.4849279161
550 0.0157693269118 1.15688702583 100 10.101010101
550 0.0122183245865 0.583882006571 200 9.70873786408
550 0.0082506008175 0.119868969476 300 10.6761565836
550 0.00464753495492 0.151105567903 400 10.6951871658
550 0.00591476272833 0.142117409719 500 10.101010101
550 0.0042631091179 0.0685161339453 600 9.85221674877
550 0.00380032429119 0.0286985874792 700 10.1302460203
550 0.00343142099584 0.10198747091 800 10.5263157895
560 0.015871682185 1.0764776136 100 9.70873786408
560 0.012503013554 0.435811491369 200 9.70873786408
560 0.00839469802491 0.0426834035888 300 10.6761565836
560 0.00549967722512 0.2124763531 400 10.5540897098
560 0.0060115232251 0.15390571317 500 10.0806451613
560 0.00435757725001 0.0581021700016 600 9.83606557377
560 0.00372945251488 0.0428055668961 700 10.1596516691
560 0.00337750758971 0.121095130773 800 10.5540897098
570 0.0166106867674 0.942421959612 100 9.43396226415
570 0.0127657611244 0.304446518835 200 9.80392156863
570 0.00818461029417 0.0491979143834 300 10.6761565836
570 0.00627593217222 0.269259142377 400 10.4166666667
570 0.00609019535069 0.164245814722 500 10.060362173
570 0.00439480853112 0.0489486929024 600 9.83606557377
570 0.00364649565147 0.0624375757446 700 10.1892285298
570 0.003321946693 0.141621791273 800 10.5960264901
580 0.0176173964388 0.827410349603 100 9.17431192661
580 0.0128674378742 0.194642292824 200 9.85221674877
580 0.00772472857091 0.11927579586 300 10.6382978723
580 0.00729972523002 0.312553095358 400 10.2827763496
580 0.0061564597631 0.179761243964 500 10.0401606426
580 0.00438936279936 0.0487086361191 600 9.83606557377
580 0.00360715457803 0.0688026718942 700 10.2339181287
580 0.00329545866841 0.148794129438 800 10.6241699867
590 0.0189879792826 0.575083902618 100 8.92857142857
590 0.0128984472703 0.0981048789218 200 9.95024875622
590 0.00708730837671 0.1937391764 300 10.6007067138
590 0.0074880517602 0.340816710366 400 10.1265822785
590 0.00627650453866 0.200163576317 500 9.98003992016
590 0.00437969828803 0.0547768741791 600 9.85221674877
590 0.00360030284938 0.0702503875967 700 10.2639296188
590 0.00323389078629 0.148215325214 800 10.6524633822
600 0.0204010022884 0.459170465288 100 8.77192982456
600 0.0128349972942 0.0272396073288 200 10.0502512563
600 0.00654348304264 0.268213161621 300 10.6007067138
600 0.00692071096619 0.358835589545 400 10.0250626566
600 0.00594315009947 0.224427036165 500 9.86193293886
600 0.00432931239387 0.0662395997141 600 9.86842105263
600 0.00362513804452 0.063764707098 700 10.3092783505
600 0.00317902789502 0.13917065078 800 10.6951871658
610 0.0220879907552 0.612327096652 100 8.69565217391
610 0.0128064842427 0.0960142039135 200 10.2040816327
610 0.00625663892699 0.336717733243 300 10.6382978723
610 0.00685128052439 0.371857637853 400 9.97506234414
610 0.00499899665123 0.23365909044 500 9.74658869396
610 0.00426327342301 0.0719352057424 600 9.90099009901
610 0.00365207259559 0.0608990789213 700 10.3397341211
610 0.00311068213092 0.136301829835 800 10.7238605898
620 0.0236509191266 0.419571202959 100 8.69565217391
620 0.0127790990833 0.177269233059 200 10.3626943005
620 0.00616069429239 0.401111016557 300 10.6761565836
620 0.00681447779283 0.382899091619 400 9.97506234414
620 0.00477993240865 0.23641731998 500 9.70873786408
620 0.00424466938866 0.075995077451 600 9.93377483444
620 0.0036887910444 0.060406868316 700 10.4011887073
620 0.003073586662 0.136813796674 800 10.7671601615
630 0.0249736933245 0.252926550458 100 8.77192982456
630 0.0128492767066 0.256983403802 200 10.5263157895
630 0.00617594697636 0.457906136408 300 10.752688172
630 0.00679730729792 0.389679177513 400 9.97506234414
630 0.0047869665133 0.235255808438 500 9.70873786408
630 0.00421966299152 0.0800199017083 600 9.98336106489
630 0.0037082378435 0.0700819504744 700 10.447761194
630 0.00303649795355 0.144040519323 800 10.8254397835
640 0.0255154608802 0.153902293523 100 9.00900900901
640 0.0129051213308 0.336969498155 200 10.6951871658
640 0.00631950800177 0.516888100833 300 10.7913669065
640 0.00691401204111 0.403091475159 400 10.0250626566
640 0.00482757148977 0.23902312606 500 9.72762645914
640 0.00422387732149 0.0854701735266 600 10.0502512563
640 0.00372986838931 0.0638810169664 700 10.5105105105
640 0.00300961166438 0.140315601356 800 10.8695652174
650 0.0251997373812 0.186425311256 100 9.25925925926
650 0.0127610026733 0.424081706491 200 10.9289617486
650 0.00651817058562 0.580137957248 300 10.8303249097
650 0.00720588968397 0.433841615913 400 10.0755667506
650 0.00497847840984 0.266407480175 500 9.78473581213
650 0.00428866275728 0.111962652382 600 10.1180438449
650 0.00379897815139 0.0467189520643 700 10.5740181269
650 0.00306098998045 0.110552531097 800 10.9439124487
660 0.0236856053182 0.395408978468 100 9.52380952381
660 0.0119575206617 0.578603543707 200 11.1111111111
660 0.00678624841437 0.667880006183 300 10.8303249097
660 0.00763635507618 0.524381333353 400 10.1265822785
660 0.00545864737128 0.368178361709 500 9.8231827112
660 0.00455598570251 0.225997885966 600 10.2040816327
660 0.00403238504422 0.123068201138 700 10.6544901065
660 0.00326223433006 0.0520981264276 800 11.0192837466
670 0.0221886949004 0.602710592442 100 9.90099009901
670 0.0108893275862 0.720772818893 200 11.2994350282
670 0.00704761117385 0.729658960186 300 10.7913669065
670 0.00722452319225 0.605271713296 400 10.1781170483
670 0.00591010200761 0.466406976113 500 9.8814229249
670 0.00482303586783 0.342458989412 600 10.2739726027
670 0.00426318130719 0.25390611937 700 10.719754977
670 0.00346296919105 0.178345591537 800 11.08033241
680 0.0210835837464 0.787974815678 100 10.2040816327
680 0.00985076873191 0.83683107804 200 11.3636363636
680 0.00728861411888 0.770544293841 300 10.7142857143
680 0.00678700298945 0.662849383 400 10.2301790281
680 0.00612836702269 0.536329009663 500 9.92063492063
680 0.00499845043732 0.428870885866 600 10.3448275862
680 0.00436176114941 0.355760250358 700 10.8024691358
680 0.00360373861932 0.284893879138 800 11.1420612813
690 0.0198285246376 0.954980485693 100 10.6382978723
690 0.00885658857815 0.915450708029 200 11.4942528736
690 0.0077938546912 0.774838506387 300 10.6382978723
690 0.00629139972464 0.708580139001 400 10.2564102564
690 0.00592629452189 0.60433474389 500 9.96015936255
690 0.00505981402211 0.52076779774 600 10.4166666667
690 0.00422644364239 0.468548750714 700 10.8695652174
690 0.00376279716558 0.40768508333 800 11.2044817927
700 0.018703963278 0.884360792352 100 10.989010989
700 0.0080895029729 0.812771829973 200 11.5606936416
700 0.00809658825625 0.657775582373 300 10.5633802817
700 0.00581856261337 0.661054056284 400 10.2564102564
700 0.00562480943508 0.596614254495 500 10.0200400802
700 0.00485321341994 0.548517190076 600 10.4895104895
700 0.00405941711665 0.524334440933 700 10.9375
700 0.0037687438435 0.480957530049 800 11.2834978843
710 0.0176958612328 0.997452484518 100 11.4942528736
710 0.00785423609202 0.791148399577 200 11.6959064327
710 0.0083287339612 0.612401170614 300 10.4895104895
710 0.0056186482074 0.661906433695 400 10.1781170483
710 0.00537058537507 0.627575529678 500 10.0806451613
710 0.0045913875359 0.606630722805 600 10.5633802817
710 0.0039123794147 0.603495418895 700 10.989010989
710 0.00360624819515 0.573754043193 800 11.3475177305
720 0.0167405379497 0.532472802004 100 11.9047619048
720 0.00810971655096 0.442412276737 200 11.8343195266
720 0.00792211952265 0.365367816867 300 10.4529616725
720 0.00622207176078 0.511599156482 400 10.0502512563
720 0.00509068964238 0.548782747195 500 10.1419878296
720 0.00427612389376 0.57787145754 600 10.6382978723
720 0.00372642895815 0.607175111776 700 11.0584518167
720 0.00338621702396 0.606543185229 800 11.396011396
730 0.0160842922241 0.353538623898 100 12.3456790123
730 0.00862071672508 0.185044217718 200 11.9047619048
730 0.00743018217641 0.204450329176 300 10.4166666667
730 0.00636895896676 0.390640015947 400 9.97506234414
730 0.00479633895486 0.485582769536 500 10.183299389
730 0.00395658668856 0.549928983071 600 10.6951871658
730 0.00353487229553 0.600487803184 700 11.1111111111
730 0.00317164244361 0.621636190279 800 11.4613180516
740 0.0157813933971 0.161464679833 100 12.6582278481
740 0.00911679443377 0.0673507958191 200 11.9760479042
740 0.00699937534514 0.0617372132542 300 10.4166666667
740 0.00599060072884 0.277136098497 400 9.92555831266
740 0.00451537660904 0.41413141392 500 10.2249488753
740 0.00367594151008 0.504497272378 600 10.752688172
740 0.00336010097734 0.572160985815 700 11.1464968153
740 0.00298359146053 0.612256667926 800 11.4942528736
750 0.0157135456558 0.020734835787 100 12.987012987
750 0.00922701898678 0.253651417614 200 11.9047619048
750 0.00658871660633 0.0161646513864 300 10.3806228374
750 0.00570754076549 0.210028034991 400 9.90099009901
750 0.00433877831934 0.36642369701 500 10.2669404517
750 0.00350424854807 0.47104643071 600 10.7913669065
750 0.00326575903335 0.545789339514 700 11.1821086262
750 0.00286175563666 0.595168430745 800 11.544011544
760 0.015714518257 0.0219138733667 100 13.1578947368
760 0.00855020493631 0.312197352009 200 11.6279069767
760 0.00627660068379 0.0148003451333 300 10.3092783505
760 0.00549566000233 0.22960357149 400 9.87654320988
760 0.00431732092983 0.384556146225 500 10.2880658436
760 0.0034715690071 0.484849842 600 10.8303249097
760 0.00324362054588 0.557167860653 700 11.2179487179
760 0.00284625061798 0.606035054177 800 11.5774240232
770 0.0157268579273 0.0266500540842 100 12.8205128205
770 0.00789369383268 0.3426003894 200 11.1731843575
770 0.00603185281245 0.0424531825954 300 10.2389078498
770 0.0052531769567 0.256650654808 400 9.82800982801
770 0.00431092968571 0.40341462546 500 10.3305785124
770 0.00345457177299 0.503355959723 600 10.8499095841
770 0.00323724301401 0.57055073831 700 11.2540192926
770 0.00283769446715 0.618304671952 800 11.611030479
780 0.015988970694 0.0374770788385 100 12.5
780 0.00803415271089 0.335718288435 200 10.752688172
780 0.00587269147822 0.0761517699447 300 10.1351351351
780 0.00519319289836 0.287534815454 400 9.80392156863
780 0.00433147952391 0.429648336437 500 10.3519668737
780 0.0034482481827 0.525082541654 600 10.8695652174
780 0.00325566053684 0.588702852978 700 11.2721417069
780 0.00283653361311 0.634208675788 800 11.6279069767
790 0.0170190929535 0.112907476894 100 11.9047619048
790 0.00907928941839 0.291339131121 200 10.2040816327
790 0.00574140388193 0.108715882319 300 9.93377483444
790 0.0051834703376 0.321376475257 400 9.75609756098
790 0.00432583082454 0.454485567612 500 10.3734439834
790 0.00350831875726 0.545438822141 600 10.889292196
790 0.00325809476244 0.606189532953 700 11.2903225806
790 0.00280895089183 0.650095303439 800 11.6279069767
800 0.0182740502461 0.21615581602 100 11.6279069767
800 0.00991150153755 0.221606059464 200 9.80392156863
800 0.00651900334453 0.148324572416 300 9.58466453674
800 0.00530159265868 0.356989438869 400 9.73236009732
800 0.00430326679806 0.484309472606 500 10.3734439834
800 0.00362119397434 0.569738168836 600 10.889292196
800 0.00325659113525 0.626972097345 700 11.2903225806
800 0.00281379635309 0.667176776417 800 11.5942028986
810 0.0189169629147 0.329752934119 100 11.3636363636
810 0.0100113686257 0.145589159677 200 9.61538461538
810 0.00766713921476 0.200904878234 300 9.31677018634
810 0.00538907768142 0.398909710826 400 9.70873786408
810 0.00425715516617 0.518040871675 500 10.3734439834
810 0.00371466707064 0.596860530696 600 10.889292196
810 0.00326351617575 0.647949176232 700 11.3085621971
810 0.00343725745678 0.683409734143 800 11.4285714286
820 0.0189671750333 0.478624237327 100 10.989010989
820 0.00995982329214 0.0839169090548 200 9.43396226415
820 0.00759363214942 0.23815141932 300 9.17431192661
820 0.00538005337143 0.427450826088 400 9.70873786408
820 0.00418823316419 0.540524973835 500 10.395010395
820 0.00375820901173 0.617076924532 600 10.889292196
820 0.00324763749764 0.664210565545 700 11.3268608414
820 0.0032708834722 0.678395094264 800 11.1888111888
830 0.0181857241725 0.617865746605 100 10.5263157895
830 0.00951073841008 0.0389731358357 200 9.3023255814
830 0.00739479162568 0.267229959335 300 9.09090909091
830 0.00533371212676 0.451050580242 400 9.70873786408
830 0.00412571606348 0.558379724231 500 10.4166666667
830 0.00374310553995 0.631460348507 600 10.9090909091
830 0.0032173370662 0.678288472255 700 11.3452188006
830 0.00313536323199 0.662896238885 800 11.0650069156
840 0.0162281823547 0.685687716888 100 10.0
840 0.00915576274857 0.0226024962567 200 9.21658986175
840 0.00709664008568 0.310283044363 300 9.06344410876
840 0.00534732447152 0.482590226689 400 9.75609756098
840 0.00412320223991 0.583997845007 500 10.460251046
840 0.00374807199736 0.652177550134 600 10.9489051095
840 0.00322274017211 0.695999735049 700 11.3821138211
840 0.00311912435702 0.651767102152 800 11.0041265475
850 0.0157332893298 0.579807370049 100 9.61538461538
850 0.00929294755762 0.156826243241 200 9.21658986175
850 0.00725391250352 0.407365477191 300 9.09090909091
850 0.00562545307244 0.550992865836 400 9.82800982801
850 0.00431407276782 0.634788374857 500 10.5263157895
850 0.00393998771569 0.687742744184 600 11.0091743119
850 0.00337734804329 0.717900702313 700 11.4379084967
850 0.00304933243233 0.63783486769 800 10.9439124487
860 0.0173240627951 0.362180799419 100 9.25925925926
860 0.00961859006997 0.304001169406 200 9.21658986175
860 0.00764613025166 0.496064330409 300 9.11854103343
860 0.00597987484857 0.599544002589 400 9.90099009901
860 0.0045725058829 0.661896171465 500 10.593220339
860 0.00418940821788 0.693389041742 600 11.0701107011
860 0.00357380547699 0.706678301225 700 11.4942528736
870 0.0208304477724 0.0380975385534 100 8.92857142857
870 0.0101672044041 0.460598360101 200 9.13242009132
870 0.00825795709856 0.553187257684 300 9.14634146341
870 0.00645397924062 0.599658130934 400 9.97506234414
870 0.00501707805767 0.636879567303 500 10.6382978723
870 0.00451466482775 0.636225105289 600 11.1317254174
870 0.00382688582298 0.628123675141 700 11.5511551155
880 0.025178572451 0.281128435839 100 8.54700854701
880 0.0113828794947 0.563447384926 200 8.92857142857
880 0.00899818182873 0.545189435518 300 9.17431192661
880 0.00690937208072 0.535620422014 400 10.0502512563
880 0.00549517891903 0.546376504432 500 10.7066381156
880 0.00482112150224 0.518013326524 600 11.1940298507
880 0.00408144150352 0.493779058623 700 11.5702479339
890 0.0269745086068 0.459680339173 100 8.33333333333
890 0.014425838262 0.593153913766 200 8.65800865801
890 0.00957455233425 0.496744363993 300 9.23076923077
890 0.00719291282414 0.455038802035 400 10.101010101
890 0.00586520221973 0.447051507085 500 10.752688172
890 0.00499201091588 0.401243463684 600 11.2570356473
890 0.00436030586967 0.368538677508 700 11.5321252059
900 0.0276081731141 0.541897692415 100 8.19672131148
900 0.0151279453849 0.582864059429 200 8.47457627119
900 0.00976668447641 0.474695857922 300 9.25925925926
900 0.0072288395489 0.421830403395 400 10.152284264
900 0.00599147061927 0.404085651365 500 10.7991360691
900 0.00502952949755 0.352603740192 600 11.2994350282
900 0.00343778632431 0.308654564602 700 11.3452188006
910 0.0274401073736 0.600931536785 100 8.13008130081
910 0.0151453946433 0.591156351965 200 8.40336134454
910 0.00975888181007 0.493096281116 300 9.28792569659
910 0.00716251207151 0.440204444595 400 10.2040816327
910 0.00601317198859 0.416015997674 500 10.8459869848
910 0.00502224719291 0.363620141347 600 11.3421550095
910 0.00265832700019 0.302887043534 700 11.1642743222
920 0.0258709414583 0.684976929837 100 8.13008130081
920 0.0148180502353 0.651145645374 200 8.4388185654
920 0.00951407177539 0.576346839521 300 9.375
920 0.00693499997182 0.532824557953 400 10.2827763496
920 0.00594062572015 0.50560220207 500 10.9170305677
920 0.00495950196017 0.4551663643 600 11.4285714286
920 0.00265759793369 0.377882105447 700 11.1111111111
930 0.0234288731049 0.799060736128 100 8.26446280992
930 0.0136251190676 0.768781846783 200 8.51063829787
930 0.00893239185857 0.727654359304 300 9.52380952381
930 0.00647876646779 0.703605234168 400 10.4166666667
930 0.00560990559523 0.683136002513 500 11.013215859
930 0.00468614776878 0.642379030103 600 11.5163147793
930 0.00283612694443 0.547811011566 700 11.1287758347
940 0.0203494454968 0.867283003907 100 8.47457627119
940 0.0118939993538 0.873938865887 200 8.62068965517
940 0.00799627068569 0.884967671051 300 9.6463022508
940 0.00577920599038 0.885792956592 400 10.5540897098
940 0.00503877458561 0.88130023756 500 11.135857461
940 0.00421030446419 0.862120213699 600 11.6279069767
940 0.00319148059244 0.753530537572 700 11.1287758347
950 0.0185854242926 0.871304353249 100 8.69565217391
950 0.0108631375659 0.888134386418 200 8.77192982456
950 0.00746232660374 0.923225269548 300 9.80392156863
950 0.00536989939823 0.935712159139 400 10.6951871658
950 0.0047048620964 0.940314097131 500 11.2612612613
950 0.00392304114984 0.934608816932 600 11.7416829746
950 0.00347328526871 0.81782688142 700 11.1464968153
960 0.0170809285852 0.809060181675 100 8.84955752212
960 0.00995802039517 0.849787614672 200 8.88888888889
960 0.00689859212869 0.90038471171 300 9.96677740864
960 0.00494260086435 0.920717433627 400 10.8401084011
960 0.00435471972867 0.93713297751 500 11.3895216401
960 0.00361874136023 0.945793258711 600 11.8577075099
970 0.0159411453522 0.567719963344 100 9.09090909091
970 0.00894628966373 0.670864123935 200 9.04977375566
970 0.00620524305977 0.745036740658 300 10.1351351351
970 0.00447407684559 0.771170536559 400 10.989010989
970 0.00391029805101 0.802726232849 500 11.5473441109
970 0.0032339726586 0.831629304172 600 11.9760479042
980 0.0157157369337 0.312560646162 100 9.25925925926
980 0.00839161362988 0.473396027241 200 9.21658986175
980 0.00578019188343 0.553072361559 300 10.3448275862
980 0.00422813605454 0.580798810333 400 11.1420612813
980 0.00362431249421 0.625250217709 500 11.6822429907
980 0.0029839054539 0.662273433045 600 12.0967741935
990 0.0160997819027 0.0375599069658 100 9.25925925926
990 0.00801591845557 0.2041559453 200 9.3896713615
990 0.00543763431425 0.289312923276 300 10.5263157895
990 0.0040431991085 0.312436647867 400 11.2994350282
990 0.00337358449865 0.368064455949 500 11.8203309693
990 0.0027790828437 0.40993144951 600 12.2199592668
1000 0.0157869744887 0.21274612765 100 9.09090909091
1000 0.00792584862219 0.0594970523437 200 9.56937799043
1000 0.00531783947363 0.142612045948 300 10.6761565836
1000 0.00399666737735 0.1615264735 400 11.4285714286
1000 0.00327534290038 0.220521853685 500 11.961722488
1000 0.00270466454039 0.263052350721 600 12.2950819672
1010 0.0160209958352 0.218716772139 100 8.84955752212
1010 0.007943502554 0.0506586104023 200 9.70873786408
1010 0.00529649766545 0.129640177478 300 10.8303249097
1010 0.00401263412552 0.147443932485 400 11.5606936416
1010 0.00326290675938 0.208092857082 500 12.077294686
1010 0.00279332724289 0.249761691972 600 12.2699386503
1020 0.0163142881046 0.186032102349 100 8.62068965517
1020 0.00794101886005 0.0506934710211 200 9.80392156863
1020 0.00527078695493 0.122282167318 300 10.9489051095
1020 0.00402392655744 0.141137971776 400 11.6618075802
1020 0.00325256099953 0.202150205221 500 12.1654501217
1020 0.00344564003702 0.248150057924 600 12.0967741935
1030 0.0162881402701 0.134729311563 100 8.62068965517
1030 0.00794927775009 0.0642400380457 200 9.95024875622
1030 0.005262674742 0.133463424312 300 11.0701107011
1030 0.00404615806232 0.156071563132 400 11.7647058824
1030 0.00325401861567 0.216761289068 500 12.2549019608
1030 0.00444200171582 0.267133891261 600 11.9047619048
1040 0.0164313365701 0.0185148311304 100 8.62068965517
1040 0.00802412406869 0.165061875935 200 10.0502512563
1040 0.00528887061999 0.226875318055 300 11.1940298507
1040 0.00412065555448 0.254699727396 400 11.8694362018
1040 0.00329907719293 0.312615205548 500 12.3456790123
1040 0.00480355116805 0.354638401458 600 11.811023622
1050 0.0164634340749 0.186822710117 100 8.62068965517
1050 0.00816939498541 0.312756083276 200 10.2040816327
1050 0.00535293318768 0.36404933039 300 11.320754717
1050 0.00421497413075 0.395524153421 400 11.9760479042
1050 0.00337908069308 0.446453944313 500 12.4688279302
1050 0.00498770701076 0.469710884985 600 11.7647058824
1060 0.0164876016944 0.347754894648 100 8.69565217391
1060 0.00834463355516 0.450536238228 200 10.3626943005
1060 0.00543743898787 0.488034313941 300 11.4503816794
1060 0.00432589901602 0.521035144732 400 12.084592145
1060 0.00346583062656 0.565219960134 500 12.5628140704
1060 0.00510244484444 0.561380269295 600 11.6959064327
1070 0.0166233880488 0.483452936781 100 8.77192982456
1070 0.00852908734862 0.563799649645 200 10.5263157895
1070 0.00551434695503 0.582561319602 300 11.6279069767
1070 0.0044377810568 0.618556116637 400 12.1951219512
1070 0.00354383057084 0.65554842837 500 12.6582278481
1070 0.00506368799758 0.62380711626 600 11.6054158607
1080 0.0167854787311 0.595496746351 100 8.92857142857
1080 0.00867147114369 0.651133192248 200 10.752688172
1080 0.0056028121927 0.658110629504 300 11.7647058824
1080 0.00452829541785 0.690855853772 400 12.3456790123
1080 0.00359394116289 0.723457098223 500 12.7551020408
1090 0.0170267056251 0.705831715979 100 9.09090909091
1090 0.00880310963369 0.731667419397 200 10.989010989
1090 0.00574273764191 0.724812756815 300 11.9521912351
1090 0.00461110906385 0.755826196314 400 12.5
1090 0.00363477642741 0.780370569706 500 12.8865979381
1100 0.0169691218832 0.715488787675 100 9.52380952381
1100 0.00869557075367 0.728141335419 200 11.2994350282
1100 0.00575147411292 0.709371742063 300 12.1951219512
1100 0.00455445194616 0.741329636774 400 12.6984126984
1100 0.00358418447929 0.763244417053 500 13.0208333333
1110 0.0160637368831 0.440634799423 100 10.0
1110 0.00809840091251 0.436918577592 200 11.6959064327
1110 0.00541421143868 0.405304512277 300 12.5
1110 0.00418539822784 0.448511492084 400 12.9449838188
1110 0.00331416526058 0.475294297893 500 13.1926121372
1120 0.0157095635038 0.0404024985232 100 10.5263157895
1120 0.00785416762203 0.0313179483213 200 12.0481927711
1120 0.00524099264156 0.0311332113145 300 12.7659574468
1120 0.00395448589175 0.0401068928368 400 13.201320132
1120 0.00318707392827 0.0672293923591 500 13.2625994695
1130 0.0158377451825 0.207853978619 100 10.989010989
1130 0.00794116635334 0.208493045215 200 12.4223602484
1130 0.00524607417397 0.236372437741 300 13.0434782609
1130 0.00392723625006 0.18489748467 400 13.4228187919
1130 0.00333313808095 0.149889453761 500 13.1926121372
1140 0.0158322024845 0.228051585989 100 11.3636363636
1140 0.00796724392041 0.219317174693 200 12.7388535032
1140 0.00524084275538 0.237989326291 300 13.2158590308
1140 0.00392721873324 0.183609938218 400 13.6054421769
1140 0.00421078221973 0.132387108299 500 12.9533678756
1150 0.0158029258147 0.227484219482 100 11.7647058824
1150 0.00796883665588 0.214604654595 200 12.987012987
1150 0.00523657266521 0.219717847547 300 13.3928571429
1150 0.00392745356211 0.164212983675 400 13.7457044674
1150 0.00495118227017 0.0942002091806 500 12.7551020408
1160 0.015749099043 0.176857041862 100 12.0481927711
1160 0.00793472791827 0.16186142129 200 13.1578947368
1160 0.0052392864646 0.15024377968 300 13.5746606335
1160 0.00393024969699 0.0941603501158 400 13.8888888889
1160 0.00509442083354 0.0160075820606 500 12.6582278481
1170 0.015709451331 0.034246927926 100 12.5
1170 0.0078712827834 0.0247362728774 200 13.4228187919
1170 0.00526997234045 0.00458685640624 300 13.7614678899
1170 0.00395527240343 0.0559601292815 400 13.986013986
1170 0.00529538908091 0.132535298429 500 12.5628140704
1180 0.015750895871 0.0750417710674 100 12.8205128205
1180 0.00785534123491 0.0692754168412 200 13.698630137
1180 0.00531673789231 0.106722206599 300 13.8888888889
1180 0.00398571319817 0.158074049222 400 14.1342756184
1180 0.00527927307602 0.227863140256 500 12.4069478908
1190 0.0157759905834 0.116985994673 100 13.1578947368
1190 0.00785458352801 0.0915617664396 200 13.8888888889
1190 0.00533903860894 0.143063503219 300 14.0186915888
1190 0.003990995649 0.190186421266 400 14.2348754448
1200 0.0157644779808 0.126596420977 100 13.5135135135
1200 0.00786114494999 0.0845444791639 200 13.986013986
1200 0.00533431061655 0.147741625328 300 14.1509433962
1200 0.0039767122719 0.190189642729 400 14.2857142857
1210 0.0157156703315 0.0624788223965 100 13.698630137
1210 0.00786761146488 0.0134373137664 200 14.0845070423
1210 0.00529487533874 0.0835227729894 300 14.2857142857
1210 0.00395909517304 0.1212503847 400 14.2348754448
1220 0.0157114751159 0.0194753142261 100 14.0845070423
1220 0.00787315535524 0.0273858639545 200 14.1843971631
1220 0.00527437197645 0.0503724330588 300 14.3540669856
1220 0.00441858410603 0.0927496256122 400 13.7931034483
1230 0.0157318596147 0.0176047863584 100 14.0845070423
1230 0.00788719616366 0.0316327334627 200 14.2857142857
1230 0.00526975519255 0.0532277872888 300 14.4230769231
1230 0.00619525107541 0.116264210626 400 13.1578947368
1240 0.0157459717493 0.0238019260599 100 14.2857142857
1240 0.00789804207498 0.0225283571714 200 14.2857142857
1240 0.00526823664143 0.0601269455689 300 14.4927536232
1240 0.00657770995708 0.139034674648 400 12.7795527157
1250 0.0157544877079 0.0403183425549 100 14.2857142857
1250 0.00789575738152 0.0169840911677 200 14.3884892086
1250 0.00526674686253 0.0688055634643 300 14.4927536232
1250 0.00657443410483 0.161332108363 400 12.5
1260 0.0157788392717 0.0821211178289 100 14.2857142857
1260 0.00789651319826 0.0179942289711 200 14.3884892086
1260 0.00526074769375 0.0576668568861 300 14.4927536232
1270 0.0157387996004 0.109930782197 100 14.2857142857
1270 0.0079004911152 0.023009967315 200 14.3884892086
1270 0.00525228481017 0.0632304960051 300 14.4927536232
1280 0.0157107118645 0.098111759431 100 14.0845070423
1280 0.00790799227132 0.0414935367849 200 14.3884892086
1280 0.00525747155181 0.0866832017125 300 14.2857142857
1290 0.0157719432672 0.0390473507561 100 14.0845070423
1290 0.00793233702682 0.103151579845 200 14.3884892086
1290 0.00594158913055 0.153932805931 300 13.6363636364
1300 0.015889054614 0.0563241366349 100 14.0845070423
1300 0.00796510527922 0.174275743219 200 14.3884892086
1300 0.00863293704414 0.246524716937 300 12.7118644068
1310 0.0159492691247 0.122612587793 100 14.0845070423
1310 0.00798287182235 0.221084691685 200 14.4927536232
1310 0.00906615827608 0.298048554768 300 12.2448979592
1320 0.015965983293 0.179680038771 100 14.0845070423
1320 0.00798837380021 0.256259840638 200 14.4927536232
1320 0.00905370763676 0.333882446974 300 11.8577075099
1330 0.0160231018236 0.239477786912 100 14.0845070423
1330 0.0079956956365 0.290510584517 200 14.4927536232
1340 0.0159224276881 0.215342114734 100 14.2857142857
1340 0.00792349796884 0.24297720201 200 14.4927536232
1350 0.0157843883046 0.138000942865 100 14.2857142857
1350 0.00787842802694 0.143140357334 200 14.1843971631
1360 0.0157287024383 0.0771569860476 100 14.4927536232
1360 0.00882400401392 0.0943335109819 200 13.1578947368
1370 0.0157101141155 0.0325870305939 100 14.4927536232
1370 0.0121456021332 0.10669676911 200 11.9760479042
1380 0.0157081966076 0.02410080092 100 14.4927536232
1380 0.0125437386037 0.151335391352 200 11.3636363636
1390 0.0157082321641 0.0216752438107 100 14.4927536232
1390 0.012467749094 0.207179679933 200 10.8695652174
1400 0.0157110294694 0.0248243212547 100 14.4927536232
1410 0.0157210836656 0.0342875921799 100 14.2857142857
1420 0.0157116415314 0.0405072863027 100 13.698630137
1430 0.0187660174242 0.0584373420086 100 11.3636363636
1440 0.0247502503935 0.188925586935 100 9.80392156863
1450 0.0250816705742 0.312261058917 100 9.00900900901
1460 0.0245661351063 0.428760977014 100 8.33333333333
