0 0.0234202730917 1.44020662166 100 7.8125
0 0.00943295818287 1.41925696778 200 7.8431372549
0 0.0060152369808 1.28816890521 300 7.8125
0 0.00436889845155 1.15054088464 400 8.1799591002
0 0.00434316202524 1.14609556438 500 8.038585209
0 0.00352205703357 1.15162035994 600 7.97872340426
0 0.00305400527681 1.19723111032 700 8.52618757613
0 0.00313614452232 1.06749989786 800 8.52878464819
10 0.0203285761052 1.17515744063 100 8.26446280992
10 0.00837795929334 1.06228632197 200 8.03212851406
10 0.00546695802975 0.859774354681 300 7.9575596817
10 0.00402174581156 0.709925282341 400 8.31600831601
10 0.00378289208338 0.707890288932 500 7.97448165869
10 0.00310920632648 0.705772104912 600 8.06451612903
10 0.00269000331111 0.744608288947 700 8.61008610086
10 0.00354598316421 0.679274947775 800 8.60215053763
20 0.0175161833357 0.70036202989 100 8.69565217391
20 0.00786017272413 0.572233433716 200 8.16326530612
20 0.00523613403668 0.557394056985 300 8.08625336927
20 0.00394180132156 0.638946277459 400 8.42105263158
20 0.00323495108535 0.675623256598 500 7.92393026941
20 0.00277047984991 0.685182626841 600 8.14111261872
20 0.00238635842636 0.640511201202 700 8.68486352357
20 0.00380688890488 0.498149192019 800 8.64864864865
30 0.0166386718597 0.579100560087 100 8.92857142857
30 0.00788221167361 0.538047147316 200 8.2304526749
30 0.00529475914837 0.681952782053 300 8.15217391304
30 0.00401251249142 0.82649689941 400 8.49256900212
30 0.0031492480058 0.864697276053 500 7.87401574803
30 0.00268829044187 0.874971493083 600 8.19672131148
30 0.00230821555796 0.819801720296 700 8.75
30 0.00360614788633 0.615817928432 800 8.65800865801
40 0.0161794091198 0.551964597964 100 9.00900900901
40 0.00793343309342 0.597226462877 200 8.2304526749
40 0.00541573941583 0.797380615962 300 8.17438692098
40 0.00408287755943 0.95108528988 400 8.52878464819
40 0.00321443639172 0.986630488577 500 7.84929356358
40 0.00266009648861 0.988652904623 600 8.25309491059
40 0.00227826434949 0.935855694558 700 8.78293601004
40 0.00348633748282 0.688463893075 800 8.47457627119
50 0.0157293036006 0.693950826104 100 9.09090909091
50 0.0081298773606 0.904548644806 200 8.16326530612
50 0.00580835408708 1.10600424931 300 8.19672131148
50 0.0043249936943 1.2288542605 400 8.54700854701
50 0.00338660723745 1.26049955632 500 7.84929356358
50 0.00262450927446 1.25955496062 600 8.29875518672
50 0.002248112723 1.22079339602 700 8.79396984925
50 0.00311883861796 0.899341234723 800 8.28157349896
60 0.0158591416927 0.978912283298 100 9.17431192661
60 0.00859075139365 1.17467500046 200 8.16326530612
60 0.00627657793119 1.31189154233 300 8.24175824176
60 0.00458464887853 1.38334076198 400 8.52878464819
60 0.00359884779904 1.40977636173 500 7.86163522013
60 0.00264948934938 1.41224752982 600 8.34492350487
60 0.00229297394312 1.38830823293 700 8.75
60 0.00286730765439 1.02500356969 800 8.26446280992
70 0.0160727564165 1.14204258406 100 9.17431192661
70 0.00894520888147 1.3061333786 200 8.13008130081
70 0.0065883891172 1.39714173289 300 8.26446280992
70 0.00460647193514 1.43607539916 400 8.51063829787
70 0.00371877733922 1.46128115701 500 7.88643533123
70 0.00268507603732 1.46331628116 600 8.40336134454
70 0.00272930017646 1.43099033404 700 8.69565217391
70 0.00274080974035 1.05519078168 800 8.27300930714
80 0.0160782854567 1.13297842899 100 9.09090909091
80 0.00893997953979 1.30601412435 200 8.0971659919
80 0.00660484674389 1.4035445683 300 8.26446280992
80 0.00449306243966 1.44722030412 400 8.47457627119
80 0.00359196423796 1.46816556472 500 7.91139240506
80 0.0026743215952 1.46508576175 600 8.4388185654
80 0.00317638145413 1.38862527407 700 8.66336633663
80 0.00276924809548 1.01400403921 800 8.27300930714
90 0.0164278357657 1.1451241455 100 8.84955752212
90 0.00900351574786 1.33783498399 200 8.0
90 0.00655604428471 1.41959856248 300 8.26446280992
90 0.00432644667238 1.46515500163 400 8.40336134454
90 0.00340113791731 1.48669700701 500 7.91139240506
90 0.00267480904286 1.47040665227 600 8.48656294201
90 0.00345461409459 1.34992391066 700 8.63131935882
90 0.00279212269301 0.981062387246 800 8.26446280992
100 0.0163770414537 1.18702505255 100 8.54700854701
100 0.00911358953919 1.39008645969 200 7.90513833992
100 0.00644944861696 1.45171535247 300 8.24175824176
100 0.00419246487724 1.48297910687 400 8.35073068894
100 0.00328231535894 1.50386265197 500 7.92393026941
100 0.00268468136095 1.48664614191 600 8.52272727273
100 0.00341130044865 1.32265469057 700 8.62068965517
100 0.00275983027217 0.960145096501 800 8.26446280992
110 0.0169060429227 1.2559330068 100 8.33333333333
110 0.00944348304096 1.43162435392 200 7.87401574803
110 0.00642153566374 1.47585519397 300 8.26446280992
110 0.00420747370645 1.50057654081 400 8.29875518672
110 0.00326706157949 1.51695138799 500 7.94912559618
110 0.00269691284056 1.5038919539 600 8.55920114123
110 0.00336708959731 1.29832313437 700 8.63131935882
110 0.00272147682018 0.939201925124 800 8.25593395253
120 0.0173358319579 1.29767382551 100 8.0
120 0.00926263104881 1.45786519149 200 7.8125
120 0.00632896882889 1.49912473567 300 8.26446280992
120 0.0041114211408 1.51254253968 400 8.2304526749
120 0.00324998293492 1.52593651142 500 7.97448165869
120 0.00269034526917 1.50573338253 600 8.60832137733
120 0.0033696884372 1.25713324097 700 8.63131935882
120 0.00275780190519 0.904942291473 800 8.25593395253
130 0.0172865901237 1.25684624838 100 7.69230769231
130 0.00886648598754 1.42141674291 200 7.78210116732
130 0.00611870618831 1.48092318193 300 8.28729281768
130 0.00398083996597 1.48545597861 400 7.8431372549
130 0.00319556276936 1.4964631546 500 8.0
130 0.00265404431403 1.4568838055 600 8.65800865801
130 0.00346845203484 1.1680076901 700 8.63131935882
130 0.00286055208763 0.825133217781 800 8.2219938335
140 0.0171388317571 1.23959578315 100 7.57575757576
140 0.00878666860105 1.41466789004 200 7.7519379845
140 0.00600600736937 1.4795257975 300 8.31024930748
140 0.00425184363411 1.47738175355 400 7.61904761905
140 0.00316934641922 1.47385834708 500 8.05152979066
140 0.00263692477021 1.42762068634 600 8.69565217391
140 0.003519589464 1.10056159267 700 8.61008610086
140 0.00289942676867 0.763658062616 800 8.08897876643
150 0.016791984065 1.23212506791 100 7.46268656716
150 0.00882042947085 1.4036616636 200 7.7519379845
150 0.00592569907927 1.4729852521 300 8.33333333333
150 0.00431776013958 1.46327536961 400 7.57575757576
150 0.00315251378441 1.44762419856 500 8.09061488673
150 0.00262733996686 1.39011531806 600 8.73362445415
150 0.00357147900707 1.03116901219 700 8.33333333333
160 0.0164088281104 1.22267113273 100 7.35294117647
160 0.00884288583742 1.38748647225 200 7.78210116732
160 0.0058462698603 1.46338484372 300 8.33333333333
160 0.00428096995051 1.44764961262 400 7.56143667297
160 0.00314481900899 1.4127859034 500 8.14332247557
160 0.00261999165142 1.34967377933 600 8.73362445415
160 0.00349923096515 0.961554688418 700 8.15850815851
170 0.0164476360151 1.24810974444 100 7.24637681159
170 0.00887934564032 1.39690897556 200 7.8125
170 0.00573657389426 1.46905298104 300 8.28729281768
170 0.00425984195307 1.44670913666 400 7.57575757576
170 0.00314414110002 1.39689982355 500 8.19672131148
170 0.00288140955948 1.32282924777 600 8.65800865801
170 0.00350472680984 0.913049466745 700 8.13953488372
180 0.0165755297656 1.28877338658 100 7.19424460432
180 0.00898165759302 1.42001596828 200 7.8431372549
180 0.00562315474877 1.47828295813 300 8.26446280992
180 0.00424561453445 1.45500152753 400 7.60456273764
180 0.00314285228297 1.39231112402 500 8.25082508251
180 0.00377852417712 1.28694192171 600 8.58369098712
180 0.00347011819302 0.875876010803 700 8.13953488372
190 0.0165172348726 1.28491139935 100 7.19424460432
190 0.00895402429115 1.41493964793 200 7.87401574803
190 0.00551554829293 1.46387416791 300 8.24175824176
190 0.00410974186828 1.43553343856 400 7.63358778626
190 0.0031437331655 1.35339135822 500 8.31946755408
190 0.00417972966334 1.21250079616 600 8.57142857143
190 0.00353454108942 0.814981939363 700 8.1490104773
200 0.016270733305 1.22695633709 100 7.19424460432
200 0.00866434686603 1.35039423479 200 7.93650793651
200 0.00535032285739 1.39207901168 300 8.24175824176
200 0.00396331757881 1.35517649403 400 7.67754318618
200 0.00315445255312 1.25326242211 500 8.37520938023
200 0.00458823742411 1.07734271783 600 8.58369098712
200 0.00367689035958 0.709578368044 700 8.16802800467
210 0.0163015628829 1.29210563485 100 7.24637681159
210 0.00854978797123 1.38589987614 200 8.0
210 0.00527933012103 1.40238626392 300 8.21917808219
210 0.00393027653067 1.35868505463 400 7.73694390716
210 0.00315358171307 1.25381177444 500 8.44594594595
210 0.00461891993367 1.05039452836 600 8.59598853868
210 0.00366796917965 0.687423107899 700 8.18713450292
220 0.0164233145552 1.33894089601 100 7.29927007299
220 0.00850116734184 1.41542234355 200 8.0971659919
220 0.00526496491504 1.4145109475 300 8.24175824176
220 0.00392807342222 1.37258856853 400 7.78210116732
220 0.00315054238999 1.26419503489 500 8.53242320819
220 0.00457400536224 1.03663610194 600 8.63309352518
220 0.00363407276417 0.673544002837 700 8.21596244131
230 0.0162719046132 1.24137833214 100 7.40740740741
230 0.00820623827778 1.33496826541 200 8.19672131148
230 0.00524375937746 1.31408887818 300 8.26446280992
230 0.00396089513398 1.2600959039 400 7.8431372549
230 0.00318494994961 1.13518252369 500 8.60585197935
230 0.0047399133975 0.889544653853 600 8.67052023121
230 0.00378200856599 0.559406667497 700 8.24499411072
240 0.0159898752157 1.16182528702 100 7.51879699248
240 0.00805432031701 1.25236656525 200 8.33333333333
240 0.00527082565186 1.2148248424 300 8.28729281768
240 0.00400450700944 1.15332021259 400 7.92079207921
240 0.00322340806833 1.02250138219 500 8.69565217391
240 0.00485478786598 0.773925051352 600 8.72093023256
240 0.00390890391529 0.474405838944 700 8.27423167849
250 0.0158417532117 1.15633214067 100 7.63358778626
250 0.00801519945508 1.24964579396 200 8.4388185654
250 0.00538711995999 1.18610283458 300 8.24175824176
250 0.00402146007681 1.12389412644 400 8.0
250 0.00323584011692 0.988903409356 500 8.78734622144
250 0.00488298905458 0.724806025504 600 8.75912408759
250 0.00395356690258 0.434154266056 700 8.29383886256
260 0.0157347832406 1.06029016106 100 7.7519379845
260 0.00793184465793 1.15585941496 200 8.58369098712
260 0.00542877087507 1.07151067554 300 7.8125
260 0.00408673320468 1.01064404535 400 8.08080808081
260 0.00328617816251 0.876134459091 500 8.86524822695
260 0.004988808804 0.618270026644 600 8.79765395894
260 0.00406338655625 0.361534177026 700 8.27423167849
270 0.015737556617 1.04179852913 100 7.87401574803
270 0.00791616497903 1.14238136447 200 8.69565217391
270 0.00524126518681 1.04554382379 300 7.63358778626
270 0.0041139245731 0.97814515477 400 8.1466395112
270 0.0033004874573 0.844413402651 500 8.94454382826
270 0.00499144797313 0.575089785394 600 8.79765395894
270 0.00406913736406 0.329649975153 700 8.18713450292
280 0.0157986910658 1.06464530475 100 8.0
280 0.00793066784224 1.16905643905 200 8.77192982456
280 0.00524638851711 1.06305997745 300 7.59493670886
280 0.00411283331931 0.980553822781 400 8.2304526749
280 0.00329191992809 0.849737881175 500 9.00900900901
280 0.00495897510366 0.560273876312 600 8.62068965517
290 0.0160227336965 1.18197331085 100 8.06451612903
290 0.00800050974687 1.2591920344 200 8.88888888889
290 0.00528027210297 1.15220330837 300 7.61421319797
290 0.00407330648941 1.05748071288 400 8.29875518672
290 0.00324575294033 0.927731079757 500 9.04159132007
290 0.00476349219792 0.59211295925 600 8.32177531207
300 0.0160910359262 1.18922215889 100 8.26446280992
300 0.00798702733657 1.27103767498 200 8.88888888889
300 0.00528177521067 1.154867084 300 7.63358778626
300 0.00408201861688 1.03896943179 400 8.3857442348
300 0.00342061522814 0.909860646837 500 9.02527075812
300 0.00467984635418 0.55694907019 600 8.28729281768
310 0.0160858585471 1.16891329625 100 8.40336134454
310 0.00789894758887 1.23813830383 200 8.84955752212
310 0.00526774544924 1.11609067322 300 7.6726342711
310 0.00411346255205 0.977857287903 400 8.47457627119
310 0.00442907972964 0.837774923539 500 8.94454382826
310 0.00470994475705 0.495199056886 600 8.28729281768
320 0.0161011428728 1.161119553 100 8.47457627119
320 0.00787581810282 1.19717470479 200 8.84955752212
320 0.00524779679714 1.07577200776 300 7.73195876289
320 0.00414164073248 0.920219870955 400 8.56531049251
320 0.00551265015601 0.759494747118 500 8.89679715302
320 0.00472849832421 0.443469150256 600 8.31024930748
330 0.016085244267 1.15280270973 100 8.62068965517
330 0.00787159611906 1.16611947109 200 8.84955752212
330 0.00524274688811 1.04317321607 300 7.79220779221
330 0.00416218955223 0.871718682838 400 8.63930885529
330 0.00588035169655 0.691614630743 500 8.89679715302
330 0.00479150329146 0.394794692317 600 8.32177531207
340 0.0159771716401 1.16505330159 100 8.69565217391
340 0.00791412386635 1.1402575273 200 8.81057268722
340 0.00531220419992 1.0206876681 300 7.83289817232
340 0.00417332836118 0.836981342468 400 8.73362445415
340 0.00615432050063 0.641681729615 500 8.89679715302
340 0.00482887685772 0.360197955502 600 8.34492350487
350 0.0158630422246 1.17041759687 100 8.84955752212
350 0.00804369293121 1.11015229974 200 8.77192982456
350 0.00543623742009 0.99310016055 300 7.89473684211
350 0.00418260247295 0.807980525266 400 8.81057268722
350 0.00615027083289 0.596090372767 500 8.91265597148
350 0.00482708928373 0.325352867417 600 8.356545961
360 0.0157510202633 1.11095561918 100 9.00900900901
360 0.00812324455328 1.01517678585 200 8.73362445415
360 0.00556640512308 0.900812570714 300 7.9575596817
360 0.00423446603403 0.724728741619 400 8.90868596882
360 0.006190621165 0.516027235283 500 8.94454382826
360 0.00489350418433 0.284614250224 600 8.37988826816
370 0.015712861516 1.05440235295 100 9.17431192661
370 0.00819543619417 0.933510057882 200 8.65800865801
370 0.00564342733127 0.823644333785 300 8.02139037433
370 0.00427977495148 0.663254322371 400 9.00900900901
370 0.00618459290627 0.462961317545 500 8.97666068223
370 0.0049696429043 0.273427031037 600 8.39160839161
380 0.015750855369 1.1592794039 100 9.34579439252
380 0.00841090003655 0.997027551978 200 8.47457627119
380 0.00555134810032 0.895994353936 300 8.08625336927
380 0.00419619072124 0.728079879146 400 9.09090909091
380 0.00613959303591 0.47911583285 500 8.9928057554
380 0.00487817514302 0.258729832983 600 8.39160839161
390 0.0157591627493 1.19158048144 100 9.43396226415
390 0.00807240341436 0.979686599911 200 7.63358778626
390 0.00555123277313 0.890347201532 300 8.17438692098
390 0.00418425225937 0.729861110794 400 9.17431192661
390 0.00610973226311 0.461092761643 500 9.00900900901
390 0.00486617557618 0.248545428493 600 8.32177531207
400 0.0157274715067 1.13620649252 100 9.61538461538
400 0.00786666565294 0.917732850154 200 7.40740740741
400 0.00562980401354 0.813061414937 300 8.24175824176
400 0.00423216613928 0.666233537404 400 9.25925925926
400 0.00615265025735 0.404256041166 500 8.91265597148
400 0.00488884566347 0.239752793462 600 7.72200772201
410 0.0157139828298 1.0504554158 100 9.70873786408
410 0.00787060132906 0.831780317395 200 7.35294117647
410 0.00575199165256 0.712114278296 300 8.33333333333
410 0.0042946068384 0.593492698469 400 9.2807424594
410 0.00623169102712 0.356342464983 500 8.37520938023
420 0.015727852138 0.985655328313 100 9.52380952381
420 0.00789181727024 0.764423564656 200 7.32600732601
420 0.00585624005215 0.632995806674 300 8.40336134454
420 0.00468346571071 0.544631897546 400 9.21658986175
420 0.00615366660672 0.335945686104 500 8.27814569536
430 0.0158684410925 0.910186242958 100 9.25925925926
430 0.00791735848461 0.710200325375 200 7.32600732601
430 0.00594146583862 0.576662635123 300 8.47457627119
430 0.00651498491521 0.512734215809 400 9.04977375566
430 0.00618333711501 0.334172705795 500 8.25082508251
440 0.0160920649262 0.833216843807 100 9.00900900901
440 0.00801640652099 0.658594858439 200 7.38007380074
440 0.00601217481666 0.543011100189 300 8.57142857143
440 0.00782903629199 0.500160800942 400 8.9485458613
440 0.00621538236081 0.354717349546 500 8.25082508251
450 0.0163184950855 0.794771555739 100 8.84955752212
450 0.00824059077514 0.646108659026 200 7.40740740741
450 0.00600152931513 0.535915788713 300 8.67052023121
450 0.00735393313548 0.48621056665 400 8.90868596882
450 0.00622065089303 0.361790257308 500 8.25082508251
460 0.0167107535159 0.820296460721 100 8.54700854701
460 0.00849182600498 0.683391709986 200 7.43494423792
460 0.00588244151433 0.552701476914 300 8.74635568513
460 0.00745562012712 0.457743914704 400 8.90868596882
460 0.00616812932456 0.341272670363 500 8.25082508251
470 0.0165748875447 0.811048673457 100 8.33333333333
470 0.0085670693419 0.696006206241 200 7.46268656716
470 0.00579962673422 0.559176455918 300 8.84955752212
470 0.00759387376871 0.42546074068 400 8.88888888889
470 0.00605075467919 0.32736555792 500 8.23723228995
480 0.0166482792764 0.782063070093 100 8.06451612903
480 0.00853792882858 0.68708046865 200 7.51879699248
480 0.00575234337071 0.558256407371 300 8.92857142857
480 0.00768165082387 0.397677230324 400 8.88888888889
480 0.00602731555973 0.324340879303 500 8.22368421053
490 0.0172265078411 0.712422009169 100 6.75675675676
490 0.00854195986162 0.656659011895 200 7.57575757576
490 0.0057359488968 0.539699715688 300 9.00900900901
490 0.00768638981806 0.365584969869 400 8.88888888889
490 0.00603225977013 0.326964576676 500 8.16993464052
500 0.0158623590345 0.683000735559 100 6.02409638554
500 0.00857928482072 0.626558185482 200 7.63358778626
500 0.00573787604201 0.524642820256 300 9.09090909091
500 0.00769858204666 0.344050652674 400 8.81057268722
500 0.00599646601483 0.341179762479 500 7.91139240506
510 0.0157593980421 0.656099171991 100 5.88235294118
510 0.00864607981442 0.581106670843 200 7.72200772201
510 0.00574193013881 0.498980048493 300 9.11854103343
510 0.00772283713022 0.326028744705 400 8.1466395112
520 0.0157669468724 0.641023145567 100 5.88235294118
520 0.00867482339608 0.55012574966 200 7.8431372549
520 0.00588617374808 0.489522352527 300 9.09090909091
520 0.00754953884467 0.335061261845 400 8.0
530 0.0157405835718 0.676883752582 100 5.95238095238
530 0.00860301458384 0.563404224365 200 8.0
530 0.00707625851592 0.500310363921 300 9.00900900901
530 0.00747713380386 0.334619164667 400 8.0
540 0.0157432176988 0.769414545429 100 6.06060606061
540 0.00843820190378 0.61320657521 200 8.16326530612
540 0.0086933006272 0.502787603103 300 8.92857142857
540 0.00724208584398 0.293499134056 400 8.03212851406
550 0.0157840672016 0.825909215299 100 6.17283950617
550 0.00837581721658 0.624812550411 200 8.33333333333
550 0.00955346627548 0.459775065431 300 8.87573964497
550 0.0071159844275 0.25161233411 400 8.04828973843
560 0.0158102118085 0.921282501773 100 6.2893081761
560 0.00825118764269 0.689641808449 200 8.51063829787
560 0.00978509967485 0.472395350769 300 8.90207715134
560 0.00701376277899 0.230671364595 400 8.08080808081
570 0.015784877147 1.10208431933 100 6.45161290323
570 0.0080355753442 0.874906227399 200 8.69565217391
570 0.0096202554734 0.586466021052 300 8.9552238806
570 0.00673022495563 0.21094957166 400 8.13008130081
580 0.0158278357312 1.20420618582 100 6.57894736842
580 0.00796958688225 0.97377465547 200 8.88888888889
580 0.00934450263823 0.616655110793 300 9.00900900901
580 0.00652572872245 0.198460872072 400 8.16326530612
590 0.0158446815886 1.17052342466 100 6.71140939597
590 0.00795705272201 0.941085542399 200 9.09090909091
590 0.00934907837821 0.543892954313 300 9.06344410876
590 0.006527864872 0.21044679067 400 8.19672131148
600 0.0158181620288 1.16219954724 100 6.89655172414
600 0.0079355285203 0.943690370418 200 9.3023255814
600 0.00929301757684 0.505761238312 300 9.14634146341
600 0.00654142166699 0.224581747976 400 8.2304526749
610 0.0157367051264 1.31445867401 100 7.19424460432
610 0.00787005995674 1.1276813744 200 9.56937799043
610 0.00887485112063 0.592107553519 300 9.25925925926
610 0.00626091113809 0.196696952127 400 8.28157349896
620 0.0157414739925 1.38483397069 100 7.57575757576
620 0.00786230374087 1.21168182179 200 9.95024875622
620 0.00864747382592 0.63611127497 300 9.46372239748
620 0.00610515277458 0.195946906561 400 8.36820083682
630 0.0157409545181 1.37823473677 100 8.13008130081
630 0.00786228311082 1.20908439477 200 10.4166666667
630 0.00863975764903 0.620746719946 300 9.70873786408
630 0.00610680523852 0.188735840214 400 8.49256900212
640 0.0157222441258 1.3407612727 100 8.69565217391
640 0.00785972874762 1.15297701866 200 10.8695652174
640 0.00877191825565 0.560715649802 300 9.96677740864
640 0.00621403325282 0.193677335008 400 8.62068965517
650 0.0157913633322 1.17522553478 100 9.34579439252
650 0.00790811286072 0.965983660944 200 11.3636363636
650 0.0091778060247 0.421903566484 300 10.1694915254
650 0.00652606761523 0.242579269769 400 8.69565217391
660 0.0161728209462 0.909192989849 100 10.0
660 0.00810837728699 0.708943136431 200 11.8343195266
660 0.00973098381214 0.307172116755 300 10.3092783505
660 0.00693297962865 0.35384216284 400 8.65800865801
670 0.0166436107541 0.70893080403 100 10.5263157895
670 0.00833630296015 0.569328325049 200 12.2699386503
670 0.0101099152227 0.326147813746 300 10.2040816327
670 0.00718572067406 0.441645561614 400 7.73694390716
680 0.0168572087171 0.624855017514 100 11.1111111111
680 0.00839630799315 0.544358420811 200 12.5
680 0.0101693922205 0.360552075009 300 9.23076923077
690 0.0169368854391 0.582180237791 100 11.6279069767
690 0.00876742115679 0.543392203347 200 12.3456790123
690 0.00990366880655 0.394371898884 300 9.03614457831
700 0.0169836872749 0.556712858048 100 12.0481927711
700 0.0118509610084 0.540848640989 200 11.7647058824
700 0.00984940385739 0.440100414277 300 8.9552238806
710 0.0167000367412 0.577077747932 100 12.5
710 0.0143841959416 0.522132054214 200 11.2994350282
710 0.0096066002077 0.468536384524 300 8.92857142857
720 0.016104980819 0.679781339659 100 12.987012987
720 0.014670982355 0.483756806121 200 11.1111111111
720 0.00913176124497 0.434707979403 300 8.87573964497
730 0.0157539416893 0.904032880591 100 13.3333333333
730 0.0137314676718 0.501183511173 200 10.9289617486
730 0.00849885556883 0.37834928681 300 8.84955752212
740 0.0157175676784 0.954705494096 100 13.8888888889
740 0.0133884548575 0.426863898795 200 10.8695652174
740 0.00830987053282 0.409983590968 300 8.79765395894
750 0.0157130430113 0.965327846344 100 14.0845070423
750 0.0132912932979 0.327930261394 200 10.6951871658
750 0.00834052765797 0.490766613065 300 8.67052023121
760 0.0157094291903 0.983346219348 100 14.2857142857
760 0.013086109162 0.270578646701 200 10.3626943005
760 0.00821423018309 0.572241928718 300 8.13008130081
770 0.0157102165691 1.006404658 100 13.8888888889
770 0.0126607030476 0.291440284552 200 8.29875518672
780 0.0184457465083 0.951162611631 100 11.4942528736
780 0.0123149669428 0.399811430703 200 7.93650793651
790 0.0248336805925 0.635086434924 100 10.0
790 0.0122559816444 0.563331763934 200 7.72200772201
800 0.0266396316915 0.339037215026 100 9.25925925926
800 0.0123175114623 0.744879208784 200 7.54716981132
810 0.0263889007162 0.352720612124 100 8.84955752212
810 0.0122579424868 0.923933600798 200 7.40740740741
820 0.0262659729607 0.63759559143 100 8.47457627119
820 0.0123650046761 1.10501711817 200 7.16845878136
830 0.0260101497438 0.958881130666 100 7.8125
830 0.0122403035962 1.27077141319 200 6.30914826498
840 0.0256104662607 1.23167257625 100 5.91715976331
850 0.0239962642778 1.42206602819 100 5.81395348837
860 0.0203395025095 1.31723190233 100 5.91715976331
870 0.0171995105842 0.815433828275 100 6.06060606061
880 0.0157780095338 0.705777440783 100 6.17283950617
890 0.015721800471 0.901771351298 100 6.25
900 0.0159183618536 1.15599855619 100 6.2893081761
910 0.0159140878381 1.15804108466 100 6.32911392405
920 0.0159147680701 1.17412142215 100 6.2893081761
930 0.0158596451864 1.17782702363 100 6.25
940 0.0158333084706 1.17488863631 100 6.09756097561
950 0.0158367732502 1.17818140297 100 5.74712643678
960 0.0158525753 1.17703925232 100 4.54545454545
