0.858694 0.0469029 1.79492 0.196045
3.43265 0.187486 3.92554 0.215454
6.00778 0.328118 6.19897 0.305664
8.58289 0.468733 8.57849 0.352539
11.1576 0.609309 11.0972 0.44812
13.7315 0.749824 13.6343 0.56543
16.3694 0.907287 16.1775 0.701538
19.0841 1.06626 18.9734 0.898804
21.8404 1.22428 21.7109 1.06555
24.6518 1.38575 24.5012 1.1936
27.4963 1.53803 27.3257 1.31104
30.3984 1.68097 30.3392 1.4762
33.3363 1.81583 33.3101 1.61658
36.3875 1.99375 36.2854 1.78137
39.5037 2.19097 39.3652 1.98999
42.583 2.39973 42.4318 2.17566
45.5988 2.60002 45.4282 2.35315
48.5786 2.80079 48.3514 2.52979
51.5185 3.00246 51.2754 2.70996
54.428 3.19152 54.1949 2.88464
57.3125 3.37151 57.084 3.05579
60.1663 3.57919 59.8877 3.24731
62.9168 3.77604 62.5781 3.45813
65.5667 3.97823 65.2549 3.63708
68.0933 4.17999 67.8374 3.85022
70.508 4.38194 70.2637 4.07935
72.7679 4.58021 72.4854 4.25488
74.8515 4.77573 74.6033 4.43054
76.7501 4.93768 76.4734 4.5592
78.4946 5.09273 78.1892 4.69067
80.123 5.18336 79.8954 4.85083
81.6229 5.24889 81.4171 4.8833
83.0085 5.16354 82.781 4.81177
84.3134 4.93465 84.124 4.59094
85.5017 4.51919 85.3535 4.17358
86.5259 3.90387 86.5303 3.59595
87.345 3.11539 87.3562 2.81506
88.0081 2.1826 87.9934 1.91321
88.502 1.16558 88.4514 0.964111
88.84 0.0726836 88.6592 -0.119751
89.125 -1.05089 89.3738 -1.19385
89.3295 -2.24074 89.5684 -2.38745
89.4722 -3.53677 89.5726 -3.59656
89.5834 -4.96246 89.7853 -5.03516
89.6383 -6.50462 89.689 -6.68347
89.6879 -8.19796 89.7407 -8.43372
89.7167 -10.0598 89.7836 -10.3384
89.7202 -12.0746 89.8813 -12.3771
89.7524 -14.2439 89.8405 -14.5421
89.8434 -16.5606 89.918 -16.87
89.9788 -18.96 89.9236 -19.2244
90.1324 -21.3995 90.1306 -21.6561
90.2737 -23.8515 90.2826 -24.212
90.4115 -26.2888 90.4889 -26.6497
90.5374 -28.7218 90.6165 -29.1569
90.6026 -31.142 90.7126 -31.5087
90.5865 -33.5327 90.6792 -33.8811
90.49 -35.8891 90.5406 -36.2529
90.3236 -38.1896 90.3713 -38.5287
90.0918 -40.4188 90.1725 -40.6974
89.8161 -42.5748 89.8789 -42.8802
89.5465 -44.6312 89.5459 -44.9172
89.3065 -46.5426 89.3055 -46.8438
89.1528 -48.2888 89.0981 -48.6063
89.1302 -49.8938 89.0289 -50.1283
89.2559 -51.4568 89.1282 -51.7008
89.5927 -52.9598 89.422 -53.2504
90.1642 -54.3315 89.9722 -54.5262
90.9416 -55.4915 90.6886 -55.7709
91.9661 -56.4486 91.679 -56.6597
93.1713 -57.1753 92.8562 -57.4307
94.508 -57.6844 94.1978 -57.9551
95.9249 -58.0418 95.6243 -58.3613
97.3803 -58.3833 97.0614 -58.7151
98.9283 -58.6967 98.5909 -59.0013
100.55 -59.0745 100.166 -59.338
102.285 -59.4798 101.897 -59.7433
104.124 -59.9645 103.846 -60.2678
106.035 -60.4808 105.804 -60.7711
108.055 -60.9951 107.774 -61.2825
110.2 -61.5276 109.982 -61.8256
112.421 -62.0531 112.152 -62.3164
114.755 -62.6002 114.511 -62.8545
117.193 -63.1574 116.913 -63.4213
119.666 -63.6913 119.365 -63.9044
122.181 -64.2533 121.978 -64.4854
124.724 -64.8645 124.464 -65.137
127.275 -65.459 126.981 -65.7421
129.749 -66.0807 129.412 -66.3298
132.225 -66.7226 131.884 -66.9614
134.663 -67.334 134.303 -67.5592
137.072 -67.9399 136.77 -68.1542
139.482 -68.4874 139.208 -68.7069
141.866 -69.0106 141.633 -69.2229
144.235 -69.5325 144.018 -69.7572
146.634 -69.9928 146.382 -70.2229
149.033 -70.3798 148.805 -70.609
151.422 -70.7533 151.191 -70.9762
153.855 -71.0522 153.633 -71.2384
156.308 -71.3061 156.116 -71.491
158.78 -71.4907 158.616 -71.6606
161.238 -71.6275 161.056 -71.8531
163.729 -71.7396 163.521 -71.9841
166.201 -71.8557 165.979 -72.1051
168.681 -71.9145 168.458 -72.1705
171.201 -71.9504 170.955 -72.1499
173.699 -71.9461 173.432 -72.1392
176.266 -71.8381 175.985 -72.0823
178.785 -71.705 178.51 -71.9561
181.351 -71.5867 181.041 -71.8477
183.918 -71.4516 183.614 -71.7279
186.471 -71.3413 186.174 -71.5841
189.02 -71.1826 188.828 -71.4437
191.536 -71.0196 191.328 -71.2872
194.04 -70.8473 193.801 -71.1127
196.49 -70.6708 196.178 -70.9688
198.609 -70.5456 198.52 -70.8104
200.728 -70.4203 200.783 -70.6366
202.848 -70.2949 202.713 -70.4801
204.967 -70.1695 204.85 -70.3427
207.086 -70.0441 206.739 -70.2762
209.093 -69.9831 208.611 -70.2797
211.014 -70.0156 210.73 -70.3157
212.945 -70.0304 212.862 -70.3208
214.903 -70.0079 214.7 -70.2852
216.893 -70.0061 216.467 -70.3188
218.964 -69.9676 218.815 -70.292
220.97 -69.9402 220.835 -70.257
222.992 -69.9812 222.805 -70.2837
225.028 -69.9854 224.885 -70.2435
227.09 -69.9695 226.826 -70.178
229.126 -69.9386 228.951 -70.1677
231.112 -69.8864 230.885 -70.123
233.04 -69.8445 233.153 -70.0417
234.818 -69.801 235.147 -69.9857
236.417 -69.7146 236.118 -69.9404
237.943 -69.5209 237.741 -69.7867
239.395 -69.1851 239.16 -69.4834
240.709 -68.6478 240.43 -68.9653
241.849 -67.8991 241.494 -68.2657
242.81 -67.0089 242.555 -67.3632
243.591 -65.9825 243.364 -66.301
244.184 -64.8978 243.958 -65.2662
244.572 -63.7305 244.406 -64.1346
244.825 -62.4053 244.646 -62.8171
244.941 -60.9619 244.805 -61.3953
244.946 -59.4218 244.779 -59.8661
244.876 -57.7712 245.122 -58.1764
244.798 -55.9812 244.897 -56.4073
244.718 -54.0213 244.617 -54.3665
244.528 -51.9441 244.751 -52.106
244.334 -49.6673 244.403 -49.8461
244.189 -47.2245 244.614 -47.1666
244.057 -44.6501 244.486 -44.4969
243.927 -42.0601 244.107 -41.9949
243.794 -39.4483 244.358 -39.2162
243.702 -36.832 244.269 -36.5623
243.584 -34.2278 244.118 -33.958
243.441 -31.5925 243.998 -31.5371
243.315 -28.9871 243.071 -29.1888
243.23 -26.4145 243.751 -26.3154
243.139 -23.8807 243.588 -23.8572
243.055 -21.3812 243.39 -21.5096
242.941 -18.9255 243.253 -18.9442
242.799 -16.5023 243.131 -16.6365
242.612 -14.1084 242.469 -14.3574
242.377 -11.7708 242.256 -11.9628
242.143 -9.51512 242.359 -9.67773
241.929 -7.38188 242.077 -7.46338
241.749 -5.37656 241.795 -5.54919
241.606 -3.50502 241.82 -3.59167
241.484 -1.76007 241.631 -1.82214
241.4 -0.170335 241.593 -0.205322
241.346 1.26729 241.52 1.22534
241.318 2.55969 241.665 2.60754
241.329 3.69369 241.733 3.82617
241.357 4.66357 241.46 4.62805
241.387 5.42348 241.595 5.52673
241.421 5.93561 241.599 5.9364
241.442 6.22444 241.869 6.28442
241.458 6.39191 241.656 6.39124
241.456 6.44834 241.603 6.40491
241.456 6.44112 241.517 6.34216
241.468 6.43573 241.5 6.3385
241.488 6.44933 241.48 6.31824
241.502 6.50242 241.579 6.42505
241.509 6.60386 241.543 6.41089
241.523 6.84121 241.622 6.58704
241.556 7.25677 241.604 6.93054
241.623 7.83498 241.613 7.50037
241.76 8.54086 241.741 8.31799
241.985 9.31672 242.033 9.09802
242.351 10.1481 242.463 10.0662
242.859 11.0146 243.413 10.9868
243.565 11.8278 243.72 11.8215
244.407 12.5484 244.6 12.5023
245.535 13.1523 245.685 13.1458
246.887 13.6027 247.099 13.611
248.423 13.919 248.596 13.9004
250.169 14.1035 250.4 14.0901
252.058 14.2109 252.185 14.1777
254.103 14.2873 254.159 14.2537
256.29 14.3497 256.315 14.2612
258.632 14.4226 258.61 14.3058
261.094 14.4989 261.06 14.3861
263.692 14.5916 263.658 14.502
266.404 14.6816 266.267 14.537
269.198 14.7756 269.094 14.6599
272.122 14.9015 272.105 14.7683
275.142 15.0059 274.982 14.8478
278.208 15.103 278.1 14.9149
281.346 15.2156 281.149 15.0378
284.498 15.3412 284.294 15.1036
287.685 15.4844 287.497 15.2921
290.866 15.6383 290.708 15.4634
293.998 15.7874 293.861 15.6174
297.107 15.9356 297.02 15.7812
300.191 16.1029 300.036 15.925
303.274 16.2771 303.01 16.0874
306.336 16.4463 306.181 16.2455
309.4 16.613 309.333 16.403
312.49 16.7503 312.416 16.561
315.608 16.8839 315.521 16.7003
318.769 17.0222 318.656 16.8496
321.966 17.1721 321.814 16.9813
325.211 17.3388 325.142 17.0999
328.452 17.5089 328.313 17.2699
331.662 17.6671 331.443 17.3701
334.873 17.8359 334.7 17.5424
338.047 18.0179 337.832 17.7158
341.164 18.1846 340.984 17.8419
344.192 18.3462 344.046 18.0214
347.144 18.5118 346.912 18.1533
349.997 18.6926 349.821 18.3499
352.738 18.8767 352.551 18.522
355.339 19.039 355.172 18.666
357.77 19.1617 357.58 18.7606
360.012 19.2539 359.696 18.8855
362.022 19.3379 361.758 18.9316
363.842 19.4126 363.627 19.1185
365.457 19.4822 365.27 19.2701
366.876 19.5957 366.683 19.3978
368.193 19.7976 367.995 19.5786
369.471 20.1115 369.312 19.8193
370.662 20.5963 370.56 20.1676
371.758 21.2259 371.589 20.7629
372.767 22.0739 372.569 21.681
373.7 23.1166 373.513 22.7131
374.457 24.3704 374.287 23.9407
374.935 25.8066 374.84 25.3137
375.153 27.406 374.996 27.0122
375.033 29.122 375.033 28.646
374.862 30.9465 374.806 30.5449
374.646 32.8073 374.614 32.2577
374.454 34.8065 374.466 34.3866
374.237 36.9022 374.312 36.4882
374.017 39.1112 374.106 38.6561
373.828 41.4752 373.792 41.0841
373.669 43.9781 373.636 43.6193
373.529 46.6263 373.468 46.3602
373.409 49.3265 373.346 49.071
373.297 52.0756 373.265 51.7756
373.174 54.8367 373.146 54.5326
373.04 57.583 373.009 57.2878
372.905 60.3085 372.823 59.9885
372.737 63.0311 372.689 62.7743
372.532 65.722 372.464 65.4033
372.333 68.4052 372.244 68.084
372.146 71.0714 372.036 70.7751
371.976 73.7315 371.845 73.4125
371.849 76.3696 371.756 75.9562
371.76 78.9847 371.677 78.5686
371.707 81.5841 371.617 81.2382
371.698 84.1688 371.615 83.7585
371.718 86.6521 371.627 86.3608
371.742 88.9667 371.662 88.8033
371.755 91.0872 371.648 90.8629
371.738 92.9909 371.649 92.7793
371.673 94.7746 371.599 94.578
371.571 96.5378 371.494 96.3795
371.439 98.2699 371.361 98.0857
371.272 100.017 371.164 99.7843
371.082 101.82 371.026 101.594
370.859 103.677 370.734 103.424
370.634 105.628 370.539 105.383
370.384 107.71 370.306 107.482
370.14 109.873 370.064 109.646
369.916 112.225 369.819 111.995
369.723 114.671 369.647 114.418
369.517 117.275 369.444 117.022
369.364 119.99 369.268 119.717
369.291 122.844 369.249 122.588
369.236 125.774 369.15 125.569
369.216 128.744 369.135 128.531
369.175 131.739 369.166 131.542
369.142 134.711 369.098 134.475
369.091 137.686 369.089 137.479
368.984 140.608 368.99 140.388
368.873 143.515 368.811 143.269
368.758 146.42 368.722 146.211
368.598 149.275 368.576 149.038
368.425 152.137 368.333 151.942
368.242 154.969 368.173 154.812
368.045 157.761 367.984 157.571
367.874 160.52 367.756 160.306
367.721 163.255 367.611 162.991
367.574 165.891 367.416 165.642
367.427 168.415 367.294 168.194
367.306 170.747 367.168 170.506
367.201 172.931 367.067 172.762
367.076 174.887 366.937 174.655
366.928 176.706 366.837 176.538
366.771 178.406 366.645 178.222
366.524 180.013 366.387 179.823
366.107 181.548 366.001 181.364
365.486 182.977 365.314 182.753
364.633 184.243 364.563 183.998
363.538 185.318 363.329 185.035
362.116 186.123 362.103 185.893
360.581 186.726 360.771 186.495
358.884 187.064 359.151 186.858
357.055 187.18 356.95 186.967
355.126 187.213 354.956 187.004
353.12 187.17 352.996 186.987
350.994 187.03 350.883 186.842
348.759 186.837 348.594 186.663
346.398 186.621 346.207 186.452
343.935 186.343 343.65 186.155
341.378 186.036 341.205 185.858
338.696 185.741 338.406 185.554
335.949 185.47 335.699 185.263
333.155 185.218 332.88 185.04
330.373 184.974 330.117 184.747
327.573 184.757 327.349 184.526
324.774 184.556 324.546 184.326
321.949 184.348 321.726 184.122
319.093 184.17 318.828 183.924
316.225 184.024 315.954 183.773
313.35 183.873 313.103 183.599
310.514 183.71 310.273 183.473
307.674 183.552 307.405 183.305
304.86 183.419 304.654 183.161
302.076 183.317 301.863 183.102
299.286 183.237 299.08 183.001
296.525 183.153 296.28 182.899
293.763 183.04 293.511 182.781
290.973 182.875 290.721 182.612
288.165 182.722 287.884 182.445
285.307 182.553 285.046 182.259
282.428 182.393 282.168 182.07
279.514 182.251 279.24 181.979
276.583 182.098 276.303 181.83
273.653 181.945 273.376 181.699
270.712 181.762 270.41 181.566
267.776 181.569 267.494 181.348
264.806 181.353 264.556 181.127
261.853 181.152 261.708 180.901
258.832 180.929 258.571 180.693
255.838 180.695 255.612 180.474
252.875 180.497 252.67 180.241
249.924 180.312 249.707 180.082
247.017 180.131 246.804 179.895
244.158 179.975 243.92 179.698
241.398 179.84 241.143 179.604
238.763 179.706 238.536 179.468
236.242 179.565 236.025 179.373
233.82 179.462 233.604 179.182
231.559 179.41 231.392 179.144
229.482 179.38 229.305 179.141
227.597 179.367 227.427 179.068
225.903 179.338 225.699 179.073
224.422 179.252 224.183 178.967
223.084 179.091 222.852 178.78
221.793 178.755 221.567 178.486
220.632 178.227 220.498 177.919
219.528 177.539 219.395 177.292
218.519 176.652 218.285 176.428
217.602 175.534 217.258 175.284
216.83 174.123 216.44 173.948
216.26 172.474 215.809 172.317
215.896 170.601 215.55 170.366
215.705 168.566 215.317 168.411
215.622 166.443 215.218 166.313
215.568 164.246 215.185 164.14
215.533 161.991 215.185 161.834
215.512 159.609 215.203 159.377
215.491 157.169 215.175 156.932
215.491 154.651 215.222 154.42
215.537 152.043 215.257 151.844
215.577 149.356 215.319 149.166
215.691 146.665 215.408 146.45
215.798 143.951 215.513 143.746
215.946 141.248 215.695 141.029
216.165 138.556 215.915 138.288
216.415 135.88 216.132 135.583
216.646 133.229 216.395 132.958
216.884 130.658 216.68 130.413
217.076 128.171 216.841 127.884
217.25 125.823 217.113 125.554
217.366 123.657 217.138 123.418
217.439 121.696 217.214 121.413
217.479 119.858 217.309 119.549
217.501 118.053 217.392 117.866
217.492 116.251 217.267 116.007
217.529 114.477 217.308 114.18
217.554 112.752 217.333 112.472
217.696 111.047 217.482 110.814
218.001 109.377 217.768 109.152
218.499 107.764 218.229 107.496
219.215 106.273 218.876 105.947
220.131 104.925 219.821 104.618
221.233 103.745 220.92 103.525
222.5 102.731 222.136 102.458
223.853 101.931 223.487 101.61
225.339 101.375 224.939 101.003
226.91 101.007 226.568 100.65
228.488 100.734 228.205 100.417
230.016 100.447 229.593 100.116
231.508 100.136 231.06 99.7867
232.933 99.7501 232.498 99.3488
234.199 99.2099 233.775 98.8026
235.208 98.5666 234.798 98.2227
236.08 97.8075 235.681 97.4617
236.654 96.8788 236.323 96.5669
237.053 95.9315 236.807 95.6287
237.469 94.9304 237.2 94.5791
237.747 93.7849 237.478 93.4205
237.969 92.5189 237.68 92.1034
238.159 91.1075 237.876 90.7367
238.288 89.532 238.062 89.0983
238.447 87.7646 238.218 87.4174
238.577 85.8189 238.379 85.4937
238.689 83.7365 238.482 83.4073
238.794 81.501 238.643 81.2159
238.906 79.14 238.726 78.8718
239.056 76.7297 238.861 76.4537
239.201 74.2535 238.961 73.9855
239.368 71.7261 239.106 71.4828
239.481 69.1157 239.218 68.907
239.579 66.4564 239.301 66.1923
239.701 63.7768 239.306 65.0591
239.86 61.1032 239.397 65.2102
240.006 58.4305 239.937 65.1997
240.16 55.854 240.626 60.8312
240.331 53.3035 242.52 59.3959
240.471 50.7962 242.654 61.6421
240.614 48.2997 244.244 58.9961
240.771 45.8573 245.125 58.0372
240.948 43.4408 247.164 57.5631
241.162 41.1186 247.626 57.6776
241.385 38.9398 249.234 57.0973
241.61 36.8629 251.856 59.0305
241.816 34.8049 255.276 61.9447
241.998 32.7978 255.782 64.5747
242.184 30.928 257.791 64.2772
242.337 29.2143 259.289 61.538
242.432 27.6821 262.398 63.7626
242.479 26.301 263.678 59.9069
242.466 25.064 263.614 62.9387
242.409 23.9679 265.608 62.6144
242.275 23.0239 266.761 62.8739
242.149 22.2492 263.693 63.9276
242.027 21.6752 264.181 64.5897
241.888 21.194 264.683 63.0696
241.743 20.7193 265.299 64.884
241.586 20.2574 265.637 63.3508
241.362 19.7549 265.26 65.2458
241.001 19.0978 266.254 69.5415
240.465 18.3464 267.33 69.0359
239.744 17.5544 268.273 64.8794
238.801 16.8107 270.525 64.465
237.646 16.1686 270.679 63.5675
236.244 15.6815 270.342 63.598
234.595 15.3265 272.414 59.3468
232.72 15.0944 272.981 58.7062
230.65 14.9404 282.916 58.9696
228.39 14.8646 282.916 58.9696
225.953 14.8218 282.916 58.9696
223.337 14.7964 282.916 58.9696
220.563 14.762 282.916 58.9696
217.631 14.7082 282.916 58.9696
214.568 14.6052 282.916 58.9696
211.386 14.459 282.916 58.9696
208.096 14.3009 282.916 58.9696
204.744 14.1094 282.916 58.9696
201.336 13.8873 282.916 58.9696
197.892 13.6658 282.916 58.9696
194.403 13.4347 282.916 58.9696
190.876 13.1983 282.916 58.9696
187.299 12.9834 282.916 58.9696
183.673 12.7941 282.916 58.9696
179.987 12.6212 282.916 58.9696
176.246 12.4508 282.916 58.9696
172.45 12.284 282.916 58.9696
168.615 12.1239 282.916 58.9696
164.728 11.9612 282.916 58.9696
160.835 11.7788 282.916 58.9696
156.912 11.5911 282.916 58.9696
152.976 11.4047 282.916 58.9696
148.998 11.2175 282.916 58.9696
145.065 10.9799 282.916 58.9696
141.138 10.7322 282.916 58.9696
137.217 10.4904 282.916 58.9696
133.354 10.2676 282.916 58.9696
129.518 10.0536 282.916 58.9696
125.796 9.84221 282.916 58.9696
122.227 9.62653 282.916 58.9696
118.791 9.43038 282.916 58.9696
115.532 9.25444 282.916 58.9696
112.436 9.10542 282.916 58.9696
109.539 8.97377 282.916 58.9696
106.884 8.85038 282.916 58.9696
104.429 8.74335 282.916 58.9696
102.187 8.63715 282.916 58.9696
100.164 8.41084 282.916 58.9696
98.3388 8.00436 282.916 58.9696
96.7221 7.39198 282.916 58.9696
95.2671 6.55899 282.916 58.9696
93.9915 5.53843 282.916 58.9696
92.9312 4.351 282.916 58.9696
92.1057 2.97184 282.916 58.9696
91.527 1.46182 282.916 58.9696
91.1806 -0.0849347 282.916 58.9696
90.9604 -1.66986 282.916 58.9696
90.8427 -3.29903 282.916 58.9696
90.7384 -5.0162 282.916 58.9696
90.6484 -6.82147 282.916 58.9696
90.5428 -8.73118 282.916 58.9696
90.4367 -10.7716 282.916 58.9696
90.3313 -12.9511 282.916 58.9696
90.2864 -15.2848 282.916 58.9696
90.3559 -17.7449 282.916 58.9696
90.5223 -20.3132 282.916 58.9696
90.7494 -22.9146 282.916 58.9696
90.9584 -25.499 282.916 58.9696
91.0988 -28.0601 282.916 58.9696
91.127 -30.6091 282.916 58.9696
91.0447 -33.1244 282.916 58.9696
90.8711 -35.6416 282.916 58.9696
90.6533 -38.1745 282.916 58.9696
90.4329 -40.7715 282.916 58.9696
90.2242 -43.4443 282.916 58.9696
90.0342 -46.1437 282.916 58.9696
89.8287 -48.8397 282.916 58.9696
89.5039 -51.5004 282.916 58.9696
88.9954 -54.1154 282.916 58.9696
88.3197 -56.6544 282.916 58.9696
87.5137 -59.1386 282.916 58.9696
86.6161 -61.6501 282.916 58.9696
85.6827 -64.1523 282.916 58.9696
84.7349 -66.6885 282.916 58.9696
83.7444 -69.2686 282.916 58.9696
82.6715 -71.8591 282.916 58.9696
81.457 -74.4337 282.916 58.9696
80.1359 -77.0519 282.916 58.9696
78.7591 -79.7072 282.916 58.9696
77.3842 -82.3612 282.916 58.9696
76.0061 -84.9769 282.916 58.9696
74.5608 -87.5376 282.916 58.9696
73.0378 -89.9981 282.916 58.9696
71.4191 -92.344 282.916 58.9696
69.7026 -94.5863 282.916 58.9696
67.9232 -96.7226 282.916 58.9696
66.1614 -98.7837 282.916 58.9696
64.4908 -100.751 282.916 58.9696
62.9755 -102.601 282.916 58.9696
61.6421 -104.32 282.916 58.9696
60.3806 -105.943 282.916 58.9696
59.1028 -107.534 282.916 58.9696
57.8239 -109.109 282.916 58.9696
56.5332 -110.657 282.916 58.9696
55.1825 -112.255 282.916 58.9696
53.7751 -113.919 282.916 58.9696
52.3668 -115.669 282.916 58.9696
50.9728 -117.54 282.916 58.9696
49.5886 -119.501 282.916 58.9696
48.1017 -121.547 282.916 58.9696
46.5606 -123.643 282.916 58.9696
44.9311 -125.83 282.916 58.9696
43.2505 -128.092 282.916 58.9696
41.5053 -130.415 282.916 58.9696
39.769 -132.741 282.916 58.9696
38.0213 -135.076 282.916 58.9696
36.2703 -137.397 282.916 58.9696
34.577 -139.733 282.916 58.9696
32.9082 -142.063 282.916 58.9696
31.2347 -144.364 282.916 58.9696
29.5517 -146.623 282.916 58.9696
27.8532 -148.877 282.916 58.9696
26.2085 -151.073 282.916 58.9696
24.6123 -153.201 282.916 58.9696
23.0999 -155.161 282.916 58.9696
21.6311 -157.005 282.916 58.9696
20.3007 -158.618 282.916 58.9696
19.0694 -160.079 282.916 58.9696
17.9818 -161.512 282.916 58.9696
17.1134 -163.042 282.916 58.9696
16.511 -164.64 282.916 58.9696
16.1241 -166.302 282.916 58.9696
15.9413 -168.066 282.916 58.9696
15.9252 -169.899 282.916 58.9696
15.9666 -171.794 282.916 58.9696
15.9682 -173.768 282.916 58.9696
15.9283 -175.797 282.916 58.9696
15.8333 -177.87 282.916 58.9696
15.7095 -180.029 282.916 58.9696
15.532 -182.211 282.916 58.9696
15.3627 -184.461 282.916 58.9696
15.1812 -186.742 282.916 58.9696
15.017 -189.048 282.916 58.9696
14.8327 -191.344 282.916 58.9696
14.6436 -193.677 282.916 58.9696
14.4377 -196.036 282.916 58.9696
14.2027 -198.448 282.916 58.9696
13.9507 -200.922 282.916 58.9696
13.7044 -203.427 282.916 58.9696
13.4589 -205.951 282.916 58.9696
13.2386 -208.477 282.916 58.9696
13.047 -211.0 282.916 58.9696
12.8551 -213.536 282.916 58.9696
12.6614 -216.083 282.916 58.9696
12.4331 -218.665 282.916 58.9696
12.2092 -221.266 282.916 58.9696
12.0095 -223.923 282.916 58.9696
11.8062 -226.591 282.916 58.9696
11.572 -229.281 282.916 58.9696
11.3102 -231.959 282.916 58.9696
11.076 -234.672 282.916 58.9696
10.816 -237.34 282.916 58.9696
10.544 -240.005 282.916 58.9696
10.3195 -242.625 282.916 58.9696
10.106 -245.24 282.916 58.9696
9.91033 -247.8 282.916 58.9696
9.73558 -250.334 282.916 58.9696
9.56537 -252.763 282.916 58.9696
9.40147 -255.093 282.916 58.9696
9.24838 -257.272 282.916 58.9696
9.07942 -259.364 282.916 58.9696
8.76649 -261.049 282.916 58.9696
8.45409 -262.732 282.916 58.9696
8.14207 -264.413 282.916 58.9696
7.83065 -266.093 282.916 58.9696
7.51959 -267.772 282.916 58.9696
7.21193 -269.091 282.916 58.9696
6.97294 -270.081 282.916 58.9696
6.82924 -270.923 282.916 58.9696
6.77571 -271.689 282.916 58.9696
6.82644 -272.449 282.916 58.9696
6.98455 -273.191 282.916 58.9696
7.23763 -273.937 282.916 58.9696
7.63491 -274.708 282.916 58.9696
8.26445 -275.458 282.916 58.9696
9.55131 -276.03 282.916 58.9696
10.8286 -276.582 282.916 58.9696
12.0931 -277.115 282.916 58.9696
13.3424 -277.632 282.916 58.9696
14.5729 -278.135 282.916 58.9696
16.2289 -278.511 282.916 58.9696
18.2263 -278.749 282.916 58.9696
20.4463 -278.952 282.916 58.9696
22.8254 -279.082 282.916 58.9696
25.3763 -279.199 282.916 58.9696
28.0546 -279.367 282.916 58.9696
30.8422 -279.556 282.916 58.9696
33.6731 -279.748 282.916 58.9696
36.6079 -279.97 282.916 58.9696
39.5709 -280.196 282.916 58.9696
42.5737 -280.413 282.916 58.9696
45.6197 -280.623 282.916 58.9696
48.6866 -280.825 282.916 58.9696
51.7289 -281.037 282.916 58.9696
54.7931 -281.27 282.916 58.9696
57.8613 -281.457 282.916 58.9696
60.9464 -281.694 282.916 58.9696
64.0097 -282.0 282.916 58.9696
67.0949 -282.246 282.916 58.9696
70.1555 -282.454 282.916 58.9696
73.228 -282.631 282.916 58.9696
76.2706 -282.8 282.916 58.9696
79.317 -283.018 282.916 58.9696
82.3235 -283.272 282.916 58.9696
85.375 -283.526 282.916 58.9696
88.3434 -283.766 282.916 58.9696
91.3582 -284.034 282.916 58.9696
94.3448 -284.331 282.916 58.9696
97.3423 -284.667 282.916 58.9696
100.306 -285.083 282.916 58.9696
103.233 -285.542 282.916 58.9696
106.129 -285.998 282.916 58.9696
109.007 -286.485 282.916 58.9696
111.86 -286.936 282.916 58.9696
114.665 -287.354 282.916 58.9696
117.436 -287.774 282.916 58.9696
120.084 -288.19 282.916 58.9696
122.629 -288.577 282.916 58.9696
125.082 -288.988 282.916 58.9696
127.382 -289.438 282.916 58.9696
129.525 -289.902 282.916 58.9696
131.439 -290.368 282.916 58.9696
133.189 -290.846 282.916 58.9696
134.789 -291.308 282.916 58.9696
136.36 -291.727 282.916 58.9696
137.961 -292.043 282.916 58.9696
139.538 -292.222 282.916 58.9696
141.132 -292.181 282.916 58.9696
142.635 -291.396 282.916 58.9696
144.044 -290.296 282.916 58.9696
145.419 -289.197 282.916 58.9696
146.762 -288.106 282.916 58.9696
148.077 -287.029 282.916 58.9696
149.306 -285.833 282.916 58.9696
150.224 -283.925 282.916 58.9696
151.148 -281.926 282.916 58.9696
152.146 -279.855 282.916 58.9696
153.209 -277.685 282.916 58.9696
154.371 -275.421 282.916 58.9696
155.634 -273.05 282.916 58.9696
156.967 -270.591 282.916 58.9696
158.343 -268.072 282.916 58.9696
159.743 -265.543 282.916 58.9696
161.212 -262.976 282.916 58.9696
162.759 -260.533 282.916 58.9696
164.396 -258.137 282.916 58.9696
166.083 -255.791 282.916 58.9696
167.785 -253.421 282.916 58.9696
169.471 -250.991 282.916 58.9696
171.103 -248.516 282.916 58.9696
172.702 -245.979 282.916 58.9696
174.227 -243.407 282.916 58.9696
175.693 -240.82 282.916 58.9696
177.109 -238.186 282.916 58.9696
178.478 -235.56 282.916 58.9696
179.851 -232.964 282.916 58.9696
181.204 -230.402 282.916 58.9696
182.57 -227.87 282.916 58.9696
183.934 -225.393 282.916 58.9696
185.243 -222.962 282.916 58.9696
186.534 -220.587 282.916 58.9696
187.742 -218.317 282.916 58.9696
188.895 -216.115 282.916 58.9696
189.949 -214.062 282.916 58.9696
190.917 -212.138 282.916 58.9696
191.813 -210.362 282.916 58.9696
192.618 -208.786 282.916 58.9696
193.351 -207.386 282.916 58.9696
194.007 -206.211 282.916 58.9696
194.579 -205.242 282.916 58.9696
195.041 -204.515 282.916 58.9696
195.462 -203.931 282.916 58.9696
195.917 -203.373 282.916 58.9696
196.461 -202.875 282.916 58.9696
196.951 -202.33 282.916 58.9696
197.534 -201.726 282.916 58.9696
198.26 -200.895 282.916 58.9696
199.107 -199.863 282.916 58.9696
200.101 -198.651 282.916 58.9696
201.146 -197.253 282.916 58.9696
202.234 -195.732 282.916 58.9696
203.351 -193.955 282.916 58.9696
204.502 -191.952 282.916 58.9696
205.653 -189.947 282.916 58.9696
206.803 -187.943 282.916 58.9696
207.953 -185.94 282.916 58.9696
209.1 -183.947 282.916 58.9696
210.347 -181.695 282.916 58.9696
211.625 -179.391 282.916 58.9696
212.902 -177.088 282.916 58.9696
214.188 -174.792 282.916 58.9696
215.457 -172.506 282.916 58.9696
216.717 -170.263 282.916 58.9696
217.945 -168.039 282.916 58.9696
219.102 -165.953 282.916 58.9696
220.165 -164.01 282.916 58.9696
221.084 -162.218 282.916 58.9696
221.867 -160.574 282.916 58.9696
222.53 -158.96 282.916 58.9696
223.003 -157.294 282.916 58.9696
223.28 -155.633 282.916 58.9696
223.381 -153.945 282.916 58.9696
223.327 -152.194 282.916 58.9696
223.185 -150.343 282.916 58.9696
223.004 -148.383 282.916 58.9696
222.825 -146.286 282.916 58.9696
222.644 -144.041 282.916 58.9696
222.436 -141.645 282.916 58.9696
222.259 -139.12 282.916 58.9696
222.118 -136.433 282.916 58.9696
221.995 -133.619 282.916 58.9696
221.894 -130.715 282.916 58.9696
221.75 -127.689 282.916 58.9696
221.606 -124.638 282.916 58.9696
221.44 -121.591 282.916 58.9696
221.243 -118.52 282.916 58.9696
221.036 -115.515 282.916 58.9696
220.838 -112.517 282.916 58.9696
220.645 -109.571 282.916 58.9696
220.477 -106.665 282.916 58.9696
220.32 -103.757 282.916 58.9696
220.17 -100.889 282.916 58.9696
220.016 -98.0475 282.916 58.9696
219.832 -95.2596 282.916 58.9696
219.626 -92.5668 282.916 58.9696
219.438 -90.0119 282.916 58.9696
219.265 -87.6082 282.916 58.9696
219.116 -85.4127 282.916 58.9696
219.023 -83.4001 282.916 58.9696
219.038 -81.557 282.916 58.9696
219.181 -79.808 282.916 58.9696
219.497 -78.1104 282.916 58.9696
219.968 -76.4766 282.916 58.9696
220.705 -74.966 282.916 58.9696
221.768 -73.6354 282.916 58.9696
223.067 -72.5072 282.916 58.9696
224.57 -71.5503 282.916 58.9696
226.303 -70.7974 282.916 58.9696
228.195 -70.2652 282.916 58.9696
230.203 -69.9556 282.916 58.9696
232.335 -69.7611 282.916 58.9696
234.535 -69.64 282.916 58.9696
236.785 -69.5821 282.916 58.9696
239.133 -69.5355 282.916 58.9696
241.53 -69.4881 282.916 58.9696
244.043 -69.4497 282.916 58.9696
246.652 -69.3384 282.916 58.9696
249.331 -69.1858 282.916 58.9696
252.078 -69.0482 282.916 58.9696
254.95 -68.9023 282.916 58.9696
257.911 -68.7567 282.916 58.9696
260.97 -68.5872 282.916 58.9696
264.135 -68.4038 282.916 58.9696
267.325 -68.2267 282.916 58.9696
270.539 -68.0303 282.916 58.9696
273.749 -67.8442 282.916 58.9696
276.933 -67.6598 282.916 58.9696
280.103 -67.4563 282.916 58.9696
283.26 -67.2488 282.916 58.9696
286.398 -67.0433 282.916 58.9696
289.558 -66.8289 282.916 58.9696
292.697 -66.6192 282.916 58.9696
295.818 -66.4079 282.916 58.9696
298.903 -66.2215 282.916 58.9696
301.971 -65.999 282.916 58.9696
305.014 -65.7448 282.916 58.9696
308.026 -65.4805 282.916 58.9696
311.029 -65.1679 282.916 58.9696
314.024 -64.7996 282.916 58.9696
316.979 -64.3955 282.916 58.9696
319.931 -63.9443 282.916 58.9696
322.898 -63.541 282.916 58.9696
325.899 -63.1906 282.916 58.9696
328.895 -62.8685 282.916 58.9696
331.922 -62.643 282.916 58.9696
334.935 -62.5014 282.916 58.9696
337.974 -62.3533 282.916 58.9696
341.039 -62.2183 282.916 58.9696
344.031 -62.0718 282.916 58.9696
347.02 -61.9569 282.916 58.9696
349.962 -61.8244 282.916 58.9696
352.788 -61.7342 282.916 58.9696
355.507 -61.6466 282.916 58.9696
358.113 -61.5652 282.916 58.9696
360.589 -61.5557 282.916 58.9696
362.882 -61.5836 282.916 58.9696
364.972 -61.6182 282.916 58.9696
366.996 -61.632 282.916 58.9696
369.028 -61.6521 282.916 58.9696
371.013 -61.5938 282.916 58.9696
373.016 -61.4454 282.916 58.9696
375.091 -61.1821 282.916 58.9696
377.265 -60.8497 282.916 58.9696
379.59 -60.523 282.916 58.9696
382.033 -60.2375 282.916 58.9696
384.624 -59.9974 282.916 58.9696
387.325 -59.8435 282.916 58.9696
390.16 -59.768 282.916 58.9696
393.093 -59.7653 282.916 58.9696
396.16 -59.7616 282.916 58.9696
399.34 -59.7132 282.916 58.9696
402.56 -59.6468 282.916 58.9696
405.772 -59.5288 282.916 58.9696
408.98 -59.3744 282.916 58.9696
412.156 -59.2059 282.916 58.9696
415.313 -59.0265 282.916 58.9696
418.461 -58.8597 282.916 58.9696
421.557 -58.685 282.916 58.9696
424.624 -58.5271 282.916 58.9696
427.616 -58.3917 282.916 58.9696
430.458 -58.2325 282.916 58.9696
433.169 -58.057 282.916 58.9696
435.746 -57.8406 282.916 58.9696
438.174 -57.5691 282.916 58.9696
440.456 -57.26 282.916 58.9696
442.573 -56.9145 282.916 58.9696
444.488 -56.5323 282.916 58.9696
446.192 -56.2444 282.916 58.9696
447.763 -56.1296 282.916 58.9696
448.909 -56.8575 282.916 58.9696
450.009 -57.5666 282.916 58.9696
451.068 -58.2483 282.916 58.9696
452.086 -58.8936 282.916 58.9696
453.073 -59.4975 282.916 58.9696
453.673 -60.4355 282.916 58.9696
453.954 -61.6684 282.916 58.9696
454.137 -63.0551 282.916 58.9696
454.21 -64.613 282.916 58.9696
454.261 -66.3168 282.916 58.9696
454.349 -68.1686 282.916 58.9696
454.448 -70.1649 282.916 58.9696
454.553 -72.2875 282.916 58.9696
454.689 -74.5618 282.916 58.9696
454.843 -76.9738 282.916 58.9696
454.994 -79.4997 282.916 58.9696
455.178 -82.104 282.916 58.9696
455.363 -84.8388 282.916 58.9696
455.499 -87.6354 282.916 58.9696
455.63 -90.4832 282.916 58.9696
455.787 -93.3841 282.916 58.9696
455.948 -96.3009 282.916 58.9696
456.109 -99.2281 282.916 58.9696
456.282 -102.159 282.916 58.9696
456.44 -105.06 282.916 58.9696
456.565 -107.967 282.916 58.9696
456.704 -110.853 282.916 58.9696
456.863 -113.704 282.916 58.9696
457.007 -116.548 282.916 58.9696
457.152 -119.319 282.916 58.9696
457.322 -122.057 282.916 58.9696
457.515 -124.783 282.916 58.9696
457.758 -127.476 282.916 58.9696
458.091 -130.119 282.916 58.9696
458.504 -132.753 282.916 58.9696
458.977 -135.326 282.916 58.9696
459.512 -137.905 282.916 58.9696
460.113 -140.409 282.916 58.9696
460.772 -142.913 282.916 58.9696
461.49 -145.34 282.916 58.9696
462.318 -147.735 282.916 58.9696
463.191 -150.103 282.916 58.9696
464.103 -152.414 282.916 58.9696
465.065 -154.717 282.916 58.9696
466.056 -156.963 282.916 58.9696
467.112 -159.169 282.916 58.9696
468.218 -161.323 282.916 58.9696
469.353 -163.407 282.916 58.9696
470.534 -165.441 282.916 58.9696
471.732 -167.41 282.916 58.9696
472.919 -169.219 282.916 58.9696
474.075 -170.884 282.916 58.9696
475.137 -172.393 282.916 58.9696
476.082 -173.735 282.916 58.9696
476.861 -174.942 282.916 58.9696
477.453 -175.991 282.916 58.9696
477.938 -177.002 282.916 58.9696
478.31 -178.056 282.916 58.9696
478.505 -179.128 282.916 58.9696
478.591 -180.182 282.916 58.9696
478.495 -181.298 282.916 58.9696
478.245 -182.475 282.916 58.9696
477.694 -183.643 282.916 58.9696
476.951 -184.888 282.916 58.9696
475.88 -186.18 282.916 58.9696
474.511 -187.531 282.916 58.9696
472.901 -188.961 282.916 58.9696
471.065 -190.462 282.916 58.9696
469.033 -192.064 282.916 58.9696
466.867 -193.802 282.916 58.9696
464.532 -195.63 282.916 58.9696
462.129 -197.482 282.916 58.9696
459.723 -199.356 282.916 58.9696
457.324 -201.244 282.916 58.9696
454.936 -203.145 282.916 58.9696
452.572 -205.047 282.916 58.9696
450.219 -206.956 282.916 58.9696
447.89 -208.854 282.916 58.9696
445.561 -210.739 282.916 58.9696
443.243 -212.595 282.916 58.9696
440.94 -214.456 282.916 58.9696
438.665 -216.302 282.916 58.9696
436.375 -218.193 282.916 58.9696
434.035 -220.122 282.916 58.9696
431.647 -222.119 282.916 58.9696
429.213 -224.14 282.916 58.9696
426.799 -226.16 282.916 58.9696
424.387 -228.18 282.916 58.9696
421.975 -230.199 282.916 58.9696
419.563 -232.219 282.916 58.9696
417.151 -234.238 282.916 58.9696
414.84 -236.197 282.916 58.9696
412.722 -238.006 282.916 58.9696
410.902 -239.166 282.916 58.9696
409.086 -240.324 282.916 58.9696
407.274 -241.48 282.916 58.9696
405.466 -242.637 282.916 58.9696
403.579 -243.776 282.916 58.9696
401.962 -244.073 282.916 58.9696
400.344 -243.935 282.916 58.9696
398.825 -243.431 282.916 58.9696
397.385 -242.596 282.916 58.9696
396.047 -241.492 282.916 58.9696
394.784 -240.169 282.916 58.9696
393.644 -238.707 282.916 58.9696
392.611 -237.025 282.916 58.9696
391.686 -235.132 282.916 58.9696
390.876 -233.042 282.916 58.9696
390.193 -230.737 282.916 58.9696
389.577 -228.259 282.916 58.9696
389.044 -225.596 282.916 58.9696
388.628 -222.77 282.916 58.9696
388.243 -219.783 282.916 58.9696
387.854 -216.66 282.916 58.9696
387.488 -213.454 282.916 58.9696
387.13 -210.187 282.916 58.9696
386.801 -206.882 282.916 58.9696
386.496 -203.539 282.916 58.9696
386.209 -200.166 282.916 58.9696
385.947 -196.796 282.916 58.9696
385.707 -193.429 282.916 58.9696
385.484 -190.099 282.916 58.9696
385.301 -186.786 282.916 58.9696
385.134 -183.511 282.916 58.9696
384.982 -180.27 282.916 58.9696
384.829 -177.061 282.916 58.9696
384.687 -173.885 282.916 58.9696
384.564 -170.742 282.916 58.9696
384.439 -167.64 282.916 58.9696
384.347 -164.609 282.916 58.9696
384.281 -161.695 282.916 58.9696
384.247 -158.947 282.916 58.9696
384.247 -156.376 282.916 58.9696
384.224 -153.975 282.916 58.9696
384.141 -151.742 282.916 58.9696
383.966 -149.693 282.916 58.9696
383.67 -147.906 282.916 58.9696
383.165 -146.391 282.916 58.9696
382.402 -145.093 282.916 58.9696
381.374 -144.04 282.916 58.9696
380.157 -143.257 282.916 58.9696
378.76 -142.75 282.916 58.9696
377.205 -142.421 282.916 58.9696
375.563 -142.272 282.916 58.9696
373.798 -142.162 282.916 58.9696
371.932 -142.14 282.916 58.9696
369.919 -142.121 282.916 58.9696
367.76 -142.115 282.916 58.9696
365.443 -142.153 282.916 58.9696
362.972 -142.238 282.916 58.9696
360.329 -142.334 282.916 58.9696
357.522 -142.469 282.916 58.9696
354.557 -142.639 282.916 58.9696
351.511 -142.787 282.916 58.9696
348.393 -142.952 282.916 58.9696
345.222 -143.117 282.916 58.9696
342.025 -143.288 282.916 58.9696
338.826 -143.492 282.916 58.9696
335.627 -143.673 282.916 58.9696
332.446 -143.864 282.916 58.9696
329.27 -144.083 282.916 58.9696
326.062 -144.292 282.916 58.9696
322.795 -144.478 282.916 58.9696
319.48 -144.642 282.916 58.9696
316.11 -144.815 282.916 58.9696
312.678 -145.015 282.916 58.9696
309.198 -145.23 282.916 58.9696
305.689 -145.436 282.916 58.9696
302.145 -145.64 282.916 58.9696
298.595 -145.849 282.916 58.9696
295.046 -146.074 282.916 58.9696
291.559 -146.312 282.916 58.9696
288.056 -146.544 282.916 58.9696
284.591 -146.755 282.916 58.9696
281.138 -146.963 282.916 58.9696
277.683 -147.177 282.916 58.9696
274.247 -147.372 282.916 58.9696
270.9 -147.524 282.916 58.9696
267.514 -147.704 282.916 58.9696
264.189 -147.89 282.916 58.9696
260.928 -148.08 282.916 58.9696
257.705 -148.247 282.916 58.9696
254.524 -148.422 282.916 58.9696
251.487 -148.595 282.916 58.9696
248.564 -148.751 282.916 58.9696
245.803 -148.907 282.916 58.9696
243.207 -149.071 282.916 58.9696
240.773 -149.24 282.916 58.9696
238.516 -149.41 282.916 58.9696
236.486 -149.573 282.916 58.9696
234.654 -149.74 282.916 58.9696
233.008 -149.863 282.916 58.9696
231.523 -149.906 282.916 58.9696
230.194 -149.789 282.916 58.9696
228.941 -149.527 282.916 58.9696
227.779 -149.087 282.916 58.9696
226.698 -148.509 282.916 58.9696
225.657 -147.698 282.916 58.9696
224.73 -146.703 282.916 58.9696
223.949 -145.503 282.916 58.9696
223.311 -144.068 282.916 58.9696
222.822 -142.464 282.916 58.9696
222.478 -140.72 282.916 58.9696
222.275 -138.794 282.916 58.9696
222.122 -136.708 282.916 58.9696
222.01 -134.423 282.916 58.9696
221.945 -131.985 282.916 58.9696
221.901 -129.368 282.916 58.9696
221.87 -126.551 282.916 58.9696
221.85 -123.649 282.916 58.9696
221.813 -120.664 282.916 58.9696
221.737 -117.647 282.916 58.9696
221.657 -114.635 282.916 58.9696
221.514 -111.631 282.916 58.9696
221.282 -108.702 282.916 58.9696
221.097 -105.773 282.916 58.9696
220.918 -102.852 282.916 58.9696
220.766 -99.978 282.916 58.9696
220.598 -97.1319 282.916 58.9696
220.431 -94.3241 282.916 58.9696
220.307 -91.5938 282.916 58.9696
220.183 -89.0479 282.916 58.9696
220.042 -86.7147 282.916 58.9696
219.898 -84.6474 282.916 58.9696
219.783 -82.8486 282.916 58.9696
219.699 -81.325 282.916 58.9696
219.693 -79.9274 282.916 58.9696
219.837 -78.5505 282.916 58.9696
220.124 -77.2274 282.916 58.9696
220.585 -75.9566 282.916 58.9696
221.161 -74.7603 282.916 58.9696
222.017 -73.6311 282.916 58.9696
223.065 -72.5837 282.916 58.9696
224.31 -71.6787 282.916 58.9696
225.771 -70.9708 282.916 58.9696
227.236 -70.3856 282.916 58.9696
228.711 -69.9868 282.916 58.9696
230.235 -69.7166 282.916 58.9696
231.806 -69.5662 282.916 58.9696
233.426 -69.4779 282.916 58.9696
235.056 -69.3964 282.916 58.9696
236.69 -69.2919 282.916 58.9696
238.317 -69.0847 282.916 58.9696
239.898 -68.7077 282.916 58.9696
241.289 -68.2168 282.916 58.9696
242.497 -67.4447 282.916 58.9696
243.534 -66.4592 282.916 58.9696
244.371 -65.2972 282.916 58.9696
244.986 -64.0181 282.916 58.9696
245.366 -62.5892 282.916 58.9696
245.503 -61.0668 282.916 58.9696
245.534 -59.4832 282.916 58.9696
245.462 -57.7829 282.916 58.9696
245.343 -55.9158 282.916 58.9696
245.234 -53.8773 282.916 58.9696
245.141 -51.6648 282.916 58.9696
245.059 -49.2687 282.916 58.9696
244.986 -46.7097 282.916 58.9696
244.908 -44.0053 282.916 58.9696
244.771 -41.1579 282.916 58.9696
244.62 -38.1373 282.916 58.9696
244.45 -34.9976 282.916 58.9696
244.248 -31.7552 282.916 58.9696
244.057 -28.5157 282.916 58.9696
243.891 -25.2799 282.916 58.9696
243.719 -22.0641 282.916 58.9696
243.497 -18.8694 282.916 58.9696
243.251 -15.7292 282.916 58.9696
242.995 -12.6468 282.916 58.9696
242.729 -9.69718 282.916 58.9696
242.474 -6.90497 282.916 58.9696
242.253 -4.29605 282.916 58.9696
242.055 -1.91013 282.916 58.9696
241.874 0.236394 282.916 58.9696
241.734 2.12728 282.916 58.9696
241.652 3.72838 282.916 58.9696
241.628 5.01516 282.916 58.9696
241.646 6.04276 282.916 58.9696
241.693 6.84525 282.916 58.9696
241.762 7.5446 282.916 58.9696
241.868 8.22585 282.916 58.9696
242.031 8.8842 282.916 58.9696
242.253 9.53687 282.916 58.9696
242.646 10.3162 282.916 58.9696
243.206 11.201 282.916 58.9696
243.958 12.0709 282.916 58.9696
244.955 12.8564 282.916 58.9696
246.227 13.5269 282.916 58.9696
247.763 14.0234 282.916 58.9696
249.535 14.3484 282.916 58.9696
251.538 14.4879 282.916 58.9696
253.758 14.5548 282.916 58.9696
256.182 14.6199 282.916 58.9696
258.805 14.6882 282.916 58.9696
261.601 14.767 282.916 58.9696
264.608 14.8939 282.916 58.9696
267.808 14.9877 282.916 58.9696
271.154 15.0987 282.916 58.9696
274.654 15.2242 282.916 58.9696
278.22 15.3458 282.916 58.9696
281.892 15.491 282.916 58.9696
285.583 15.6457 282.916 58.9696
289.317 15.8256 282.916 58.9696
293.055 15.9994 282.916 58.9696
296.791 16.1486 282.916 58.9696
300.57 16.3153 282.916 58.9696
304.37 16.4803 282.916 58.9696
308.161 16.6472 282.916 58.9696
311.982 16.8065 282.916 58.9696
315.816 16.9636 282.916 58.9696
319.643 17.1089 282.916 58.9696
323.453 17.2593 282.916 58.9696
327.263 17.4087 282.916 58.9696
331.035 17.5519 282.916 58.9696
334.789 17.703 282.916 58.9696
338.502 17.8533 282.916 58.9696
342.124 18.0252 282.916 58.9696
345.606 18.1934 282.916 58.9696
348.918 18.3735 282.916 58.9696
352.122 18.5583 282.916 58.9696
355.18 18.701 282.916 58.9696
358.052 18.8167 282.916 58.9696
360.737 18.8963 282.916 58.9696
363.194 18.964 282.916 58.9696
365.435 19.0085 282.916 58.9696
367.416 19.0761 282.916 58.9696
369.164 19.1907 282.916 58.9696
370.756 19.3672 282.916 58.9696
372.244 19.7647 282.916 58.9696
373.59 20.4415 282.916 58.9696
374.742 21.3878 282.916 58.9696
375.665 22.5484 282.916 58.9696
376.335 23.9336 282.916 58.9696
376.658 25.4641 282.916 58.9696
376.658 27.1276 282.916 58.9696
376.43 28.8523 282.916 58.9696
376.116 30.6848 282.916 58.9696
375.767 32.6381 282.916 58.9696
375.42 34.7831 282.916 58.9696
375.053 37.1042 282.916 58.9696
374.707 39.59 282.916 58.9696
374.429 42.2518 282.916 58.9696
374.186 45.0526 282.916 58.9696
373.964 48.0089 282.916 58.9696
373.754 51.0767 282.916 58.9696
373.554 54.2531 282.916 58.9696
373.362 57.4889 282.916 58.9696
373.197 60.7458 282.916 58.9696
373.023 64.034 282.916 58.9696
372.85 67.3081 282.916 58.9696
372.669 70.5694 282.916 58.9696
372.466 73.8059 282.916 58.9696
372.296 77.0165 282.916 58.9696
372.157 80.1845 282.916 58.9696
372.06 83.3066 282.916 58.9696
372.01 86.2944 282.916 58.9696
371.996 89.127 282.916 58.9696
371.985 91.8108 282.916 58.9696
371.962 94.4319 282.916 58.9696
371.84 97.0269 282.916 58.9696
371.606 99.5941 282.916 58.9696
371.302 102.216 282.916 58.9696
370.992 104.911 282.916 58.9696
370.685 107.738 282.916 58.9696
370.388 110.668 282.916 58.9696
370.165 113.797 282.916 58.9696
369.963 117.036 282.916 58.9696
369.784 120.413 282.916 58.9696
369.702 123.918 282.916 58.9696
369.664 127.471 282.916 58.9696
369.659 131.028 282.916 58.9696
369.648 134.554 282.916 58.9696
369.609 138.07 282.916 58.9696
369.456 141.554 282.916 58.9696
369.286 145.023 282.916 58.9696
369.099 148.466 282.916 58.9696
368.908 151.882 282.916 58.9696
368.708 155.288 282.916 58.9696
368.452 158.648 282.916 58.9696
368.197 161.977 282.916 58.9696
367.935 165.272 282.916 58.9696
367.658 168.513 282.916 58.9696
367.404 171.7 282.916 58.9696
367.137 174.9 282.916 58.9696
366.867 178.097 282.916 58.9696
366.674 181.316 282.916 58.9696
366.543 184.556 282.916 58.9696
366.436 187.839 282.916 58.9696
366.328 191.14 282.916 58.9696
366.223 194.469 282.916 58.9696
366.18 197.846 282.916 58.9696
366.188 201.26 282.916 58.9696
366.206 204.683 282.916 58.9696
366.247 208.086 282.916 58.9696
366.31 211.471 282.916 58.9696
366.402 214.818 282.916 58.9696
366.53 218.081 282.916 58.9696
366.727 221.202 282.916 58.9696
366.957 224.168 282.916 58.9696
367.192 227.02 282.916 58.9696
367.421 229.701 282.916 58.9696
367.673 232.184 282.916 58.9696
368.003 234.428 282.916 58.9696
368.424 236.438 282.916 58.9696
368.9 238.259 282.916 58.9696
369.352 239.901 282.916 58.9696
369.738 241.411 282.916 58.9696
370.038 242.783 282.916 58.9696
370.267 244.035 282.916 58.9696
370.366 245.271 282.916 58.9696
370.396 246.478 282.916 58.9696
370.365 247.666 282.916 58.9696
370.322 248.92 282.916 58.9696
370.302 250.217 282.916 58.9696
370.309 251.507 282.916 58.9696
370.379 252.784 282.916 58.9696
370.477 254.052 282.916 58.9696
370.636 255.23 282.916 58.9696
370.781 256.27 282.916 58.9696
370.949 257.24 282.916 58.9696
371.054 258.2 282.916 58.9696
371.079 259.142 282.916 58.9696
371.003 260.14 282.916 58.9696
370.75 261.205 282.916 58.9696
370.325 262.344 282.916 58.9696
369.671 263.513 282.916 58.9696
368.735 264.684 282.916 58.9696
367.489 265.771 282.916 58.9696
365.937 266.72 282.916 58.9696
364.087 267.508 282.916 58.9696
361.994 268.15 282.916 58.9696
359.697 268.667 282.916 58.9696
357.154 269.051 282.916 58.9696
354.416 269.289 282.916 58.9696
351.474 269.539 282.916 58.9696
348.348 269.805 282.916 58.9696
345.073 270.078 282.916 58.9696
341.709 270.346 282.916 58.9696
338.24 270.599 282.916 58.9696
334.652 270.829 282.916 58.9696
331.095 271.009 282.916 58.9696
327.501 271.143 282.916 58.9696
323.945 271.232 282.916 58.9696
320.412 271.276 282.916 58.9696
316.906 271.264 282.916 58.9696
313.423 271.191 282.916 58.9696
309.971 271.077 282.916 58.9696
306.545 270.919 282.916 58.9696
303.127 270.706 282.916 58.9696
299.715 270.436 282.916 58.9696
296.286 270.14 282.916 58.9696
292.84 269.799 282.916 58.9696
289.369 269.415 282.916 58.9696
285.868 268.995 282.916 58.9696
282.353 268.526 282.916 58.9696
278.815 268.012 282.916 58.9696
275.249 267.454 282.916 58.9696
271.668 266.854 282.916 58.9696
268.065 266.184 282.916 58.9696
264.456 265.454 282.916 58.9696
260.807 264.658 282.916 58.9696
257.133 263.79 282.916 58.9696
253.479 262.893 282.916 58.9696
249.841 261.918 282.916 58.9696
246.234 260.894 282.916 58.9696
242.64 259.83 282.916 58.9696
239.052 258.719 282.916 58.9696
235.48 257.568 282.916 58.9696
231.918 256.364 282.916 58.9696
228.369 255.107 282.916 58.9696
224.865 253.809 282.916 58.9696
221.386 252.473 282.916 58.9696
217.931 251.122 282.916 58.9696
214.488 249.748 282.916 58.9696
211.078 248.352 282.916 58.9696
207.687 246.912 282.916 58.9696
204.322 245.423 282.916 58.9696
200.984 243.897 282.916 58.9696
197.658 242.34 282.916 58.9696
194.389 240.739 282.916 58.9696
191.167 239.098 282.916 58.9696
187.973 237.422 282.916 58.9696
184.804 235.734 282.916 58.9696
181.661 234.013 282.916 58.9696
178.554 232.232 282.916 58.9696
175.406 230.379 282.916 58.9696
172.166 228.469 282.916 58.9696
168.96 226.52 282.916 58.9696
165.78 224.495 282.916 58.9696
162.641 222.423 282.916 58.9696
159.559 220.318 282.916 58.9696
156.519 218.195 282.916 58.9696
153.52 216.037 282.916 58.9696
150.565 213.878 282.916 58.9696
147.642 211.691 282.916 58.9696
144.771 209.488 282.916 58.9696
141.932 207.229 282.916 58.9696
139.107 204.937 282.916 58.9696
136.324 202.576 282.916 58.9696
133.553 200.181 282.916 58.9696
130.786 197.72 282.916 58.9696
128.023 195.221 282.916 58.9696
125.287 192.645 282.916 58.9696
122.562 190.014 282.916 58.9696
119.867 187.327 282.916 58.9696
117.19 184.576 282.916 58.9696
114.523 181.782 282.916 58.9696
111.882 178.909 282.916 58.9696
109.246 175.984 282.916 58.9696
106.596 173.04 282.916 58.9696
103.954 170.068 282.916 58.9696
101.323 167.07 282.916 58.9696
98.6982 164.066 282.916 58.9696
96.0278 161.116 282.916 58.9696
93.3592 158.18 282.916 58.9696
90.7101 155.247 282.916 58.9696
88.0628 152.34 282.916 58.9696
85.4004 149.455 282.916 58.9696
82.7309 146.561 282.916 58.9696
80.0894 143.64 282.916 58.9696
77.457 140.702 282.916 58.9696
74.8243 137.766 282.916 58.9696
72.1865 134.821 282.916 58.9696
69.5542 131.887 282.916 58.9696
66.9179 128.958 282.916 58.9696
64.2998 126.036 282.916 58.9696
61.6983 123.126 282.916 58.9696
59.096 120.217 282.916 58.9696
56.4885 117.31 282.916 58.9696
53.873 114.419 282.916 58.9696
51.2586 111.511 282.916 58.9696
48.6362 108.596 282.916 58.9696
46.003 105.672 282.916 58.9696
43.3661 102.745 282.916 58.9696
40.7259 99.7851 282.916 58.9696
38.0695 96.8349 282.916 58.9696
35.4168 93.8733 282.916 58.9696
32.7574 90.8929 282.916 58.9696
30.103 87.9126 282.916 58.9696
27.4362 84.9213 282.916 58.9696
24.79 81.933 282.916 58.9696
22.1656 78.9488 282.916 58.9696
19.5546 75.9745 282.916 58.9696
16.9563 73.0276 282.916 58.9696
14.3635 70.1292 282.916 58.9696
11.7723 67.251 282.916 58.9696
9.19775 64.4153 282.916 58.9696
6.62229 61.6091 282.916 58.9696
4.08413 58.8316 282.916 58.9696
1.60798 56.1124 282.916 58.9696
-0.773922 53.4694 282.916 58.9696
-3.04592 50.9249 282.916 58.9696
-5.25612 48.4447 282.916 58.9696
-7.36548 46.0781 282.916 58.9696
-9.31846 43.8355 282.916 58.9696
-11.1046 41.7106 282.916 58.9696
-12.717 39.7029 282.916 58.9696
-14.1554 37.7378 282.916 58.9696
-15.3929 35.7638 282.916 58.9696
-16.4033 33.7428 282.916 58.9696
-17.1165 31.6696 282.916 58.9696
-17.5144 29.5661 282.916 58.9696
-17.5945 27.4708 282.916 58.9696
-17.337 25.4451 282.916 58.9696
-16.7598 23.5137 282.916 58.9696
-15.9113 21.7131 282.916 58.9696
-14.8724 20.0675 282.916 58.9696
-13.7938 18.4779 282.916 58.9696
-12.7465 16.905 282.916 58.9696
-11.7395 15.3671 282.916 58.9696
-10.8092 13.8732 282.916 58.9696
-9.97285 12.4641 282.916 58.9696
-9.2312 11.1441 282.916 58.9696
-8.57709 9.92565 282.916 58.9696
-8.02343 8.84301 282.916 58.9696
-7.57808 7.92688 282.916 58.9696
-7.22548 7.19561 282.916 58.9696
-6.88227 6.50916 282.916 58.9696
-6.49625 5.88026 282.916 58.9696
-6.09482 5.29983 282.916 58.9696
-5.64472 4.74575 282.916 58.9696
-5.07384 4.13046 282.916 58.9696
-4.33412 3.47337 282.916 58.9696
-3.45695 2.82803 282.916 58.9696
-2.43021 2.19941 282.916 58.9696
-1.17714 1.6193 282.916 58.9696
0.3018 1.10238 282.916 58.9696
2.02044 0.712833 282.916 58.9696
3.99253 0.528936 282.916 58.9696
6.16218 0.463744 282.916 58.9696
8.48903 0.497059 282.916 58.9696
10.9591 0.604811 282.916 58.9696
13.5692 0.680117 282.916 58.9696
16.3073 0.786507 282.916 58.9696
19.1449 0.905012 282.916 58.9696
22.0736 1.0504 282.916 58.9696
25.1355 1.24557 282.916 58.9696
28.2777 1.47706 282.916 58.9696
31.5049 1.72472 282.916 58.9696
34.7424 1.96662 282.916 58.9696
38.0277 2.23825 282.916 58.9696
41.3638 2.4815 282.916 58.9696
44.7103 2.71506 282.916 58.9696
48.0964 2.91476 282.916 58.9696
51.5088 3.09823 282.916 58.9696
54.9768 3.26826 282.916 58.9696
58.484 3.43758 282.916 58.9696
62.0085 3.63703 282.916 58.9696
65.579 3.85719 282.916 58.9696
69.1687 4.03686 282.916 58.9696
72.7528 4.25106 282.916 58.9696
76.2838 4.46503 282.916 58.9696
79.7989 4.66043 282.916 58.9696
83.2943 4.87128 282.916 58.9696
86.7357 5.08674 282.916 58.9696
90.1508 5.27507 282.916 58.9696
93.5677 5.41899 282.916 58.9696
