1.00073 -0.0515466 0.299072 -0.09375
3.96385 -0.46575 4.46875 -9.67334
6.8262 -1.28808 6.6499 -10.4609
9.52739 -2.48868 9.0166 -9.17773
12.0188 -4.03669 12.1956 -6.44775
14.2373 -5.91346 14.1309 -6.1333
16.155 -8.05965 16.7026 -3.20703
17.7358 -10.4357 18.5078 -2.5708
18.9849 -13.0239 19.6934 -3.8457
19.9486 -15.7882 21.0215 -4.34229
20.6454 -18.6907 22.0757 -4.85645
21.0745 -21.7416 22.6357 -5.9082
21.2407 -24.9311 23.3008 -4.41602
21.1697 -28.2425 23.8489 -0.703125
20.9398 -31.642 23.9121 0.352051
20.5853 -35.1147 24.2996 0.0136719
20.1108 -38.7673 24.8484 3.41504
19.5506 -42.6068 24.4075 2.31055
18.9223 -46.6485 25.0652 2.44238
18.2399 -50.8713 24.3762 -0.44873
17.5287 -55.2756 24.3762 -0.44873
16.8055 -59.87 24.3762 -0.44873
16.0655 -64.6615 24.3762 -0.44873
15.3106 -69.5915 24.3762 -0.44873
14.5538 -74.6568 24.3762 -0.44873
13.7761 -79.8642 24.3762 -0.44873
12.98 -85.1938 24.3762 -0.44873
12.1486 -90.6666 24.3762 -0.44873
11.2675 -96.2638 24.3762 -0.44873
10.3099 -101.955 24.3762 -0.44873
9.24638 -107.725 24.3762 -0.44873
8.08692 -113.581 24.3762 -0.44873
6.80828 -119.496 24.3762 -0.44873
5.40353 -125.479 24.3762 -0.44873
3.88011 -131.523 24.3762 -0.44873
2.25799 -137.625 24.3762 -0.44873
0.551587 -143.793 24.3762 -0.44873
-1.26111 -150.007 24.3762 -0.44873
-3.18765 -156.275 24.3762 -0.44873
-5.21197 -162.587 24.3762 -0.44873
-7.33146 -168.954 24.3762 -0.44873
-9.55783 -175.367 24.3762 -0.44873
-11.8623 -181.83 24.3762 -0.44873
-14.2555 -188.344 24.3762 -0.44873
-16.7532 -194.901 24.3762 -0.44873
-19.3445 -201.48 24.3762 -0.44873
-22.0366 -208.075 24.3762 -0.44873
-24.8069 -214.67 24.3762 -0.44873
-27.6423 -221.275 24.3762 -0.44873
-30.5421 -227.869 24.3762 -0.44873
-33.5041 -234.448 24.3762 -0.44873
-36.5336 -241.01 24.3762 -0.44873
-39.632 -247.524 24.3762 -0.44873
-42.8137 -253.99 24.3762 -0.44873
-46.0741 -260.445 24.3762 -0.44873
-49.4345 -266.892 24.3762 -0.44873
-52.8877 -273.332 24.3762 -0.44873
-56.4551 -279.827 24.3762 -0.44873
-60.1296 -286.372 24.3762 -0.44873
-63.9234 -292.983 24.3762 -0.44873
-67.8087 -299.642 24.3762 -0.44873
-71.7917 -306.359 24.3762 -0.44873
-75.9001 -313.13 24.3762 -0.44873
-80.1727 -319.895 24.3762 -0.44873
-84.5797 -326.663 24.3762 -0.44873
-89.0867 -333.384 24.3762 -0.44873
-93.7001 -340.056 24.3762 -0.44873
-98.4119 -346.701 24.3762 -0.44873
-103.203 -353.311 24.3762 -0.44873
-108.078 -359.867 24.3762 -0.44873
-113.018 -366.363 24.3762 -0.44873
-118.026 -372.793 24.3762 -0.44873
-123.073 -379.149 24.3762 -0.44873
-128.206 -385.462 24.3762 -0.44873
-133.351 -391.717 24.3762 -0.44873
-138.57 -397.893 24.3762 -0.44873
-143.84 -404.013 24.3762 -0.44873
-149.165 -410.086 24.3762 -0.44873
-154.506 -416.13 24.3762 -0.44873
-159.858 -422.141 24.3762 -0.44873
-165.238 -428.129 24.3762 -0.44873
-170.628 -434.072 24.3762 -0.44873
-175.971 -440.03 24.3762 -0.44873
-181.288 -446.046 24.3762 -0.44873
-186.533 -452.092 24.3762 -0.44873
-191.72 -458.187 24.3762 -0.44873
-196.906 -464.279 24.3762 -0.44873
-202.048 -470.384 24.3762 -0.44873
-207.186 -476.511 24.3762 -0.44873
-212.285 -482.655 24.3762 -0.44873
-217.371 -488.807 24.3762 -0.44873
-222.448 -494.971 24.3762 -0.44873
-227.527 -501.133 24.3762 -0.44873
-232.607 -507.292 24.3762 -0.44873
-237.691 -513.445 24.3762 -0.44873
-242.768 -519.601 24.3762 -0.44873
-247.846 -525.763 24.3762 -0.44873
-252.916 -531.926 24.3762 -0.44873
-257.983 -538.095 24.3762 -0.44873
-263.055 -544.268 24.3762 -0.44873
-268.134 -550.437 24.3762 -0.44873
-273.22 -556.605 24.3762 -0.44873
-278.311 -562.778 24.3762 -0.44873
-283.395 -568.95 24.3762 -0.44873
-288.477 -575.138 24.3762 -0.44873
-293.543 -581.314 24.3762 -0.44873
-298.612 -587.519 24.3762 -0.44873
-303.609 -593.672 24.3762 -0.44873
-308.613 -599.867 24.3762 -0.44873
-313.624 -606.07 24.3762 -0.44873
-318.636 -612.271 24.3762 -0.44873
-323.646 -618.466 24.3762 -0.44873
-328.658 -624.675 24.3762 -0.44873
-333.666 -630.889 24.3762 -0.44873
-338.659 -637.095 24.3762 -0.44873
-343.65 -643.305 24.3762 -0.44873
-348.624 -649.516 24.3762 -0.44873
-353.587 -655.736 24.3762 -0.44873
-358.533 -661.959 24.3762 -0.44873
-363.475 -668.19 24.3762 -0.44873
-368.419 -674.432 24.3762 -0.44873
-373.374 -680.666 24.3762 -0.44873
-378.337 -686.894 24.3762 -0.44873
-383.305 -693.116 24.3762 -0.44873
-388.265 -699.346 24.3762 -0.44873
-393.217 -705.583 24.3762 -0.44873
-398.161 -711.824 24.3762 -0.44873
-403.067 -718.063 24.3762 -0.44873
-407.958 -724.316 24.3762 -0.44873
-412.829 -730.589 24.3762 -0.44873
-417.694 -736.856 24.3762 -0.44873
-422.551 -743.142 24.3762 -0.44873
-427.413 -749.421 24.3762 -0.44873
-432.271 -755.711 24.3762 -0.44873
-437.112 -762.018 24.3762 -0.44873
-441.935 -768.347 24.3762 -0.44873
-446.741 -774.69 24.3762 -0.44873
-451.529 -781.038 24.3762 -0.44873
-456.304 -787.387 24.3762 -0.44873
-461.082 -793.71 24.3762 -0.44873
-465.863 -800.012 24.3762 -0.44873
-470.637 -806.299 24.3762 -0.44873
-475.413 -812.591 24.3762 -0.44873
-480.175 -818.895 24.3762 -0.44873
-484.918 -825.23 24.3762 -0.44873
-489.632 -831.591 24.3762 -0.44873
-494.345 -837.986 24.3762 -0.44873
-499.056 -844.404 24.3762 -0.44873
-503.767 -850.821 24.3762 -0.44873
-508.487 -857.262 24.3762 -0.44873
-513.214 -863.71 24.3762 -0.44873
-517.922 -870.157 24.3762 -0.44873
-522.608 -876.589 24.3762 -0.44873
-527.248 -883.032 24.3762 -0.44873
-531.831 -889.471 24.3762 -0.44873
-536.37 -895.895 24.3762 -0.44873
-540.866 -902.308 24.3762 -0.44873
-545.332 -908.727 24.3762 -0.44873
-549.773 -915.123 24.3762 -0.44873
-554.202 -921.544 24.3762 -0.44873
-558.595 -927.945 24.3762 -0.44873
-562.996 -934.354 24.3762 -0.44873
-567.397 -940.772 24.3762 -0.44873
-571.786 -947.205 24.3762 -0.44873
-576.166 -953.66 24.3762 -0.44873
-580.526 -960.138 24.3762 -0.44873
-584.874 -966.637 24.3762 -0.44873
-589.204 -973.125 24.3762 -0.44873
-593.533 -979.625 24.3762 -0.44873
-597.869 -986.127 24.3762 -0.44873
-602.212 -992.63 24.3762 -0.44873
-606.537 -999.138 24.3762 -0.44873
-610.84 -1005.64 24.3762 -0.44873
-615.119 -1012.14 24.3762 -0.44873
-619.381 -1018.62 24.3762 -0.44873
-623.631 -1025.07 24.3762 -0.44873
-627.857 -1031.51 24.3762 -0.44873
-632.024 -1037.94 24.3762 -0.44873
-636.185 -1044.37 24.3762 -0.44873
-640.317 -1050.8 24.3762 -0.44873
-644.417 -1057.23 24.3762 -0.44873
-648.492 -1063.67 24.3762 -0.44873
-652.535 -1070.11 24.3762 -0.44873
-656.59 -1076.55 24.3762 -0.44873
-660.639 -1082.99 24.3762 -0.44873
-664.669 -1089.41 24.3762 -0.44873
-668.678 -1095.88 24.3762 -0.44873
-672.673 -1102.35 24.3762 -0.44873
-676.637 -1108.83 24.3762 -0.44873
-680.587 -1115.33 24.3762 -0.44873
-684.512 -1121.84 24.3762 -0.44873
-688.439 -1128.38 24.3762 -0.44873
-692.35 -1134.95 24.3762 -0.44873
-696.255 -1141.54 24.3762 -0.44873
-700.149 -1148.16 24.3762 -0.44873
-704.041 -1154.8 24.3762 -0.44873
-707.936 -1161.45 24.3762 -0.44873
-711.844 -1168.11 24.3762 -0.44873
-715.768 -1174.79 24.3762 -0.44873
-719.711 -1181.52 24.3762 -0.44873
-723.659 -1188.27 24.3762 -0.44873
-727.62 -1195.05 24.3762 -0.44873
-731.582 -1201.87 24.3762 -0.44873
-735.534 -1208.71 24.3762 -0.44873
-739.476 -1215.58 24.3762 -0.44873
-743.415 -1222.48 24.3762 -0.44873
-747.328 -1229.42 24.3762 -0.44873
-751.227 -1236.41 24.3762 -0.44873
-755.12 -1243.42 24.3762 -0.44873
-759.014 -1250.48 24.3762 -0.44873
-762.911 -1257.58 24.3762 -0.44873
-766.807 -1264.72 24.3762 -0.44873
-770.693 -1271.87 24.3762 -0.44873
-774.582 -1279.07 24.3762 -0.44873
-778.462 -1286.29 24.3762 -0.44873
-782.328 -1293.51 24.3762 -0.44873
-786.182 -1300.74 24.3762 -0.44873
-790.017 -1307.97 24.3762 -0.44873
-793.844 -1315.21 24.3762 -0.44873
-797.648 -1322.45 24.3762 -0.44873
-801.429 -1329.71 24.3762 -0.44873
-805.211 -1336.96 24.3762 -0.44873
-808.974 -1344.21 24.3762 -0.44873
-812.734 -1351.48 24.3762 -0.44873
-816.481 -1358.74 24.3762 -0.44873
-820.197 -1365.98 24.3762 -0.44873
-823.893 -1373.21 24.3762 -0.44873
-827.566 -1380.42 24.3762 -0.44873
-831.216 -1387.65 24.3762 -0.44873
-834.847 -1394.88 24.3762 -0.44873
-838.459 -1402.12 24.3762 -0.44873
-842.049 -1409.34 24.3762 -0.44873
-845.603 -1416.55 24.3762 -0.44873
-849.132 -1423.74 24.3762 -0.44873
-852.643 -1430.94 24.3762 -0.44873
-856.139 -1438.13 24.3762 -0.44873
-859.618 -1445.33 24.3762 -0.44873
-863.071 -1452.51 24.3762 -0.44873
-866.49 -1459.67 24.3762 -0.44873
-869.886 -1466.81 24.3762 -0.44873
-873.257 -1473.92 24.3762 -0.44873
-876.593 -1481.0 24.3762 -0.44873
-879.897 -1488.04 24.3762 -0.44873
-883.175 -1495.04 24.3762 -0.44873
-886.427 -1502.0 24.3762 -0.44873
-889.652 -1508.91 24.3762 -0.44873
-892.849 -1515.8 24.3762 -0.44873
-896.019 -1522.68 24.3762 -0.44873
-899.162 -1529.52 24.3762 -0.44873
-902.274 -1536.34 24.3762 -0.44873
-905.358 -1543.13 24.3762 -0.44873
-908.407 -1549.88 24.3762 -0.44873
-911.427 -1556.61 24.3762 -0.44873
-914.426 -1563.29 24.3762 -0.44873
-917.422 -1569.92 24.3762 -0.44873
-920.429 -1576.53 24.3762 -0.44873
-923.439 -1583.11 24.3762 -0.44873
-926.457 -1589.66 24.3762 -0.44873
-929.503 -1596.16 24.3762 -0.44873
-932.581 -1602.59 24.3762 -0.44873
-935.699 -1608.97 24.3762 -0.44873
-938.849 -1615.28 24.3762 -0.44873
-942.017 -1621.51 24.3762 -0.44873
-945.195 -1627.69 24.3762 -0.44873
-948.357 -1633.82 24.3762 -0.44873
-951.509 -1639.9 24.3762 -0.44873
-954.636 -1645.93 24.3762 -0.44873
-957.723 -1651.93 24.3762 -0.44873
-960.745 -1657.89 24.3762 -0.44873
-963.714 -1663.84 24.3762 -0.44873
-966.61 -1669.81 24.3762 -0.44873
-969.464 -1675.78 24.3762 -0.44873
-972.264 -1681.72 24.3762 -0.44873
-975.06 -1687.66 24.3762 -0.44873
-977.834 -1693.55 24.3762 -0.44873
-980.599 -1699.42 24.3762 -0.44873
-983.335 -1705.26 24.3762 -0.44873
-986.044 -1711.08 24.3762 -0.44873
-988.714 -1716.88 24.3762 -0.44873
-991.337 -1722.68 24.3762 -0.44873
-993.918 -1728.44 24.3762 -0.44873
-996.458 -1734.16 24.3762 -0.44873
-998.953 -1739.78 24.3762 -0.44873
-1001.4 -1745.31 24.3762 -0.44873
-1003.79 -1750.78 24.3762 -0.44873
-1006.16 -1756.19 24.3762 -0.44873
-1008.54 -1761.51 24.3762 -0.44873
-1010.91 -1766.72 24.3762 -0.44873
-1013.24 -1771.79 24.3762 -0.44873
-1015.55 -1776.73 24.3762 -0.44873
-1017.84 -1781.54 24.3762 -0.44873
-1020.1 -1786.18 24.3762 -0.44873
-1022.36 -1790.64 24.3762 -0.44873
-1024.67 -1794.92 24.3762 -0.44873
-1027.1 -1798.99 24.3762 -0.44873
-1029.7 -1802.85 24.3762 -0.44873
-1032.48 -1806.51 24.3762 -0.44873
-1035.47 -1809.96 24.3762 -0.44873
-1038.63 -1813.13 24.3762 -0.44873
-1042.06 -1816.08 24.3762 -0.44873
-1045.69 -1818.74 24.3762 -0.44873
-1049.52 -1821.1 24.3762 -0.44873
-1053.52 -1823.12 24.3762 -0.44873
-1057.67 -1824.8 24.3762 -0.44873
-1061.93 -1826.1 24.3762 -0.44873
-1066.3 -1827.05 24.3762 -0.44873
-1070.73 -1827.64 24.3762 -0.44873
-1075.15 -1827.81 24.3762 -0.44873
-1079.64 -1827.7 24.3762 -0.44873
-1084.11 -1827.23 24.3762 -0.44873
-1088.57 -1826.41 24.3762 -0.44873
-1092.95 -1825.21 24.3762 -0.44873
-1097.24 -1823.64 24.3762 -0.44873
-1101.36 -1821.68 24.3762 -0.44873
-1105.31 -1819.35 24.3762 -0.44873
-1109.03 -1816.69 24.3762 -0.44873
-1112.44 -1813.65 24.3762 -0.44873
-1115.62 -1810.38 24.3762 -0.44873
-1118.51 -1806.82 24.3762 -0.44873
-1121.09 -1803.01 24.3762 -0.44873
-1123.36 -1798.96 24.3762 -0.44873
-1125.32 -1794.7 24.3762 -0.44873
-1127.0 -1790.26 24.3762 -0.44873
-1128.4 -1785.65 24.3762 -0.44873
-1129.54 -1780.92 24.3762 -0.44873
-1130.49 -1776.08 24.3762 -0.44873
-1131.28 -1771.14 24.3762 -0.44873
-1131.95 -1766.11 24.3762 -0.44873
-1132.53 -1761.05 24.3762 -0.44873
-1133.05 -1755.96 24.3762 -0.44873
-1133.52 -1750.86 24.3762 -0.44873
-1133.96 -1745.76 24.3762 -0.44873
-1134.39 -1740.64 24.3762 -0.44873
-1134.8 -1735.52 24.3762 -0.44873
-1135.19 -1730.43 24.3762 -0.44873
-1135.56 -1725.4 24.3762 -0.44873
-1135.89 -1720.43 24.3762 -0.44873
-1136.16 -1715.54 24.3762 -0.44873
-1136.3 -1710.75 24.3762 -0.44873
-1136.25 -1706.08 24.3762 -0.44873
-1135.97 -1701.55 24.3762 -0.44873
-1135.4 -1697.16 24.3762 -0.44873
-1134.47 -1692.83 24.3762 -0.44873
-1133.23 -1688.62 24.3762 -0.44873
-1131.54 -1684.48 24.3762 -0.44873
-1129.52 -1680.64 24.3762 -0.44873
-1127.1 -1677.08 24.3762 -0.44873
-1124.33 -1673.81 24.3762 -0.44873
-1121.23 -1670.88 24.3762 -0.44873
-1117.83 -1668.32 24.3762 -0.44873
-1114.18 -1666.12 24.3762 -0.44873
-1110.32 -1664.27 24.3762 -0.44873
-1106.3 -1662.78 24.3762 -0.44873
-1102.06 -1661.56 24.3762 -0.44873
-1097.8 -1660.88 24.3762 -0.44873
-1093.44 -1660.62 24.3762 -0.44873
-1089.08 -1660.81 24.3762 -0.44873
-1084.74 -1661.42 24.3762 -0.44873
-1080.42 -1662.47 24.3762 -0.44873
-1076.15 -1663.91 24.3762 -0.44873
-1071.93 -1665.69 24.3762 -0.44873
-1067.76 -1667.75 24.3762 -0.44873
-1063.61 -1670.01 24.3762 -0.44873
-1059.46 -1672.45 24.3762 -0.44873
-1055.28 -1674.99 24.3762 -0.44873
-1051.03 -1677.59 24.3762 -0.44873
-1046.74 -1680.26 24.3762 -0.44873
