1.52898 -0.00554252 1.25604 -0.238525
6.07941 0.00664887 5.86652 -0.207642
10.5993 0.04481 10.3491 -0.188477
15.0759 0.10778 14.8623 -0.132996
19.5164 0.205848 19.3049 -0.0623169
23.9087 0.297799 23.663 0.083374
28.2351 0.388164 27.994 0.157104
32.4934 0.467863 32.2509 0.191833
36.6397 0.554867 36.3132 0.337463
40.654 0.635159 40.4208 0.352539
44.5029 0.686541 44.2661 0.374023
48.1977 0.700199 47.9512 0.438965
51.7913 0.67597 51.4587 0.447205
55.2811 0.560062 54.979 0.296753
58.6401 0.304374 58.3525 0.0750122
61.8684 -0.141416 61.5837 -0.442261
64.949 -0.822607 64.7173 -1.18134
67.8562 -1.71945 67.4698 -1.98651
70.5884 -2.83665 69.5612 -3.48218
73.1322 -4.16577 69.4304 -4.23724
75.5014 -5.70743 72.5256 -4.97717
77.6271 -7.46976 76.0312 -7.40332
79.5064 -9.42095 79.1329 -9.60657
81.1617 -11.554 80.8931 -11.8538
82.6605 -13.8564 82.4891 -14.1254
83.906 -16.3519 83.6591 -16.5779
84.8737 -19.0035 84.678 -19.3132
85.5159 -21.7962 85.267 -22.0063
85.8388 -24.6634 85.6443 -24.9061
85.9082 -27.5777 85.6774 -27.8365
85.8096 -30.5206 85.5938 -30.8102
85.5875 -33.4852 85.3593 -33.6806
85.3328 -36.4741 85.0291 -36.73
85.0471 -39.4879 84.7144 -39.7416
84.7334 -42.5415 84.3688 -42.8185
84.3962 -45.6239 84.1021 -45.8425
84.038 -48.7426 83.7262 -49.0285
83.6459 -51.9071 83.3505 -52.156
83.2312 -55.0895 83.0156 -55.3303
82.8319 -58.3122 82.6079 -58.5995
82.4201 -61.5895 82.2996 -61.8093
81.9717 -64.903 81.649 -65.0685
81.5274 -68.2284 81.1732 -68.4648
81.1103 -71.6212 80.8008 -71.8206
80.6896 -75.0275 80.3671 -75.1843
80.2607 -78.4968 80.0433 -78.6655
79.8408 -81.9887 79.551 -82.294
79.4186 -85.4813 79.196 -85.7452
78.9918 -89.0303 78.7292 -89.3036
78.5734 -92.6664 78.2988 -92.9409
78.1715 -96.338 77.9569 -96.6291
77.8218 -100.043 77.6064 -100.219
77.4504 -103.785 77.2107 -104.007
77.0473 -107.533 76.7726 -107.754
76.6079 -111.239 76.3765 -111.435
76.049 -114.911 75.7833 -115.135
75.3166 -118.541 75.0735 -118.739
74.4473 -122.08 74.3248 -122.343
73.4272 -125.597 73.1636 -125.743
72.2359 -129.015 71.9938 -129.166
70.9045 -132.355 70.6805 -132.607
69.4146 -135.604 69.1869 -135.825
67.7536 -138.81 67.5588 -139.079
65.9118 -141.967 65.6727 -142.183
63.8755 -145.045 63.6522 -145.343
61.6407 -148.036 61.3969 -148.309
59.2263 -150.918 58.9799 -151.201
56.6081 -153.688 56.3823 -153.986
53.772 -156.298 53.5845 -156.673
50.7264 -158.756 50.516 -158.983
47.5606 -161.003 47.3126 -161.181
44.229 -162.973 43.9489 -163.127
40.7888 -164.751 40.5309 -164.912
37.2625 -166.349 37.0437 -166.597
33.6581 -167.797 33.4034 -167.907
30.0282 -169.138 29.7485 -169.282
26.3551 -170.362 26.0908 -170.607
22.6727 -171.513 22.4917 -171.757
19.0101 -172.618 18.8276 -172.929
15.4012 -173.783 15.1799 -174.053
11.8119 -175.061 11.481 -175.362
8.27014 -176.4 8.07007 -176.594
4.7515 -177.861 4.64459 -178.054
1.2863 -179.498 3.15735 -178.739
-2.08345 -181.288 1.64319 -179.453
-5.31267 -183.206 0.71283 -179.952
-8.39702 -185.272 -2.0282 -181.483
-11.3224 -187.524 -3.81024 -182.367
-14.0031 -189.943 -5.3266 -183.066
-16.4366 -192.559 -6.74866 -184.135
-18.6443 -195.323 -7.17523 -184.358
-20.6057 -198.214 -7.39972 -184.553
-22.2634 -201.311 -7.95276 -184.865
-23.6192 -204.529 -10.0959 -186.332
-24.6144 -207.905 -11.7642 -187.604
-25.2291 -211.336 -12.0059 -187.575
-25.4606 -214.798 -13.331 -188.403
-25.3195 -218.271 -12.8414 -188.082
-24.8474 -221.723 -14.3976 -189.528
-24.0686 -225.163 -16.9684 -191.991
-22.9704 -228.539 -18.201 -192.745
-21.5549 -231.818 -18.0485 -192.44
-19.8355 -234.979 -17.1686 -191.675
-17.8278 -238.016 -18.122 -192.42
-15.5848 -240.914 -17.6375 -193.868
-13.1589 -243.698 -18.4368 -195.031
-10.5186 -246.324 -17.6843 -195.666
-7.72309 -248.811 -19.4261 -199.213
-4.75083 -251.159 -21.1888 -202.832
-1.62979 -253.382 -22.5417 -206.268
1.62872 -255.497 -23.9308 -209.837
4.98932 -257.54 -25.2864 -213.092
8.41091 -259.554 -26.1719 -211.582
11.883 -261.532 -26.9066 -214.76
15.3951 -263.468 -27.8998 -218.271
18.917 -265.374 -28.2227 -224.082
22.4411 -267.266 -29.8409 -226.816
25.9592 -269.162 -31.5833 -231.241
29.5258 -270.976 -33.9099 -236.324
33.1201 -272.843 -35.3264 -240.221
36.6943 -274.772 -37.1334 -243.99
40.2589 -276.68 -38.3953 -247.043
43.8693 -278.641 -47.8287 -251.806
47.5169 -280.538 -51.1136 -236.475
51.1508 -282.375 -68.6838 -230.728
54.7116 -284.167 -68.6838 -230.728
58.2246 -285.94 -68.6838 -230.728
61.6848 -287.629 -68.6838 -230.728
65.0785 -289.248 -68.6838 -230.728
68.3854 -290.816 -68.6838 -230.728
71.634 -292.408 -68.6838 -230.728
74.7982 -294.13 -68.6838 -230.728
77.887 -295.971 -68.6838 -230.728
80.8724 -297.947 -68.6838 -230.728
83.6885 -300.113 -68.6838 -230.728
86.2844 -302.463 -68.6838 -230.728
88.62 -304.988 -68.6838 -230.728
90.6456 -307.705 -68.6838 -230.728
92.3417 -310.567 -68.6838 -230.728
93.7043 -313.549 -68.6838 -230.728
94.7333 -316.637 -68.6838 -230.728
95.4223 -319.795 -68.6838 -230.728
95.8114 -323.038 -68.6838 -230.728
95.8511 -326.29 -68.6838 -230.728
95.5237 -329.44 -68.6838 -230.728
94.8117 -332.691 -68.6838 -230.728
93.8008 -335.719 -68.6838 -230.728
92.4881 -338.557 -68.6838 -230.728
90.9184 -341.251 -68.6838 -230.728
89.0164 -343.805 -68.6838 -230.728
86.7917 -346.174 -68.6838 -230.728
84.1882 -348.26 -68.6838 -230.728
81.3612 -350.027 -68.6838 -230.728
78.4074 -351.45 -68.6838 -230.728
75.3875 -352.529 -68.6838 -230.728
72.2439 -353.354 -68.6838 -230.728
69.0295 -354.038 -68.6838 -230.728
65.8108 -354.673 -68.6838 -230.728
62.5883 -355.21 -68.6838 -230.728
59.3878 -355.632 -68.6838 -230.728
56.259 -355.981 -68.6838 -230.728
53.2004 -356.312 -68.6838 -230.728
50.2541 -356.643 -68.6838 -230.728
47.4713 -357.147 -68.6838 -230.728
44.9389 -357.77 -68.6838 -230.728
42.6479 -358.587 -68.6838 -230.728
40.5858 -359.688 -68.6838 -230.728
38.8272 -361.095 -68.6838 -230.728
37.4053 -362.759 -68.6838 -230.728
36.3039 -364.588 -68.6838 -230.728
35.5499 -366.828 -68.6838 -230.728
35.1265 -369.39 -68.6838 -230.728
35.0567 -372.055 -68.6838 -230.728
35.2906 -374.838 -68.6838 -230.728
35.8176 -377.631 -68.6838 -230.728
36.6141 -380.381 -68.6838 -230.728
37.6771 -383.095 -68.6838 -230.728
38.9769 -385.712 -68.6838 -230.728
40.5565 -388.175 -68.6838 -230.728
42.44 -390.437 -68.6838 -230.728
44.5757 -392.465 -68.6838 -230.728
46.8836 -394.271 -68.6838 -230.728
49.2827 -395.919 -68.6838 -230.728
51.7576 -397.415 -68.6838 -230.728
54.3055 -398.746 -68.6838 -230.728
56.937 -399.918 -68.6838 -230.728
59.6363 -400.877 -68.6838 -230.728
62.43 -401.618 -68.6838 -230.728
65.2972 -402.129 -68.6838 -230.728
68.2463 -402.404 -68.6838 -230.728
71.2852 -402.483 -68.6838 -230.728
74.4039 -402.408 -68.6838 -230.728
77.6211 -402.311 -68.6838 -230.728
80.9092 -402.177 -68.6838 -230.728
84.2996 -402.028 -68.6838 -230.728
87.7536 -401.867 -68.6838 -230.728
91.3107 -401.633 -68.6838 -230.728
94.9645 -401.364 -68.6838 -230.728
98.684 -401.063 -68.6838 -230.728
102.458 -400.718 -68.6838 -230.728
106.24 -400.356 -68.6838 -230.728
109.993 -399.945 -68.6838 -230.728
113.741 -399.476 -68.6838 -230.728
117.463 -398.967 -68.6838 -230.728
121.154 -398.415 -68.6838 -230.728
124.844 -397.823 -68.6838 -230.728
128.545 -397.215 -68.6838 -230.728
132.24 -396.63 -68.6838 -230.728
135.892 -396.01 -68.6838 -230.728
139.484 -395.412 -68.6838 -230.728
143.084 -394.847 -68.6838 -230.728
146.685 -394.305 -68.6838 -230.728
150.3 -393.792 -68.6838 -230.728
153.935 -393.29 -68.6838 -230.728
157.578 -392.8 -68.6838 -230.728
161.234 -392.31 -68.6838 -230.728
164.904 -391.829 -68.6838 -230.728
168.586 -391.352 -68.6838 -230.728
172.272 -390.884 -68.6838 -230.728
175.978 -390.417 -68.6838 -230.728
179.676 -389.96 -68.6838 -230.728
183.387 -389.516 -68.6838 -230.728
187.155 -389.119 -68.6838 -230.728
190.939 -388.793 -68.6838 -230.728
194.721 -388.529 -68.6838 -230.728
198.516 -388.337 -68.6838 -230.728
202.318 -388.209 -68.6838 -230.728
206.115 -388.155 -68.6838 -230.728
209.926 -388.179 -68.6838 -230.728
213.735 -388.259 -68.6838 -230.728
217.548 -388.387 -68.6838 -230.728
221.371 -388.603 -68.6838 -230.728
225.205 -388.881 -68.6838 -230.728
229.043 -389.239 -68.6838 -230.728
232.882 -389.673 -68.6838 -230.728
236.742 -390.175 -68.6838 -230.728
240.619 -390.72 -68.6838 -230.728
244.486 -391.348 -68.6838 -230.728
248.379 -392.061 -68.6838 -230.728
252.307 -392.661 -68.6838 -230.728
256.243 -393.5 -68.6838 -230.728
260.14 -394.474 -68.6838 -230.728
264.012 -395.594 -68.6838 -230.728
267.818 -396.784 -68.6838 -230.728
271.542 -398.022 -68.6838 -230.728
275.204 -399.361 -68.6838 -230.728
278.821 -400.731 -68.6838 -230.728
282.436 -402.141 -68.6838 -230.728
286.018 -403.594 -68.6838 -230.728
289.538 -405.029 -68.6838 -230.728
293.008 -406.455 -68.6838 -230.728
296.417 -407.866 -68.6838 -230.728
299.766 -409.245 -68.6838 -230.728
303.062 -410.617 -68.6838 -230.728
306.34 -411.993 -68.6838 -230.728
309.608 -413.37 -68.6838 -230.728
312.922 -414.741 -68.6838 -230.728
316.288 -416.074 -68.6838 -230.728
319.686 -417.411 -68.6838 -230.728
323.089 -418.857 -68.6838 -230.728
326.495 -420.476 -68.6838 -230.728
329.918 -422.222 -68.6838 -230.728
333.348 -424.097 -68.6838 -230.728
336.793 -426.05 -68.6838 -230.728
340.191 -428.071 -68.6838 -230.728
343.537 -430.129 -68.6838 -230.728
346.837 -432.186 -68.6838 -230.728
350.137 -434.247 -68.6838 -230.728
353.456 -436.348 -68.6838 -230.728
356.783 -438.434 -68.6838 -230.728
360.13 -440.558 -68.6838 -230.728
363.473 -442.628 -68.6838 -230.728
366.82 -444.704 -68.6838 -230.728
370.16 -446.759 -68.6838 -230.728
373.508 -448.775 -68.6838 -230.728
376.861 -450.761 -68.6838 -230.728
380.183 -452.74 -68.6838 -230.728
383.483 -454.748 -68.6838 -230.728
386.769 -456.868 -68.6838 -230.728
390.053 -458.921 -68.6838 -230.728
393.274 -461.076 -68.6838 -230.728
396.422 -463.2 -68.6838 -230.728
399.398 -465.258 -68.6838 -230.728
402.311 -467.313 -68.6838 -230.728
405.167 -469.324 -68.6838 -230.728
407.972 -471.318 -68.6838 -230.728
410.686 -473.349 -68.6838 -230.728
413.382 -475.304 -68.6838 -230.728
416.004 -477.228 -68.6838 -230.728
418.555 -479.129 -68.6838 -230.728
421.025 -480.989 -68.6838 -230.728
423.367 -482.788 -68.6838 -230.728
425.557 -484.526 -68.6838 -230.728
427.581 -486.157 -68.6838 -230.728
429.498 -487.703 -68.6838 -230.728
431.332 -489.178 -68.6838 -230.728
433.053 -490.549 -68.6838 -230.728
434.657 -491.769 -68.6838 -230.728
436.147 -492.877 -68.6838 -230.728
437.555 -493.937 -68.6838 -230.728
438.98 -494.921 -68.6838 -230.728
440.449 -495.765 -68.6838 -230.728
441.993 -496.393 -68.6838 -230.728
443.598 -496.763 -68.6838 -230.728
445.221 -496.888 -68.6838 -230.728
446.996 -496.743 -68.6838 -230.728
448.813 -496.408 -68.6838 -230.728
450.663 -495.818 -68.6838 -230.728
452.496 -495.028 -68.6838 -230.728
454.336 -494.051 -68.6838 -230.728
456.227 -492.993 -68.6838 -230.728
458.188 -491.893 -68.6838 -230.728
460.21 -490.753 -68.6838 -230.728
462.284 -489.581 -68.6838 -230.728
464.466 -488.365 -68.6838 -230.728
466.762 -487.102 -68.6838 -230.728
469.134 -485.809 -68.6838 -230.728
471.563 -484.486 -68.6838 -230.728
474.023 -483.147 -68.6838 -230.728
476.503 -481.79 -68.6838 -230.728
479.025 -480.421 -68.6838 -230.728
481.565 -479.056 -68.6838 -230.728
484.085 -477.68 -68.6838 -230.728
486.641 -476.265 -68.6838 -230.728
489.214 -474.858 -68.6838 -230.728
491.781 -473.426 -68.6838 -230.728
494.358 -471.982 -68.6838 -230.728
496.875 -470.565 -68.6838 -230.728
499.297 -469.203 -68.6838 -230.728
501.67 -467.867 -68.6838 -230.728
503.944 -466.582 -68.6838 -230.728
506.081 -465.373 -68.6838 -230.728
508.066 -464.254 -68.6838 -230.728
509.899 -463.232 -68.6838 -230.728
511.666 -462.26 -68.6838 -230.728
513.398 -461.308 -68.6838 -230.728
515.058 -460.403 -68.6838 -230.728
516.619 -459.552 -68.6838 -230.728
518.037 -458.789 -68.6838 -230.728
519.336 -458.077 -68.6838 -230.728
520.582 -457.324 -68.6838 -230.728
521.748 -456.462 -68.6838 -230.728
522.795 -455.463 -68.6838 -230.728
523.592 -454.317 -68.6838 -230.728
524.175 -453.027 -68.6838 -230.728
524.592 -451.505 -68.6838 -230.728
524.718 -449.835 -68.6838 -230.728
524.563 -448.083 -68.6838 -230.728
524.067 -446.256 -68.6838 -230.728
523.3 -444.348 -68.6838 -230.728
522.36 -442.392 -68.6838 -230.728
521.227 -440.406 -68.6838 -230.728
519.955 -438.401 -68.6838 -230.728
518.634 -436.415 -68.6838 -230.728
517.234 -434.501 -68.6838 -230.728
515.782 -432.627 -68.6838 -230.728
514.256 -430.807 -68.6838 -230.728
512.654 -429.087 -68.6838 -230.728
510.996 -427.438 -68.6838 -230.728
509.308 -425.873 -68.6838 -230.728
507.578 -424.415 -68.6838 -230.728
505.798 -423.027 -68.6838 -230.728
503.994 -421.723 -68.6838 -230.728
502.126 -420.486 -68.6838 -230.728
500.198 -419.312 -68.6838 -230.728
498.209 -418.179 -68.6838 -230.728
496.165 -417.07 -68.6838 -230.728
494.061 -415.986 -68.6838 -230.728
491.879 -414.957 -68.6838 -230.728
489.66 -413.949 -68.6838 -230.728
487.43 -412.961 -68.6838 -230.728
485.172 -411.973 -68.6838 -230.728
482.901 -411.009 -68.6838 -230.728
480.604 -410.08 -68.6838 -230.728
478.299 -409.187 -68.6838 -230.728
476.007 -408.316 -68.6838 -230.728
473.72 -407.466 -68.6838 -230.728
471.434 -406.645 -68.6838 -230.728
469.178 -405.842 -68.6838 -230.728
467.0 -405.068 -68.6838 -230.728
464.943 -404.345 -68.6838 -230.728
463.027 -403.658 -68.6838 -230.728
461.253 -402.988 -68.6838 -230.728
459.487 -402.353 -68.6838 -230.728
457.723 -401.73 -68.6838 -230.728
455.955 -401.087 -68.6838 -230.728
454.181 -400.427 -68.6838 -230.728
452.376 -399.78 -68.6838 -230.728
450.492 -399.095 -68.6838 -230.728
448.569 -398.369 -68.6838 -230.728
446.573 -397.536 -68.6838 -230.728
444.516 -396.693 -68.6838 -230.728
442.405 -395.819 -68.6838 -230.728
440.235 -394.907 -68.6838 -230.728
437.999 -393.977 -68.6838 -230.728
435.742 -393.018 -68.6838 -230.728
433.458 -392.025 -68.6838 -230.728
431.122 -390.997 -68.6838 -230.728
428.729 -389.92 -68.6838 -230.728
426.284 -388.794 -68.6838 -230.728
423.807 -387.602 -68.6838 -230.728
421.322 -386.37 -68.6838 -230.728
418.805 -385.11 -68.6838 -230.728
416.271 -383.813 -68.6838 -230.728
413.734 -382.48 -68.6838 -230.728
411.173 -381.14 -68.6838 -230.728
408.609 -379.765 -68.6838 -230.728
406.027 -378.356 -68.6838 -230.728
403.443 -376.922 -68.6838 -230.728
400.863 -375.444 -68.6838 -230.728
398.272 -373.918 -68.6838 -230.728
395.687 -372.351 -68.6838 -230.728
393.099 -370.745 -68.6838 -230.728
390.507 -369.116 -68.6838 -230.728
387.952 -367.466 -68.6838 -230.728
385.402 -365.799 -68.6838 -230.728
382.821 -364.125 -68.6838 -230.728
380.247 -362.42 -68.6838 -230.728
377.709 -360.666 -68.6838 -230.728
375.281 -358.895 -68.6838 -230.728
372.944 -357.177 -68.6838 -230.728
370.668 -355.48 -68.6838 -230.728
368.42 -353.782 -68.6838 -230.728
366.215 -352.11 -68.6838 -230.728
364.075 -350.487 -68.6838 -230.728
362.0 -348.94 -68.6838 -230.728
360.018 -347.502 -68.6838 -230.728
358.155 -346.143 -68.6838 -230.728
356.457 -344.839 -68.6838 -230.728
354.917 -343.565 -68.6838 -230.728
353.479 -342.292 -68.6838 -230.728
352.191 -341.005 -68.6838 -230.728
351.082 -339.691 -68.6838 -230.728
350.136 -338.279 -68.6838 -230.728
349.451 -336.822 -68.6838 -230.728
349.046 -335.258 -68.6838 -230.728
348.931 -333.593 -68.6838 -230.728
349.156 -331.918 -68.6838 -230.728
349.593 -330.223 -68.6838 -230.728
350.44 -328.662 -68.6838 -230.728
351.445 -327.114 -68.6838 -230.728
352.641 -325.569 -68.6838 -230.728
353.935 -323.978 -68.6838 -230.728
355.343 -322.313 -68.6838 -230.728
356.788 -320.525 -68.6838 -230.728
358.153 -318.597 -68.6838 -230.728
359.408 -316.541 -68.6838 -230.728
360.518 -314.362 -68.6838 -230.728
361.473 -312.088 -68.6838 -230.728
362.251 -309.711 -68.6838 -230.728
362.838 -307.235 -68.6838 -230.728
363.257 -304.694 -68.6838 -230.728
363.494 -302.075 -68.6838 -230.728
363.562 -299.43 -68.6838 -230.728
363.487 -296.724 -68.6838 -230.728
363.318 -293.96 -68.6838 -230.728
363.096 -291.172 -68.6838 -230.728
362.857 -288.366 -68.6838 -230.728
362.583 -285.549 -68.6838 -230.728
362.273 -282.767 -68.6838 -230.728
362.013 -280.0 -68.6838 -230.728
361.786 -277.259 -68.6838 -230.728
361.603 -274.542 -68.6838 -230.728
361.489 -271.837 -68.6838 -230.728
361.458 -269.134 -68.6838 -230.728
361.538 -266.427 -68.6838 -230.728
361.762 -263.73 -68.6838 -230.728
362.109 -261.044 -68.6838 -230.728
362.576 -258.353 -68.6838 -230.728
363.182 -255.686 -68.6838 -230.728
363.918 -253.046 -68.6838 -230.728
364.821 -250.412 -68.6838 -230.728
365.879 -247.814 -68.6838 -230.728
367.093 -245.252 -68.6838 -230.728
368.473 -242.722 -68.6838 -230.728
370.044 -240.268 -68.6838 -230.728
371.758 -237.931 -68.6838 -230.728
373.619 -235.701 -68.6838 -230.728
375.586 -233.589 -68.6838 -230.728
377.678 -231.564 -68.6838 -230.728
379.887 -229.656 -68.6838 -230.728
382.19 -227.871 -68.6838 -230.728
384.605 -226.231 -68.6838 -230.728
387.13 -224.762 -68.6838 -230.728
389.76 -223.446 -68.6838 -230.728
392.511 -222.287 -68.6838 -230.728
395.38 -221.303 -68.6838 -230.728
398.349 -220.481 -68.6838 -230.728
401.417 -219.837 -68.6838 -230.728
404.635 -219.356 -68.6838 -230.728
407.942 -219.056 -68.6838 -230.728
411.297 -218.937 -68.6838 -230.728
414.695 -219.003 -68.6838 -230.728
418.104 -219.232 -68.6838 -230.728
421.527 -219.57 -68.6838 -230.728
424.968 -219.98 -68.6838 -230.728
428.387 -220.489 -68.6838 -230.728
431.841 -221.059 -68.6838 -230.728
435.326 -221.636 -68.6838 -230.728
438.836 -222.245 -68.6838 -230.728
442.378 -222.891 -68.6838 -230.728
445.968 -223.543 -68.6838 -230.728
449.606 -224.197 -68.6838 -230.728
453.276 -224.87 -68.6838 -230.728
456.975 -225.55 -68.6838 -230.728
460.668 -226.251 -68.6838 -230.728
464.366 -226.993 -68.6838 -230.728
468.06 -227.74 -68.6838 -230.728
471.758 -228.502 -68.6838 -230.728
475.444 -229.263 -68.6838 -230.728
479.122 -230.005 -68.6838 -230.728
482.792 -230.747 -68.6838 -230.728
486.453 -231.505 -68.6838 -230.728
490.102 -232.263 -68.6838 -230.728
493.749 -233.024 -68.6838 -230.728
497.379 -233.808 -68.6838 -230.728
501.02 -234.586 -68.6838 -230.728
504.621 -235.372 -68.6838 -230.728
508.216 -236.176 -68.6838 -230.728
511.793 -236.965 -68.6838 -230.728
515.342 -237.735 -68.6838 -230.728
518.883 -238.508 -68.6838 -230.728
522.4 -239.263 -68.6838 -230.728
525.905 -239.984 -68.6838 -230.728
529.39 -240.66 -68.6838 -230.728
532.839 -241.316 -68.6838 -230.728
536.275 -241.949 -68.6838 -230.728
539.683 -242.568 -68.6838 -230.728
543.057 -243.21 -68.6838 -230.728
546.414 -243.874 -68.6838 -230.728
549.731 -244.53 -68.6838 -230.728
553.012 -245.216 -68.6838 -230.728
556.27 -245.92 -68.6838 -230.728
559.477 -246.651 -68.6838 -230.728
562.654 -247.42 -68.6838 -230.728
565.792 -248.231 -68.6838 -230.728
568.859 -249.097 -68.6838 -230.728
571.885 -250.042 -68.6838 -230.728
574.862 -251.03 -68.6838 -230.728
577.787 -252.077 -68.6838 -230.728
580.683 -253.161 -68.6838 -230.728
583.591 -254.267 -68.6838 -230.728
586.519 -255.369 -68.6838 -230.728
589.439 -256.436 -68.6838 -230.728
592.394 -257.477 -68.6838 -230.728
595.315 -258.479 -68.6838 -230.728
598.277 -259.476 -68.6838 -230.728
601.204 -260.46 -68.6838 -230.728
604.108 -261.468 -68.6838 -230.728
606.967 -262.544 -68.6838 -230.728
609.772 -263.733 -68.6838 -230.728
612.505 -265.053 -68.6838 -230.728
615.147 -266.516 -68.6838 -230.728
617.731 -268.145 -68.6838 -230.728
620.254 -269.933 -68.6838 -230.728
622.685 -271.874 -68.6838 -230.728
625.021 -273.939 -68.6838 -230.728
627.239 -276.112 -68.6838 -230.728
629.315 -278.399 -68.6838 -230.728
631.24 -280.789 -68.6838 -230.728
633.003 -283.304 -68.6838 -230.728
634.639 -285.956 -68.6838 -230.728
636.189 -288.709 -68.6838 -230.728
637.636 -291.584 -68.6838 -230.728
639.007 -294.589 -68.6838 -230.728
640.337 -297.685 -68.6838 -230.728
641.634 -300.899 -68.6838 -230.728
642.921 -304.169 -68.6838 -230.728
644.185 -307.459 -68.6838 -230.728
645.432 -310.782 -68.6838 -230.728
646.648 -314.113 -68.6838 -230.728
647.864 -317.451 -68.6838 -230.728
649.106 -320.755 -68.6838 -230.728
650.403 -324.028 -68.6838 -230.728
651.782 -327.228 -68.6838 -230.728
653.228 -330.381 -68.6838 -230.728
654.694 -333.452 -68.6838 -230.728
656.138 -336.342 -68.6838 -230.728
657.57 -339.087 -68.6838 -230.728
658.988 -341.71 -68.6838 -230.728
660.352 -344.21 -68.6838 -230.728
661.644 -346.565 -68.6838 -230.728
662.876 -348.795 -68.6838 -230.728
664.04 -350.924 -68.6838 -230.728
665.106 -352.921 -68.6838 -230.728
666.045 -354.756 -68.6838 -230.728
666.848 -356.396 -68.6838 -230.728
667.543 -357.845 -68.6838 -230.728
668.126 -359.076 -68.6838 -230.728
668.607 -360.108 -68.6838 -230.728
669.0 -360.944 -68.6838 -230.728
669.361 -361.708 -68.6838 -230.728
669.752 -362.44 -68.6838 -230.728
670.219 -363.112 -68.6838 -230.728
670.833 -363.779 -68.6838 -230.728
671.664 -364.445 -68.6838 -230.728
672.612 -364.986 -68.6838 -230.728
673.938 -365.438 -68.6838 -230.728
675.544 -365.713 -68.6838 -230.728
677.317 -365.687 -68.6838 -230.728
679.2 -365.415 -68.6838 -230.728
681.164 -364.905 -68.6838 -230.728
683.214 -364.213 -68.6838 -230.728
685.31 -363.259 -68.6838 -230.728
687.487 -362.089 -68.6838 -230.728
689.76 -360.809 -68.6838 -230.728
692.14 -359.459 -68.6838 -230.728
694.658 -358.03 -68.6838 -230.728
697.301 -356.534 -68.6838 -230.728
700.041 -354.981 -68.6838 -230.728
702.883 -353.361 -68.6838 -230.728
705.805 -351.697 -68.6838 -230.728
708.813 -349.992 -68.6838 -230.728
711.876 -348.258 -68.6838 -230.728
715.002 -346.453 -68.6838 -230.728
718.206 -344.633 -68.6838 -230.728
721.482 -342.77 -68.6838 -230.728
724.807 -340.889 -68.6838 -230.728
728.196 -338.981 -68.6838 -230.728
731.641 -337.051 -68.6838 -230.728
735.136 -335.085 -68.6838 -230.728
738.687 -333.111 -68.6838 -230.728
742.298 -331.125 -68.6838 -230.728
745.89 -329.139 -68.6838 -230.728
749.425 -327.17 -68.6838 -230.728
752.91 -325.237 -68.6838 -230.728
756.375 -323.313 -68.6838 -230.728
759.865 -321.362 -68.6838 -230.728
763.327 -319.384 -68.6838 -230.728
766.767 -317.46 -68.6838 -230.728
770.202 -315.543 -68.6838 -230.728
773.64 -313.597 -68.6838 -230.728
777.076 -311.609 -68.6838 -230.728
780.506 -309.559 -68.6838 -230.728
783.911 -307.384 -68.6838 -230.728
787.29 -305.086 -68.6838 -230.728
790.604 -302.674 -68.6838 -230.728
793.848 -300.106 -68.6838 -230.728
796.985 -297.45 -68.6838 -230.728
800.076 -294.711 -68.6838 -230.728
803.151 -291.917 -68.6838 -230.728
806.166 -289.067 -68.6838 -230.728
809.133 -286.135 -68.6838 -230.728
812.01 -283.098 -68.6838 -230.728
814.774 -279.994 -68.6838 -230.728
817.415 -276.799 -68.6838 -230.728
819.928 -273.561 -68.6838 -230.728
822.306 -270.293 -68.6838 -230.728
824.54 -267.032 -68.6838 -230.728
826.673 -263.781 -68.6838 -230.728
828.738 -260.538 -68.6838 -230.728
830.711 -257.359 -68.6838 -230.728
832.582 -254.229 -68.6838 -230.728
834.371 -251.146 -68.6838 -230.728
835.963 -247.895 -68.6838 -230.728
837.43 -244.592 -68.6838 -230.728
838.868 -241.553 -68.6838 -230.728
840.227 -238.72 -68.6838 -230.728
841.517 -236.114 -68.6838 -230.728
842.743 -233.69 -68.6838 -230.728
843.904 -231.473 -68.6838 -230.728
844.989 -229.432 -68.6838 -230.728
845.93 -227.548 -68.6838 -230.728
846.716 -225.735 -68.6838 -230.728
847.296 -223.977 -68.6838 -230.728
847.661 -222.29 -68.6838 -230.728
847.783 -220.55 -68.6838 -230.728
847.608 -218.766 -68.6838 -230.728
847.059 -217.074 -68.6838 -230.728
846.188 -215.482 -68.6838 -230.728
844.993 -214.043 -68.6838 -230.728
843.539 -212.765 -68.6838 -230.728
841.834 -211.617 -68.6838 -230.728
840.01 -210.614 -68.6838 -230.728
837.968 -209.736 -68.6838 -230.728
835.741 -208.914 -68.6838 -230.728
833.417 -208.173 -68.6838 -230.728
830.901 -207.446 -68.6838 -230.728
828.29 -206.725 -68.6838 -230.728
825.584 -205.987 -68.6838 -230.728
822.787 -205.24 -68.6838 -230.728
819.905 -204.47 -68.6838 -230.728
816.955 -203.702 -68.6838 -230.728
813.926 -202.925 -68.6838 -230.728
810.808 -202.116 -68.6838 -230.728
807.612 -201.277 -68.6838 -230.728
804.357 -200.421 -68.6838 -230.728
801.071 -199.546 -68.6838 -230.728
797.74 -198.666 -68.6838 -230.728
794.392 -197.787 -68.6838 -230.728
791.003 -196.92 -68.6838 -230.728
787.583 -196.024 -68.6838 -230.728
784.142 -195.072 -68.6838 -230.728
780.677 -194.067 -68.6838 -230.728
777.197 -193.011 -68.6838 -230.728
773.696 -191.886 -68.6838 -230.728
770.174 -190.705 -68.6838 -230.728
766.613 -189.504 -68.6838 -230.728
763.005 -188.299 -68.6838 -230.728
759.343 -187.147 -68.6838 -230.728
755.636 -186.064 -68.6838 -230.728
751.891 -185.063 -68.6838 -230.728
748.118 -184.113 -68.6838 -230.728
744.316 -183.21 -68.6838 -230.728
740.478 -182.348 -68.6838 -230.728
736.632 -181.53 -68.6838 -230.728
732.752 -180.734 -68.6838 -230.728
728.866 -179.991 -68.6838 -230.728
724.965 -179.269 -68.6838 -230.728
721.053 -178.54 -68.6838 -230.728
717.123 -177.826 -68.6838 -230.728
713.159 -177.134 -68.6838 -230.728
709.153 -176.456 -68.6838 -230.728
705.201 -175.794 -68.6838 -230.728
701.266 -175.162 -68.6838 -230.728
697.37 -174.581 -68.6838 -230.728
693.508 -174.025 -68.6838 -230.728
689.708 -173.48 -68.6838 -230.728
685.944 -172.946 -68.6838 -230.728
682.221 -172.443 -68.6838 -230.728
678.527 -171.947 -68.6838 -230.728
674.857 -171.452 -68.6838 -230.728
671.211 -170.95 -68.6838 -230.728
667.583 -170.417 -68.6838 -230.728
663.946 -169.882 -68.6838 -230.728
660.295 -169.316 -68.6838 -230.728
656.628 -168.734 -68.6838 -230.728
652.934 -168.162 -68.6838 -230.728
649.235 -167.604 -68.6838 -230.728
645.519 -167.063 -68.6838 -230.728
641.792 -166.532 -68.6838 -230.728
638.047 -165.975 -68.6838 -230.728
634.296 -165.414 -68.6838 -230.728
630.523 -164.813 -68.6838 -230.728
626.718 -164.204 -68.6838 -230.728
622.888 -163.589 -68.6838 -230.728
619.051 -162.987 -68.6838 -230.728
615.191 -162.389 -68.6838 -230.728
611.35 -161.811 -68.6838 -230.728
607.523 -161.189 -68.6838 -230.728
603.701 -160.55 -68.6838 -230.728
599.852 -159.921 -68.6838 -230.728
595.971 -159.276 -68.6838 -230.728
592.062 -158.624 -68.6838 -230.728
588.138 -158.001 -68.6838 -230.728
584.194 -157.369 -68.6838 -230.728
580.235 -156.731 -68.6838 -230.728
576.257 -156.106 -68.6838 -230.728
572.272 -155.494 -68.6838 -230.728
568.283 -154.901 -68.6838 -230.728
564.298 -154.291 -68.6838 -230.728
560.308 -153.685 -68.6838 -230.728
556.338 -153.067 -68.6838 -230.728
552.378 -152.452 -68.6838 -230.728
548.418 -151.782 -68.6838 -230.728
544.468 -151.123 -68.6838 -230.728
540.517 -150.499 -68.6838 -230.728
536.533 -149.927 -68.6838 -230.728
532.552 -149.39 -68.6838 -230.728
528.553 -148.918 -68.6838 -230.728
524.562 -148.417 -68.6838 -230.728
520.573 -147.937 -68.6838 -230.728
516.578 -147.433 -68.6838 -230.728
512.594 -146.909 -68.6838 -230.728
508.607 -146.37 -68.6838 -230.728
504.621 -145.801 -68.6838 -230.728
500.669 -145.222 -68.6838 -230.728
496.709 -144.632 -68.6838 -230.728
492.734 -144.038 -68.6838 -230.728
488.761 -143.458 -68.6838 -230.728
484.77 -142.906 -68.6838 -230.728
480.78 -142.329 -68.6838 -230.728
476.789 -141.77 -68.6838 -230.728
472.783 -141.23 -68.6838 -230.728
468.786 -140.684 -68.6838 -230.728
464.805 -140.153 -68.6838 -230.728
460.861 -139.631 -68.6838 -230.728
456.965 -139.111 -68.6838 -230.728
453.09 -138.601 -68.6838 -230.728
449.26 -138.102 -68.6838 -230.728
445.44 -137.624 -68.6838 -230.728
441.618 -137.181 -68.6838 -230.728
437.787 -136.774 -68.6838 -230.728
433.965 -136.391 -68.6838 -230.728
430.14 -136.03 -68.6838 -230.728
426.314 -135.727 -68.6838 -230.728
422.455 -135.449 -68.6838 -230.728
418.618 -135.188 -68.6838 -230.728
414.741 -134.97 -68.6838 -230.728
410.88 -134.809 -68.6838 -230.728
407.046 -134.704 -68.6838 -230.728
403.257 -134.643 -68.6838 -230.728
399.533 -134.612 -68.6838 -230.728
395.866 -134.6 -68.6838 -230.728
392.268 -134.633 -68.6838 -230.728
388.728 -134.686 -68.6838 -230.728
385.239 -134.777 -68.6838 -230.728
381.809 -134.887 -68.6838 -230.728
378.454 -135.021 -68.6838 -230.728
375.158 -135.195 -68.6838 -230.728
371.959 -135.404 -68.6838 -230.728
368.825 -135.641 -68.6838 -230.728
365.769 -135.953 -68.6838 -230.728
362.813 -136.381 -68.6838 -230.728
359.946 -136.93 -68.6838 -230.728
357.155 -137.595 -68.6838 -230.728
354.38 -138.389 -68.6838 -230.728
351.618 -139.268 -68.6838 -230.728
348.916 -140.219 -68.6838 -230.728
346.292 -141.246 -68.6838 -230.728
343.734 -142.346 -68.6838 -230.728
341.271 -143.536 -68.6838 -230.728
338.882 -144.836 -68.6838 -230.728
336.574 -146.277 -68.6838 -230.728
334.341 -147.889 -68.6838 -230.728
332.182 -149.676 -68.6838 -230.728
330.088 -151.644 -68.6838 -230.728
328.133 -153.775 -68.6838 -230.728
326.33 -156.077 -68.6838 -230.728
324.679 -158.526 -68.6838 -230.728
323.225 -161.147 -68.6838 -230.728
322.007 -163.906 -68.6838 -230.728
321.009 -166.828 -68.6838 -230.728
320.208 -169.843 -68.6838 -230.728
319.544 -172.965 -68.6838 -230.728
318.971 -176.173 -68.6838 -230.728
318.453 -179.462 -68.6838 -230.728
317.921 -182.75 -68.6838 -230.728
317.367 -186.088 -68.6838 -230.728
316.847 -189.504 -68.6838 -230.728
316.319 -192.971 -68.6838 -230.728
315.767 -196.473 -68.6838 -230.728
315.163 -199.977 -68.6838 -230.728
314.499 -203.502 -68.6838 -230.728
313.761 -207.035 -68.6838 -230.728
312.923 -210.554 -68.6838 -230.728
311.99 -214.015 -68.6838 -230.728
310.961 -217.403 -68.6838 -230.728
309.815 -220.682 -68.6838 -230.728
308.536 -223.856 -68.6838 -230.728
307.141 -226.896 -68.6838 -230.728
305.605 -229.818 -68.6838 -230.728
303.949 -232.62 -68.6838 -230.728
302.213 -235.277 -68.6838 -230.728
300.416 -237.779 -68.6838 -230.728
298.573 -240.123 -68.6838 -230.728
296.741 -242.261 -68.6838 -230.728
294.928 -244.199 -68.6838 -230.728
293.164 -245.914 -68.6838 -230.728
291.432 -247.396 -68.6838 -230.728
289.781 -248.637 -68.6838 -230.728
288.19 -249.635 -68.6838 -230.728
286.609 -250.389 -68.6838 -230.728
285.061 -250.926 -68.6838 -230.728
283.459 -251.232 -68.6838 -230.728
281.809 -251.323 -68.6838 -230.728
280.153 -251.116 -68.6838 -230.728
278.491 -250.569 -68.6838 -230.728
276.78 -249.632 -68.6838 -230.728
275.199 -248.391 -68.6838 -230.728
273.694 -246.817 -68.6838 -230.728
272.232 -244.955 -68.6838 -230.728
270.732 -242.909 -68.6838 -230.728
269.098 -240.752 -68.6838 -230.728
267.324 -238.495 -68.6838 -230.728
265.41 -236.156 -68.6838 -230.728
263.358 -233.779 -68.6838 -230.728
261.168 -231.409 -68.6838 -230.728
258.871 -229.033 -68.6838 -230.728
256.48 -226.678 -68.6838 -230.728
253.976 -224.341 -68.6838 -230.728
251.405 -222.031 -68.6838 -230.728
248.831 -219.808 -68.6838 -230.728
246.322 -217.682 -68.6838 -230.728
243.884 -215.682 -68.6838 -230.728
241.516 -213.863 -68.6838 -230.728
239.245 -212.198 -68.6838 -230.728
237.112 -210.646 -68.6838 -230.728
235.195 -209.15 -68.6838 -230.728
233.537 -207.645 -68.6838 -230.728
232.16 -206.116 -68.6838 -230.728
231.055 -204.521 -68.6838 -230.728
230.218 -202.803 -68.6838 -230.728
229.629 -200.919 -68.6838 -230.728
229.413 -198.975 -68.6838 -230.728
229.542 -197.005 -68.6838 -230.728
230.028 -195.061 -68.6838 -230.728
230.87 -193.124 -68.6838 -230.728
231.969 -191.259 -68.6838 -230.728
233.212 -189.369 -68.6838 -230.728
234.51 -187.332 -68.6838 -230.728
235.831 -185.149 -68.6838 -230.728
237.14 -182.815 -68.6838 -230.728
238.423 -180.298 -68.6838 -230.728
239.65 -177.6 -68.6838 -230.728
240.762 -174.747 -68.6838 -230.728
241.734 -171.674 -68.6838 -230.728
242.658 -168.553 -68.6838 -230.728
243.468 -165.389 -68.6838 -230.728
244.225 -162.197 -68.6838 -230.728
244.946 -158.93 -68.6838 -230.728
245.616 -155.629 -68.6838 -230.728
246.236 -152.294 -68.6838 -230.728
246.836 -148.991 -68.6838 -230.728
247.422 -145.708 -68.6838 -230.728
247.991 -142.407 -68.6838 -230.728
248.554 -139.114 -68.6838 -230.728
249.114 -135.853 -68.6838 -230.728
249.669 -132.634 -68.6838 -230.728
250.227 -129.457 -68.6838 -230.728
250.832 -126.334 -68.6838 -230.728
251.503 -123.257 -68.6838 -230.728
252.251 -120.226 -68.6838 -230.728
253.09 -117.249 -68.6838 -230.728
254.056 -114.334 -68.6838 -230.728
255.204 -111.463 -68.6838 -230.728
256.541 -108.607 -68.6838 -230.728
258.083 -105.856 -68.6838 -230.728
259.774 -103.172 -68.6838 -230.728
261.609 -100.616 -68.6838 -230.728
263.622 -98.145 -68.6838 -230.728
265.77 -95.781 -68.6838 -230.728
268.089 -93.4725 -68.6838 -230.728
270.509 -91.2735 -68.6838 -230.728
273.096 -89.1917 -68.6838 -230.728
275.828 -87.2283 -68.6838 -230.728
278.708 -85.3917 -68.6838 -230.728
281.714 -83.6953 -68.6838 -230.728
284.834 -82.0947 -68.6838 -230.728
288.04 -80.6258 -68.6838 -230.728
291.375 -79.3754 -68.6838 -230.728
294.79 -78.1828 -68.6838 -230.728
298.254 -77.1354 -68.6838 -230.728
301.762 -76.2153 -68.6838 -230.728
305.306 -75.437 -68.6838 -230.728
308.886 -74.7951 -68.6838 -230.728
312.506 -74.2976 -68.6838 -230.728
316.154 -73.9396 -68.6838 -230.728
319.824 -73.7176 -68.6838 -230.728
323.474 -73.7403 -68.6838 -230.728
327.126 -73.7769 -68.6838 -230.728
330.761 -73.8756 -68.6838 -230.728
334.387 -74.0624 -68.6838 -230.728
338.02 -74.2239 -68.6838 -230.728
341.658 -74.4055 -68.6838 -230.728
345.305 -74.5705 -68.6838 -230.728
348.97 -74.6924 -68.6838 -230.728
352.604 -74.7478 -68.6838 -230.728
356.195 -74.7839 -68.6838 -230.728
359.781 -74.8066 -68.6838 -230.728
363.365 -74.7207 -68.6838 -230.728
366.944 -74.6587 -68.6838 -230.728
370.524 -74.4948 -68.6838 -230.728
374.141 -74.279 -68.6838 -230.728
377.729 -74.0208 -68.6838 -230.728
381.332 -73.7166 -68.6838 -230.728
384.909 -73.333 -68.6838 -230.728
388.484 -72.9225 -68.6838 -230.728
392.007 -72.4713 -68.6838 -230.728
395.549 -71.9506 -68.6838 -230.728
399.089 -71.3902 -68.6838 -230.728
402.611 -70.7602 -68.6838 -230.728
406.128 -70.0791 -68.6838 -230.728
409.612 -69.3575 -68.6838 -230.728
413.115 -68.6338 -68.6838 -230.728
416.629 -67.8988 -68.6838 -230.728
420.161 -67.1999 -68.6838 -230.728
423.671 -66.5071 -68.6838 -230.728
427.15 -65.7998 -68.6838 -230.728
430.606 -65.1078 -68.6838 -230.728
434.175 -64.4768 -68.6838 -230.728
437.759 -63.9022 -68.6838 -230.728
441.375 -63.3781 -68.6838 -230.728
444.987 -62.949 -68.6838 -230.728
448.611 -62.5779 -68.6838 -230.728
452.213 -62.3159 -68.6838 -230.728
455.793 -62.122 -68.6838 -230.728
459.379 -61.9687 -68.6838 -230.728
462.956 -61.8408 -68.6838 -230.728
466.534 -61.7576 -68.6838 -230.728
470.118 -61.6909 -68.6838 -230.728
473.699 -61.6755 -68.6838 -230.728
477.29 -61.7014 -68.6838 -230.728
480.863 -61.7542 -68.6838 -230.728
484.473 -61.8596 -68.6838 -230.728
488.078 -61.9685 -68.6838 -230.728
491.688 -62.0993 -68.6838 -230.728
495.333 -62.2094 -68.6838 -230.728
498.996 -62.2921 -68.6838 -230.728
502.732 -62.3465 -68.6838 -230.728
506.504 -62.389 -68.6838 -230.728
510.277 -62.5118 -68.6838 -230.728
514.075 -62.7127 -68.6838 -230.728
517.907 -62.9458 -68.6838 -230.728
521.732 -63.194 -68.6838 -230.728
525.525 -63.4514 -68.6838 -230.728
529.363 -63.6604 -68.6838 -230.728
533.159 -63.8782 -68.6838 -230.728
536.933 -64.0962 -68.6838 -230.728
540.727 -64.2588 -68.6838 -230.728
544.483 -64.3898 -68.6838 -230.728
548.256 -64.5574 -68.6838 -230.728
551.981 -64.6649 -68.6838 -230.728
555.698 -64.8035 -68.6838 -230.728
559.407 -64.9703 -68.6838 -230.728
563.082 -65.177 -68.6838 -230.728
566.746 -65.4167 -68.6838 -230.728
570.417 -65.6497 -68.6838 -230.728
574.085 -65.8566 -68.6838 -230.728
577.737 -66.0478 -68.6838 -230.728
581.397 -66.2423 -68.6838 -230.728
585.074 -66.4218 -68.6838 -230.728
588.737 -66.5944 -68.6838 -230.728
592.382 -66.7148 -68.6838 -230.728
596.02 -66.8126 -68.6838 -230.728
599.63 -66.9351 -68.6838 -230.728
603.247 -67.0767 -68.6838 -230.728
606.803 -67.2286 -68.6838 -230.728
610.397 -67.3647 -68.6838 -230.728
613.934 -67.5097 -68.6838 -230.728
617.469 -67.7265 -68.6838 -230.728
620.979 -67.9577 -68.6838 -230.728
624.473 -68.2556 -68.6838 -230.728
627.956 -68.5313 -68.6838 -230.728
631.407 -68.9155 -68.6838 -230.728
634.831 -69.3331 -68.6838 -230.728
638.235 -69.742 -68.6838 -230.728
641.6 -70.2003 -68.6838 -230.728
644.92 -70.6458 -68.6838 -230.728
648.263 -71.0153 -68.6838 -230.728
651.539 -71.3359 -68.6838 -230.728
654.794 -71.7144 -68.6838 -230.728
658.023 -72.1133 -68.6838 -230.728
661.283 -72.3961 -68.6838 -230.728
664.482 -72.7088 -68.6838 -230.728
667.71 -73.0247 -68.6838 -230.728
670.915 -73.3691 -68.6838 -230.728
674.134 -73.7647 -68.6838 -230.728
677.353 -74.1761 -68.6838 -230.728
680.626 -74.6202 -68.6838 -230.728
683.889 -75.1278 -68.6838 -230.728
687.209 -75.6481 -68.6838 -230.728
690.557 -76.1991 -68.6838 -230.728
693.961 -76.8217 -68.6838 -230.728
697.411 -77.4618 -68.6838 -230.728
700.891 -78.0596 -68.6838 -230.728
704.444 -78.657 -68.6838 -230.728
708.034 -79.2719 -68.6838 -230.728
711.648 -79.9694 -68.6838 -230.728
715.321 -80.5834 -68.6838 -230.728
719.034 -81.1817 -68.6838 -230.728
722.758 -81.765 -68.6838 -230.728
726.463 -82.475 -68.6838 -230.728
730.169 -83.2202 -68.6838 -230.728
733.873 -83.9652 -68.6838 -230.728
737.573 -84.7095 -68.6838 -230.728
741.276 -85.4542 -68.6838 -230.728
744.949 -86.2852 -68.6838 -230.728
748.586 -87.1724 -68.6838 -230.728
752.233 -88.0589 -68.6838 -230.728
755.854 -88.9542 -68.6838 -230.728
759.47 -89.8863 -68.6838 -230.728
763.107 -90.8534 -68.6838 -230.728
766.713 -91.8419 -68.6838 -230.728
770.323 -92.8578 -68.6838 -230.728
773.904 -93.8904 -68.6838 -230.728
777.482 -94.9754 -68.6838 -230.728
781.009 -96.0438 -68.6838 -230.728
784.547 -97.1274 -68.6838 -230.728
788.053 -98.2321 -68.6838 -230.728
791.523 -99.3475 -68.6838 -230.728
794.991 -100.49 -68.6838 -230.728
798.42 -101.678 -68.6838 -230.728
801.834 -102.886 -68.6838 -230.728
805.206 -104.118 -68.6838 -230.728
808.57 -105.36 -68.6838 -230.728
811.909 -106.616 -68.6838 -230.728
815.217 -107.894 -68.6838 -230.728
818.511 -109.215 -68.6838 -230.728
821.762 -110.499 -68.6838 -230.728
824.987 -111.757 -68.6838 -230.728
828.116 -113.016 -68.6838 -230.728
831.164 -114.287 -68.6838 -230.728
834.154 -115.54 -68.6838 -230.728
837.109 -116.9 -68.6838 -230.728
839.987 -118.405 -68.6838 -230.728
842.825 -119.983 -68.6838 -230.728
845.611 -121.637 -68.6838 -230.728
848.131 -123.49 -68.6838 -230.728
850.651 -125.342 -68.6838 -230.728
853.169 -127.192 -68.6838 -230.728
855.688 -129.043 -68.6838 -230.728
858.206 -130.893 -68.6838 -230.728
860.609 -132.748 -68.6838 -230.728
862.691 -134.604 -68.6838 -230.728
864.696 -136.417 -68.6838 -230.728
866.611 -138.188 -68.6838 -230.728
868.436 -139.842 -68.6838 -230.728
870.196 -141.448 -68.6838 -230.728
871.89 -142.98 -68.6838 -230.728
873.459 -144.406 -68.6838 -230.728
874.852 -145.73 -68.6838 -230.728
876.015 -146.955 -68.6838 -230.728
876.62 -147.997 -68.6838 -230.728
877.222 -149.029 -68.6838 -230.728
877.828 -150.056 -68.6838 -230.728
878.429 -151.07 -68.6838 -230.728
879.032 -152.077 -68.6838 -230.728
879.368 -153.207 -68.6838 -230.728
879.496 -154.5 -68.6838 -230.728
879.474 -155.899 -68.6838 -230.728
879.184 -157.413 -68.6838 -230.728
878.722 -159.026 -68.6838 -230.728
878.051 -160.703 -68.6838 -230.728
877.199 -162.456 -68.6838 -230.728
876.226 -164.298 -68.6838 -230.728
875.169 -166.256 -68.6838 -230.728
874.063 -168.323 -68.6838 -230.728
872.896 -170.513 -68.6838 -230.728
871.692 -172.799 -68.6838 -230.728
870.444 -175.197 -68.6838 -230.728
869.158 -177.699 -68.6838 -230.728
867.847 -180.264 -68.6838 -230.728
866.529 -182.827 -68.6838 -230.728
865.19 -185.386 -68.6838 -230.728
863.827 -187.898 -68.6838 -230.728
862.482 -190.341 -68.6838 -230.728
861.175 -192.699 -68.6838 -230.728
859.904 -194.947 -68.6838 -230.728
858.555 -197.033 -68.6838 -230.728
857.564 -199.01 -68.6838 -230.728
856.623 -200.921 -68.6838 -230.728
855.873 -202.831 -68.6838 -230.728
855.391 -204.702 -68.6838 -230.728
855.195 -206.613 -68.6838 -230.728
855.179 -208.462 -68.6838 -230.728
855.616 -210.293 -68.6838 -230.728
856.41 -212.062 -68.6838 -230.728
857.588 -213.745 -68.6838 -230.728
859.079 -215.288 -68.6838 -230.728
860.819 -216.69 -68.6838 -230.728
862.789 -218.03 -68.6838 -230.728
864.921 -219.272 -68.6838 -230.728
867.294 -220.393 -68.6838 -230.728
869.807 -221.443 -68.6838 -230.728
872.434 -222.522 -68.6838 -230.728
875.148 -223.639 -68.6838 -230.728
877.943 -224.783 -68.6838 -230.728
880.789 -225.911 -68.6838 -230.728
883.677 -227.009 -68.6838 -230.728
886.574 -228.055 -68.6838 -230.728
889.457 -229.065 -68.6838 -230.728
892.308 -230.075 -68.6838 -230.728
895.125 -231.1 -68.6838 -230.728
897.891 -232.148 -68.6838 -230.728
900.572 -233.227 -68.6838 -230.728
903.147 -234.414 -68.6838 -230.728
905.581 -235.747 -68.6838 -230.728
907.862 -237.232 -68.6838 -230.728
909.977 -238.859 -68.6838 -230.728
911.921 -240.637 -68.6838 -230.728
913.692 -242.584 -68.6838 -230.728
915.224 -244.67 -68.6838 -230.728
916.604 -246.933 -68.6838 -230.728
917.748 -249.322 -68.6838 -230.728
918.674 -251.818 -68.6838 -230.728
919.383 -254.435 -68.6838 -230.728
919.809 -257.168 -68.6838 -230.728
920.031 -260.038 -68.6838 -230.728
920.103 -263.001 -68.6838 -230.728
920.099 -266.087 -68.6838 -230.728
920.043 -269.309 -68.6838 -230.728
919.861 -272.599 -68.6838 -230.728
919.594 -275.946 -68.6838 -230.728
919.194 -279.387 -68.6838 -230.728
918.716 -282.823 -68.6838 -230.728
918.148 -286.292 -68.6838 -230.728
917.501 -289.794 -68.6838 -230.728
916.763 -293.295 -68.6838 -230.728
915.962 -296.778 -68.6838 -230.728
915.027 -300.241 -68.6838 -230.728
914.01 -303.678 -68.6838 -230.728
912.95 -307.068 -68.6838 -230.728
911.811 -310.431 -68.6838 -230.728
910.661 -313.806 -68.6838 -230.728
909.524 -317.194 -68.6838 -230.728
908.36 -320.573 -68.6838 -230.728
907.158 -323.978 -68.6838 -230.728
905.955 -327.39 -68.6838 -230.728
904.73 -330.854 -68.6838 -230.728
903.48 -334.371 -68.6838 -230.728
902.194 -337.956 -68.6838 -230.728
900.881 -341.605 -68.6838 -230.728
899.507 -345.303 -68.6838 -230.728
898.136 -348.992 -68.6838 -230.728
896.76 -352.601 -68.6838 -230.728
895.382 -356.153 -68.6838 -230.728
894.002 -359.645 -68.6838 -230.728
892.633 -363.088 -68.6838 -230.728
891.284 -366.446 -68.6838 -230.728
889.954 -369.684 -68.6838 -230.728
888.705 -372.751 -68.6838 -230.728
887.542 -375.609 -68.6838 -230.728
886.482 -378.244 -68.6838 -230.728
885.529 -380.659 -68.6838 -230.728
884.646 -382.909 -68.6838 -230.728
883.836 -385.023 -68.6838 -230.728
883.052 -387.072 -68.6838 -230.728
882.282 -389.021 -68.6838 -230.728
881.518 -390.963 -68.6838 -230.728
880.723 -392.99 -68.6838 -230.728
879.871 -395.092 -68.6838 -230.728
878.952 -397.297 -68.6838 -230.728
877.994 -399.634 -68.6838 -230.728
877.005 -402.093 -68.6838 -230.728
875.982 -404.658 -68.6838 -230.728
874.937 -407.346 -68.6838 -230.728
873.852 -410.171 -68.6838 -230.728
872.73 -413.116 -68.6838 -230.728
871.568 -416.14 -68.6838 -230.728
870.361 -419.266 -68.6838 -230.728
869.086 -422.462 -68.6838 -230.728
867.733 -425.716 -68.6838 -230.728
866.275 -429.025 -68.6838 -230.728
864.738 -432.357 -68.6838 -230.728
863.155 -435.647 -68.6838 -230.728
861.539 -438.867 -68.6838 -230.728
859.901 -442.004 -68.6838 -230.728
858.274 -445.061 -68.6838 -230.728
856.661 -448.065 -68.6838 -230.728
855.095 -451.011 -68.6838 -230.728
853.592 -453.9 -68.6838 -230.728
852.213 -456.693 -68.6838 -230.728
850.982 -459.327 -68.6838 -230.728
849.817 -461.81 -68.6838 -230.728
848.706 -464.221 -68.6838 -230.728
847.638 -466.561 -68.6838 -230.728
846.608 -468.856 -68.6838 -230.728
845.599 -471.139 -68.6838 -230.728
844.544 -473.507 -68.6838 -230.728
843.441 -475.939 -68.6838 -230.728
842.303 -478.433 -68.6838 -230.728
841.136 -481.024 -68.6838 -230.728
839.944 -483.652 -68.6838 -230.728
838.731 -486.351 -68.6838 -230.728
837.469 -489.113 -68.6838 -230.728
836.193 -491.932 -68.6838 -230.728
834.934 -494.737 -68.6838 -230.728
833.667 -497.573 -68.6838 -230.728
832.376 -500.432 -68.6838 -230.728
831.076 -503.328 -68.6838 -230.728
829.81 -506.268 -68.6838 -230.728
828.516 -509.246 -68.6838 -230.728
827.222 -512.249 -68.6838 -230.728
825.906 -515.281 -68.6838 -230.728
824.601 -518.35 -68.6838 -230.728
823.28 -521.401 -68.6838 -230.728
822.004 -524.371 -68.6838 -230.728
820.792 -527.219 -68.6838 -230.728
819.654 -529.951 -68.6838 -230.728
818.587 -532.56 -68.6838 -230.728
817.591 -535.046 -68.6838 -230.728
816.619 -537.45 -68.6838 -230.728
815.6 -539.794 -68.6838 -230.728
814.489 -542.071 -68.6838 -230.728
813.281 -544.26 -68.6838 -230.728
811.951 -546.393 -68.6838 -230.728
810.467 -548.396 -68.6838 -230.728
808.712 -550.185 -68.6838 -230.728
806.806 -551.781 -68.6838 -230.728
804.695 -553.207 -68.6838 -230.728
802.324 -554.412 -68.6838 -230.728
799.73 -555.345 -68.6838 -230.728
796.954 -556.059 -68.6838 -230.728
794.05 -556.696 -68.6838 -230.728
791.027 -557.303 -68.6838 -230.728
787.899 -557.911 -68.6838 -230.728
784.671 -558.523 -68.6838 -230.728
781.37 -559.196 -68.6838 -230.728
778.0 -559.9 -68.6838 -230.728
774.542 -560.629 -68.6838 -230.728
771.007 -561.41 -68.6838 -230.728
767.385 -562.233 -68.6838 -230.728
763.683 -563.08 -68.6838 -230.728
759.943 -563.948 -68.6838 -230.728
756.186 -564.795 -68.6838 -230.728
752.449 -565.641 -68.6838 -230.728
748.705 -566.479 -68.6838 -230.728
744.958 -567.327 -68.6838 -230.728
741.205 -568.209 -68.6838 -230.728
737.449 -569.1 -68.6838 -230.728
733.693 -569.928 -68.6838 -230.728
729.903 -570.796 -68.6838 -230.728
726.141 -571.67 -68.6838 -230.728
722.401 -572.505 -68.6838 -230.728
718.657 -573.331 -68.6838 -230.728
714.909 -574.169 -68.6838 -230.728
711.154 -574.991 -68.6838 -230.728
707.381 -575.784 -68.6838 -230.728
703.608 -576.484 -68.6838 -230.728
699.789 -577.151 -68.6838 -230.728
695.949 -577.783 -68.6838 -230.728
692.086 -578.391 -68.6838 -230.728
688.196 -578.969 -68.6838 -230.728
684.284 -579.527 -68.6838 -230.728
680.353 -580.012 -68.6838 -230.728
676.394 -580.463 -68.6838 -230.728
672.43 -580.896 -68.6838 -230.728
668.482 -581.278 -68.6838 -230.728
664.562 -581.619 -68.6838 -230.728
660.679 -581.917 -68.6838 -230.728
656.833 -582.149 -68.6838 -230.728
652.987 -582.329 -68.6838 -230.728
649.146 -582.495 -68.6838 -230.728
645.283 -582.653 -68.6838 -230.728
641.399 -582.799 -68.6838 -230.728
637.509 -582.865 -68.6838 -230.728
633.579 -582.926 -68.6838 -230.728
629.633 -583.012 -68.6838 -230.728
625.686 -583.11 -68.6838 -230.728
621.757 -583.237 -68.6838 -230.728
617.836 -583.378 -68.6838 -230.728
613.914 -583.523 -68.6838 -230.728
609.968 -583.652 -68.6838 -230.728
606.029 -583.763 -68.6838 -230.728
602.082 -583.867 -68.6838 -230.728
598.16 -583.963 -68.6838 -230.728
594.271 -584.081 -68.6838 -230.728
590.406 -584.193 -68.6838 -230.728
586.586 -584.254 -68.6838 -230.728
582.744 -584.365 -68.6838 -230.728
578.925 -584.588 -68.6838 -230.728
575.14 -584.942 -68.6838 -230.728
571.392 -585.412 -68.6838 -230.728
567.663 -586.009 -68.6838 -230.728
563.963 -586.73 -68.6838 -230.728
560.283 -587.51 -68.6838 -230.728
556.613 -588.295 -68.6838 -230.728
552.947 -589.117 -68.6838 -230.728
549.294 -589.954 -68.6838 -230.728
545.66 -590.795 -68.6838 -230.728
542.072 -591.613 -68.6838 -230.728
538.522 -592.376 -68.6838 -230.728
534.986 -593.042 -68.6838 -230.728
531.514 -593.656 -68.6838 -230.728
528.189 -594.211 -68.6838 -230.728
525.058 -594.724 -68.6838 -230.728
522.108 -595.256 -68.6838 -230.728
519.364 -595.799 -68.6838 -230.728
516.782 -596.349 -68.6838 -230.728
514.353 -596.874 -68.6838 -230.728
512.097 -597.335 -68.6838 -230.728
510.002 -597.659 -68.6838 -230.728
507.984 -597.788 -68.6838 -230.728
506.007 -597.708 -68.6838 -230.728
504.065 -597.403 -68.6838 -230.728
502.212 -596.894 -68.6838 -230.728
500.367 -596.07 -68.6838 -230.728
498.609 -594.997 -68.6838 -230.728
496.942 -593.622 -68.6838 -230.728
495.439 -591.945 -68.6838 -230.728
494.13 -589.962 -68.6838 -230.728
492.982 -587.746 -68.6838 -230.728
491.948 -585.382 -68.6838 -230.728
490.932 -582.893 -68.6838 -230.728
489.849 -580.286 -68.6838 -230.728
488.687 -577.577 -68.6838 -230.728
487.434 -574.789 -68.6838 -230.728
486.106 -571.951 -68.6838 -230.728
484.723 -569.085 -68.6838 -230.728
483.271 -566.211 -68.6838 -230.728
481.78 -563.31 -68.6838 -230.728
480.267 -560.373 -68.6838 -230.728
478.756 -557.401 -68.6838 -230.728
477.239 -554.361 -68.6838 -230.728
475.711 -551.337 -68.6838 -230.728
474.127 -548.297 -68.6838 -230.728
472.535 -545.249 -68.6838 -230.728
470.922 -542.181 -68.6838 -230.728
469.308 -539.096 -68.6838 -230.728
467.688 -536.048 -68.6838 -230.728
466.092 -533.044 -68.6838 -230.728
464.521 -530.1 -68.6838 -230.728
462.99 -527.25 -68.6838 -230.728
461.482 -524.479 -68.6838 -230.728
459.989 -521.828 -68.6838 -230.728
458.54 -519.321 -68.6838 -230.728
457.156 -517.0 -68.6838 -230.728
455.839 -514.84 -68.6838 -230.728
454.583 -512.799 -68.6838 -230.728
453.425 -510.895 -68.6838 -230.728
452.465 -509.027 -68.6838 -230.728
451.74 -507.238 -68.6838 -230.728
451.212 -505.376 -68.6838 -230.728
450.974 -503.496 -68.6838 -230.728
451.013 -501.611 -68.6838 -230.728
451.348 -499.775 -68.6838 -230.728
451.994 -497.958 -68.6838 -230.728
452.981 -496.22 -68.6838 -230.728
454.241 -494.494 -68.6838 -230.728
455.904 -492.987 -68.6838 -230.728
457.858 -491.709 -68.6838 -230.728
460.092 -490.493 -68.6838 -230.728
462.526 -489.283 -68.6838 -230.728
465.095 -487.992 -68.6838 -230.728
467.844 -486.582 -68.6838 -230.728
470.734 -485.077 -68.6838 -230.728
473.765 -483.453 -68.6838 -230.728
476.884 -481.737 -68.6838 -230.728
480.099 -479.972 -68.6838 -230.728
483.357 -478.165 -68.6838 -230.728
486.575 -476.368 -68.6838 -230.728
489.853 -474.548 -68.6838 -230.728
493.114 -472.705 -68.6838 -230.728
496.406 -470.84 -68.6838 -230.728
499.729 -468.926 -68.6838 -230.728
503.079 -467.005 -68.6838 -230.728
506.464 -465.062 -68.6838 -230.728
509.87 -463.126 -68.6838 -230.728
513.315 -461.215 -68.6838 -230.728
516.779 -459.259 -68.6838 -230.728
520.283 -457.28 -68.6838 -230.728
523.788 -455.284 -68.6838 -230.728
527.277 -453.26 -68.6838 -230.728
530.793 -451.272 -68.6838 -230.728
534.318 -449.31 -68.6838 -230.728
537.872 -447.362 -68.6838 -230.728
541.422 -445.394 -68.6838 -230.728
545.015 -443.387 -68.6838 -230.728
548.618 -441.382 -68.6838 -230.728
552.234 -439.368 -68.6838 -230.728
555.832 -437.348 -68.6838 -230.728
559.439 -435.294 -68.6838 -230.728
563.063 -433.224 -68.6838 -230.728
566.684 -431.15 -68.6838 -230.728
570.312 -429.076 -68.6838 -230.728
573.979 -426.949 -68.6838 -230.728
577.66 -424.84 -68.6838 -230.728
581.321 -422.728 -68.6838 -230.728
584.994 -420.62 -68.6838 -230.728
588.678 -418.519 -68.6838 -230.728
592.37 -416.43 -68.6838 -230.728
596.078 -414.295 -68.6838 -230.728
599.78 -412.177 -68.6838 -230.728
603.513 -410.052 -68.6838 -230.728
607.237 -407.937 -68.6838 -230.728
610.971 -405.78 -68.6838 -230.728
614.69 -403.635 -68.6838 -230.728
618.384 -401.524 -68.6838 -230.728
622.004 -399.453 -68.6838 -230.728
625.547 -397.42 -68.6838 -230.728
629.04 -395.425 -68.6838 -230.728
632.529 -393.429 -68.6838 -230.728
635.987 -391.438 -68.6838 -230.728
639.42 -389.458 -68.6838 -230.728
642.861 -387.483 -68.6838 -230.728
646.336 -385.551 -68.6838 -230.728
649.759 -383.659 -68.6838 -230.728
653.125 -381.749 -68.6838 -230.728
656.471 -379.827 -68.6838 -230.728
659.828 -377.825 -68.6838 -230.728
663.161 -375.826 -68.6838 -230.728
666.494 -373.834 -68.6838 -230.728
669.894 -371.833 -68.6838 -230.728
673.33 -369.83 -68.6838 -230.728
676.779 -367.786 -68.6838 -230.728
680.3 -365.739 -68.6838 -230.728
683.823 -363.681 -68.6838 -230.728
687.361 -361.602 -68.6838 -230.728
690.934 -359.542 -68.6838 -230.728
694.479 -357.497 -68.6838 -230.728
698.027 -355.431 -68.6838 -230.728
701.524 -353.405 -68.6838 -230.728
705.028 -351.36 -68.6838 -230.728
708.518 -349.335 -68.6838 -230.728
712.016 -347.306 -68.6838 -230.728
715.472 -345.258 -68.6838 -230.728
718.93 -343.237 -68.6838 -230.728
722.373 -341.216 -68.6838 -230.728
725.8 -339.215 -68.6838 -230.728
729.259 -337.198 -68.6838 -230.728
732.737 -335.203 -68.6838 -230.728
736.307 -333.379 -68.6838 -230.728
739.904 -331.46 -68.6838 -230.728
743.539 -329.431 -68.6838 -230.728
747.226 -327.357 -68.6838 -230.728
750.929 -325.266 -68.6838 -230.728
754.622 -323.196 -68.6838 -230.728
758.236 -321.113 -68.6838 -230.728
761.874 -318.973 -68.6838 -230.728
765.485 -316.918 -68.6838 -230.728
769.108 -314.874 -68.6838 -230.728
772.728 -312.833 -68.6838 -230.728
776.302 -310.759 -68.6838 -230.728
779.774 -308.646 -68.6838 -230.728
783.186 -306.455 -68.6838 -230.728
786.573 -304.164 -68.6838 -230.728
789.906 -301.793 -68.6838 -230.728
793.204 -299.321 -68.6838 -230.728
796.441 -296.736 -68.6838 -230.728
799.59 -294.037 -68.6838 -230.728
802.698 -291.215 -68.6838 -230.728
805.677 -288.176 -68.6838 -230.728
808.592 -285.125 -68.6838 -230.728
811.398 -282.041 -68.6838 -230.728
814.12 -278.985 -68.6838 -230.728
816.782 -275.912 -68.6838 -230.728
819.33 -272.749 -68.6838 -230.728
821.75 -269.521 -68.6838 -230.728
824.066 -266.217 -68.6838 -230.728
826.299 -262.894 -68.6838 -230.728
828.439 -259.527 -68.6838 -230.728
830.488 -256.14 -68.6838 -230.728
832.46 -252.722 -68.6838 -230.728
834.407 -249.311 -68.6838 -230.728
836.262 -245.927 -68.6838 -230.728
838.083 -242.552 -68.6838 -230.728
839.893 -239.169 -68.6838 -230.728
841.689 -235.771 -68.6838 -230.728
843.507 -232.377 -68.6838 -230.728
845.33 -229.005 -68.6838 -230.728
847.103 -225.653 -68.6838 -230.728
848.849 -222.279 -68.6838 -230.728
850.575 -218.9 -68.6838 -230.728
852.305 -215.531 -68.6838 -230.728
854.005 -212.14 -68.6838 -230.728
855.721 -208.748 -68.6838 -230.728
857.466 -205.315 -68.6838 -230.728
859.201 -201.849 -68.6838 -230.728
860.941 -198.336 -68.6838 -230.728
862.7 -194.833 -68.6838 -230.728
864.49 -191.374 -68.6838 -230.728
866.295 -187.918 -68.6838 -230.728
868.135 -184.483 -68.6838 -230.728
869.986 -181.04 -68.6838 -230.728
871.823 -177.608 -68.6838 -230.728
873.672 -174.165 -68.6838 -230.728
875.582 -170.741 -68.6838 -230.728
877.542 -167.336 -68.6838 -230.728
879.604 -163.984 -68.6838 -230.728
881.788 -160.704 -68.6838 -230.728
884.092 -157.487 -68.6838 -230.728
886.559 -154.333 -68.6838 -230.728
889.142 -151.253 -68.6838 -230.728
891.804 -148.274 -68.6838 -230.728
894.545 -145.308 -68.6838 -230.728
897.302 -142.366 -68.6838 -230.728
900.063 -139.431 -68.6838 -230.728
902.79 -136.427 -68.6838 -230.728
905.48 -133.432 -68.6838 -230.728
908.165 -130.423 -68.6838 -230.728
910.833 -127.386 -68.6838 -230.728
913.496 -124.409 -68.6838 -230.728
