0.961713 0.011011 0.685791 -0.189209
3.84831 0.0446274 3.59839 -0.163086
6.67639 0.0754279 6.43188 -0.181396
9.46587 0.114132 9.17163 -0.162354
12.2234 0.154881 11.908 -0.170654
14.9455 0.199285 14.7019 -0.147461
17.6348 0.254852 17.3645 -0.0637207
20.2948 0.314603 20.0088 0.0344238
22.9009 0.372549 22.7756 0.17334
25.4422 0.428033 25.2888 0.215332
27.877 0.491623 27.7244 0.313232
30.2267 0.56105 29.9651 0.389648
32.4975 0.637347 32.2151 0.47583
34.7035 0.747597 34.4736 0.584717
36.7734 0.857975 36.4907 0.703857
38.7635 0.966244 38.4678 0.774902
40.6868 1.05457 40.396 0.821777
42.4757 1.12746 42.2063 0.895996
44.1195 1.16369 43.8213 0.969727
45.5745 1.16212 45.2537 0.88916
46.8327 1.11911 46.5728 0.842773
47.8784 1.05949 47.6155 0.812988
48.7166 0.973096 48.4783 0.658936
49.4871 0.856741 49.2019 0.601074
50.2306 0.697158 49.9292 0.448975
50.9453 0.488921 50.6426 0.238281
51.6593 0.221245 51.3176 -0.0478516
52.3559 -0.130953 52.1377 -0.362305
53.019 -0.590791 52.7168 -0.861816
53.6948 -1.17229 53.437 -1.36914
54.3689 -1.94608 54.0977 -2.15674
54.9838 -2.97376 54.7554 -3.18262
55.484 -4.19836 55.1885 -4.40308
55.8023 -5.58554 55.5398 -5.77954
55.9379 -7.12638 55.7053 -7.3125
55.9775 -8.77494 55.7483 -8.91577
55.9798 -10.5377 55.6753 -10.6926
55.9295 -12.3828 55.6082 -12.5334
55.8585 -14.3336 55.5186 -14.4189
55.7407 -16.3872 55.4226 -16.521
55.643 -18.5047 55.3259 -18.7351
55.569 -20.7128 55.2805 -20.9438
55.5054 -22.9033 55.2283 -23.1794
55.4636 -25.1116 55.2131 -25.4241
55.4896 -27.3049 55.228 -27.6045
55.5223 -29.5123 55.2373 -29.7603
55.5619 -31.7263 55.2793 -31.9954
55.6398 -33.951 55.3672 -34.1399
55.7486 -36.1978 55.4851 -36.4048
55.8685 -38.4658 55.6138 -38.646
56.0249 -40.7783 55.771 -41.0085
56.2033 -43.1303 55.9529 -43.3821
56.423 -45.5044 56.1777 -45.7805
56.7066 -47.9141 56.4736 -48.1594
57.041 -50.3568 56.8015 -50.5635
57.4249 -52.7738 57.1577 -53.053
57.8375 -55.1044 57.5647 -55.2893
58.2625 -57.3891 58.0359 -57.6711
58.7161 -59.5996 58.4485 -59.8757
59.1724 -61.7044 58.9373 -61.9668
59.6169 -63.7223 59.3618 -63.9851
60.0352 -65.6718 59.801 -65.9707
60.4322 -67.5457 60.1504 -67.834
60.8031 -69.3031 60.4175 -69.5835
61.1404 -71.0007 60.8582 -71.2354
61.4508 -72.6229 61.1602 -72.9297
61.7495 -74.2427 61.522 -74.5078
62.0582 -75.8867 61.8127 -76.1577
62.4239 -77.5684 62.1985 -77.843
62.8458 -79.285 62.6482 -79.561
63.3568 -81.0484 63.134 -81.3457
63.9481 -82.8951 63.7346 -83.1956
64.6374 -84.8614 64.3718 -85.1235
65.4284 -86.9275 65.186 -87.157
66.289 -89.0769 66.0564 -89.2708
67.2287 -91.2181 67.0308 -91.4146
68.2475 -93.2889 68.0083 -93.5347
69.2482 -95.2755 69.0137 -95.53
70.2361 -97.2065 70.0034 -97.4612
71.1979 -99.0331 70.9551 -99.313
72.1255 -100.787 71.9019 -101.085
73.0324 -102.445 72.8022 -102.783
73.9098 -104.036 73.668 -104.377
74.7663 -105.564 74.5435 -105.945
75.6342 -107.06 75.3953 -107.42
76.5323 -108.508 76.249 -108.868
77.4899 -109.986 77.1938 -110.333
78.5197 -111.537 78.2451 -111.809
79.6277 -113.116 79.3904 -113.445
80.8487 -114.793 80.6118 -115.062
82.1889 -116.53 81.887 -116.76
83.6524 -118.299 83.3625 -118.508
85.2239 -120.164 84.9199 -120.372
86.8516 -122.085 86.5645 -122.3
88.5548 -124.02 88.2842 -124.212
90.3599 -125.964 90.074 -126.18
92.2182 -127.927 92.0261 -128.133
94.1064 -129.879 93.7957 -130.066
96.0704 -131.792 95.7751 -131.996
98.1044 -133.685 97.8552 -133.94
100.196 -135.601 99.9382 -135.844
102.28 -137.484 102.055 -137.746
104.383 -139.39 104.16 -139.678
106.457 -141.31 106.195 -141.516
108.465 -143.23 108.243 -143.48
110.449 -145.154 110.193 -145.406
112.378 -147.083 112.168 -147.347
114.25 -149.052 113.947 -149.294
116.037 -151.048 115.841 -151.34
117.816 -153.086 117.642 -153.334
119.566 -155.189 119.322 -155.429
121.298 -157.384 121.102 -157.583
122.972 -159.646 122.759 -159.81
124.583 -161.964 124.334 -162.177
126.114 -164.27 125.892 -164.383
127.577 -166.553 127.436 -166.736
128.979 -168.764 128.776 -168.924
130.322 -170.912 130.113 -171.079
131.593 -173.01 131.351 -173.139
132.827 -175.035 132.56 -175.228
134.03 -177.007 133.825 -177.236
135.14 -178.931 134.933 -179.165
136.217 -180.779 136.025 -181.087
137.214 -182.581 137.026 -182.896
138.15 -184.328 137.9 -184.594
139.056 -186.097 138.794 -186.385
139.942 -187.939 139.69 -188.236
140.816 -189.84 140.57 -190.045
141.654 -191.846 141.375 -192.026
142.481 -193.963 142.169 -194.16
143.294 -196.214 143.058 -196.42
144.097 -198.559 143.794 -198.757
144.868 -200.975 144.647 -201.216
145.654 -203.532 145.333 -203.667
146.423 -206.105 146.128 -206.269
147.171 -208.747 146.873 -208.991
147.881 -211.462 147.594 -211.696
148.583 -214.227 148.272 -214.429
149.278 -217.009 148.971 -217.205
149.95 -219.794 149.652 -220.018
150.6 -222.574 150.308 -222.886
151.232 -225.328 150.957 -225.591
151.845 -228.104 151.542 -228.382
152.418 -230.838 152.092 -231.133
152.965 -233.615 152.596 -233.896
153.478 -236.379 153.099 -236.586
153.959 -239.105 153.604 -239.301
154.398 -241.85 154.009 -242.027
154.798 -244.576 154.438 -244.792
155.145 -247.273 154.806 -247.537
155.453 -249.955 155.158 -250.241
155.721 -252.621 155.457 -252.94
155.956 -255.282 155.675 -255.496
156.145 -257.92 155.951 -258.173
156.258 -260.527 156.033 -260.805
156.332 -263.14 156.083 -263.333
156.362 -265.729 156.154 -265.936
156.353 -268.321 156.138 -268.539
156.341 -270.893 156.096 -271.132
156.328 -273.437 156.079 -273.689
156.336 -275.862 156.062 -276.135
156.378 -278.224 156.17 -278.472
156.455 -280.481 156.249 -280.655
156.56 -282.651 156.345 -283.08
156.676 -284.675 156.439 -285.302
156.807 -286.594 156.519 -286.884
156.943 -288.411 156.665 -288.803
157.089 -290.11 156.849 -290.657
157.229 -291.728 156.99 -292.243
157.372 -293.259 157.119 -293.633
157.517 -294.725 157.333 -295.089
157.669 -296.199 157.447 -296.46
157.809 -297.72 157.557 -297.971
157.936 -299.311 157.663 -299.514
158.047 -301.013 157.798 -301.104
158.193 -302.79 157.941 -302.938
158.31 -304.681 158.038 -304.771
158.447 -306.666 158.18 -306.792
158.58 -308.748 158.295 -308.888
158.698 -310.897 158.433 -311.145
158.802 -313.14 158.51 -313.374
158.903 -315.454 158.636 -315.689
159.013 -317.844 158.733 -318.061
159.14 -320.302 158.865 -320.556
159.282 -322.834 159.001 -323.135
159.443 -325.435 159.158 -325.723
159.622 -328.093 159.341 -328.392
159.837 -330.789 159.558 -331.043
160.074 -333.518 159.773 -333.784
160.328 -336.259 160.076 -336.555
160.587 -338.998 160.362 -339.276
160.835 -341.712 160.631 -342.069
161.067 -344.424 160.804 -344.679
161.308 -347.117 161.019 -347.431
161.556 -349.806 161.249 -350.08
161.798 -352.483 161.521 -352.734
162.053 -355.17 161.803 -355.465
162.346 -357.863 162.059 -358.157
162.654 -360.574 162.424 -360.844
163.035 -363.272 162.849 -363.563
163.485 -365.955 163.276 -366.129
164.049 -368.6 163.868 -368.787
164.696 -371.22 164.414 -371.196
165.362 -373.842 165.232 -374.027
166.067 -376.477 165.885 -376.671
166.828 -379.096 166.644 -379.332
167.622 -381.646 167.344 -381.896
168.449 -384.156 168.264 -384.44
169.293 -386.621 169.065 -386.663
170.138 -389.052 169.869 -389.172
170.968 -391.44 170.773 -391.704
171.762 -393.816 171.534 -394.166
172.539 -396.19 172.339 -396.519
173.332 -398.586 173.177 -398.942
174.146 -401.042 173.912 -401.335
174.97 -403.54 174.679 -403.792
175.812 -406.099 175.516 -406.429
176.654 -408.665 176.174 -409.01
177.532 -411.237 177.235 -411.67
178.362 -413.801 177.991 -414.093
179.178 -416.343 178.819 -416.656
179.986 -418.797 179.66 -419.154
180.748 -421.185 180.368 -421.583
181.472 -423.474 181.164 -423.777
182.192 -425.714 181.938 -426.013
182.878 -427.917 182.558 -428.213
183.557 -430.088 183.31 -430.459
184.242 -432.252 183.98 -432.552
184.937 -434.444 184.634 -434.745
185.625 -436.593 185.306 -436.934
186.322 -438.658 186.033 -439.054
186.999 -440.629 186.689 -440.968
187.639 -442.524 187.35 -442.804
188.247 -444.311 187.938 -444.631
188.827 -445.983 188.533 -446.253
189.385 -447.578 189.097 -447.778
189.913 -449.082 189.61 -449.294
190.415 -450.474 190.122 -450.718
190.871 -451.776 190.541 -451.945
191.293 -452.975 190.978 -453.151
191.673 -454.056 191.351 -454.249
192.029 -455.047 191.737 -455.286
192.344 -455.946 192.049 -456.203
192.63 -456.78 192.323 -457.023
192.921 -457.585 192.625 -457.891
193.207 -458.373 192.907 -458.662
193.522 -459.157 193.19 -459.478
193.884 -459.97 193.494 -460.323
194.32 -460.816 193.937 -461.098
194.797 -461.646 194.415 -461.97
195.309 -462.41 194.914 -462.688
195.744 -463.135 195.379 -463.467
196.075 -463.853 195.669 -464.106
196.364 -464.604 196.007 -464.896
196.635 -465.402 196.241 -465.666
196.87 -466.211 196.497 -466.427
197.073 -466.953 196.684 -467.215
197.276 -467.618 196.871 -467.954
197.497 -468.167 197.133 -468.503
197.692 -468.628 197.372 -468.919
197.852 -468.992 197.528 -469.281
198.035 -469.299 197.726 -469.576
198.181 -469.556 197.901 -469.819
198.303 -469.772 198.081 -470.053
198.442 -469.894 198.3 -470.163
198.534 -470.03 198.37 -470.358
198.634 -470.117 198.477 -470.48
