1.31064 -0.00128913 1.0332 -0.217529
5.26102 -0.00277789 5.01831 -0.316895
9.23896 -0.00832382 9.01086 -0.309326
13.2421 -0.0034194 13.0558 -0.220703
17.2822 0.00426771 17.0386 -0.231567
21.3413 -0.00413469 21.072 -0.220215
25.4487 0.00971926 25.1438 -0.214722
29.5701 -0.00528159 29.235 -0.26001
33.7178 -0.00830517 32.9216 -0.319458
37.9059 -0.0151148 37.6206 -0.26416
42.111 -0.0191634 42.0875 -0.367798
46.3413 -0.0308604 44.9939 -0.279663
50.6022 -0.0317553 45.0746 -0.466431
54.8846 -0.0208294 48.218 -0.552979
59.1736 -0.0100754 52.5988 -0.476929
63.452 0.00130824 58.6801 -0.30957
67.7031 0.0100203 66.417 -0.199219
71.9398 0.0351344 72.3093 -0.185425
76.1445 0.0532768 76.0018 -0.172119
80.3254 0.0495425 77.8964 -0.233643
84.4837 0.0526907 79.4058 -0.186768
88.6291 0.0843762 79.7617 -0.220093
92.7413 0.128335 80.2281 -0.119751
96.8138 0.191341 83.1802 -0.0557861
100.86 0.248572 83.175 0.0263672
104.884 0.305326 83.0105 0.0610352
108.906 0.350813 83.4839 0.122681
112.905 0.413713 83.7028 0.147949
116.893 0.433478 82.9967 0.146973
120.905 0.433415 83.8842 0.134155
124.983 0.462255 83.2706 0.101074
129.05 0.471809 83.8446 0.078125
133.11 0.465694 83.462 0.0228271
137.161 0.464495 84.1025 0.00927734
141.213 0.467442 82.4729 -0.0977783
145.258 0.478901 84.2129 -0.112671
149.303 0.483284 83.505 -0.230103
153.337 0.51399 83.5176 -1.06177
157.383 0.510487 84.5903 -1.29419
161.429 0.484876 83.0692 -1.58521
165.481 0.468784 84.4681 -1.67798
169.56 0.442444 83.2743 -1.73547
173.653 0.388112 79.6647 -1.91992
177.785 0.340531 78.3876 -2.00415
181.921 0.309 80.921 -2.27344
186.099 0.314131 81.1689 -2.44275
190.305 0.307021 84.3917 -2.53577
194.54 0.297934 87.3513 -2.46301
198.801 0.299864 83.5111 -2.18005
203.095 0.348581 84.1953 -1.44226
207.418 0.343831 87.9414 -1.15295
211.785 0.347951 88.0283 -1.51282
216.186 0.357484 87.5328 -0.491455
220.619 0.366905 87.4581 -0.414062
225.079 0.37715 88.5712 -0.474121
229.551 0.378661 88.5698 -0.443115
234.038 0.373963 86.9401 -0.340698
238.55 0.381494 88.1443 -0.374512
243.087 0.38188 86.6256 -0.340698
247.648 0.372157 87.7401 -0.323608
252.224 0.362986 86.9542 -0.320801
256.823 0.351899 86.4934 -0.3125
261.435 0.334678 87.2367 -0.266357
266.057 0.324905 89.8784 -0.235229
270.677 0.316602 87.1057 -0.187256
275.307 0.311231 88.0968 -0.199707
279.945 0.301129 85.9823 -0.148193
284.6 0.259923 87.1426 -0.251343
289.254 0.217081 89.3301 -0.213867
293.932 0.182827 84.5243 -0.308838
298.65 0.157166 83.9521 -0.263184
303.413 0.136231 84.8246 -0.296875
308.212 0.10099 85.0574 -0.372192
313.044 0.0965843 84.207 -0.459961
317.924 0.10867 85.5389 -0.307739
322.814 0.100918 87.1888 -0.349487
327.698 0.0941105 90.8043 1.25293
332.569 0.0642123 92.0128 -0.198364
337.41 0.0494975 90.2368 -0.0367432
342.246 0.039303 91.4561 -0.0767822
347.055 0.0345479 91.1184 -0.22998
351.848 0.0526102 90.7385 0.13623
356.631 0.0857036 88.8944 0.124512
361.404 0.122301 88.9565 0.180176
366.184 0.1553 89.1619 0.171265
370.975 0.202918 86.8549 0.220825
375.781 0.251989 86.7665 0.250732
380.607 0.278358 87.7418 0.250488
385.451 0.303965 84.282 0.239014
390.306 0.320658 85.9536 0.251587
