0.565351 -0.00349972 -0.128784 -0.422424
2.2513 0.0150813 1.67786 -0.342041
3.96949 0.0415274 3.42691 -0.305176
5.75129 0.087982 5.198 -0.27179
7.6376 0.144474 7.08472 -0.257355
9.66192 0.207719 9.17526 -0.199036
11.7984 0.270128 11.225 -0.157776
14.124 0.31283 13.6236 -0.0603638
16.5818 0.358557 16.1187 -0.0302429
19.1697 0.381287 18.7784 0.0394287
21.9249 0.419658 21.4823 0.0435791
24.825 0.46864 24.4238 0.110596
27.7959 0.525875 27.4361 0.178894
30.8382 0.588476 30.5089 0.296295
33.9495 0.656257 33.6533 0.366516
37.1299 0.731816 36.8645 0.457245
40.3536 0.786111 40.0197 0.536743
43.5805 0.870911 43.2509 0.699738
46.7798 0.981509 46.4363 0.797882
50.0107 1.0795 49.6734 0.950256
53.2326 1.1775 52.8575 1.01715
56.4438 1.28223 54.6237 0.966217
59.6858 1.38718 56.1617 1.05237
62.9251 1.4695 54.6169 1.01688
66.1697 1.55877 55.706 1.01682
69.4349 1.64924 59.2383 1.13171
72.6896 1.72404 58.9879 1.14893
75.9117 1.81802 58.652 1.06827
79.115 1.93169 55.2177 1.0285
82.2956 2.04609 57.4809 1.09033
85.4064 2.15226 54.6697 1.12128
88.3826 2.26242 57.3172 1.11035
91.1707 2.39014 59.9451 1.29373
93.754 2.53828 58.7011 1.32394
96.1106 2.70982 59.1471 1.45575
98.1968 2.8853 58.6951 1.52887
100.02 3.04365 59.8437 1.67068
101.636 3.1624 62.0704 1.52124
103.055 3.20197 62.6427 1.74435
104.319 3.15688 65.3061 1.72113
105.498 2.99391 66.3402 1.59937
106.603 2.69944 66.7763 1.71661
107.617 2.27937 67.6404 1.39679
108.515 1.72022 70.3672 0.951508
109.31 1.04701 71.4417 0.429352
110.016 0.246636 72.1416 -0.219025
110.568 -0.705109 73.0559 -1.1011
110.988 -1.7741 74.2613 -4.1701
111.266 -2.93463 74.8158 -5.09402
111.402 -4.22727 74.9783 -5.95529
111.518 -5.67265 75.8302 -6.6048
111.5 -7.28232 76.0099 -7.23325
111.462 -9.06575 76.067 -8.94208
111.398 -11.0417 76.9773 -11.2042
111.361 -13.1636 77.8052 -13.4823
111.324 -15.4238 78.4456 -15.7385
111.276 -17.7675 80.3352 -16.4309
111.207 -20.1879 81.6265 -19.3867
111.15 -22.6584 83.0805 -21.0223
111.111 -25.1821 79.7431 -25.9855
111.066 -27.6965 84.3748 -25.8916
110.996 -30.1718 174.14 -87.4349
110.931 -32.6373 177.659 -87.8193
110.873 -35.0597 176.228 -87.1774
110.812 -37.4503 175.106 -87.4195
110.731 -39.8044 175.711 -88.4438
110.626 -42.1159 174.187 -87.9805
110.533 -44.359 176.027 -89.4666
110.441 -46.4792 175.091 -88.5276
110.348 -48.5656 177.143 -89.9005
110.263 -50.6236 176.388 -91.7022
110.164 -52.6411 175.446 -95.5044
110.029 -54.6275 176.305 -93.945
109.86 -56.6451 175.906 -94.2526
109.652 -58.7092 174.806 -93.7803
109.43 -60.8681 176.329 -93.2127
109.174 -63.07 175.884 -94.8199
108.934 -65.3156 174.104 -93.396
108.72 -67.5462 172.919 -93.1693
108.483 -69.7701 171.915 -95.2312
108.229 -72.0277 170.03 -94.0427
107.966 -74.323 169.138 -93.5864
107.685 -76.6636 171.042 -95.0208
107.378 -79.0466 170.476 -94.4891
107.049 -81.4741 170.27 -94.1481
106.716 -83.9628 170.105 -94.2132
106.39 -86.4992 169.969 -92.9042
106.076 -89.0433 170.162 -95.7847
105.777 -91.6216 170.062 -96.1674
105.475 -94.2111 170.168 -94.9304
105.166 -96.7909 169.944 -95.9263
104.878 -99.352 170.088 -95.2398
104.606 -101.878 169.751 -94.3061
104.315 -104.361 170.072 -95.0919
104.021 -106.798 170.145 -95.15
103.731 -109.192 170.067 -93.556
103.427 -111.535 168.927 -92.7541
103.109 -113.842 168.689 -91.5633
102.766 -116.117 170.406 -93.0848
102.411 -118.386 169.498 -90.8389
102.053 -120.611 168.405 -87.2148
101.684 -122.813 167.408 -85.3912
101.27 -124.997 167.663 -85.2363
100.812 -127.132 167.636 -85.252
100.265 -129.235 167.758 -84.397
99.642 -131.304 168.027 -85.8385
98.9927 -133.345 168.596 -85.7533
98.3406 -135.347 167.322 -83.8954
97.7184 -137.316 166.605 -83.1902
97.1198 -139.242 164.182 -83.2148
96.5545 -141.13 162.772 -82.3105
96.0345 -142.983 161.493 -82.6022
95.539 -144.801 156.747 -80.5198
95.0991 -146.565 154.744 -79.3653
94.7184 -148.302 150.276 -80.092
94.4044 -150.022 145.338 -78.8247
94.1997 -151.729 143.397 -79.9163
94.1304 -153.415 142.229 -79.1632
94.1393 -155.089 135.184 -80.3802
94.0931 -156.742 134.408 -80.3816
93.9601 -158.353 132.109 -81.59
93.7572 -159.916 131.995 -81.9395
93.4852 -161.435 135.599 -82.6881
93.161 -162.899 138.907 -81.6071
92.8353 -164.332 143.881 -80.1344
92.5132 -165.744 143.906 -79.3157
92.187 -167.149 144.294 -80.5083
91.8103 -168.622 152.013 -82.6072
91.3811 -170.158 156.422 -75.5507
90.8965 -171.748 155.116 -77.3326
90.397 -173.387 153.843 -77.4855
89.8625 -175.029 151.473 -76.9103
89.341 -176.658 150.145 -77.9629
88.8461 -178.272 147.051 -80.1299
88.3945 -179.825 145.515 -80.7869
87.9937 -181.282 146.179 -81.4316
87.6509 -182.612 143.558 -79.7972
87.4098 -183.833 142.838 -79.135
87.2561 -185.02 144.798 -76.68
87.2442 -186.194 143.715 -77.1426
87.3403 -187.332 143.143 -79.0079
87.5259 -188.424 142.271 -79.6372
87.8462 -189.51 141.448 -80.2853
88.3538 -190.601 140.471 -80.3958
89.0323 -191.693 140.012 -82.1589
89.9295 -192.748 139.329 -83.1928
91.0878 -193.78 138.959 -84.0044
92.4855 -194.764 138.055 -85.622
94.1217 -195.684 138.739 -85.2257
95.957 -196.562 139.904 -82.341
97.9701 -197.418 140.677 -79.6358
100.16 -198.207 140.128 -78.4976
102.487 -198.972 140.464 -81.1992
104.914 -199.798 140.258 -84.6002
107.444 -200.661 140.1 -88.0182
110.032 -201.55 140.606 -90.1964
112.621 -202.454 141.408 -91.7671
115.214 -203.364 140.172 -94.0346
117.82 -204.266 139.02 -96.3075
120.437 -205.151 138.222 -95.6963
123.049 -206.023 136.691 -97.8131
125.657 -206.881 134.884 -98.2504
128.227 -207.712 133.393 -99.5762
130.736 -208.502 131.918 -101.116
133.144 -209.24 130.326 -103.201
135.39 -209.905 127.028 -105.549
137.493 -210.505 124.249 -109.182
139.387 -211.015 123.67 -110.574
141.062 -211.456 122.166 -109.597
142.554 -211.848 121.903 -109.799
143.94 -212.202 122.166 -110.989
145.296 -212.509 120.609 -111.31
146.609 -212.693 121.3 -111.987
147.897 -212.736 120.353 -111.846
149.14 -212.594 119.906 -112.867
150.305 -212.253 120.122 -114.012
151.398 -211.765 119.708 -115.049
152.351 -211.1 120.269 -116.631
153.167 -210.304 119.432 -117.372
153.816 -209.384 119.625 -117.48
154.238 -208.345 119.548 -119.459
154.538 -207.27 119.958 -120.418
154.727 -206.137 121.079 -120.541
154.869 -204.924 123.554 -123.673
154.948 -203.602 124.692 -124.543
155.02 -202.15 129.33 -125.851
154.98 -200.504 128.466 -127.674
154.91 -198.697 128.781 -129.33
154.826 -196.723 129.459 -131.868
154.754 -194.586 127.195 -134.353
154.76 -192.285 127.195 -134.353
154.851 -189.835 127.195 -134.353
155.04 -187.254 127.195 -134.353
155.303 -184.63 127.195 -134.353
155.604 -181.999 127.195 -134.353
155.906 -179.34 127.195 -134.353
156.218 -176.665 127.195 -134.353
156.532 -173.987 127.195 -134.353
156.849 -171.32 127.195 -134.353
157.161 -168.641 127.195 -134.353
157.472 -165.965 127.195 -134.353
157.795 -163.305 127.195 -134.353
158.127 -160.669 127.195 -134.353
158.461 -158.045 127.195 -134.353
158.799 -155.435 127.195 -134.353
159.144 -152.83 127.195 -134.353
159.501 -150.19 127.195 -134.353
159.874 -147.523 127.195 -134.353
160.257 -144.824 127.195 -134.353
160.64 -142.09 127.195 -134.353
161.019 -139.316 127.195 -134.353
161.359 -136.497 127.195 -134.353
161.656 -133.636 127.195 -134.353
161.936 -130.741 127.195 -134.353
162.224 -127.789 127.195 -134.353
162.489 -124.87 127.195 -134.353
162.748 -121.952 127.195 -134.353
162.998 -119.04 127.195 -134.353
163.248 -116.126 127.195 -134.353
163.504 -113.214 127.195 -134.353
163.762 -110.299 127.195 -134.353
164.015 -107.386 127.195 -134.353
164.269 -104.478 127.195 -134.353
164.514 -101.572 127.195 -134.353
164.752 -98.6801 127.195 -134.353
165.025 -95.7795 127.195 -134.353
165.326 -92.8865 127.195 -134.353
165.637 -89.9719 127.195 -134.353
165.963 -87.0961 127.195 -134.353
166.305 -84.1841 127.195 -134.353
166.646 -81.2655 127.195 -134.353
166.974 -78.3389 127.195 -134.353
167.314 -75.4097 127.195 -134.353
167.648 -72.4561 127.195 -134.353
167.968 -69.4976 127.195 -134.353
168.262 -66.5297 127.195 -134.353
168.529 -63.5437 127.195 -134.353
168.778 -60.5389 127.195 -134.353
169.021 -57.536 127.195 -134.353
169.265 -54.5342 127.195 -134.353
169.495 -51.5499 127.195 -134.353
169.708 -48.5877 127.195 -134.353
169.901 -45.6609 127.195 -134.353
170.072 -42.7442 127.195 -134.353
170.228 -39.8647 127.195 -134.353
170.378 -37.0042 127.195 -134.353
170.519 -34.2079 127.195 -134.353
170.642 -31.4845 127.195 -134.353
170.746 -28.8259 127.195 -134.353
170.834 -26.2444 127.195 -134.353
170.897 -23.7759 127.195 -134.353
170.964 -21.4456 127.195 -134.353
171.065 -19.2061 127.195 -134.353
171.183 -17.0282 127.195 -134.353
171.317 -14.8995 127.195 -134.353
171.447 -12.8758 127.195 -134.353
171.588 -10.9339 127.195 -134.353
171.74 -9.12053 127.195 -134.353
171.909 -7.46175 127.195 -134.353
172.09 -5.9412 127.195 -134.353
172.299 -4.54199 127.195 -134.353
172.549 -3.26275 127.195 -134.353
172.84 -2.10015 127.195 -134.353
173.186 -1.0667 127.195 -134.353
173.585 -0.124488 127.195 -134.353
174.082 0.774407 127.195 -134.353
174.666 1.58099 127.195 -134.353
175.308 2.29897 127.195 -134.353
176.102 2.984 127.195 -134.353
177.056 3.61363 127.195 -134.353
178.135 4.17251 127.195 -134.353
179.398 4.65889 127.195 -134.353
180.879 5.03712 127.195 -134.353
182.524 5.27335 127.195 -134.353
184.331 5.37439 127.195 -134.353
186.294 5.39418 127.195 -134.353
188.4 5.38074 127.195 -134.353
190.633 5.37608 127.195 -134.353
192.984 5.38856 127.195 -134.353
195.395 5.41488 127.195 -134.353
197.828 5.4507 127.195 -134.353
200.28 5.48971 127.195 -134.353
202.76 5.53031 127.195 -134.353
205.23 5.57464 127.195 -134.353
207.676 5.6384 127.195 -134.353
210.095 5.7197 127.195 -134.353
212.46 5.80704 127.195 -134.353
214.732 5.88549 127.195 -134.353
216.847 5.97002 127.195 -134.353
218.804 6.05376 127.195 -134.353
220.567 6.14573 127.195 -134.353
222.147 6.23967 127.195 -134.353
223.545 6.30843 127.195 -134.353
224.867 6.31942 127.195 -134.353
226.152 6.23617 127.195 -134.353
227.383 6.05534 127.195 -134.353
228.552 5.70541 127.195 -134.353
229.621 5.21527 127.195 -134.353
230.599 4.63922 127.195 -134.353
231.486 3.8942 127.195 -134.353
232.292 3.05113 127.195 -134.353
232.974 2.03929 127.195 -134.353
233.542 0.874758 127.195 -134.353
233.981 -0.470349 127.195 -134.353
234.246 -1.96817 127.195 -134.353
234.447 -3.63315 127.195 -134.353
234.536 -5.43245 127.195 -134.353
234.522 -7.38999 127.195 -134.353
234.437 -9.48222 127.195 -134.353
234.319 -11.714 127.195 -134.353
234.197 -14.0799 127.195 -134.353
234.08 -16.5014 127.195 -134.353
233.981 -18.9181 127.195 -134.353
233.92 -21.3503 127.195 -134.353
233.893 -23.8119 127.195 -134.353
233.893 -26.2766 127.195 -134.353
233.888 -28.7547 127.195 -134.353
233.863 -31.2345 127.195 -134.353
233.849 -33.7038 127.195 -134.353
233.818 -36.1534 127.195 -134.353
233.772 -38.5853 127.195 -134.353
233.707 -40.9714 127.195 -134.353
233.643 -43.3372 127.195 -134.353
233.571 -45.6898 127.195 -134.353
233.49 -47.994 127.195 -134.353
233.411 -50.2844 127.195 -134.353
233.346 -52.557 127.195 -134.353
233.283 -54.7957 127.195 -134.353
233.21 -57.0082 127.195 -134.353
233.123 -59.1738 127.195 -134.353
233.066 -61.3337 127.195 -134.353
233.03 -63.4544 127.195 -134.353
232.98 -65.5395 127.195 -134.353
232.908 -67.5853 127.195 -134.353
232.849 -69.5855 127.195 -134.353
232.796 -71.5363 127.195 -134.353
232.746 -73.4682 127.195 -134.353
232.67 -75.3666 127.195 -134.353
232.591 -77.2393 127.195 -134.353
232.473 -79.121 127.195 -134.353
232.319 -81.0785 127.195 -134.353
232.123 -83.1116 127.195 -134.353
231.882 -85.2431 127.195 -134.353
231.598 -87.4663 127.195 -134.353
231.264 -89.8255 127.195 -134.353
230.899 -92.3083 127.195 -134.353
230.52 -94.9009 127.195 -134.353
230.132 -97.6241 127.195 -134.353
229.778 -100.455 127.195 -134.353
229.468 -103.377 127.195 -134.353
229.193 -106.348 127.195 -134.353
228.921 -109.35 127.195 -134.353
228.65 -112.367 127.195 -134.353
228.394 -115.372 127.195 -134.353
228.153 -118.354 127.195 -134.353
227.93 -121.331 127.195 -134.353
227.734 -124.289 127.195 -134.353
227.574 -127.217 127.195 -134.353
227.426 -130.11 127.195 -134.353
227.26 -132.962 127.195 -134.353
227.099 -135.796 127.195 -134.353
226.919 -138.59 127.195 -134.353
226.703 -141.363 127.195 -134.353
226.441 -144.133 127.195 -134.353
226.123 -146.902 127.195 -134.353
225.721 -149.665 127.195 -134.353
225.231 -152.426 127.195 -134.353
224.651 -155.186 127.195 -134.353
223.974 -157.937 127.195 -134.353
223.256 -160.685 127.195 -134.353
222.554 -163.439 127.195 -134.353
221.9 -166.214 127.195 -134.353
221.32 -168.971 127.195 -134.353
220.808 -171.738 127.195 -134.353
220.341 -174.47 127.195 -134.353
219.901 -177.119 127.195 -134.353
219.506 -179.64 127.195 -134.353
219.131 -182.065 127.195 -134.353
218.757 -184.483 127.195 -134.353
218.363 -186.883 127.195 -134.353
217.971 -189.238 127.195 -134.353
217.6 -191.582 127.195 -134.353
217.266 -193.905 127.195 -134.353
216.954 -196.195 127.195 -134.353
216.667 -198.485 127.195 -134.353
216.403 -200.697 127.195 -134.353
216.153 -202.77 127.195 -134.353
215.925 -204.639 127.195 -134.353
215.704 -206.268 127.195 -134.353
215.519 -207.704 127.195 -134.353
215.309 -209.06 127.195 -134.353
215.091 -210.35 127.195 -134.353
214.875 -211.491 127.195 -134.353
214.677 -212.447 127.195 -134.353
214.462 -213.365 127.195 -134.353
214.24 -214.253 127.195 -134.353
214.009 -215.109 127.195 -134.353
213.736 -215.978 127.195 -134.353
213.413 -216.878 127.195 -134.353
213.016 -217.808 127.195 -134.353
212.521 -218.789 127.195 -134.353
211.889 -219.818 127.195 -134.353
211.092 -220.866 127.195 -134.353
210.117 -221.895 127.195 -134.353
208.952 -222.873 127.195 -134.353
207.624 -223.767 127.195 -134.353
206.128 -224.572 127.195 -134.353
204.454 -225.247 127.195 -134.353
202.631 -225.753 127.195 -134.353
200.7 -226.041 127.195 -134.353
198.696 -226.114 127.195 -134.353
196.591 -225.976 127.195 -134.353
194.431 -225.694 127.195 -134.353
192.215 -225.277 127.195 -134.353
189.948 -224.717 127.195 -134.353
187.671 -224.029 127.195 -134.353
185.337 -223.236 127.195 -134.353
182.981 -222.372 127.195 -134.353
180.579 -221.48 127.195 -134.353
178.197 -220.596 127.195 -134.353
175.796 -219.751 127.195 -134.353
173.408 -218.969 127.195 -134.353
171.065 -218.254 127.195 -134.353
168.845 -217.611 127.195 -134.353
166.792 -217.026 127.195 -134.353
164.884 -216.473 127.195 -134.353
163.124 -215.938 127.195 -134.353
161.479 -215.393 127.195 -134.353
159.923 -214.787 127.195 -134.353
158.518 -214.101 127.195 -134.353
157.272 -213.292 127.195 -134.353
156.182 -212.307 127.195 -134.353
155.29 -211.219 127.195 -134.353
154.61 -210.025 127.195 -134.353
154.085 -208.699 127.195 -134.353
153.779 -207.289 127.195 -134.353
153.62 -205.762 127.195 -134.353
153.563 -204.109 127.195 -134.353
153.589 -202.379 127.195 -134.353
153.69 -200.497 127.195 -134.353
153.861 -198.495 127.195 -134.353
154.07 -196.372 127.195 -134.353
154.276 -194.124 127.195 -134.353
154.508 -191.761 127.195 -134.353
154.765 -189.288 127.195 -134.353
155.043 -186.708 127.195 -134.353
155.361 -184.027 127.195 -134.353
155.712 -181.272 127.195 -134.353
156.059 -178.461 127.195 -134.353
156.401 -175.624 127.195 -134.353
156.735 -172.794 127.195 -134.353
157.068 -169.956 127.195 -134.353
157.41 -167.148 127.195 -134.353
157.756 -164.357 127.195 -134.353
158.104 -161.586 127.195 -134.353
158.448 -158.826 127.195 -134.353
158.797 -156.06 127.195 -134.353
159.152 -153.294 127.195 -134.353
159.529 -150.51 127.195 -134.353
159.93 -147.703 127.195 -134.353
160.34 -144.868 127.195 -134.353
160.739 -142.001 127.195 -134.353
161.121 -139.074 127.195 -134.353
161.455 -136.081 127.195 -134.353
161.745 -133.044 127.195 -134.353
162.035 -129.955 127.195 -134.353
162.331 -126.807 127.195 -134.353
162.614 -123.621 127.195 -134.353
162.892 -120.428 127.195 -134.353
163.18 -117.233 127.195 -134.353
163.475 -114.041 127.195 -134.353
163.771 -110.848 127.195 -134.353
164.063 -107.659 127.195 -134.353
164.349 -104.468 127.195 -134.353
164.63 -101.282 127.195 -134.353
164.929 -98.0992 127.195 -134.353
165.287 -94.891 127.195 -134.353
165.68 -91.6754 127.195 -134.353
166.096 -88.4542 127.195 -134.353
166.528 -85.2104 127.195 -134.353
166.96 -81.9441 127.195 -134.353
167.373 -78.6334 127.195 -134.353
167.751 -75.3098 127.195 -134.353
168.097 -71.9185 127.195 -134.353
168.424 -68.4961 127.195 -134.353
168.738 -65.0396 127.195 -134.353
169.023 -61.5417 127.195 -134.353
169.284 -58.0516 127.195 -134.353
169.525 -54.5777 127.195 -134.353
169.756 -51.1248 127.195 -134.353
169.975 -47.6999 127.195 -134.353
170.187 -44.2994 127.195 -134.353
170.374 -40.9451 127.195 -134.353
170.533 -37.663 127.195 -134.353
170.674 -34.4941 127.195 -134.353
170.795 -31.4654 127.195 -134.353
170.895 -28.5777 127.195 -134.353
170.981 -25.8387 127.195 -134.353
171.061 -23.253 127.195 -134.353
171.174 -20.7912 127.195 -134.353
171.449 -18.6117 127.195 -134.353
171.763 -16.4979 127.195 -134.353
172.076 -14.3862 127.195 -134.353
172.388 -12.2772 127.195 -134.353
172.7 -10.1702 127.195 -134.353
173.002 -8.25153 127.195 -134.353
173.254 -6.60505 127.195 -134.353
173.446 -5.15088 127.195 -134.353
173.583 -3.92563 127.195 -134.353
173.68 -2.92919 127.195 -134.353
173.753 -2.13064 127.195 -134.353
173.819 -1.46576 127.195 -134.353
173.879 -0.859618 127.195 -134.353
173.925 -0.266755 127.195 -134.353
173.978 0.324786 127.195 -134.353
174.013 0.917514 127.195 -134.353
174.033 1.55939 127.195 -134.353
174.068 2.36959 127.195 -134.353
174.105 3.33969 127.195 -134.353
174.132 4.51292 127.195 -134.353
174.187 5.90432 127.195 -134.353
174.263 7.4782 127.195 -134.353
174.363 9.20589 127.195 -134.353
174.452 11.1247 127.195 -134.353
174.511 13.2002 127.195 -134.353
174.568 15.431 127.195 -134.353
174.628 17.8414 127.195 -134.353
174.671 20.3819 127.195 -134.353
174.711 23.0541 127.195 -134.353
174.752 25.8252 127.195 -134.353
174.812 28.6979 127.195 -134.353
174.901 31.6643 127.195 -134.353
175.005 34.6865 127.195 -134.353
175.105 37.765 127.195 -134.353
175.196 40.8947 127.195 -134.353
175.286 44.0619 127.195 -134.353
175.385 47.2482 127.195 -134.353
175.47 50.4329 127.195 -134.353
175.558 53.6266 127.195 -134.353
175.643 56.813 127.195 -134.353
175.737 59.9921 127.195 -134.353
175.839 63.1968 127.195 -134.353
175.939 66.3942 127.195 -134.353
176.031 69.6132 127.195 -134.353
176.103 72.8196 127.195 -134.353
176.171 76.0576 127.195 -134.353
176.234 79.2874 127.195 -134.353
176.27 82.5276 127.195 -134.353
176.293 85.773 127.195 -134.353
176.283 89.0247 127.195 -134.353
176.241 92.3025 127.195 -134.353
176.181 95.5735 127.195 -134.353
176.087 98.854 127.195 -134.353
175.959 102.143 127.195 -134.353
175.81 105.437 127.195 -134.353
175.637 108.74 127.195 -134.353
175.46 112.058 127.195 -134.353
175.259 115.376 127.195 -134.353
175.055 118.71 127.195 -134.353
174.857 122.062 127.195 -134.353
174.649 125.413 127.195 -134.353
174.438 128.791 127.195 -134.353
174.222 132.18 127.195 -134.353
173.996 135.575 127.195 -134.353
173.775 138.982 127.195 -134.353
173.566 142.4 127.195 -134.353
173.338 145.816 127.195 -134.353
173.117 149.232 127.195 -134.353
172.888 152.637 127.195 -134.353
172.649 156.043 127.195 -134.353
172.411 159.403 127.195 -134.353
172.174 162.753 127.195 -134.353
171.945 166.074 127.195 -134.353
171.734 169.32 127.195 -134.353
171.521 172.571 127.195 -134.353
171.284 175.684 127.195 -134.353
171.055 178.776 127.195 -134.353
170.832 181.8 127.195 -134.353
170.616 184.751 127.195 -134.353
170.404 187.668 127.195 -134.353
170.201 190.513 127.195 -134.353
170.004 193.315 127.195 -134.353
169.785 196.064 127.195 -134.353
169.55 198.777 127.195 -134.353
169.279 201.435 127.195 -134.353
168.946 204.071 127.195 -134.353
168.57 206.635 127.195 -134.353
168.152 209.166 127.195 -134.353
167.751 211.646 127.195 -134.353
167.366 214.041 127.195 -134.353
167.069 216.342 127.195 -134.353
166.906 218.557 127.195 -134.353
166.824 220.671 127.195 -134.353
166.843 222.696 127.195 -134.353
166.963 224.615 127.195 -134.353
167.158 226.411 127.195 -134.353
167.42 228.107 127.195 -134.353
167.712 229.692 127.195 -134.353
168.018 231.179 127.195 -134.353
168.273 232.579 127.195 -134.353
168.462 233.871 127.195 -134.353
168.547 235.056 127.195 -134.353
168.528 236.139 127.195 -134.353
168.357 237.12 127.195 -134.353
168.099 238.042 127.195 -134.353
167.741 238.905 127.195 -134.353
167.281 239.68 127.195 -134.353
166.774 240.393 127.195 -134.353
166.207 241.052 127.195 -134.353
165.607 241.699 127.195 -134.353
164.998 242.344 127.195 -134.353
164.334 242.963 127.195 -134.353
163.585 243.571 127.195 -134.353
162.748 244.146 127.195 -134.353
161.809 244.668 127.195 -134.353
160.735 245.128 127.195 -134.353
159.484 245.557 127.195 -134.353
158.053 245.938 127.195 -134.353
156.431 246.343 127.195 -134.353
154.589 246.736 127.195 -134.353
152.48 247.075 127.195 -134.353
150.141 247.355 127.195 -134.353
147.573 247.601 127.195 -134.353
144.804 247.845 127.195 -134.353
141.824 248.105 127.195 -134.353
138.635 248.361 127.195 -134.353
135.232 248.604 127.195 -134.353
131.686 248.856 127.195 -134.353
128.165 249.087 127.195 -134.353
124.642 249.278 127.195 -134.353
121.109 249.457 127.195 -134.353
117.58 249.612 127.195 -134.353
114.068 249.738 127.195 -134.353
110.584 249.861 127.195 -134.353
107.114 249.979 127.195 -134.353
103.67 250.074 127.195 -134.353
100.251 250.148 127.195 -134.353
96.8553 250.207 127.195 -134.353
93.4827 250.264 127.195 -134.353
90.1458 250.33 127.195 -134.353
86.84 250.448 127.195 -134.353
83.5472 250.598 127.195 -134.353
80.2723 250.734 127.195 -134.353
77.0131 250.906 127.195 -134.353
73.7271 251.074 127.195 -134.353
70.4648 251.238 127.195 -134.353
67.2209 251.406 127.195 -134.353
63.9916 251.549 127.195 -134.353
60.7869 251.675 127.195 -134.353
57.6015 251.782 127.195 -134.353
54.4388 251.876 127.195 -134.353
51.2977 251.967 127.195 -134.353
48.1824 252.065 127.195 -134.353
45.0929 252.188 127.195 -134.353
42.0186 252.337 127.195 -134.353
38.9732 252.505 127.195 -134.353
35.9533 252.689 127.195 -134.353
32.959 252.872 127.195 -134.353
29.9939 253.03 127.195 -134.353
27.0498 253.115 127.195 -134.353
24.1304 253.102 127.195 -134.353
21.2413 252.992 127.195 -134.353
18.3747 252.75 127.195 -134.353
15.5346 252.322 127.195 -134.353
12.7127 251.717 127.195 -134.353
9.91772 250.92 127.195 -134.353
7.14579 249.911 127.195 -134.353
4.41145 248.691 127.195 -134.353
1.73272 247.238 127.195 -134.353
-0.886348 245.601 127.195 -134.353
-3.48279 243.782 127.195 -134.353
-6.06639 241.857 127.195 -134.353
-8.68089 239.876 127.195 -134.353
-11.3274 237.846 127.195 -134.353
-13.9887 235.808 127.195 -134.353
-16.6772 233.803 127.195 -134.353
-19.3881 231.874 127.195 -134.353
-22.1279 230.029 127.195 -134.353
-24.8948 228.273 127.195 -134.353
-27.6463 226.548 127.195 -134.353
-30.374 224.863 127.195 -134.353
-33.0692 223.207 127.195 -134.353
-35.7343 221.575 127.195 -134.353
-38.3497 219.974 127.195 -134.353
-40.8216 218.444 127.195 -134.353
-43.0751 217.002 127.195 -134.353
-45.0963 215.634 127.195 -134.353
-46.8784 214.368 127.195 -134.353
-48.453 213.203 127.195 -134.353
-49.855 212.112 127.195 -134.353
-51.1035 211.05 127.195 -134.353
-52.2239 210.007 127.195 -134.353
-53.1825 208.996 127.195 -134.353
-53.938 208.023 127.195 -134.353
-54.4702 207.16 127.195 -134.353
-54.881 206.38 127.195 -134.353
-55.2088 205.581 127.195 -134.353
-55.451 204.785 127.195 -134.353
-55.6242 203.948 127.195 -134.353
-55.7591 203.023 127.195 -134.353
-55.83 201.99 127.195 -134.353
-55.8119 200.831 127.195 -134.353
-55.6683 199.501 127.195 -134.353
-55.4217 197.999 127.195 -134.353
-55.0281 196.317 127.195 -134.353
-54.4676 194.465 127.195 -134.353
-53.6986 192.469 127.195 -134.353
-52.6936 190.391 127.195 -134.353
-51.4201 188.23 127.195 -134.353
-49.9478 185.994 127.195 -134.353
-48.3368 183.653 127.195 -134.353
-46.6776 181.203 127.195 -134.353
-44.9496 178.628 127.195 -134.353
-43.1648 175.936 127.195 -134.353
-41.3376 173.129 127.195 -134.353
-39.478 170.196 127.195 -134.353
-37.6437 167.157 127.195 -134.353
-35.8419 164.041 127.195 -134.353
-34.0871 160.874 127.195 -134.353
-32.4102 157.655 127.195 -134.353
-30.7886 154.423 127.195 -134.353
-29.2325 151.211 127.195 -134.353
-27.6577 148.004 127.195 -134.353
-26.0982 144.789 127.195 -134.353
-24.5301 141.561 127.195 -134.353
-22.9682 138.324 127.195 -134.353
-21.4157 135.097 127.195 -134.353
-19.8662 131.877 127.195 -134.353
-18.3371 128.699 127.195 -134.353
-16.8002 125.552 127.195 -134.353
-15.2669 122.447 127.195 -134.353
-13.7996 119.357 127.195 -134.353
-12.4353 116.244 127.195 -134.353
-11.1877 113.102 127.195 -134.353
-10.0073 109.925 127.195 -134.353
-8.86429 106.766 127.195 -134.353
-7.76012 103.575 127.195 -134.353
-6.64698 100.383 127.195 -134.353
-5.58444 97.2112 127.195 -134.353
-4.60433 93.9769 127.195 -134.353
-3.69591 90.7331 127.195 -134.353
-2.8711 87.4694 127.195 -134.353
-2.11309 84.1787 127.195 -134.353
-1.41313 80.888 127.195 -134.353
-0.725446 77.569 127.195 -134.353
-0.0910308 74.3378 127.195 -134.353
0.52172 71.0852 127.195 -134.353
1.12026 67.8523 127.195 -134.353
1.6866 64.6252 127.195 -134.353
2.22538 61.4256 127.195 -134.353
2.75408 58.2343 127.195 -134.353
3.25761 55.0758 127.195 -134.353
3.73199 51.9487 127.195 -134.353
4.18587 48.8308 127.195 -134.353
4.5965 45.756 127.195 -134.353
4.98099 42.697 127.195 -134.353
5.34022 39.6627 127.195 -134.353
5.6763 36.7124 127.195 -134.353
5.99203 33.8424 127.195 -134.353
6.28422 31.0873 127.195 -134.353
6.55403 28.421 127.195 -134.353
6.80006 25.9002 127.195 -134.353
7.0252 23.5589 127.195 -134.353
7.22837 21.38 127.195 -134.353
7.42624 19.3623 127.195 -134.353
7.60654 17.5015 127.195 -134.353
7.74364 15.7808 127.195 -134.353
7.85855 14.2316 127.195 -134.353
7.96159 12.8954 127.195 -134.353
8.04801 11.7762 127.195 -134.353
8.12948 10.8439 127.195 -134.353
8.23151 10.0238 127.195 -134.353
8.35643 9.27129 127.195 -134.353
8.54739 8.55563 127.195 -134.353
8.71155 8.00035 127.195 -134.353
8.78606 7.79172 127.195 -134.353
8.78358 7.81142 127.195 -134.353
8.7872 7.81353 127.195 -134.353
8.785 7.81035 127.195 -134.353
8.77608 7.80885 127.195 -134.353
8.76869 7.80645 127.195 -134.353
8.76106 7.80402 127.195 -134.353
8.75292 7.79853 127.195 -134.353
8.74852 7.79344 127.195 -134.353
8.7434 7.78833 127.195 -134.353
8.73816 7.78331 127.195 -134.353
8.73363 7.77889 127.195 -134.353
8.72855 7.77411 127.195 -134.353
8.72571 7.77053 127.195 -134.353
8.72337 7.76786 127.195 -134.353
8.72048 7.76633 127.195 -134.353
8.71631 7.76515 127.195 -134.353
8.71383 7.76362 127.195 -134.353
8.71283 7.76333 127.195 -134.353
8.71251 7.76302 127.195 -134.353
8.71329 7.76278 127.195 -134.353
8.71634 7.76218 127.195 -134.353
8.72696 7.74403 127.195 -134.353
8.75102 7.70036 127.195 -134.353
8.7865 7.62709 127.195 -134.353
8.87307 7.42402 127.195 -134.353
9.05481 7.02012 127.195 -134.353
9.35531 6.42112 127.195 -134.353
9.82567 5.66973 127.195 -134.353
10.5091 4.83733 127.195 -134.353
11.4059 3.97491 127.195 -134.353
12.5464 3.13539 127.195 -134.353
13.9724 2.35285 127.195 -134.353
15.686 1.66177 127.195 -134.353
17.6611 1.07396 127.195 -134.353
19.8828 0.647612 127.195 -134.353
22.3233 0.411778 127.195 -134.353
24.9742 0.34565 127.195 -134.353
27.8213 0.369986 127.195 -134.353
30.874 0.42502 127.195 -134.353
34.1263 0.474721 127.195 -134.353
37.539 0.535546 127.195 -134.353
40.9857 0.609695 127.195 -134.353
44.4222 0.703525 127.195 -134.353
47.8533 0.814936 127.195 -134.353
51.2668 0.923089 127.195 -134.353
54.6439 1.02673 127.195 -134.353
58.0086 1.12125 127.195 -134.353
61.3599 1.21347 127.195 -134.353
64.6649 1.30467 127.195 -134.353
67.967 1.41168 127.195 -134.353
71.2437 1.50159 127.195 -134.353
74.4945 1.59362 127.195 -134.353
77.7096 1.6981 127.195 -134.353
80.9145 1.81574 127.195 -134.353
84.0885 1.93672 127.195 -134.353
87.238 2.06021 127.195 -134.353
90.3682 2.18783 127.195 -134.353
93.4769 2.30041 127.195 -134.353
96.565 2.40667 127.195 -134.353
99.6181 2.492 127.195 -134.353
102.672 2.55942 127.195 -134.353
105.691 2.58754 127.195 -134.353
108.673 2.60307 127.195 -134.353
111.716 2.63218 127.195 -134.353
114.837 2.65898 127.195 -134.353
118.039 2.69373 127.195 -134.353
121.293 2.73736 127.195 -134.353
124.634 2.79685 127.195 -134.353
128.046 2.86863 127.195 -134.353
131.508 2.95533 127.195 -134.353
134.969 3.06149 127.195 -134.353
138.413 3.1812 127.195 -134.353
141.827 3.30842 127.195 -134.353
145.227 3.43133 127.195 -134.353
148.577 3.57749 127.195 -134.353
151.861 3.71479 127.195 -134.353
155.066 3.83171 127.195 -134.353
158.215 3.93812 127.195 -134.353
161.303 4.02416 127.195 -134.353
164.347 4.08898 127.195 -134.353
167.372 4.14323 127.195 -134.353
170.397 4.21886 127.195 -134.353
173.47 4.27924 127.195 -134.353
176.602 4.34271 127.195 -134.353
179.762 4.42839 127.195 -134.353
182.972 4.53825 127.195 -134.353
186.257 4.63554 127.195 -134.353
189.6 4.74043 127.195 -134.353
192.975 4.83423 127.195 -134.353
196.329 4.91323 127.195 -134.353
199.674 5.00417 127.195 -134.353
202.99 5.08026 127.195 -134.353
206.266 5.16233 127.195 -134.353
209.434 5.22969 127.195 -134.353
212.432 5.30641 127.195 -134.353
215.319 5.3765 127.195 -134.353
218.145 5.43693 127.195 -134.353
220.944 5.48324 127.195 -134.353
223.722 5.51651 127.195 -134.353
226.498 5.54576 127.195 -134.353
229.259 5.56532 127.195 -134.353
232.071 5.62733 127.195 -134.353
234.962 5.77101 127.195 -134.353
237.902 5.96098 127.195 -134.353
240.934 6.12703 127.195 -134.353
244.063 6.26097 127.195 -134.353
247.307 6.41819 127.195 -134.353
250.677 6.56848 127.195 -134.353
254.135 6.69917 127.195 -134.353
257.674 6.83737 127.195 -134.353
261.197 6.96719 127.195 -134.353
264.682 7.09359 127.195 -134.353
268.158 7.20139 127.195 -134.353
271.591 7.33054 127.195 -134.353
274.97 7.4511 127.195 -134.353
278.251 7.56446 127.195 -134.353
281.392 7.69544 127.195 -134.353
284.402 7.82783 127.195 -134.353
287.251 7.96593 127.195 -134.353
290.054 8.09966 127.195 -134.353
292.835 8.22955 127.195 -134.353
295.587 8.35257 127.195 -134.353
298.365 8.45245 127.195 -134.353
301.18 8.50329 127.195 -134.353
304.059 8.53388 127.195 -134.353
307.001 8.53691 127.195 -134.353
310.056 8.49283 127.195 -134.353
313.167 8.417 127.195 -134.353
316.365 8.30969 127.195 -134.353
319.61 8.15587 127.195 -134.353
322.934 7.9604 127.195 -134.353
326.311 7.7034 127.195 -134.353
329.735 7.41919 127.195 -134.353
333.249 7.12778 127.195 -134.353
336.846 6.83286 127.195 -134.353
340.458 6.5379 127.195 -134.353
344.038 6.26662 127.195 -134.353
347.592 6.01588 127.195 -134.353
351.112 5.78718 127.195 -134.353
354.601 5.57686 127.195 -134.353
358.03 5.37022 127.195 -134.353
361.443 5.19476 127.195 -134.353
364.777 5.04826 127.195 -134.353
368.089 4.90157 127.195 -134.353
