1.199 0.0140175 0.876343 -0.209961
4.76729 0.0557354 4.4718 -0.192993
8.3454 0.0975696 8.06433 -0.161011
11.9198 0.139362 11.5992 -0.131348
15.4966 0.181814 15.2725 -0.0970459
19.0766 0.222069 18.8186 -0.0657959
22.6588 0.270764 22.3842 -0.0352783
26.2431 0.327351 25.9843 0.0350342
29.8283 0.389214 29.5076 0.151978
33.4202 0.459653 33.1187 0.213745
37.0093 0.536706 36.7059 0.338013
40.6024 0.61817 40.3385 0.414185
44.1956 0.708016 43.8389 0.497803
47.8015 0.784447 47.4967 0.561157
51.4046 0.84029 51.1196 0.604858
55.0152 0.892873 54.7008 0.648682
58.6326 0.956215 58.2996 0.740967
62.2456 1.03113 61.8984 0.811157
65.8504 1.10319 65.5793 0.841187
69.4353 1.18693 69.1482 0.932373
73.0022 1.26857 72.6821 1.01184
76.5408 1.32014 76.2329 1.09985
80.0684 1.34094 79.7686 1.11316
83.558 1.32387 83.2217 1.07593
87.0311 1.27312 86.7723 1.01941
90.4834 1.18274 90.0862 0.933228
93.9471 1.05602 93.5908 0.822266
97.4132 0.89754 97.1051 0.657104
100.914 0.723357 100.575 0.510498
104.47 0.550572 103.989 -1.3479
108.072 0.405377 107.247 -1.99841
111.707 0.298528 111.129 -2.39905
115.363 0.241552 115.023 -2.70569
119.04 0.237293 118.676 0.00463867
122.742 0.269679 122.404 0.0732422
126.47 0.316815 126.2 0.0748291
130.22 0.370442 129.836 0.167358
133.996 0.413373 133.687 0.216797
137.79 0.457056 137.439 0.22937
141.606 0.509951 141.328 0.285767
145.424 0.568107 145.193 0.404419
149.227 0.618401 148.967 0.442017
153.025 0.666905 152.74 0.466797
156.817 0.721231 156.5 0.520508
160.604 0.778517 160.319 0.550415
164.39 0.844849 164.099 0.596069
168.176 0.915926 167.89 0.663574
171.971 0.99577 171.708 0.705688
175.759 1.08317 175.509 0.744507
179.549 1.1675 179.261 0.828613
183.337 1.24982 183.064 0.9021
187.092 1.34277 186.721 1.04187
190.831 1.42991 190.523 1.15698
194.534 1.50439 194.291 1.23621
198.199 1.56131 197.938 1.2821
201.821 1.60705 201.523 1.32861
205.382 1.6397 205.046 1.34485
208.852 1.66316 208.437 1.44629
212.191 1.69261 211.889 1.43506
215.405 1.73064 215.113 1.48413
218.508 1.77596 218.233 1.48926
221.461 1.84453 221.147 1.56335
224.219 1.93108 223.865 1.66968
226.776 2.03611 226.455 1.75085
229.159 2.14943 228.79 1.89368
231.388 2.24791 231.08 1.98657
233.56 2.33855 233.227 2.04932
235.702 2.41471 235.317 2.1189
237.811 2.47522 237.397 2.17993
239.888 2.51195 239.472 2.21301
241.957 2.53435 241.582 2.25476
244.059 2.5456 243.639 2.29639
246.186 2.54558 245.838 2.28125
248.37 2.5419 247.931 2.29749
250.61 2.5354 250.245 2.33875
252.929 2.53441 252.652 2.3103
255.306 2.5169 255.061 2.25146
257.758 2.47644 257.432 2.25
260.268 2.40183 259.925 2.16553
262.779 2.31559 262.461 2.11719
265.303 2.21167 264.953 1.995
267.835 2.07093 267.529 1.85315
270.382 1.92383 270.058 1.72961
272.943 1.78334 272.659 1.56946
275.504 1.66066 275.241 1.40967
278.052 1.55063 277.769 1.31763
280.569 1.46624 280.323 1.22485
283.004 1.41905 282.779 1.16162
285.305 1.41432 285.111 1.18701
287.433 1.43582 287.206 1.17126
289.389 1.50637 289.175 1.22327
291.23 1.66504 290.95 1.39905
292.937 1.94299 292.658 1.63367
294.512 2.3679 294.17 2.06055
295.902 2.94905 295.554 2.64465
297.164 3.68733 296.812 3.3335
298.262 4.58632 297.933 4.22217
299.167 5.63558 298.948 5.22021
299.805 6.80887 299.535 6.39624
300.181 8.02723 299.949 7.58765
300.329 9.27029 300.131 8.82251
300.229 10.5813 300.005 10.1011
299.798 11.9432 299.618 11.6042
299.143 13.3109 298.987 13.0186
298.181 14.6631 298.064 14.379
296.918 16.0243 296.812 15.7715
295.284 17.3224 295.299 17.0824
293.35 18.5053 293.316 18.3129
291.079 19.5385 290.974 19.329
288.505 20.3818 288.35 20.1868
285.632 20.9774 285.482 20.744
282.521 21.307 282.363 21.0919
279.173 21.3772 279.056 21.0964
275.639 21.2092 275.533 20.9408
271.963 20.8862 271.872 20.5939
268.136 20.5552 268.072 20.2631
264.179 20.2497 263.979 19.981
260.19 19.9933 260.024 19.6968
256.17 19.7967 256.031 19.4581
252.123 19.6682 251.966 19.3293
248.064 19.5903 247.818 19.2451
243.97 19.538 243.858 19.2284
239.839 19.5032 239.753 19.1915
235.684 19.4667 235.488 19.1869
231.492 19.4066 231.382 19.1117
227.283 19.3324 227.132 19.0321
223.034 19.2653 222.887 18.9465
218.757 19.1907 218.641 18.9041
214.452 19.1149 214.349 18.8158
210.124 19.0221 209.973 18.729
205.758 18.9279 205.872 18.6377
201.368 18.8371 201.284 18.5962
196.976 18.7519 197.254 18.5005
192.6 18.6712 193.095 18.4384
188.243 18.6104 188.607 18.3947
183.908 18.5605 184.429 18.2322
179.601 18.5231 180.121 18.1768
175.337 18.5103 175.744 18.2068
171.156 18.5267 171.416 18.2217
167.126 18.5681 167.778 18.3121
163.279 18.6254 163.859 18.4019
159.653 18.6821 160.155 18.4666
156.25 18.7334 156.28 18.4934
153.088 18.7779 153.078 18.525
150.162 18.8164 150.153 18.5962
147.461 18.8475 147.626 18.625
144.922 18.8738 145.042 18.6212
142.52 18.892 142.663 18.6396
140.242 18.9135 140.11 18.7181
138.044 18.9351 137.87 18.7592
135.917 18.9643 135.734 18.86
133.82 18.9831 133.619 18.8359
131.74 19.0082 131.594 18.8533
129.693 19.0266 129.503 18.8674
127.564 19.0329 127.423 18.8162
125.339 19.0431 125.168 18.8409
122.991 19.0261 122.904 18.8236
120.489 18.9955 120.331 18.8131
117.841 18.9409 117.694 18.7563
115.028 18.8457 114.913 18.694
112.071 18.711 111.908 18.4771
108.955 18.5266 108.861 18.3231
105.693 18.3238 105.488 18.0977
102.246 18.1174 102.074 17.9399
98.6718 17.8976 98.4845 17.7188
94.9528 17.6842 94.755 17.4722
91.0903 17.4771 90.8926 17.2693
87.1097 17.2933 86.9329 17.0812
82.9564 17.1385 82.8 16.9198
78.6838 17.0091 78.5522 16.7637
74.2843 16.9054 74.1653 16.6343
69.8619 16.8211 69.6237 16.5195
65.4569 16.7602 65.2684 16.4874
61.0593 16.7074 60.9354 16.4395
56.651 16.6607 56.5732 16.3655
52.277 16.6009 52.3041 16.3009
47.9114 16.5315 47.8668 16.2844
43.5757 16.4517 43.3885 16.2091
39.2618 16.38 39.1666 16.08
34.97 16.3076 34.863 16.0399
30.7078 16.2461 30.7334 15.9855
26.4574 16.1949 26.5874 15.9362
22.2484 16.1341 22.3148 15.8047
18.0884 16.0866 17.9794 15.7826
13.9623 16.0404 13.7921 15.7795
9.853 15.9818 9.71973 15.7123
5.76379 15.9496 5.62585 15.679
1.6761 15.9092 1.53186 15.6624
-2.43652 15.854 -2.63538 15.6066
-6.57647 15.8083 -6.76892 15.5897
-10.7552 15.7559 -11.0491 15.5089
-14.951 15.7058 -15.2151 15.4875
-19.1735 15.6595 -19.5332 15.491
-23.4244 15.6178 -23.6492 15.3984
-27.688 15.5733 -27.9156 15.3308
-31.9731 15.5214 -32.1556 15.2709
-36.2445 15.4766 -36.4628 15.2223
-40.499 15.4267 -40.6565 15.1371
-44.7247 15.3752 -44.855 15.0901
-48.944 15.3171 -49.1339 15.0543
-53.1527 15.2568 -53.3114 14.9949
-57.3521 15.1994 -57.5453 14.9584
-61.5494 15.157 -61.7205 14.9425
-65.7507 15.1134 -65.845 14.8905
-69.9346 15.083 -70.1389 14.8489
-74.0953 15.0538 -74.2936 14.8176
-78.2265 15.0168 -78.4033 14.7764
-82.3173 14.9596 -82.499 14.7867
-86.384 14.9082 -86.5378 14.6893
-90.408 14.8566 -90.6024 14.5642
-94.4004 14.8108 -94.608 14.535
-98.3634 14.776 -98.4452 14.4867
-102.29 14.7518 -102.314 14.4314
-106.186 14.7343 -106.215 14.3655
-110.046 14.7273 -110.183 14.3953
-113.877 14.7215 -114.059 14.4724
-117.669 14.7158 -117.79 14.3972
-121.414 14.7057 -121.613 14.4061
-125.081 14.6988 -125.358 14.4432
-128.67 14.7012 -128.758 14.4933
-132.162 14.719 -132.354 14.427
-135.514 14.7431 -135.734 14.5043
-138.687 14.7585 -138.997 14.5148
-141.631 14.7849 -141.918 14.6069
-144.321 14.818 -144.622 14.5176
-146.745 14.7976 -147.002 14.4784
-148.926 14.5993 -149.157 14.361
-150.833 14.2131 -151.091 14.0546
-152.477 13.6085 -152.639 13.425
-153.874 12.7772 -154.051 12.5184
-155.033 11.7165 -155.252 11.5306
-155.856 10.4659 -156.085 10.2738
-156.406 9.10629 -156.688 8.94153
-156.663 7.69941 -156.968 7.56873
-156.617 6.24316 -156.869 6.09351
-156.244 4.77901 -156.565 4.65088
-155.554 3.37534 -155.806 3.27136
-154.484 2.05796 -154.682 1.86401
-153.141 0.898358 -153.498 0.653198
-151.484 -0.0623072 -151.733 -0.359741
-149.55 -0.748482 -149.799 -1.09106
-147.348 -1.16323 -147.662 -1.46741
-144.927 -1.40767 -145.179 -1.73914
-142.303 -1.46967 -142.655 -1.75317
-139.492 -1.47997 -139.963 -1.75598
-136.505 -1.50484 -136.906 -1.80005
-133.352 -1.50333 -133.72 -1.73035
-130.039 -1.49165 -130.374 -1.79163
-126.576 -1.45844 -126.904 -1.70325
-122.965 -1.4264 -123.314 -1.60791
-119.231 -1.41038 -119.565 -1.59106
-115.348 -1.40266 -115.675 -1.6095
-111.34 -1.36969 -111.665 -1.5481
-107.2 -1.30829 -107.478 -1.54871
-102.932 -1.23026 -103.218 -1.49561
-98.5291 -1.14214 -98.8457 -1.38318
-94.0023 -1.06298 -94.3007 -1.2915
-89.4761 -0.984734 -89.8217 -1.26538
-84.9672 -0.919141 -85.3326 -1.25354
-80.4455 -0.867953 -80.7203 -1.1814
-75.9344 -0.825573 -76.2318 -1.10168
-71.4434 -0.784979 -71.7625 -1.05005
-66.9713 -0.725241 -67.3271 -0.961792
-62.5255 -0.677741 -62.8271 -0.940674
-58.1035 -0.613503 -58.4473 -0.867554
-53.698 -0.525398 -53.9917 -0.762695
-49.3229 -0.423541 -49.6772 -0.676636
-44.9684 -0.333567 -45.3367 -0.590698
-40.6366 -0.254373 -41.0483 -0.485474
-36.328 -0.177799 -36.6421 -0.417236
-32.036 -0.113374 -32.4888 -0.342896
-27.7775 -0.0722408 -28.1583 -0.342407
-23.5434 -0.0439024 -27.3348 -0.629028
-19.3406 -0.0292589 -25.7903 -0.695435
-15.1661 -0.0241604 -19.7695 -0.30957
-11.0274 -0.0152809 -11.2922 -0.309448
-6.91413 0.00978548 -7.19604 -0.26355
-2.81852 0.0443722 -3.06348 -0.238159
1.26942 0.0886426 1.01074 -0.157959
5.3441 0.131883 5.1084 -0.132812
9.4159 0.175095 9.20154 -0.0869141
13.4773 0.223104 13.2126 -0.0174561
17.5336 0.258853 17.0134 0.0268555
21.5802 0.295209 21.2946 0.0300293
25.6135 0.338071 25.4219 0.0595703
29.6238 0.383673 29.369 0.169067
33.6065 0.427007 33.3495 0.222412
37.555 0.461529 37.262 0.281982
41.4802 0.49749 41.1987 0.331299
45.3732 0.555204 45.0602 0.372925
49.2494 0.623098 48.9601 0.42749
53.0872 0.702063 52.8097 0.465942
56.9016 0.794281 56.6141 0.553589
60.6946 0.895091 60.3589 0.666016
64.4584 0.996173 64.1749 0.750366
68.1914 1.10741 67.8973 0.885376
71.9003 1.22708 71.6068 0.965698
75.5436 1.31823 75.1659 1.08398
79.0374 1.37797 78.7006 1.14038
82.3668 1.40727 82.0322 1.15381
85.6552 1.39729 85.3607 1.18652
88.9192 1.38556 88.5376 1.16528
92.1496 1.36383 91.7086 1.13025
95.3447 1.34311 94.9342 1.15051
98.508 1.358 100.173 -1.63599
101.71 1.42669 102.86 -0.87207
104.957 1.56179 104.649 1.23071
108.251 1.74877 107.935 1.47742
111.608 1.89703 111.319 1.65063
115.026 1.95871 114.767 1.7019
118.508 1.91321 118.229 1.5885
122.056 1.78139 121.714 1.47253
125.684 1.6021 125.381 1.29456
129.386 1.37492 129.121 1.12427
133.189 1.13533 132.776 0.885864
137.089 0.941992 136.805 0.687134
141.091 0.832678 140.766 0.574463
145.191 0.806307 144.901 0.565063
149.366 0.831134 149.077 0.588501
153.63 0.881861 153.337 0.642578
157.949 0.950588 157.665 0.685303
162.271 1.03944 161.98 0.781616
166.581 1.15096 166.254 0.883057
170.888 1.26247 170.59 0.970459
175.169 1.3663 174.927 1.06458
179.425 1.45339 179.186 1.12842
183.661 1.51887 183.42 1.17334
187.848 1.57611 187.511 1.27502
192.021 1.61333 191.751 1.35425
196.151 1.64554 195.913 1.32153
200.255 1.6823 200.001 1.38379
204.323 1.71741 204.011 1.39746
208.351 1.74644 207.987 1.45996
212.35 1.78 212.055 1.46729
216.248 1.81496 215.984 1.56091
219.951 1.85973 219.714 1.547
223.411 1.91724 223.113 1.67603
226.604 2.00458 226.295 1.76025
229.512 2.10601 229.168 1.87402
232.126 2.20789 231.818 1.97693
234.492 2.31497 234.122 2.05615
236.807 2.39117 236.419 2.14233
239.102 2.43817 238.718 2.20447
241.365 2.46485 240.981 2.23718
243.601 2.48123 243.214 2.27576
245.816 2.49325 245.489 2.25586
248.072 2.49861 247.699 2.25879
250.367 2.50851 250.028 2.27209
252.712 2.50854 252.424 2.28516
255.099 2.49198 254.755 2.29077
257.526 2.46159 257.228 2.21533
260.007 2.3981 259.63 2.20752
262.541 2.33165 262.252 2.11194
265.167 2.24888 264.839 2.07361
267.869 2.14456 267.562 1.98938
270.643 2.03986 270.359 1.87598
273.451 1.94858 273.178 1.78333
276.256 1.8863 276.009 1.66968
279.055 1.85017 278.809 1.63062
281.828 1.82954 281.601 1.64685
284.574 1.81919 284.368 1.5979
287.216 1.82466 287.028 1.58533
289.717 1.83857 286.404 1.56531
292.186 1.84405 289.277 1.55396
294.62 1.83619 291.823 1.57581
297.031 1.81794 296.693 1.6499
299.423 1.80952 299.075 1.6853
