0.0915427 0.00459671 -0.116318 -0.070282
0.38731 0.0286319 0.164536 -0.0978851
0.76694 0.0827569 0.530396 -0.00785828
1.25138 0.181606 0.964279 0.110519
1.78864 0.361651 1.48726 0.234726
2.36874 0.620094 2.07008 0.506668
2.95042 0.968759 2.6467 0.82132
3.52303 1.39248 3.19666 1.21567
4.0495 1.96936 3.7916 1.74335
4.54077 2.66315 4.29637 2.36108
4.94818 3.51784 4.74791 3.16342
5.23379 4.53434 5.02002 4.1853
5.40169 5.70136 5.24359 5.32422
5.42402 7.00909 5.23895 6.6967
5.35364 8.44461 5.21556 8.10719
5.21123 10.023 5.0739 9.61964
5.02588 11.7394 4.83803 11.3656
4.83568 13.6002 4.64282 13.365
4.63 15.5937 4.38278 15.3618
4.42653 17.7332 4.2226 17.4906
4.22312 19.9883 3.99335 19.7796
4.03596 22.3642 3.84415 22.1456
3.84905 24.7895 3.64761 24.5
3.64475 27.3076 3.41043 27.0326
3.41846 29.8372 3.17542 29.5961
3.19882 32.3544 2.95053 32.1599
2.98036 34.86 2.73763 34.6157
2.77507 37.3737 2.51361 37.1502
2.57226 39.8817 2.36819 39.64
2.36307 42.3652 2.13536 42.1564
2.16091 44.8388 1.89844 44.5863
1.95912 47.3074 1.70311 47.0705
1.74069 49.7355 1.50093 49.478
1.49375 52.1228 1.2709 51.9069
1.25899 54.484 1.05777 54.2484
1.03264 56.8107 0.815155 56.5875
0.810007 59.0776 0.568375 58.829
0.591948 61.2455 0.350723 60.9641
0.408841 63.2855 0.20459 62.9581
0.285958 65.1899 0.0776062 64.9241
0.26462 66.937 0.0571136 66.6533
0.416481 68.4821 0.176437 68.15
0.741967 69.8485 0.472458 69.5628
1.28575 71.0686 0.999405 70.7983
2.01365 72.1708 1.71236 71.8835
2.90866 73.1086 2.57719 72.7686
3.91127 73.9133 3.54756 73.5728
5.15583 74.6152 4.80159 74.2946
6.6181 75.2056 6.26024 74.986
8.28109 75.692 7.93996 75.4626
10.1122 76.1223 9.80742 75.8865
12.0915 76.4929 11.7942 76.2238
14.2125 76.7966 13.9215 76.5455
16.4468 77.0409 16.0742 76.8096
18.7675 77.272 18.4864 77.0265
21.0725 77.4637 20.7704 77.2522
23.3777 77.6221 23.06 77.4411
25.6548 77.7896 25.3663 77.5917
27.9392 77.969 27.7529 77.7468
30.1928 78.1097 30.0229 77.8632
32.4641 78.2423 32.2804 77.9798
34.7769 78.3993 37.8161 78.386
37.1435 78.5715 36.9503 78.3038
39.546 78.7627 39.4327 78.5188
42.0306 78.9599 41.8024 78.6824
44.5789 79.1713 44.352 78.8874
47.163 79.3849 46.9299 79.1191
49.7789 79.5738 49.4856 79.304
52.3966 79.7647 52.0511 79.4963
54.9656 79.9696 54.6708 79.7035
57.5269 80.1556 57.2731 79.9147
60.0426 80.3387 59.8051 80.0855
62.5136 80.5497 62.2858 80.2775
64.9451 80.7781 64.7139 80.4988
67.3635 81.0341 67.15 80.8051
69.7395 81.3168 69.4996 81.0973
72.0594 81.6637 71.8528 81.4079
74.3434 82.0491 74.1711 81.815
76.5947 82.4671 76.3523 82.2084
78.8078 82.9303 78.6103 82.6914
81.0106 83.4673 80.7721 83.1898
83.1404 84.0574 82.8769 83.7953
85.303 84.7275 85.0667 84.5067
87.417 85.4688 87.1545 85.2323
89.5211 86.2803 89.1924 86.0459
91.6219 87.1588 91.3275 86.9429
93.687 88.118 93.3848 87.8261
95.7661 89.0845 95.4739 88.7966
97.8498 90.085 96.8888 89.5259
99.9095 91.131 99.1425 90.7027
101.954 92.1962 101.611 92.0121
103.96 93.2832 103.023 92.7637
105.91 94.3821 103.697 93.2996
107.823 95.4962 105.5 94.3079
109.668 96.574 109.312 96.3944
111.365 97.6008 110.97 97.3575
112.925 98.5503 112.545 98.3638
114.302 99.3968 113.949 99.2685
115.494 100.162 115.207 100.004
116.529 100.865 116.215 100.76
117.401 101.506 117.059 101.285
118.122 102.051 117.873 101.85
118.682 102.576 118.416 102.365
119.116 103.068 118.873 102.878
119.498 103.595 119.236 103.336
119.838 104.148 119.573 103.855
120.114 104.733 119.8 104.405
120.328 105.344 120.028 105.022
120.5 106.057 120.227 105.691
120.621 106.946 120.363 106.579
120.616 107.973 120.429 107.569
120.465 109.103 120.292 108.704
120.121 110.311 119.942 109.904
119.569 111.604 119.442 111.202
118.769 112.96 118.728 112.521
117.749 114.379 117.643 114.034
116.588 115.907 116.466 115.566
115.292 117.527 115.172 117.23
113.887 119.24 113.718 118.975
112.381 121.057 112.207 120.853
110.773 122.97 110.6 122.757
109.08 124.956 108.888 124.786
107.318 127.037 107.115 126.823
105.482 129.186 105.301 128.964
103.574 131.413 103.417 131.189
101.668 133.68 101.48 133.456
99.7511 135.947 99.5314 135.762
97.8279 138.227 97.5847 138.025
95.9042 140.511 95.6427 140.256
93.9789 142.77 93.6842 142.528
92.0489 145.041 91.7702 144.796
90.1393 147.307 89.9106 146.995
88.237 149.6 88.032 149.298
86.3499 151.867 86.1334 151.549
84.4568 154.132 84.2439 153.855
82.5791 156.374 82.3756 156.041
80.7035 158.603 80.4965 158.288
78.8443 160.78 78.6416 160.492
76.9941 162.94 76.7579 162.655
75.1702 165.093 74.9904 164.787
73.3721 167.242 73.2094 166.9
71.6127 169.381 71.4789 168.983
69.9057 171.472 69.7629 171.085
68.27 173.494 68.1013 173.121
66.6982 175.419 66.5064 174.982
65.1854 177.275 64.8649 176.935
63.7122 179.008 65.5919 175.72
62.3114 180.625 65.2515 176.212
60.98 182.142 63.3754 178.314
59.6725 183.537 61.4682 180.504
58.3607 184.812 58.2192 184.55
57.0003 185.88 56.7287 185.711
55.5968 186.715 55.5277 186.508
54.1708 187.283 53.9579 187.045
52.7371 187.631 52.5322 187.281
51.291 187.772 51.0356 187.431
49.8672 187.683 49.6051 187.368
48.5087 187.386 48.2762 187.084
47.2498 186.905 47.0082 186.689
46.025 186.243 45.7755 186.028
44.8249 185.476 44.5627 185.231
43.6515 184.597 43.4107 184.385
42.4563 183.643 42.1859 183.412
41.2043 182.625 40.9063 182.368
39.8949 181.501 39.6514 181.26
38.4615 180.327 38.2215 180.076
36.9374 179.064 36.7017 178.821
35.2962 177.684 35.0655 177.454
33.5389 176.208 33.3074 175.997
31.665 174.639 31.4489 174.406
29.696 173.002 29.4425 172.782
27.6606 171.288 27.379 171.074
25.5462 169.531 25.2759 169.363
23.3687 167.743 23.0895 167.568
21.1796 166.0 20.9007 165.798
18.9925 164.257 18.8051 164.085
16.8568 162.525 16.562 162.312
14.7121 160.803 14.4702 160.607
12.591 159.134 12.2747 158.883
10.4231 157.593 10.123 157.333
8.18748 156.214 7.91234 155.97
5.85425 155.074 5.56223 154.811
3.47526 154.18 3.21877 153.934
1.0043 153.486 0.756119 153.237
-1.55102 152.946 -1.84032 152.702
-4.18441 152.535 -4.47462 152.286
-6.93267 152.23 -7.19588 151.97
-9.76727 151.931 -10.2507 152.695
-12.686 151.591 -12.9518 151.347
-15.7097 151.254 -15.961 151.032
-18.7945 150.899 -19.0587 150.67
-21.9352 150.542 -22.1981 150.314
-25.0939 150.21 -25.3537 149.984
-28.2432 149.891 -28.478 149.701
-31.3652 149.588 -31.5915 149.326
-34.4724 149.3 -34.6985 149.045
-37.5499 149.039 -37.8069 148.746
-40.6027 148.81 -40.5651 147.852
-43.6216 148.593 -43.9335 148.276
-46.6139 148.369 -46.8479 148.082
-49.5761 148.156 -49.8391 147.895
-52.5118 147.942 -52.7101 147.684
-55.4135 147.724 -55.6645 147.49
-58.2811 147.5 -58.5975 147.249
-61.108 147.26 -61.373 146.972
-63.8691 147.022 -63.9884 146.695
-66.5073 146.805 -65.873 146.567
-68.9992 146.637 -68.4242 146.385
-71.2894 146.551 -71.3607 146.248
-73.3485 146.506 -73.0475 146.238
-75.1677 146.5 -72.9581 146.482
-76.745 146.531 -74.6038 146.639
-78.0456 146.583 -74.3624 146.811
-79.0606 146.627 -74.6115 147.092
-79.7972 146.65 -75.3554 147.214
-80.3847 146.664 -75.5169 147.382
-80.9115 146.645 -75.9125 147.472
-81.3349 146.624 -76.3906 147.628
-81.6918 146.591 -76.0818 148.004
-81.9641 146.537 -77.0252 147.78
-82.1081 146.499 -76.4734 147.895
-82.1547 146.475 -75.8569 148.171
-82.1429 146.467 -76.2449 147.957
-82.1481 146.478 -75.4092 148.085
-82.1443 146.485 -76.4488 148.008
-82.1465 146.49 -76.6306 148.104
-82.1525 146.493 -76.1521 148.087
-82.1566 146.496 -76.489 148.046
-82.1552 146.493 -76.3732 148.093
-82.1454 146.486 -76.8089 148.094
-82.1384 146.488 -77.2284 147.863
-82.1336 146.486 -76.9391 148.128
-82.133 146.489 -76.5266 147.962
-82.1332 146.488 -77.3317 147.834
-82.1336 146.485 -76.9402 147.918
-82.1334 146.485 -77.278 147.759
-82.1328 146.476 -76.3562 148.013
-82.1328 146.475 -76.7653 148.068
-82.1332 146.477 -75.409 148.098
-82.176 146.541 -76.3103 148.021
-82.2457 146.579 -75.8159 148.103
-82.3443 146.588 -76.3873 148.028
-82.4735 146.578 -77.3632 147.863
-82.6323 146.533 -77.4101 147.937
-82.8803 146.445 -76.7706 148.081
-83.2584 146.296 -77.3371 147.962
-83.743 146.07 -77.712 147.963
-84.2913 145.76 -78.2356 147.867
-84.8808 145.315 -78.7354 147.594
-85.5649 144.66 -80.1088 146.795
-86.3272 143.742 -80.2823 145.729
-87.088 142.503 -78.8598 146.789
-87.7514 140.976 -75.3766 146.327
-88.2199 139.159 -73.959 146.153
-88.5015 137.113 -74.367 145.202
-88.6465 134.825 -76.2628 144.925
-88.7056 132.328 -78.7325 144.378
-88.6495 129.631 -78.6142 142.775
-88.5405 126.735 -78.3697 141.133
-88.4197 123.629 -79.0475 142.402
-88.2108 120.35 -80.4041 144.128
-87.9487 116.93 -77.184 144.983
-87.6392 113.384 -78.4174 143.169
-87.3429 109.774 -77.6571 144.185
-87.0499 106.198 -75.5715 143.421
-86.764 102.632 -78.8112 140.824
-86.4807 99.0844 -80.9403 140.951
-86.2014 95.5628 -79.4049 144.882
-85.9301 92.0708 -76.3428 147.536
-85.6741 88.6076 -77.2625 148.576
-85.4316 85.1764 -80.8335 148.675
-85.1782 81.7744 -83.5743 149.913
-84.8824 78.4097 -84.5912 154.414
-84.5844 75.0636 -88.5263 156.051
-84.2675 71.7486 -91.296 157.829
-83.9466 68.4631 -96.2813 157.847
-83.6486 65.1736 -98.7215 159.045
-83.3719 61.8938 -101.063 159.08
-83.1058 58.6532 -103.551 158.175
-82.8456 55.4392 -106.72 158.011
-82.5945 52.2149 -109.345 158.702
-82.337 49.0533 -112.359 157.202
-82.0772 45.9138 -116.365 156.819
-81.836 42.7298 -120.75 153.806
-81.5933 39.5517 -121.765 162.445
-81.3435 36.3993 -127.759 153.944
-81.0983 33.2907 -98.4256 187.814
-80.8633 30.2054 -58.7022 206.593
-80.6509 27.1549 -58.7022 206.593
-80.4451 24.1262 -58.7022 206.593
-80.2473 21.1362 -58.7022 206.593
-80.0561 18.2654 -58.7022 206.593
-79.8663 15.5581 -58.7022 206.593
-79.6577 13.048 -58.7022 206.593
-79.4284 10.7141 -58.7022 206.593
-79.159 8.57703 -58.7022 206.593
-78.8234 6.66099 -58.7022 206.593
-78.4073 4.94033 -58.7022 206.593
-77.9027 3.35899 -58.7022 206.593
-77.2871 1.92174 -58.7022 206.593
-76.5331 0.603678 -58.7022 206.593
-75.5816 -0.520539 -58.7022 206.593
-74.5093 -1.47305 -58.7022 206.593
-73.2991 -2.21127 -58.7022 206.593
-71.9684 -2.77869 -58.7022 206.593
-70.5796 -3.16087 -58.7022 206.593
-69.1165 -3.39498 -58.7022 206.593
-67.5757 -3.55108 -58.7022 206.593
-65.9503 -3.64777 -58.7022 206.593
-64.185 -3.67731 -58.7022 206.593
-62.2713 -3.64305 -58.7022 206.593
-60.2096 -3.55639 -58.7022 206.593
-58.0127 -3.4513 -58.7022 206.593
-55.7296 -3.33243 -58.7022 206.593
-53.438 -3.19235 -58.7022 206.593
-51.1424 -3.00549 -58.7022 206.593
-48.8462 -2.80322 -58.7022 206.593
-46.5559 -2.63285 -58.7022 206.593
-44.2863 -2.45592 -58.7022 206.593
-42.0436 -2.28139 -58.7022 206.593
-39.8533 -2.12816 -58.7022 206.593
-37.7538 -1.97541 -58.7022 206.593
-35.7576 -1.85161 -58.7022 206.593
-33.8138 -1.72742 -58.7022 206.593
-31.9172 -1.60284 -58.7022 206.593
-30.0592 -1.48805 -58.7022 206.593
-28.2346 -1.37831 -58.7022 206.593
-26.4307 -1.26769 -58.7022 206.593
-24.6469 -1.15207 -58.7022 206.593
-22.8985 -1.02281 -58.7022 206.593
-21.2127 -0.886782 -58.7022 206.593
-19.6199 -0.76671 -58.7022 206.593
-18.132 -0.667367 -58.7022 206.593
-16.7443 -0.567945 -58.7022 206.593
-15.4649 -0.475696 -58.7022 206.593
-14.3851 -0.391631 -58.7022 206.593
-13.4744 -0.331922 -58.7022 206.593
-12.67 -0.286085 -58.7022 206.593
-11.8967 -0.25612 -58.7022 206.593
-11.1402 -0.225556 -58.7022 206.593
-10.3981 -0.183954 -58.7022 206.593
-9.66506 -0.132765 -58.7022 206.593
-8.94769 -0.0654352 -58.7022 206.593
-8.24259 0.00813069 -58.7022 206.593
-7.54992 0.105572 -58.7022 206.593
-6.86759 0.181726 -58.7022 206.593
-6.18884 0.260514 -58.7022 206.593
-5.51933 0.32764 -58.7022 206.593
-4.83385 0.376189 -58.7022 206.593
-4.05757 0.412903 -58.7022 206.593
-3.18164 0.440851 -58.7022 206.593
-2.23127 0.472589 -58.7022 206.593
-1.20688 0.492906 -58.7022 206.593
-0.108858 0.508838 -58.7022 206.593
1.0889 0.473736 -58.7022 206.593
2.28151 0.369629 -58.7022 206.593
3.42858 0.414732 -58.7022 206.593
4.5458 0.521258 -58.7022 206.593
5.60868 0.754007 -58.7022 206.593
6.62642 1.03201 -58.7022 206.593
7.61763 1.31286 -58.7022 206.593
8.52108 1.48532 -58.7022 206.593
9.10658 1.58938 -58.7022 206.593
9.38087 1.6266 -58.7022 206.593
9.38696 1.63681 -58.7022 206.593
9.37246 1.64113 -58.7022 206.593
9.37028 1.64373 -58.7022 206.593
