0.808514 -0.00387974 -1.86743 -0.149414
3.17391 -0.0295866 0.0473633 -0.0922852
5.3216 -0.0505932 2.14282 -0.0639648
7.17943 -0.0774708 3.9436 -0.189697
8.77105 -0.0526946 5.54956 -0.118408
10.0472 -0.0472548 6.96143 -0.157227
11.0483 -0.0317648 7.96704 0.217285
11.7952 -0.095297 8.96924 -0.189697
12.1044 -0.106489 9.74902 -0.304932
12.2932 -0.1056 10.0056 -0.23877
12.4238 -0.120544 10.3982 -0.301025
12.5006 -0.127033 10.7905 -0.271484
12.6296 -0.160183 11.0972 -0.325439
12.7549 -0.155181 11.7405 -0.383301
12.8667 -0.131374 12.0742 -0.369141
13.0785 -0.11342 12.5474 -0.360107
13.3622 -0.002379 13.1047 -0.279053
13.8467 0.17841 13.6707 -0.120605
14.4659 0.491289 14.2185 0.172852
15.169 0.984812 14.3782 0.748535
15.8372 1.62828 15.2717 1.34473
16.4813 2.47742 16.0195 2.31567
17.1135 3.55852 16.7319 3.35864
17.6252 4.86851 17.344 4.59253
18.049 6.44453 17.9182 6.1167
18.2863 8.25299 18.1245 8.02466
18.3282 10.2776 18.2048 10.0435
18.2251 12.5414 18.0977 12.2251
18.0981 14.9304 18.0667 14.5588
18.0072 17.5535 17.9224 17.1079
17.8938 20.309 17.7034 19.9541
17.7326 23.2266 17.543 22.9417
17.5552 26.3404 18.3496 28.4255
17.3827 29.5326 18.1931 31.5125
17.187 32.8401 17.8872 34.2639
16.913 36.1721 17.5195 37.4553
16.5892 39.5274 17.043 40.5249
16.2652 42.8245 16.6614 43.5769
15.8747 46.1246 16.2007 46.7271
15.4598 49.4435 15.699 49.8704
15.0513 52.7974 15.2124 53.385
14.5756 56.1494 14.8391 56.5842
14.2194 59.5394 14.5867 60.0437
13.959 62.9689 14.3284 63.3472
13.7702 66.404 14.1003 66.8066
13.5637 70.0011 13.9397 70.3599
13.4153 73.6104 13.95 73.782
13.3421 77.2349 13.8003 77.5073
13.2477 80.8142 13.1902 80.8169
13.154 84.4003 13.2793 84.5955
13.0905 88.0058 13.2876 88.1292
13.0019 91.5902 12.988 91.5747
12.91 95.1057 12.967 95.0757
12.793 98.5864 12.8474 98.6165
12.695 102.087 12.7529 101.987
12.622 105.589 12.4902 105.406
12.5453 109.132 12.4175 108.806
12.4706 112.706 12.325 112.501
12.4015 116.345 12.5527 116.403
12.3317 120.02 12.3435 120.001
12.2431 123.766 12.2646 123.871
12.1239 127.541 11.9233 127.354
12.0358 131.318 11.7886 131.117
11.8815 135.113 11.6545 134.913
11.7155 138.906 11.5439 138.726
11.5926 142.686 11.4443 142.483
11.4927 146.426 11.3401 146.179
11.4292 150.161 11.3665 150.161
11.3592 153.879 11.1924 153.677
11.2813 157.58 11.4053 155.042
11.1779 161.277 11.3928 155.308
11.0581 164.928 11.3376 156.708
10.9657 168.565 11.1956 157.201
10.9143 172.169 11.2864 159.67
10.8615 175.774 11.2373 163.095
10.8172 179.285 11.1133 166.376
10.7879 182.555 11.2432 166.209
10.7646 185.576 11.1838 167.794
10.7623 188.392 11.5408 167.867
10.7111 191.156 11.5859 167.154
10.6411 193.897 13.4783 169.11
10.5588 196.609 14.3516 170.882
10.4652 199.322 13.4419 172.271
10.3882 202.08 13.0471 173.763
10.331 204.886 15.124 175.838
10.2825 207.765 14.9587 177.113
10.3369 210.768 14.4678 180.551
10.376 213.849 14.4951 182.9
10.3753 216.93 14.9888 184.068
10.3451 220.058 13.6077 185.811
10.2887 223.216 12.1897 188.226
10.2264 226.472 10.3362 188.214
10.2195 229.833 8.58691 191.272
10.217 233.259 7.61646 194.097
10.2194 236.735 8.54468 195.153
10.2064 240.296 10.5271 193.782
10.1696 243.912 11.2302 192.249
10.1041 247.572 11.5562 193.227
9.99556 251.299 13.729 190.885
9.82238 255.028 18.0308 191.483
9.66964 258.78 18.6836 190.145
9.54702 262.557 20.1421 192.353
9.42187 266.319 20.3909 195.429
9.29033 270.066 20.2224 198.492
9.10379 273.799 21.3005 195.127
8.91969 277.484 30.1228 195.473
8.78975 281.18 28.6396 193.375
8.68243 284.882 29.7256 193.351
8.57273 288.542 31.0759 194.815
8.46749 292.21 31.5491 194.743
8.36071 295.905 31.8389 195.138
8.25345 299.551 34.5464 191.543
8.13597 303.255 33.6111 195.594
8.04645 306.996 33.176 197.191
7.94166 310.734 33.9617 194.048
7.83984 314.481 34.2756 196.31
7.74992 318.242 33.1982 199.278
7.64052 322.006 32.6812 198.678
7.52701 325.796 32.3516 198.698
7.42133 329.587 33.3237 201.595
7.3096 333.369 33.2263 200.697
7.20852 337.112 31.0046 198.38
7.11479 340.848 30.0461 197.103
7.02416 344.523 31.6953 196.112
6.92348 348.081 33.9651 198.895
6.83235 351.51 36.3464 201.565
6.7359 354.782 37.2771 203.535
6.62678 357.919 39.9153 206.651
6.51532 361.033 41.0942 208.698
6.39553 364.015 43.3027 211.766
6.32493 366.742 44.3914 213.744
6.3165 369.245 45.7722 214.298
6.4548 371.506 46.606 216.451
6.76783 373.502 48.791 217.877
7.29005 375.28 50.2388 219.351
8.02509 376.895 51.1091 221.684
8.9826 378.334 51.042 222.842
10.0964 379.586 52.8806 223.308
11.4432 380.724 54.7334 224.217
12.9959 381.694 56.4062 225.356
14.7292 382.528 58.322 224.408
16.6515 383.222 60.6145 224.329
18.7816 383.78 61.9431 223.942
21.1074 384.244 60.6838 224.355
23.6038 384.603 60.8762 224.677
26.2692 384.85 62.2188 225.646
29.0878 385.059 60.9485 226.713
32.1093 385.288 61.4055 228.1
35.2382 385.555 64.7708 228.959
38.3575 385.884 64.8628 230.17
41.4579 386.131 65.6094 230.833
44.5043 386.264 65.0129 229.785
47.5206 386.336 65.1904 228.939
50.4831 386.406 65.0186 228.894
53.3649 386.448 66.1697 229.369
56.1384 386.514 65.9001 228.92
58.8373 386.573 66.2207 229.161
61.4273 386.612 69.4153 228.928
63.8819 386.547 71.6238 228.664
66.1931 386.255 73.7622 228.216
68.3566 385.73 75.5068 228.474
70.3209 384.947 76.5615 228.1
72.1445 383.997 77.6675 227.478
73.8072 383.009 78.3875 226.805
75.3164 381.918 77.9836 226.757
76.5761 380.636 78.9736 226.1
77.6748 379.29 80.4919 224.94
78.5222 377.732 81.2717 224.085
79.1956 375.976 80.7603 223.074
79.7001 374.088 81.6091 222.025
80.0391 372.044 81.1914 222.65
80.2765 369.878 77.7939 222.587
80.4715 367.596 78.5334 224.144
80.6128 365.232 80.4065 224.602
80.6917 362.767 82.7573 223.688
80.7193 360.209 88.6951 221.238
80.6884 357.595 91.3152 221.995
80.6124 354.941 93.5615 222.045
80.523 352.263 95.4702 220.923
80.4409 349.553 98.3857 221.072
80.381 346.868 100.978 221.124
80.3746 344.195 102.919 221.574
80.4275 341.536 104.796 222.146
80.512 338.892 106.872 224.894
80.6132 336.27 108.238 224.716
80.7343 333.659 110.588 226.288
80.8612 331.066 110.689 226.422
80.9449 328.462 113.198 225.874
81.0101 325.874 109.565 228.007
81.0515 323.28 111.062 226.471
81.1211 320.714 113.74 226.485
81.2263 318.156 116.527 226.965
81.3559 315.602 119.083 226.948
81.4883 313.065 121.558 226.88
81.6215 310.553 123.785 226.671
81.7555 308.046 126.489 227.047
81.8976 305.55 128.693 229.182
82.0441 303.053 132.45 229.926
82.2145 300.535 132.958 231.595
82.3833 297.97 136.745 232.963
82.5676 295.369 134.821 234.078
82.7435 292.686 136.045 233.95
82.9021 289.965 138.645 234.52
83.0206 287.192 140.819 235.217
83.0735 284.364 143.705 235.219
83.0951 281.509 145.969 236.17
83.1066 278.67 147.532 235.983
83.1055 275.874 150.751 234.513
83.0938 273.152 156.493 233.238
83.0273 270.457 159.102 230.874
82.9444 267.789 159.878 227.82
82.8898 265.163 162.977 227.233
82.8752 262.549 165.571 226.591
82.9264 259.928 168.292 226.187
83.0333 257.284 170.84 225.839
83.2134 254.623 171.521 225.398
83.4634 251.954 174.006 225.282
83.7255 249.246 175.331 225.229
84.0056 246.533 178.825 224.957
84.2555 243.813 182.646 225.39
84.432 241.1 185.134 225.446
84.5442 238.43 185.646 226.521
84.5625 235.777 188.294 226.471
84.4947 233.162 189.869 226.129
84.3561 230.592 192.301 225.727
84.2046 228.105 193.091 226.211
84.0594 225.778 194.495 226.371
83.931 223.63 195.66 225.958
83.8163 221.702 197.71 225.268
83.7121 219.97 198.727 224.626
83.6362 218.417 199.514 224.22
83.6146 217.052 200.332 223.817
83.7244 215.792 201.857 223.396
84.0176 214.578 202.944 223.34
84.4532 213.445 204.323 224.615
85.0359 212.437 204.899 226.191
85.728 211.518 205.712 226.113
86.5554 210.665 206.113 224.215
87.5742 209.867 210.773 222.84
88.8322 209.138 212.228 223.46
90.3245 208.491 213.619 222.947
92.0322 207.934 216.007 223.452
93.9738 207.515 218.22 224.073
96.1263 207.281 220.693 224.594
98.479 207.185 222.998 225.782
100.967 207.184 225.135 226.655
103.647 207.276 227.497 227.96
106.427 207.386 229.139 229.759
109.278 207.469 231.381 231.053
112.189 207.507 230.76 233.335
115.118 207.485 232.921 235.095
117.989 207.446 232.026 236.679
120.729 207.31 231.776 236.237
123.513 207.207 232.23 235.205
126.275 207.159 234.785 235.66
128.97 207.148 237.484 236.57
131.505 207.171 240.021 237.075
133.859 207.207 242.508 237.18
136.0 207.286 245.405 237.425
137.902 207.404 247.664 239.106
139.58 207.595 248.075 237.691
141.15 207.911 247.392 244.596
142.629 208.374 247.24 221.829
144.019 209.032 249.029 222.205
145.297 209.861 250.516 220.875
146.485 210.861 252.143 220.226
147.598 212.069 256.207 217.376
148.57 213.488 256.009 218.389
149.358 215.152 256.96 218.853
149.934 217.027 258.514 219.092
150.269 219.053 261.791 208.584
150.48 221.24 322.242 176.123
150.591 223.537 322.242 176.123
150.669 225.937 322.242 176.123
150.763 228.444 322.242 176.123
150.873 231.059 322.242 176.123
150.998 233.797 322.242 176.123
151.131 236.657 322.242 176.123
151.255 239.645 322.242 176.123
151.348 242.762 322.242 176.123
151.367 245.979 322.242 176.123
151.317 249.229 322.242 176.123
151.198 252.471 322.242 176.123
151.016 255.707 322.242 176.123
150.776 258.917 322.242 176.123
150.505 262.004 322.242 176.123
150.25 264.935 322.242 176.123
150.008 267.651 322.242 176.123
149.805 270.215 322.242 176.123
149.643 272.755 322.242 176.123
149.501 275.263 322.242 176.123
149.389 277.746 322.242 176.123
149.318 280.211 322.242 176.123
149.268 282.669 322.242 176.123
149.236 285.166 322.242 176.123
149.205 287.695 322.242 176.123
149.156 290.207 322.242 176.123
149.089 292.703 322.242 176.123
149.003 295.204 322.242 176.123
148.917 297.762 322.242 176.123
148.828 300.373 322.242 176.123
148.729 303.059 322.242 176.123
148.63 305.822 322.242 176.123
148.535 308.645 322.242 176.123
148.443 311.494 322.242 176.123
148.36 314.355 322.242 176.123
148.289 317.203 322.242 176.123
148.218 320.018 322.242 176.123
148.133 322.801 322.242 176.123
148.06 325.556 322.242 176.123
147.995 328.284 322.242 176.123
147.919 330.992 322.242 176.123
147.868 333.631 322.242 176.123
147.84 336.194 322.242 176.123
147.808 338.771 322.242 176.123
147.753 341.301 322.242 176.123
147.672 343.813 322.242 176.123
147.562 346.366 322.242 176.123
147.465 348.951 322.242 176.123
147.343 351.577 322.242 176.123
147.211 354.248 322.242 176.123
147.079 356.93 322.242 176.123
146.948 359.595 322.242 176.123
146.827 362.242 322.242 176.123
146.711 364.872 322.242 176.123
146.628 367.44 322.242 176.123
146.571 369.914 322.242 176.123
146.555 372.267 322.242 176.123
146.595 374.432 322.242 176.123
146.755 376.398 322.242 176.123
147.029 378.157 322.242 176.123
147.37 379.725 322.242 176.123
147.84 381.119 322.242 176.123
148.478 382.41 322.242 176.123
149.258 383.562 322.242 176.123
150.112 384.594 322.242 176.123
151.195 385.556 322.242 176.123
152.5 386.522 322.242 176.123
154.084 387.356 322.242 176.123
155.904 388.005 322.242 176.123
157.913 388.457 322.242 176.123
160.145 388.775 322.242 176.123
162.536 388.964 322.242 176.123
165.099 389.062 322.242 176.123
167.821 389.128 322.242 176.123
170.658 389.203 322.242 176.123
173.589 389.265 322.242 176.123
176.552 389.308 322.242 176.123
179.503 389.361 322.242 176.123
182.443 389.432 322.242 176.123
185.368 389.497 322.242 176.123
188.263 389.555 322.242 176.123
191.074 389.615 322.242 176.123
193.73 389.665 322.242 176.123
196.182 389.697 322.242 176.123
198.464 389.696 322.242 176.123
200.561 389.578 322.242 176.123
202.559 389.293 322.242 176.123
204.467 388.765 322.242 176.123
206.175 387.916 322.242 176.123
207.779 386.853 322.242 176.123
209.2 385.525 322.242 176.123
210.44 383.944 322.242 176.123
211.426 382.136 322.242 176.123
212.261 380.157 322.242 176.123
212.913 378.011 322.242 176.123
213.415 375.676 322.242 176.123
213.808 373.197 322.242 176.123
214.126 370.564 322.242 176.123
214.385 367.799 322.242 176.123
214.626 364.941 322.242 176.123
214.847 361.998 322.242 176.123
215.04 358.991 322.242 176.123
215.19 355.916 322.242 176.123
215.299 352.806 322.242 176.123
215.363 349.692 322.242 176.123
215.412 346.585 322.242 176.123
215.442 343.467 322.242 176.123
215.421 340.37 322.242 176.123
215.339 337.277 322.242 176.123
215.207 334.204 322.242 176.123
215.036 331.16 322.242 176.123
214.865 328.103 322.242 176.123
214.708 325.07 322.242 176.123
214.622 322.02 322.242 176.123
214.591 318.979 322.242 176.123
214.636 315.933 322.242 176.123
214.748 312.874 322.242 176.123
214.908 309.815 322.242 176.123
215.083 306.739 322.242 176.123
215.274 303.658 322.242 176.123
215.468 300.596 322.242 176.123
215.664 297.55 322.242 176.123
215.825 294.518 322.242 176.123
215.979 291.536 322.242 176.123
216.126 288.609 322.242 176.123
216.249 285.733 322.242 176.123
216.353 282.911 322.242 176.123
216.443 280.174 322.242 176.123
216.497 277.501 322.242 176.123
216.537 274.887 322.242 176.123
216.575 272.394 322.242 176.123
216.608 269.997 322.242 176.123
216.641 267.695 322.242 176.123
216.684 265.483 322.242 176.123
216.732 263.356 322.242 176.123
216.773 261.309 322.242 176.123
216.818 259.369 322.242 176.123
216.861 257.509 322.242 176.123
216.907 255.74 322.242 176.123
216.95 254.027 322.242 176.123
216.98 252.36 322.242 176.123
217.008 250.712 322.242 176.123
217.045 249.083 322.242 176.123
217.09 247.462 322.242 176.123
217.142 245.863 322.242 176.123
217.196 244.276 322.242 176.123
217.265 242.723 322.242 176.123
217.324 241.185 322.242 176.123
217.403 239.647 322.242 176.123
217.474 238.116 322.242 176.123
217.537 236.589 322.242 176.123
217.598 235.053 322.242 176.123
217.649 233.487 322.242 176.123
217.687 231.89 322.242 176.123
217.715 230.281 322.242 176.123
217.732 228.681 322.242 176.123
217.749 227.092 322.242 176.123
217.743 225.515 322.242 176.123
217.705 223.958 322.242 176.123
217.605 222.456 322.242 176.123
217.426 221.066 322.242 176.123
217.176 219.785 322.242 176.123
216.883 218.662 322.242 176.123
216.564 217.686 322.242 176.123
216.168 216.78 322.242 176.123
215.709 215.956 322.242 176.123
215.187 215.222 322.242 176.123
214.576 214.529 322.242 176.123
213.753 213.86 322.242 176.123
212.819 213.256 322.242 176.123
211.715 212.754 322.242 176.123
210.434 212.328 322.242 176.123
208.928 212.012 322.242 176.123
207.24 211.803 322.242 176.123
205.38 211.727 322.242 176.123
203.336 211.749 322.242 176.123
201.111 211.775 322.242 176.123
198.717 211.798 322.242 176.123
196.159 211.778 322.242 176.123
193.467 211.741 322.242 176.123
190.7 211.678 322.242 176.123
187.874 211.599 322.242 176.123
185.052 211.505 322.242 176.123
182.232 211.42 322.242 176.123
179.451 211.333 322.242 176.123
176.675 211.234 322.242 176.123
173.919 211.14 322.242 176.123
171.26 211.028 322.242 176.123
168.713 210.893 322.242 176.123
166.355 210.772 322.242 176.123
164.193 210.631 322.242 176.123
162.169 210.469 322.242 176.123
160.275 210.32 322.242 176.123
158.618 210.218 322.242 176.123
157.19 210.159 322.242 176.123
155.802 210.102 322.242 176.123
154.446 210.037 322.242 176.123
153.14 209.949 322.242 176.123
151.825 209.856 322.242 176.123
150.424 209.721 322.242 176.123
148.953 209.551 322.242 176.123
147.371 209.326 322.242 176.123
145.666 209.096 322.242 176.123
143.819 208.861 322.242 176.123
141.813 208.637 322.242 176.123
139.671 208.455 322.242 176.123
137.369 208.379 322.242 176.123
134.912 208.408 322.242 176.123
132.308 208.486 322.242 176.123
129.579 208.594 322.242 176.123
126.753 208.722 322.242 176.123
123.792 208.853 322.242 176.123
120.777 208.952 322.242 176.123
117.769 209.003 322.242 176.123
114.749 208.992 322.242 176.123
111.78 208.909 322.242 176.123
108.828 208.797 322.242 176.123
105.975 208.674 322.242 176.123
103.291 208.584 322.242 176.123
100.811 208.486 322.242 176.123
98.5755 208.373 322.242 176.123
96.6038 208.28 322.242 176.123
94.9068 208.225 322.242 176.123
93.4787 208.173 322.242 176.123
92.1986 208.159 322.242 176.123
90.9401 208.102 322.242 176.123
89.7019 208.094 322.242 176.123
88.4975 208.038 322.242 176.123
87.2713 207.951 322.242 176.123
85.9899 207.851 322.242 176.123
84.6465 207.69 322.242 176.123
83.1761 207.51 322.242 176.123
81.5888 207.28 322.242 176.123
79.8797 207.04 322.242 176.123
78.0214 206.809 322.242 176.123
76.0563 206.584 322.242 176.123
73.9822 206.431 322.242 176.123
71.8021 206.39 322.242 176.123
69.5322 206.474 322.242 176.123
67.2216 206.695 322.242 176.123
64.8081 206.991 322.242 176.123
62.2962 207.261 322.242 176.123
59.7148 207.477 322.242 176.123
57.0304 207.602 322.242 176.123
54.2542 207.653 322.242 176.123
51.4369 207.652 322.242 176.123
48.6109 207.603 322.242 176.123
45.7905 207.553 322.242 176.123
43.0392 207.516 322.242 176.123
40.2923 207.46 322.242 176.123
37.5996 207.41 322.242 176.123
34.999 207.398 322.242 176.123
32.5091 207.389 322.242 176.123
30.1712 207.375 322.242 176.123
28.0611 207.358 322.242 176.123
26.1798 207.326 322.242 176.123
24.5668 207.244 322.242 176.123
23.2087 207.155 322.242 176.123
22.0342 207.04 322.242 176.123
20.9832 206.906 322.242 176.123
20.026 206.706 322.242 176.123
19.1536 206.472 322.242 176.123
18.3461 206.19 322.242 176.123
17.6051 205.837 322.242 176.123
16.939 205.475 322.242 176.123
16.2863 205.018 322.242 176.123
15.6086 204.434 322.242 176.123
14.8894 203.699 322.242 176.123
14.1806 202.787 322.242 176.123
13.4874 201.713 322.242 176.123
12.8548 200.438 322.242 176.123
12.2546 198.922 322.242 176.123
11.6426 197.219 322.242 176.123
11.0827 195.352 322.242 176.123
10.6884 193.451 322.242 176.123
10.5102 191.659 322.242 176.123
10.4949 189.932 322.242 176.123
10.5189 188.199 322.242 176.123
10.5431 186.48 322.242 176.123
10.617 184.716 322.242 176.123
10.7 182.839 322.242 176.123
10.8083 180.835 322.242 176.123
10.9456 178.713 322.242 176.123
11.1133 176.477 322.242 176.123
11.2839 174.103 322.242 176.123
11.4791 171.615 322.242 176.123
11.718 168.988 322.242 176.123
12.0086 166.247 322.242 176.123
12.3646 163.387 322.242 176.123
12.7214 160.414 322.242 176.123
13.0698 157.345 322.242 176.123
13.3513 154.251 322.242 176.123
13.517 151.099 322.242 176.123
13.5167 147.91 322.242 176.123
13.407 144.677 322.242 176.123
13.2911 141.427 322.242 176.123
13.2512 138.109 322.242 176.123
13.233 134.749 322.242 176.123
13.2452 131.316 322.242 176.123
13.255 127.833 322.242 176.123
13.2379 124.247 322.242 176.123
13.2164 120.596 322.242 176.123
13.1931 116.902 322.242 176.123
13.1992 113.092 322.242 176.123
13.2116 109.28 322.242 176.123
13.2324 105.427 322.242 176.123
13.2701 101.59 322.242 176.123
13.378 97.7804 322.242 176.123
13.4716 93.9664 322.242 176.123
13.5762 90.1504 322.242 176.123
13.7212 86.3537 322.242 176.123
13.859 82.5688 322.242 176.123
13.9844 78.7841 322.242 176.123
14.0974 75.0143 322.242 176.123
14.2189 71.2675 322.242 176.123
14.3587 67.5189 322.242 176.123
14.4934 63.8177 322.242 176.123
14.6507 60.2065 322.242 176.123
14.8024 56.6241 322.242 176.123
14.9882 53.1395 322.242 176.123
15.1692 49.7236 322.242 176.123
15.3489 46.3306 322.242 176.123
15.5068 43.0037 322.242 176.123
15.6647 39.8139 322.242 176.123
15.8239 36.7931 322.242 176.123
16.0795 33.9352 322.242 176.123
16.2743 31.2048 322.242 176.123
16.3507 28.5247 322.242 176.123
16.4042 26.0773 322.242 176.123
16.4726 23.8463 322.242 176.123
16.5083 21.8379 322.242 176.123
16.5217 19.9833 322.242 176.123
16.4985 18.3103 322.242 176.123
16.4778 16.8698 322.242 176.123
16.4793 15.657 322.242 176.123
16.5422 14.629 322.242 176.123
16.642 13.7155 322.242 176.123
16.8283 12.8347 322.242 176.123
17.1399 12.0099 322.242 176.123
17.5372 11.2817 322.242 176.123
18.0182 10.546 322.242 176.123
18.6702 9.77827 322.242 176.123
19.5412 9.02132 322.242 176.123
20.6263 8.23336 322.242 176.123
21.9104 7.45531 322.242 176.123
23.4467 6.68425 322.242 176.123
25.2682 6.00232 322.242 176.123
27.3621 5.40091 322.242 176.123
29.7811 4.98555 322.242 176.123
32.4495 4.78541 322.242 176.123
35.3032 4.75198 322.242 176.123
38.3799 4.82492 322.242 176.123
41.5673 4.96416 322.242 176.123
44.765 5.15302 322.242 176.123
47.9766 5.33258 322.242 176.123
51.2051 5.54117 322.242 176.123
54.4201 5.7753 322.242 176.123
57.6346 6.00104 322.242 176.123
60.7931 6.21663 322.242 176.123
63.8585 6.36892 322.242 176.123
66.7747 6.48643 322.242 176.123
69.5335 6.58965 322.242 176.123
72.1253 6.62722 322.242 176.123
74.5246 6.67259 322.242 176.123
76.6865 6.68274 322.242 176.123
78.5896 6.61989 322.242 176.123
80.2198 6.43849 322.242 176.123
81.6041 6.06437 322.242 176.123
82.7689 5.54748 322.242 176.123
83.7194 4.96219 322.242 176.123
84.4985 4.31108 322.242 176.123
85.0553 3.65254 322.242 176.123
85.422 3.08309 322.242 176.123
85.6854 2.63287 322.242 176.123
85.923 2.11983 322.242 176.123
86.0707 1.53691 322.242 176.123
86.1914 0.923084 322.242 176.123
86.2819 0.311055 322.242 176.123
86.3914 -0.303078 322.242 176.123
86.4407 -0.901994 322.242 176.123
86.5198 -1.50289 322.242 176.123
86.5459 -2.07776 322.242 176.123
86.5871 -2.68315 322.242 176.123
86.6048 -3.29364 322.242 176.123
86.6493 -4.02676 322.242 176.123
86.7182 -4.93401 322.242 176.123
86.802 -5.93042 322.242 176.123
86.8602 -6.95035 322.242 176.123
86.925 -7.98914 322.242 176.123
86.9713 -9.08239 322.242 176.123
87.0234 -10.2153 322.242 176.123
86.9986 -11.4231 322.242 176.123
86.9538 -12.7168 322.242 176.123
86.892 -14.0986 322.242 176.123
86.7979 -15.5723 322.242 176.123
86.8058 -17.1581 322.242 176.123
86.9386 -18.8627 322.242 176.123
87.1494 -20.656 322.242 176.123
87.3569 -22.5386 322.242 176.123
87.518 -24.5389 322.242 176.123
87.6122 -26.5899 322.242 176.123
87.6598 -28.7279 322.242 176.123
87.667 -30.8814 322.242 176.123
87.6618 -33.0328 322.242 176.123
87.6643 -35.176 322.242 176.123
87.6754 -37.3115 322.242 176.123
87.7006 -39.4403 322.242 176.123
87.7469 -41.5397 322.242 176.123
87.8103 -43.6083 322.242 176.123
87.8775 -45.6672 322.242 176.123
87.9508 -47.7145 322.242 176.123
88.0109 -49.7745 322.242 176.123
88.0598 -51.8095 322.242 176.123
88.1016 -53.8669 322.242 176.123
88.1596 -55.9066 322.242 176.123
88.2038 -57.9324 322.242 176.123
88.2367 -59.9592 322.242 176.123
88.2905 -61.9847 322.242 176.123
88.3236 -64.0118 322.242 176.123
88.3707 -66.071 322.242 176.123
88.4053 -68.1266 322.242 176.123
88.4285 -70.1709 322.242 176.123
88.4452 -72.2356 322.242 176.123
88.4514 -74.2714 322.242 176.123
88.4515 -76.3242 322.242 176.123
88.4477 -78.3515 322.242 176.123
88.4649 -80.3789 322.242 176.123
88.4913 -82.4281 322.242 176.123
88.5257 -84.4416 322.242 176.123
88.565 -86.4789 322.242 176.123
88.6255 -88.4658 322.242 176.123
88.6657 -90.4818 322.242 176.123
88.7116 -92.4594 322.242 176.123
88.7593 -94.3965 322.242 176.123
88.8014 -96.2965 322.242 176.123
88.8336 -98.1479 322.242 176.123
88.859 -99.8848 322.242 176.123
88.872 -101.465 322.242 176.123
88.8764 -102.843 322.242 176.123
88.8754 -104.046 322.242 176.123
88.8515 -105.11 322.242 176.123
88.8441 -105.993 322.242 176.123
88.8454 -106.683 322.242 176.123
88.8358 -107.269 322.242 176.123
88.8949 -107.762 322.242 176.123
89.0265 -108.229 322.242 176.123
89.2534 -108.644 322.242 176.123
89.5392 -109.019 322.242 176.123
89.859 -109.381 322.242 176.123
90.31 -109.755 322.242 176.123
90.8505 -110.105 322.242 176.123
91.4916 -110.452 322.242 176.123
92.2208 -110.767 322.242 176.123
93.0435 -111.039 322.242 176.123
93.9595 -111.237 322.242 176.123
95.0326 -111.35 322.242 176.123
96.2445 -111.376 322.242 176.123
97.6399 -111.376 322.242 176.123
99.2867 -111.278 322.242 176.123
101.134 -111.132 322.242 176.123
103.139 -111.02 322.242 176.123
105.323 -110.916 322.242 176.123
107.666 -110.812 322.242 176.123
110.158 -110.692 322.242 176.123
112.751 -110.555 322.242 176.123
115.418 -110.39 322.242 176.123
118.152 -110.189 322.242 176.123
120.88 -109.985 322.242 176.123
123.588 -109.795 322.242 176.123
126.284 -109.607 322.242 176.123
128.972 -109.456 322.242 176.123
131.641 -109.335 322.242 176.123
134.287 -109.218 322.242 176.123
136.838 -109.114 322.242 176.123
139.211 -109.004 322.242 176.123
141.388 -108.915 322.242 176.123
143.337 -108.817 322.242 176.123
145.024 -108.736 322.242 176.123
146.521 -108.69 322.242 176.123
147.804 -108.763 322.242 176.123
148.875 -108.856 322.242 176.123
149.766 -108.953 322.242 176.123
150.532 -109.021 322.242 176.123
151.272 -109.063 322.242 176.123
151.962 -109.163 322.242 176.123
152.631 -109.27 322.242 176.123
153.353 -109.388 322.242 176.123
154.253 -109.477 322.242 176.123
155.301 -109.54 322.242 176.123
156.475 -109.614 322.242 176.123
157.783 -109.651 322.242 176.123
159.242 -109.684 322.242 176.123
160.876 -109.725 322.242 176.123
162.717 -109.674 322.242 176.123
164.709 -109.64 322.242 176.123
166.835 -109.639 322.242 176.123
169.117 -109.627 322.242 176.123
171.53 -109.605 322.242 176.123
174.066 -109.573 322.242 176.123
176.699 -109.544 322.242 176.123
179.413 -109.533 322.242 176.123
182.139 -109.543 322.242 176.123
184.839 -109.587 322.242 176.123
187.533 -109.599 322.242 176.123
190.189 -109.638 322.242 176.123
192.776 -109.651 322.242 176.123
195.232 -109.614 322.242 176.123
197.53 -109.555 322.242 176.123
199.654 -109.498 322.242 176.123
201.602 -109.461 322.242 176.123
203.419 -109.444 322.242 176.123
205.191 -109.459 322.242 176.123
206.93 -109.503 322.242 176.123
208.619 -109.57 322.242 176.123
210.239 -109.632 322.242 176.123
211.754 -109.685 322.242 176.123
213.167 -109.715 322.242 176.123
214.54 -109.738 322.242 176.123
215.888 -109.723 322.242 176.123
217.196 -109.703 322.242 176.123
218.474 -109.697 322.242 176.123
219.81 -109.674 322.242 176.123
221.217 -109.651 322.242 176.123
222.677 -109.623 322.242 176.123
224.216 -109.618 322.242 176.123
225.834 -109.594 322.242 176.123
227.541 -109.536 322.242 176.123
229.331 -109.375 322.242 176.123
231.205 -109.089 322.242 176.123
233.162 -108.71 322.242 176.123
235.195 -108.331 322.242 176.123
237.319 -107.998 322.242 176.123
239.536 -107.749 322.242 176.123
241.851 -107.577 322.242 176.123
244.241 -107.463 322.242 176.123
246.715 -107.381 322.242 176.123
249.277 -107.309 322.242 176.123
251.893 -107.229 322.242 176.123
254.488 -107.147 322.242 176.123
257.078 -107.054 322.242 176.123
259.641 -106.96 322.242 176.123
262.194 -106.858 322.242 176.123
264.671 -106.79 322.242 176.123
267.027 -106.739 322.242 176.123
269.198 -106.732 322.242 176.123
271.193 -106.71 322.242 176.123
273.054 -106.646 322.242 176.123
274.808 -106.577 322.242 176.123
276.485 -106.532 322.242 176.123
278.059 -106.465 322.242 176.123
279.474 -106.428 322.242 176.123
280.725 -106.455 322.242 176.123
281.843 -106.571 322.242 176.123
282.817 -106.765 322.242 176.123
283.666 -107.045 322.242 176.123
284.414 -107.363 322.242 176.123
285.122 -107.762 322.242 176.123
285.764 -108.22 322.242 176.123
286.383 -108.745 322.242 176.123
287.043 -109.34 322.242 176.123
287.756 -109.871 322.242 176.123
288.405 -110.228 322.242 176.123
289.006 -110.492 322.242 176.123
289.65 -110.619 322.242 176.123
290.305 -110.603 322.242 176.123
290.931 -110.49 322.242 176.123
291.539 -110.308 322.242 176.123
292.158 -110.057 322.242 176.123
292.724 -109.712 322.242 176.123
293.354 -109.377 322.242 176.123
294.005 -108.988 322.242 176.123
294.758 -108.56 322.242 176.123
295.594 -108.095 322.242 176.123
296.568 -107.683 322.242 176.123
297.708 -107.31 322.242 176.123
298.969 -106.952 322.242 176.123
300.362 -106.67 322.242 176.123
301.967 -106.425 322.242 176.123
303.792 -106.212 322.242 176.123
305.785 -106.01 322.242 176.123
307.957 -105.755 322.242 176.123
310.302 -105.587 322.242 176.123
312.768 -105.488 322.242 176.123
315.36 -105.433 322.242 176.123
318.036 -105.427 322.242 176.123
320.811 -105.441 322.242 176.123
323.634 -105.44 322.242 176.123
326.518 -105.412 322.242 176.123
329.445 -105.388 322.242 176.123
332.36 -105.343 322.242 176.123
335.259 -105.268 322.242 176.123
338.149 -105.195 322.242 176.123
340.994 -105.116 322.242 176.123
343.795 -105.057 322.242 176.123
346.496 -104.996 322.242 176.123
348.999 -104.948 322.242 176.123
351.319 -104.874 322.242 176.123
353.402 -104.765 322.242 176.123
355.251 -104.659 322.242 176.123
356.858 -104.6 322.242 176.123
358.232 -104.631 322.242 176.123
359.411 -104.755 322.242 176.123
360.449 -104.972 322.242 176.123
361.441 -105.304 322.242 176.123
362.341 -105.755 322.242 176.123
363.179 -106.29 322.242 176.123
363.843 -106.921 322.242 176.123
364.549 -107.649 322.242 176.123
365.208 -108.54 322.242 176.123
365.863 -109.676 322.242 176.123
366.579 -110.978 322.242 176.123
367.214 -112.495 322.242 176.123
367.815 -114.223 322.242 176.123
368.26 -116.163 322.242 176.123
368.558 -118.301 322.242 176.123
368.697 -120.614 322.242 176.123
368.742 -123.081 322.242 176.123
368.75 -125.7 322.242 176.123
368.747 -128.436 322.242 176.123
368.74 -131.303 322.242 176.123
368.749 -134.316 322.242 176.123
368.78 -137.434 322.242 176.123
368.843 -140.635 322.242 176.123
368.944 -143.913 322.242 176.123
369.065 -147.244 322.242 176.123
369.181 -150.618 322.242 176.123
369.375 -154.029 322.242 176.123
369.586 -157.449 322.242 176.123
369.727 -160.886 322.242 176.123
369.85 -164.361 322.242 176.123
369.972 -167.863 322.242 176.123
370.082 -171.389 322.242 176.123
370.194 -174.964 322.242 176.123
370.302 -178.568 322.242 176.123
370.405 -182.164 322.242 176.123
370.534 -185.694 322.242 176.123
370.638 -189.253 322.242 176.123
370.714 -192.852 322.242 176.123
370.798 -196.461 322.242 176.123
370.888 -200.029 322.242 176.123
370.979 -203.543 322.242 176.123
371.074 -206.993 322.242 176.123
371.172 -210.42 322.242 176.123
371.315 -213.808 322.242 176.123
371.45 -217.205 322.242 176.123
371.584 -220.619 322.242 176.123
371.724 -224.022 322.242 176.123
371.859 -227.439 322.242 176.123
371.993 -230.892 322.242 176.123
372.124 -234.347 322.242 176.123
372.232 -237.802 322.242 176.123
372.315 -241.266 322.242 176.123
372.385 -244.711 322.242 176.123
372.465 -248.165 322.242 176.123
372.537 -251.604 322.242 176.123
372.625 -255.031 322.242 176.123
372.724 -258.427 322.242 176.123
372.816 -261.818 322.242 176.123
372.912 -265.196 322.242 176.123
373.03 -268.545 322.242 176.123
373.146 -271.887 322.242 176.123
373.285 -275.218 322.242 176.123
373.427 -278.54 322.242 176.123
373.548 -281.865 322.242 176.123
373.68 -285.156 322.242 176.123
373.773 -288.46 322.242 176.123
373.852 -291.76 322.242 176.123
373.906 -295.043 322.242 176.123
373.953 -298.332 322.242 176.123
374.006 -301.611 322.242 176.123
374.072 -304.831 322.242 176.123
374.145 -308.026 322.242 176.123
374.188 -311.203 322.242 176.123
374.156 -314.382 322.242 176.123
374.143 -317.531 322.242 176.123
374.136 -320.654 322.242 176.123
374.142 -323.73 322.242 176.123
374.181 -326.76 322.242 176.123
374.315 -329.754 322.242 176.123
374.599 -332.705 322.242 176.123
375.086 -335.569 322.242 176.123
375.819 -338.359 322.242 176.123
376.755 -341.086 322.242 176.123
377.908 -343.737 322.242 176.123
379.206 -346.328 322.242 176.123
380.643 -348.867 322.242 176.123
382.168 -351.361 322.242 176.123
383.672 -353.848 322.242 176.123
385.13 -356.309 322.242 176.123
386.491 -358.779 322.242 176.123
387.674 -361.294 322.242 176.123
388.634 -363.848 322.242 176.123
389.398 -366.505 322.242 176.123
389.953 -369.184 322.242 176.123
390.303 -371.933 322.242 176.123
390.463 -374.764 322.242 176.123
390.51 -377.625 322.242 176.123
390.44 -380.541 322.242 176.123
390.26 -383.528 322.242 176.123
390.006 -386.596 322.242 176.123
389.702 -389.71 322.242 176.123
389.397 -392.85 322.242 176.123
389.096 -395.995 322.242 176.123
388.742 -399.101 322.242 176.123
388.344 -402.147 322.242 176.123
387.898 -404.973 322.242 176.123
387.327 -407.504 322.242 176.123
386.538 -409.713 322.242 176.123
385.518 -411.499 322.242 176.123
384.427 -413.093 322.242 176.123
383.117 -414.444 322.242 176.123
381.537 -415.479 322.242 176.123
379.909 -416.345 322.242 176.123
378.128 -416.984 322.242 176.123
376.245 -417.36 322.242 176.123
374.274 -417.52 322.242 176.123
372.28 -417.583 322.242 176.123
370.299 -417.602 322.242 176.123
368.339 -417.599 322.242 176.123
366.387 -417.581 322.242 176.123
364.446 -417.553 322.242 176.123
362.525 -417.536 322.242 176.123
360.623 -417.539 322.242 176.123
358.745 -417.527 322.242 176.123
356.874 -417.526 322.242 176.123
355.021 -417.536 322.242 176.123
353.146 -417.543 322.242 176.123
351.23 -417.586 322.242 176.123
349.309 -417.651 322.242 176.123
347.378 -417.723 322.242 176.123
345.429 -417.823 322.242 176.123
343.434 -417.949 322.242 176.123
341.384 -418.046 322.242 176.123
339.242 -418.089 322.242 176.123
336.995 -418.081 322.242 176.123
334.62 -418.026 322.242 176.123
332.137 -417.918 322.242 176.123
329.595 -417.823 322.242 176.123
327.042 -417.647 322.242 176.123
324.489 -417.373 322.242 176.123
321.966 -416.821 322.242 176.123
319.48 -416.085 322.242 176.123
317.056 -415.191 322.242 176.123
314.705 -414.118 322.242 176.123
312.448 -412.896 322.242 176.123
310.261 -411.596 322.242 176.123
308.114 -410.252 322.242 176.123
306.04 -408.871 322.242 176.123
304.022 -407.462 322.242 176.123
302.033 -405.977 322.242 176.123
300.065 -404.439 322.242 176.123
298.073 -402.908 322.242 176.123
296.018 -401.382 322.242 176.123
293.956 -399.858 322.242 176.123
291.87 -398.363 322.242 176.123
289.762 -396.956 322.242 176.123
287.667 -395.605 322.242 176.123
285.591 -394.289 322.242 176.123
283.499 -392.977 322.242 176.123
281.394 -391.686 322.242 176.123
279.271 -390.413 322.242 176.123
277.117 -389.168 322.242 176.123
274.941 -387.936 322.242 176.123
272.744 -386.708 322.242 176.123
270.523 -385.46 322.242 176.123
268.313 -384.21 322.242 176.123
266.109 -382.964 322.242 176.123
263.936 -381.703 322.242 176.123
261.797 -380.466 322.242 176.123
259.683 -379.265 322.242 176.123
257.593 -378.024 322.242 176.123
255.556 -376.685 322.242 176.123
253.518 -375.44 322.242 176.123
251.457 -374.267 322.242 176.123
249.401 -373.071 322.242 176.123
247.315 -371.849 322.242 176.123
245.184 -370.567 322.242 176.123
242.982 -369.248 322.242 176.123
240.735 -367.841 322.242 176.123
238.424 -366.414 322.242 176.123
236.09 -364.978 322.242 176.123
233.711 -363.511 322.242 176.123
231.294 -362.058 322.242 176.123
228.822 -360.639 322.242 176.123
226.338 -359.165 322.242 176.123
223.819 -357.674 322.242 176.123
221.27 -356.155 322.242 176.123
218.708 -354.545 322.242 176.123
216.133 -352.856 322.242 176.123
213.526 -351.137 322.242 176.123
210.861 -349.391 322.242 176.123
208.141 -347.626 322.242 176.123
205.373 -345.852 322.242 176.123
202.55 -344.161 322.242 176.123
199.736 -342.479 322.242 176.123
196.955 -340.74 322.242 176.123
194.163 -338.992 322.242 176.123
191.347 -337.301 322.242 176.123
188.52 -335.639 322.242 176.123
185.705 -333.938 322.242 176.123
182.867 -332.25 322.242 176.123
180.032 -330.585 322.242 176.123
177.227 -328.955 322.242 176.123
174.539 -327.438 322.242 176.123
172.012 -326.005 322.242 176.123
169.692 -324.651 322.242 176.123
167.467 -323.315 322.242 176.123
165.272 -321.949 322.242 176.123
163.117 -320.547 322.242 176.123
160.949 -319.194 322.242 176.123
158.728 -317.848 322.242 176.123
156.473 -316.505 322.242 176.123
154.21 -315.109 322.242 176.123
151.923 -313.647 322.242 176.123
149.601 -312.142 322.242 176.123
147.209 -310.637 322.242 176.123
144.758 -309.096 322.242 176.123
142.276 -307.46 322.242 176.123
139.764 -305.737 322.242 176.123
137.221 -303.985 322.242 176.123
134.648 -302.195 322.242 176.123
132.002 -300.405 322.242 176.123
129.319 -298.631 322.242 176.123
126.578 -296.838 322.242 176.123
123.793 -295.058 322.242 176.123
120.954 -293.297 322.242 176.123
118.044 -291.501 322.242 176.123
115.105 -289.693 322.242 176.123
112.154 -287.879 322.242 176.123
109.228 -286.086 322.242 176.123
106.296 -284.303 322.242 176.123
103.382 -282.534 322.242 176.123
100.495 -280.764 322.242 176.123
97.6515 -279.015 322.242 176.123
94.8532 -277.274 322.242 176.123
92.1049 -275.548 322.242 176.123
89.3966 -273.836 322.242 176.123
86.7403 -272.125 322.242 176.123
84.1258 -270.42 322.242 176.123
81.4965 -268.788 322.242 176.123
78.8975 -267.186 322.242 176.123
76.3359 -265.596 322.242 176.123
73.8098 -264.018 322.242 176.123
71.3202 -262.47 322.242 176.123
68.8537 -260.932 322.242 176.123
66.4363 -259.379 322.242 176.123
64.1159 -257.774 322.242 176.123
61.7895 -256.251 322.242 176.123
59.4476 -254.836 322.242 176.123
57.0425 -253.599 322.242 176.123
54.5769 -252.592 322.242 176.123
52.0718 -251.832 322.242 176.123
49.5381 -251.319 322.242 176.123
47.0164 -251.032 322.242 176.123
44.5536 -250.9 322.242 176.123
42.1914 -250.846 322.242 176.123
39.9699 -250.888 322.242 176.123
37.8232 -250.819 322.242 176.123
35.7519 -250.528 322.242 176.123
33.7747 -250.015 322.242 176.123
31.9386 -249.3 322.242 176.123
30.2928 -248.356 322.242 176.123
28.8151 -247.166 322.242 176.123
27.5755 -245.826 322.242 176.123
26.5777 -244.3 322.242 176.123
25.8471 -242.68 322.242 176.123
25.4038 -241.132 322.242 176.123
25.1888 -239.725 322.242 176.123
25.1866 -238.533 322.242 176.123
25.3588 -237.454 322.242 176.123
25.6944 -236.445 322.242 176.123
26.2243 -235.561 322.242 176.123
26.8278 -234.731 322.242 176.123
27.6365 -234.07 322.242 176.123
28.6347 -233.506 322.242 176.123
29.7842 -233.016 322.242 176.123
31.0788 -232.596 322.242 176.123
32.5318 -232.316 322.242 176.123
34.1014 -232.076 322.242 176.123
35.8235 -231.924 322.242 176.123
37.6959 -231.775 322.242 176.123
39.6498 -231.685 322.242 176.123
41.7803 -231.571 322.242 176.123
44.027 -231.467 322.242 176.123
46.3648 -231.372 322.242 176.123
48.7757 -231.292 322.242 176.123
51.31 -231.221 322.242 176.123
53.9303 -231.163 322.242 176.123
56.6518 -231.093 322.242 176.123
59.5003 -230.986 322.242 176.123
62.4506 -230.886 322.242 176.123
65.351 -230.714 322.242 176.123
68.2898 -230.483 322.242 176.123
71.2729 -230.34 322.242 176.123
74.2626 -230.209 322.242 176.123
77.2918 -230.071 322.242 176.123
80.3123 -229.91 322.242 176.123
83.3626 -229.764 322.242 176.123
86.3683 -229.585 322.242 176.123
89.384 -229.463 322.242 176.123
92.3995 -229.341 322.242 176.123
95.3924 -229.161 322.242 176.123
98.3891 -229.001 322.242 176.123
101.425 -228.875 322.242 176.123
104.45 -228.721 322.242 176.123
107.55 -228.575 322.242 176.123
110.662 -228.447 322.242 176.123
113.816 -228.305 322.242 176.123
117.012 -228.237 322.242 176.123
120.189 -228.141 322.242 176.123
123.346 -228.021 322.242 176.123
126.475 -227.878 322.242 176.123
129.553 -227.753 322.242 176.123
132.617 -227.607 322.242 176.123
135.641 -227.495 322.242 176.123
138.634 -227.379 322.242 176.123
141.626 -227.286 322.242 176.123
144.521 -227.157 322.242 176.123
147.476 -227.03 322.242 176.123
150.383 -226.933 322.242 176.123
153.24 -226.851 322.242 176.123
156.072 -226.779 322.242 176.123
158.845 -226.709 322.242 176.123
161.6 -226.64 322.242 176.123
164.339 -226.548 322.242 176.123
167.044 -226.46 322.242 176.123
169.72 -226.363 322.242 176.123
172.397 -226.257 322.242 176.123
175.044 -226.165 322.242 176.123
177.758 -226.07 322.242 176.123
180.526 -225.967 322.242 176.123
183.299 -225.862 322.242 176.123
186.064 -225.749 322.242 176.123
188.792 -225.625 322.242 176.123
191.491 -225.528 322.242 176.123
194.173 -225.41 322.242 176.123
196.857 -225.311 322.242 176.123
199.543 -225.237 322.242 176.123
202.23 -225.169 322.242 176.123
204.886 -225.106 322.242 176.123
207.501 -225.046 322.242 176.123
210.109 -224.986 322.242 176.123
212.679 -224.928 322.242 176.123
215.258 -224.873 322.242 176.123
217.75 -224.807 322.242 176.123
220.182 -224.459 322.242 176.123
222.661 -224.219 322.242 176.123
225.184 -224.022 322.242 176.123
227.772 -223.857 322.242 176.123
230.398 -223.697 322.242 176.123
233.119 -223.534 322.242 176.123
235.943 -223.312 322.242 176.123
238.752 -223.091 322.242 176.123
241.637 -222.898 322.242 176.123
244.464 -222.734 322.242 176.123
247.298 -222.516 322.242 176.123
250.092 -222.327 322.242 176.123
252.841 -222.168 322.242 176.123
255.574 -222.036 322.242 176.123
258.265 -221.918 322.242 176.123
260.91 -221.784 322.242 176.123
263.519 -221.649 322.242 176.123
266.125 -221.536 322.242 176.123
268.696 -221.415 322.242 176.123
271.193 -221.29 322.242 176.123
273.532 -221.154 322.242 176.123
275.709 -221.061 322.242 176.123
277.673 -221.027 322.242 176.123
279.446 -221.07 322.242 176.123
281.071 -221.161 322.242 176.123
282.603 -221.26 322.242 176.123
284.047 -221.365 322.242 176.123
285.435 -221.409 322.242 176.123
286.711 -221.417 322.242 176.123
287.893 -221.317 322.242 176.123
288.989 -221.192 322.242 176.123
289.992 -220.932 322.242 176.123
290.943 -220.565 322.242 176.123
291.82 -220.19 322.242 176.123
292.657 -219.674 322.242 176.123
293.513 -219.054 322.242 176.123
294.352 -218.281 322.242 176.123
295.177 -217.371 322.242 176.123
295.951 -216.284 322.242 176.123
296.565 -214.973 322.242 176.123
297.087 -213.492 322.242 176.123
297.417 -211.775 322.242 176.123
297.557 -209.831 322.242 176.123
297.537 -207.683 322.242 176.123
297.447 -205.329 322.242 176.123
297.363 -202.775 322.242 176.123
297.283 -200.044 322.242 176.123
297.213 -197.084 322.242 176.123
297.146 -193.922 322.242 176.123
297.051 -190.57 322.242 176.123
296.932 -187.078 322.242 176.123
296.788 -183.469 322.242 176.123
296.65 -179.749 322.242 176.123
296.488 -176.021 322.242 176.123
296.319 -172.336 322.242 176.123
296.26 -168.718 322.242 176.123
296.193 -165.122 322.242 176.123
296.158 -161.519 322.242 176.123
296.093 -157.944 322.242 176.123
296.01 -154.38 322.242 176.123
295.931 -150.827 322.242 176.123
295.845 -147.29 322.242 176.123
295.754 -143.776 322.242 176.123
295.668 -140.286 322.242 176.123
295.589 -136.8 322.242 176.123
295.489 -133.325 322.242 176.123
295.331 -129.874 322.242 176.123
295.103 -126.452 322.242 176.123
294.813 -123.067 322.242 176.123
294.432 -119.724 322.242 176.123
294.006 -116.44 322.242 176.123
293.57 -113.196 322.242 176.123
293.112 -109.986 322.242 176.123
292.687 -106.812 322.242 176.123
292.32 -103.637 322.242 176.123
292.023 -100.462 322.242 176.123
291.802 -97.2437 322.242 176.123
291.661 -93.9837 322.242 176.123
291.573 -90.6762 322.242 176.123
291.476 -87.3487 322.242 176.123
291.387 -83.958 322.242 176.123
291.29 -80.5248 322.242 176.123
291.183 -77.0662 322.242 176.123
291.067 -73.6211 322.242 176.123
290.945 -70.2125 322.242 176.123
290.839 -66.8117 322.242 176.123
290.73 -63.4593 322.242 176.123
290.62 -60.1467 322.242 176.123
290.525 -56.8541 322.242 176.123
290.433 -53.6113 322.242 176.123
290.35 -50.3924 322.242 176.123
290.275 -47.1785 322.242 176.123
290.2 -43.9924 322.242 176.123
290.135 -40.8181 322.242 176.123
290.053 -37.6628 322.242 176.123
289.975 -34.5393 322.242 176.123
289.895 -31.4419 322.242 176.123
289.839 -28.3815 322.242 176.123
289.788 -25.3906 322.242 176.123
289.735 -22.5276 322.242 176.123
289.675 -19.8142 322.242 176.123
289.613 -17.2105 322.242 176.123
289.555 -14.7334 322.242 176.123
289.503 -12.3772 322.242 176.123
289.491 -10.1653 322.242 176.123
289.545 -8.1407 322.242 176.123
289.656 -6.27083 322.242 176.123
289.84 -4.50305 322.242 176.123
290.071 -2.8003 322.242 176.123
290.335 -1.15004 322.242 176.123
290.622 0.439359 322.242 176.123
290.932 1.94919 322.242 176.123
291.267 3.37531 322.242 176.123
291.615 4.68412 322.242 176.123
291.985 5.84411 322.242 176.123
292.408 6.91203 322.242 176.123
292.88 7.83332 322.242 176.123
293.251 8.41095 322.242 176.123
293.466 8.67181 322.242 176.123
293.486 8.68974 322.242 176.123
293.479 8.67343 322.242 176.123
293.48 8.66947 322.242 176.123
293.476 8.65913 322.242 176.123
293.466 8.64697 322.242 176.123
293.46 8.64401 322.242 176.123
293.476 8.66147 322.242 176.123
293.52 8.70631 322.242 176.123
293.613 8.80417 322.242 176.123
293.801 8.99568 322.242 176.123
294.116 9.27361 322.242 176.123
294.566 9.6404 322.242 176.123
295.16 10.1355 322.242 176.123
295.958 10.7254 322.242 176.123
297.03 11.3173 322.242 176.123
298.343 11.8935 322.242 176.123
299.885 12.3891 322.242 176.123
301.621 12.8198 322.242 176.123
303.517 13.1803 322.242 176.123
305.622 13.4487 322.242 176.123
307.879 13.6183 322.242 176.123
310.306 13.7644 322.242 176.123
