0.288071 -0.0213887 0.210449 1.48358
1.18521 -0.0651508 1.30237 1.30475
2.16198 -0.057859 2.1286 1.3114
3.24715 0.030863 3.11163 1.29999
4.41836 0.193124 4.5238 1.36969
5.68309 0.441034 5.70892 1.50543
7.05753 0.727014 6.77264 1.01819
8.55497 1.05287 8.24841 0.779541
10.149 1.46151 9.82922 1.24017
11.8293 1.9029 11.5453 1.72943
13.6035 2.43094 13.3674 2.18707
15.4771 3.02473 15.1627 2.89453
17.4415 3.70362 17.1801 3.62646
19.4975 4.46663 19.1925 4.26984
21.6551 5.28531 21.3834 5.11859
23.8785 6.21501 23.6446 6.01648
26.1472 7.24616 25.9071 7.00928
28.4691 8.36227 28.2199 8.16101
30.8642 9.5807 30.6194 9.34955
33.317 10.895 33.0767 10.6707
35.8444 12.3022 35.6332 12.0553
38.5166 13.7845 38.1731 13.5617
41.2652 15.3347 40.9698 15.1294
44.0351 16.9452 43.7726 16.7361
46.7661 18.6194 46.4745 18.3954
49.4334 20.4338 49.1462 20.1739
52.0118 22.2986 51.7149 22.0449
54.5969 24.2013 54.3329 23.9127
57.1703 26.1483 56.8915 25.9117
59.6958 28.1597 59.4264 27.9086
62.1921 30.245 61.9271 30.02
64.6696 32.4174 64.3906 32.2141
67.0945 34.6737 66.8312 34.4549
69.473 37.0546 69.22 36.8197
71.839 39.5189 71.6138 39.2822
74.1846 42.0471 73.9648 41.7784
76.5097 44.6583 76.2968 44.3895
78.8248 47.334 78.5727 47.0833
81.1292 50.076 80.8588 49.7869
83.3966 52.8957 83.1783 52.6271
85.5773 55.8416 85.3552 55.5643
87.6763 58.8809 87.4222 58.6028
89.6838 62.0219 89.4542 61.7433
91.5851 65.2682 91.3856 65.0284
93.4083 68.6065 93.1921 68.3566
95.1581 71.9916 94.9569 71.7759
96.8445 75.4027 96.6095 75.1751
98.4755 78.8072 98.2462 78.5832
100.057 82.1801 99.825 81.9865
101.554 85.4619 101.36 85.2476
102.977 88.6828 102.804 88.4647
104.327 91.8228 104.112 91.5445
105.733 94.8824 105.539 94.5989
107.211 97.8684 107.034 97.6209
108.779 100.755 108.579 100.455
110.48 103.56 110.252 103.38
112.256 106.259 112.033 106.064
114.087 108.816 113.764 108.596
115.96 111.243 115.639 110.971
117.859 113.542 117.503 113.322
119.773 115.73 119.418 115.495
121.688 117.79 120.523 117.001
123.577 119.702 122.294 118.941
125.506 121.473 123.765 120.474
127.45 123.091 125.592 122.006
129.464 124.609 127.461 123.261
131.55 126.01 129.439 124.691
133.694 127.326 131.448 125.956
135.915 128.574 133.565 126.448
138.221 129.799 136.189 127.5
140.63 131.035 138.518 128.578
143.168 132.254 139.481 128.22
145.832 133.444 142.953 129.196
148.626 134.589 146.364 128.874
151.596 135.607 149.891 128.97
154.717 136.447 152.877 129.507
158.0 137.094 156.397 129.735
161.425 137.536 159.706 129.51
165.0 137.77 164.79 128.928
168.692 137.798 166.596 127.479
172.461 137.603 174.518 124.94
176.307 137.176 176.36 121.688
180.228 136.522 177.969 121.962
184.219 135.639 184.35 117.918
188.231 134.53 187.688 117.795
192.271 133.204 186.803 119.372
196.301 131.621 186.652 119.875
200.306 129.756 185.363 119.224
204.191 127.547 184.948 113.046
207.898 124.994 188.378 112.927
211.424 122.129 188.902 112.164
214.748 119.004 188.551 109.549
217.895 115.657 187.821 104.038
220.829 112.14 187.457 100.309
223.465 108.535 183.867 94.6063
225.798 104.83 157.957 74.6597
227.793 101.071 157.957 74.6597
229.454 97.2876 157.957 74.6597
230.819 93.5117 157.957 74.6597
231.913 89.8071 157.957 74.6597
232.764 86.1384 157.957 74.6597
233.373 82.5097 157.957 74.6597
233.774 78.953 157.957 74.6597
233.979 75.4682 157.957 74.6597
234.07 72.1143 157.957 74.6597
234.099 68.8815 157.957 74.6597
234.082 65.6953 157.957 74.6597
234.073 62.6125 157.957 74.6597
234.093 59.5852 157.957 74.6597
234.154 56.593 157.957 74.6597
234.267 53.6495 157.957 74.6597
234.447 50.7175 157.957 74.6597
234.685 47.8287 157.957 74.6597
234.987 44.9604 157.957 74.6597
235.348 42.1097 157.957 74.6597
235.758 39.2912 157.957 74.6597
236.242 36.5165 157.957 74.6597
236.786 33.7445 157.957 74.6597
237.348 30.928 157.957 74.6597
237.945 28.0779 157.957 74.6597
238.575 25.2064 157.957 74.6597
239.249 22.3264 157.957 74.6597
239.999 19.4733 157.957 74.6597
240.855 16.651 157.957 74.6597
241.811 13.8654 157.957 74.6597
242.853 11.1123 157.957 74.6597
243.967 8.39843 157.957 74.6597
245.139 5.73669 157.957 74.6597
246.366 3.1383 157.957 74.6597
247.661 0.608991 157.957 74.6597
249.018 -1.85925 157.957 74.6597
250.429 -4.27192 157.957 74.6597
251.91 -6.6574 157.957 74.6597
253.495 -9.01696 157.957 74.6597
255.107 -11.3695 157.957 74.6597
256.711 -13.7491 157.957 74.6597
258.322 -16.1492 157.957 74.6597
259.943 -18.5572 157.957 74.6597
261.577 -21.0087 157.957 74.6597
263.212 -23.4653 157.957 74.6597
264.854 -25.9097 157.957 74.6597
266.511 -28.3374 157.957 74.6597
268.202 -30.7219 157.957 74.6597
269.951 -33.0674 157.957 74.6597
271.763 -35.3743 157.957 74.6597
273.665 -37.619 157.957 74.6597
275.686 -39.8325 157.957 74.6597
277.814 -42.011 157.957 74.6597
280.056 -44.1389 157.957 74.6597
282.426 -46.188 157.957 74.6597
284.909 -48.1619 157.957 74.6597
287.501 -50.0565 157.957 74.6597
290.18 -51.9033 157.957 74.6597
292.94 -53.6939 157.957 74.6597
295.748 -55.4626 157.957 74.6597
298.599 -57.2467 157.957 74.6597
301.474 -59.0466 157.957 74.6597
304.377 -60.8558 157.957 74.6597
307.312 -62.6268 157.957 74.6597
310.296 -64.3056 157.957 74.6597
313.328 -65.8496 157.957 74.6597
316.393 -67.2617 157.957 74.6597
319.497 -68.519 157.957 74.6597
322.62 -69.6814 157.957 74.6597
325.743 -70.8184 157.957 74.6597
328.869 -71.8974 157.957 74.6597
332.015 -72.9072 157.957 74.6597
335.152 -73.8468 157.957 74.6597
338.258 -74.7513 157.957 74.6597
341.266 -75.6466 157.957 74.6597
344.109 -76.6143 157.957 74.6597
346.811 -77.588 157.957 74.6597
349.49 -78.5169 157.957 74.6597
352.178 -79.3321 157.957 74.6597
354.876 -79.9816 157.957 74.6597
357.594 -80.4021 157.957 74.6597
360.347 -80.5779 157.957 74.6597
363.108 -80.5038 157.957 74.6597
365.886 -80.2083 157.957 74.6597
368.705 -79.8154 157.957 74.6597
371.601 -79.426 157.957 74.6597
374.578 -79.0754 157.957 74.6597
377.661 -78.7307 157.957 74.6597
380.853 -78.3639 157.957 74.6597
384.12 -77.9805 157.957 74.6597
387.447 -77.5924 157.957 74.6597
390.785 -77.1443 157.957 74.6597
394.104 -76.5888 157.957 74.6597
397.401 -75.9369 157.957 74.6597
400.641 -75.2019 157.957 74.6597
403.843 -74.425 157.957 74.6597
407.019 -73.5955 174.058 46.7051
410.2 -72.6958 174.058 46.7051
413.391 -71.7633 174.058 46.7051
416.589 -70.8311 174.058 46.7051
419.804 -69.8792 174.058 46.7051
423.028 -68.8972 174.058 46.7051
426.232 -67.9072 174.058 46.7051
429.427 -66.9449 174.058 46.7051
432.612 -65.9997 174.058 46.7051
435.764 -65.0918 174.058 46.7051
438.896 -64.2094 174.058 46.7051
441.977 -63.3475 174.058 46.7051
445.013 -62.5114 174.058 46.7051
448.005 -61.681 174.058 46.7051
450.936 -60.8599 174.058 46.7051
453.821 -60.0475 174.058 46.7051
456.661 -59.2279 174.058 46.7051
459.454 -58.4112 174.058 46.7051
462.22 -57.5952 174.058 46.7051
464.94 -56.7847 174.058 46.7051
467.616 -55.9752 174.058 46.7051
470.219 -55.1902 174.058 46.7051
472.73 -54.4398 174.058 46.7051
475.119 -53.7209 174.058 46.7051
477.435 -53.0299 174.058 46.7051
479.727 -52.3682 174.058 46.7051
482.029 -51.7612 174.058 46.7051
484.35 -51.2648 174.058 46.7051
486.686 -50.9237 174.058 46.7051
489.04 -50.7896 174.058 46.7051
491.404 -50.8376 174.058 46.7051
493.768 -51.0769 174.058 46.7051
496.154 -51.5074 174.058 46.7051
498.538 -52.1039 174.058 46.7051
500.93 -52.8371 174.058 46.7051
503.31 -53.7184 174.058 46.7051
505.671 -54.7547 174.058 46.7051
507.988 -55.92 174.058 46.7051
510.261 -57.2209 174.058 46.7051
512.434 -58.7036 174.058 46.7051
514.474 -60.3569 174.058 46.7051
516.349 -62.148 174.058 46.7051
518.099 -64.0636 174.058 46.7051
519.763 -66.0813 174.058 46.7051
521.333 -68.2267 174.058 46.7051
522.775 -70.4901 174.058 46.7051
524.054 -72.882 174.058 46.7051
525.153 -75.4026 174.058 46.7051
526.099 -78.0489 174.058 46.7051
526.846 -80.8123 174.058 46.7051
527.366 -83.6838 174.058 46.7051
527.669 -86.6344 174.058 46.7051
527.759 -89.6647 174.058 46.7051
527.632 -92.7424 174.058 46.7051
527.266 -95.8477 174.058 46.7051
526.669 -98.9759 174.058 46.7051
525.862 -102.111 174.058 46.7051
524.86 -105.232 174.058 46.7051
523.649 -108.336 174.058 46.7051
522.268 -111.409 174.058 46.7051
520.781 -114.489 174.058 46.7051
519.262 -117.619 174.058 46.7051
517.72 -120.793 174.058 46.7051
516.137 -123.999 174.058 46.7051
514.516 -127.26 174.058 46.7051
512.863 -130.564 174.058 46.7051
511.172 -133.9 174.058 46.7051
509.462 -137.304 174.058 46.7051
507.73 -140.757 174.058 46.7051
505.955 -144.291 174.058 46.7051
504.158 -147.873 174.058 46.7051
502.322 -151.513 174.058 46.7051
500.459 -155.205 174.058 46.7051
498.591 -158.949 174.058 46.7051
496.697 -162.71 174.058 46.7051
494.777 -166.473 174.058 46.7051
492.866 -170.241 174.058 46.7051
490.949 -174.002 174.058 46.7051
489.062 -177.785 174.058 46.7051
487.199 -181.544 174.058 46.7051
485.358 -185.287 174.058 46.7051
483.529 -189.023 174.058 46.7051
481.695 -192.73 174.058 46.7051
479.858 -196.399 174.058 46.7051
477.998 -200.011 174.058 46.7051
476.127 -203.574 174.058 46.7051
474.263 -207.055 174.058 46.7051
472.443 -210.388 174.058 46.7051
470.701 -213.557 174.058 46.7051
469.05 -216.564 174.058 46.7051
467.53 -219.437 174.058 46.7051
466.158 -222.267 174.058 46.7051
464.99 -225.095 174.058 46.7051
463.994 -227.947 174.058 46.7051
463.173 -230.861 174.058 46.7051
462.551 -233.802 174.058 46.7051
462.127 -236.782 174.058 46.7051
461.909 -239.801 174.058 46.7051
461.959 -242.887 174.058 46.7051
462.301 -246.015 174.058 46.7051
462.905 -249.116 174.058 46.7051
463.815 -252.218 174.058 46.7051
464.992 -255.284 174.058 46.7051
466.431 -258.284 174.058 46.7051
468.115 -261.213 174.058 46.7051
470.009 -264.039 174.058 46.7051
472.095 -266.771 174.058 46.7051
474.302 -269.445 174.058 46.7051
476.625 -272.08 174.058 46.7051
479.0 -274.679 174.058 46.7051
481.387 -277.233 174.058 46.7051
483.771 -279.748 174.058 46.7051
486.121 -282.202 174.058 46.7051
488.362 -284.6 174.058 46.7051
490.428 -286.935 174.058 46.7051
492.294 -289.24 174.058 46.7051
493.948 -291.497 174.058 46.7051
495.367 -293.652 174.058 46.7051
496.606 -295.756 174.058 46.7051
497.573 -297.85 174.058 46.7051
498.248 -299.973 174.058 46.7051
498.68 -302.158 174.058 46.7051
498.847 -304.383 174.058 46.7051
498.688 -306.549 174.058 46.7051
498.23 -308.665 174.058 46.7051
497.641 -310.776 174.058 46.7051
496.906 -312.86 174.058 46.7051
496.049 -314.931 174.058 46.7051
495.064 -316.959 174.058 46.7051
493.891 -318.877 174.058 46.7051
492.438 -320.615 174.058 46.7051
490.843 -322.16 174.058 46.7051
489.102 -323.425 174.058 46.7051
487.31 -324.461 174.058 46.7051
485.451 -325.381 174.058 46.7051
483.51 -326.146 174.058 46.7051
481.491 -326.713 174.058 46.7051
479.387 -327.058 174.058 46.7051
477.249 -327.218 174.058 46.7051
475.064 -327.15 174.058 46.7051
472.829 -326.887 174.058 46.7051
470.545 -326.456 174.058 46.7051
468.195 -325.911 174.058 46.7051
465.771 -325.253 174.058 46.7051
463.283 -324.526 174.058 46.7051
460.699 -323.76 174.058 46.7051
458.042 -322.973 174.058 46.7051
455.305 -322.15 174.058 46.7051
452.496 -321.293 174.058 46.7051
449.633 -320.401 174.058 46.7051
446.743 -319.5 174.058 46.7051
443.841 -318.566 174.058 46.7051
440.932 -317.625 174.058 46.7051
438.006 -316.73 174.058 46.7051
435.073 -315.881 174.058 46.7051
432.12 -315.106 174.058 46.7051
429.152 -314.416 174.058 46.7051
426.183 -313.851 174.058 46.7051
423.19 -313.411 174.058 46.7051
420.193 -313.101 174.058 46.7051
417.185 -312.918 174.058 46.7051
414.174 -312.852 174.058 46.7051
411.16 -312.9 174.058 46.7051
408.161 -313.048 174.058 46.7051
405.157 -313.298 174.058 46.7051
402.17 -313.646 174.058 46.7051
399.207 -314.076 174.058 46.7051
396.281 -314.583 174.058 46.7051
393.396 -315.156 174.058 46.7051
390.542 -315.779 174.058 46.7051
387.765 -316.428 174.058 46.7051
385.095 -317.106 174.058 46.7051
382.613 -317.816 174.058 46.7051
380.353 -318.502 174.058 46.7051
378.297 -319.15 174.058 46.7051
376.291 -319.716 174.058 46.7051
374.324 -320.203 174.058 46.7051
372.371 -320.548 174.058 46.7051
370.458 -320.698 174.058 46.7051
368.565 -320.586 174.058 46.7051
366.666 -320.194 174.058 46.7051
364.818 -319.556 174.058 46.7051
363.039 -318.655 174.058 46.7051
361.353 -317.527 174.058 46.7051
359.728 -316.188 174.058 46.7051
358.106 -314.66 174.058 46.7051
356.444 -312.996 174.058 46.7051
354.755 -311.183 174.058 46.7051
352.955 -309.268 174.058 46.7051
351.031 -307.282 174.058 46.7051
349.037 -305.221 174.058 46.7051
346.959 -303.105 174.058 46.7051
344.801 -300.947 174.058 46.7051
342.576 -298.768 174.058 46.7051
340.301 -296.586 174.058 46.7051
337.968 -294.43 174.058 46.7051
335.579 -292.306 174.058 46.7051
333.108 -290.267 174.058 46.7051
330.531 -288.369 174.058 46.7051
327.861 -286.593 174.058 46.7051
325.123 -284.911 174.058 46.7051
322.296 -283.306 174.058 46.7051
319.379 -281.758 174.058 46.7051
316.387 -280.262 174.058 46.7051
313.355 -278.776 174.058 46.7051
310.278 -277.274 174.058 46.7051
307.144 -275.761 174.058 46.7051
303.95 -274.25 174.058 46.7051
300.715 -272.682 174.058 46.7051
297.427 -271.088 174.058 46.7051
294.085 -269.481 174.058 46.7051
290.716 -267.791 174.058 46.7051
287.361 -266.0 174.058 46.7051
284.026 -264.078 174.058 46.7051
280.682 -262.085 174.058 46.7051
277.379 -260.008 174.058 46.7051
274.068 -257.922 174.058 46.7051
270.72 -255.789 174.058 46.7051
267.368 -253.623 174.058 46.7051
263.958 -251.438 174.058 46.7051
260.542 -249.194 174.058 46.7051
257.11 -246.95 174.058 46.7051
253.65 -244.697 174.058 46.7051
250.163 -242.433 174.058 46.7051
246.649 -240.122 174.058 46.7051
243.083 -237.762 174.058 46.7051
239.49 -235.373 174.058 46.7051
235.883 -232.955 174.058 46.7051
232.238 -230.508 174.058 46.7051
228.6 -228.011 174.058 46.7051
224.954 -225.502 174.058 46.7051
221.322 -222.973 174.058 46.7051
217.689 -220.441 174.058 46.7051
214.053 -217.915 174.058 46.7051
210.425 -215.421 174.058 46.7051
206.787 -212.944 174.058 46.7051
203.127 -210.508 174.058 46.7051
199.449 -208.091 174.058 46.7051
195.763 -205.726 174.058 46.7051
192.051 -203.418 174.058 46.7051
188.29 -201.191 174.058 46.7051
184.495 -199.036 174.058 46.7051
180.671 -196.938 174.058 46.7051
176.845 -194.893 174.058 46.7051
172.993 -192.911 174.058 46.7051
169.115 -190.982 174.058 46.7051
165.229 -189.079 174.058 46.7051
161.312 -187.197 174.058 46.7051
157.367 -185.338 174.058 46.7051
153.423 -183.475 174.058 46.7051
149.482 -181.626 174.058 46.7051
145.532 -179.791 174.058 46.7051
141.581 -177.997 174.058 46.7051
137.609 -176.191 174.058 46.7051
133.66 -174.368 174.058 46.7051
129.756 -172.508 174.058 46.7051
125.923 -170.56 174.058 46.7051
122.158 -168.504 174.058 46.7051
118.48 -166.313 174.058 46.7051
114.886 -163.988 174.058 46.7051
111.359 -161.538 174.058 46.7051
107.936 -158.986 174.058 46.7051
104.583 -156.365 174.058 46.7051
101.267 -153.688 174.058 46.7051
97.9833 -150.925 174.058 46.7051
94.7323 -148.123 174.058 46.7051
91.5336 -145.244 174.058 46.7051
88.3958 -142.303 174.058 46.7051
85.2744 -139.314 174.058 46.7051
82.1386 -136.315 174.058 46.7051
78.9673 -133.306 174.058 46.7051
75.7985 -130.279 174.058 46.7051
72.6257 -127.25 174.058 46.7051
69.4505 -124.209 174.058 46.7051
66.2694 -121.153 174.058 46.7051
63.0946 -118.072 174.058 46.7051
59.9307 -114.964 174.058 46.7051
56.7627 -111.799 174.058 46.7051
53.5948 -108.609 174.058 46.7051
50.3942 -105.427 174.058 46.7051
47.2502 -102.241 174.058 46.7051
44.0781 -99.0679 174.058 46.7051
40.9226 -95.8835 174.058 46.7051
37.7465 -92.6761 174.058 46.7051
34.5759 -89.5179 174.058 46.7051
31.4018 -86.3638 174.058 46.7051
28.242 -83.2135 174.058 46.7051
25.0735 -80.079 174.058 46.7051
21.8956 -76.957 174.058 46.7051
18.7078 -73.854 174.058 46.7051
15.5333 -70.7225 174.058 46.7051
12.3328 -67.5884 174.058 46.7051
9.13901 -64.4091 174.058 46.7051
5.9392 -61.2769 174.058 46.7051
2.73356 -58.1672 174.058 46.7051
-0.486019 -55.056 174.058 46.7051
-3.6922 -51.9874 174.058 46.7051
-6.88533 -48.9474 174.058 46.7051
-10.1029 -45.9188 174.058 46.7051
-13.251 -42.8996 174.058 46.7051
-16.3072 -39.9586 174.058 46.7051
-19.3181 -37.1854 174.058 46.7051
-22.2504 -34.5545 174.058 46.7051
-25.0975 -32.073 174.058 46.7051
-27.8401 -29.7429 174.058 46.7051
-30.3827 -27.5944 174.058 46.7051
-32.7301 -25.6359 174.058 46.7051
-34.7641 -23.8021 174.058 46.7051
-36.4692 -22.04 174.058 46.7051
-37.8209 -20.3033 174.058 46.7051
-38.8013 -18.625 174.058 46.7051
-39.442 -16.9571 174.058 46.7051
-39.7948 -15.2794 174.058 46.7051
-39.8056 -13.6574 174.058 46.7051
-39.567 -12.1374 174.058 46.7051
-39.0712 -10.7004 174.058 46.7051
-38.3572 -9.34677 174.058 46.7051
-37.3899 -8.08843 174.058 46.7051
-36.1987 -6.93825 174.058 46.7051
-34.7882 -5.94633 174.058 46.7051
-33.1716 -5.12251 174.058 46.7051
-31.3718 -4.46798 174.058 46.7051
-29.4272 -3.95596 174.058 46.7051
-27.3543 -3.55001 174.058 46.7051
-25.1751 -3.19005 174.058 46.7051
-22.9119 -2.82413 174.058 46.7051
-20.5589 -2.47772 174.058 46.7051
-18.1197 -2.11985 174.058 46.7051
-15.5891 -1.76407 174.058 46.7051
-13.0395 -1.43782 174.058 46.7051
-10.5526 -1.1247 174.058 46.7051
-8.14215 -0.808984 174.058 46.7051
-5.83457 -0.432975 174.058 46.7051
-3.58744 -0.0417045 174.058 46.7051
-1.43743 0.378735 174.058 46.7051
0.66694 0.800376 174.058 46.7051
2.71178 1.30448 174.058 46.7051
4.78315 1.89071 174.058 46.7051
6.84153 2.54969 174.058 46.7051
