0.126728 -0.0121019 -2.65393 -1.07855
0.603461 -0.105041 -2.53888 -1.21655
1.18545 -0.322055 -1.55225 -1.77704
1.84193 -0.677219 -0.337219 -2.61029
2.5128 -1.18805 2.24286 -1.47137
3.16052 -1.89011 2.85651 -2.14441
3.79215 -2.78467 3.49438 -3.03625
4.40213 -3.90936 4.13434 -4.14252
4.97413 -5.27773 4.69818 -5.50916
5.51097 -6.89535 5.26306 -7.10913
6.0682 -8.7527 5.83966 -8.98987
6.63698 -10.826 6.36414 -11.0575
7.17825 -13.0823 6.94678 -13.2921
7.6637 -15.4443 7.42548 -15.7905
8.04826 -17.857 7.84546 -18.1934
8.28477 -20.322 8.06677 -20.6103
8.27172 -22.8301 7.98669 -23.006
8.00645 -25.3386 7.76245 -25.4158
7.47853 -27.8116 7.2041 -27.9825
6.73168 -30.2301 6.50336 -30.4456
5.83696 -32.5509 5.60089 -32.7001
4.75814 -34.8041 4.51215 -34.985
3.56221 -36.9541 3.30023 -37.0494
2.34602 -39.0288 2.10309 -39.2772
1.03265 -41.0785 0.782104 -41.3182
-0.337837 -43.2522 -0.637207 -43.4963
-1.71808 -45.598 -2.00629 -45.7824
-3.13258 -48.1024 -3.40442 -48.3475
-4.62652 -50.7099 -4.87537 -50.9376
-6.17036 -53.3994 -6.47229 -53.59
-7.71422 -56.0947 -7.96985 -56.1723
-9.2367 -58.7829 -9.54663 -59.0874
-10.7311 -61.4539 -11.1087 -61.7567
-12.2248 -64.0797 -12.547 -64.3045
-13.7592 -66.6375 -14.0193 -66.8948
-15.3081 -69.1317 -15.6353 -69.4228
-16.8867 -71.595 -17.2027 -71.8857
-18.451 -73.9993 -18.7334 -74.2639
-20.0177 -76.3816 -20.2878 -76.6092
-21.5451 -78.7734 -21.7889 -79.0339
-23.0555 -81.1449 -23.3183 -81.4216
-24.5351 -83.5172 -24.7727 -83.7469
-25.9059 -85.9448 -26.2073 -86.1513
-27.1776 -88.4054 -27.4293 -88.5019
-28.3393 -90.8807 -28.616 -91.0757
-29.3951 -93.409 -29.665 -93.5981
-30.3636 -95.9368 -30.6104 -96.0914
-31.311 -98.4783 -31.5647 -98.6896
-32.1956 -101.038 -32.4553 -101.255
-33.0235 -103.589 -33.2958 -103.863
-33.8099 -106.171 -34.0867 -106.426
-34.534 -108.752 -34.7828 -108.974
-35.2185 -111.354 -35.4684 -111.58
-35.8243 -113.969 -36.1115 -114.228
-36.4078 -116.586 -36.7009 -116.817
-36.9748 -119.21 -37.2914 -119.4
-37.4746 -121.83 -37.0057 -118.132
-37.9763 -124.452 -37.3157 -119.419
-38.4697 -127.034 -40.1043 -118.302
-38.9546 -129.602 -40.8342 -118.767
-39.3955 -132.134 -42.1729 -122.182
-39.8443 -134.623 -45.881 -125.942
-40.3006 -137.091 -47.52 -128.045
-40.6961 -139.506 -49.2531 -130.195
-41.0186 -141.906 -49.3977 -130.213
-41.2485 -144.276 -47.2093 -128.192
-41.3669 -146.59 -46.5363 -126.773
-41.3845 -148.886 -45.5591 -126.703
-41.3074 -151.137 -45.7952 -126.885
-41.2166 -153.395 -45.667 -125.889
-41.1577 -155.641 -45.7124 -127.509
-41.1222 -157.886 -45.3927 -125.715
-41.1264 -160.095 -46.2603 -126.678
-41.1591 -162.256 -47.3616 -128.267
-41.186 -164.399 -49.7099 -129.944
-41.1399 -166.486 -52.6479 -130.113
-40.9753 -168.53 -54.0535 -130.784
-40.718 -170.511 -55.067 -131.587
-40.3684 -172.414 -55.983 -130.555
-39.9616 -174.272 -56.183 -130.571
-39.4894 -176.053 -56.7537 -131.685
-38.9982 -177.841 -56.4958 -131.235
-38.4682 -179.65 -56.1597 -131.439
-37.9539 -181.442 -56.0399 -129.782
-37.3932 -183.268 -56.3947 -130.88
-36.7873 -185.112 -56.8206 -129.561
-36.0976 -186.937 -56.3561 -131.126
-35.3117 -188.795 -58.4734 -133.466
-34.4535 -190.658 -59.5544 -133.962
-33.577 -192.598 -61.3699 -135.042
-32.6899 -194.608 -63.5304 -134.686
-31.7888 -196.669 -65.6378 -133.924
-30.8781 -198.729 -63.7495 -125.239
-29.9821 -200.778 -74.2865 -149.773
-29.0747 -202.833 -63.2362 -202.337
-28.2123 -204.896 -62.0934 -208.794
-27.4253 -206.978 -63.6836 -211.974
-26.7165 -209.1 -58.3035 -220.816
-26.0162 -211.227 -87.3352 -214.586
-25.3065 -213.375 -87.3352 -214.586
-24.6101 -215.557 -87.3352 -214.586
-23.8528 -217.764 -87.3352 -214.586
-23.0374 -219.973 -87.3352 -214.586
-22.175 -222.187 -87.3352 -214.586
-21.2857 -224.411 -87.3352 -214.586
-20.3891 -226.617 -87.3352 -214.586
-19.442 -228.794 -87.3352 -214.586
-18.4849 -230.932 -87.3352 -214.586
-17.4914 -233.113 -87.3352 -214.586
-16.4861 -235.284 -87.3352 -214.586
-15.4652 -237.426 -87.3352 -214.586
-14.4066 -239.572 -87.3352 -214.586
-13.3175 -241.74 -87.3352 -214.586
-12.2027 -243.893 -87.3352 -214.586
-11.0979 -246.024 -87.3352 -214.586
-9.97983 -248.189 -87.3352 -214.586
-8.85141 -250.367 -87.3352 -214.586
-7.70707 -252.522 -87.3352 -214.586
-6.54558 -254.678 -87.3352 -214.586
-5.35058 -256.805 -87.3352 -214.586
-4.12844 -258.918 -87.3352 -214.586
-2.82016 -260.992 -87.3352 -214.586
-1.3977 -263.005 -87.3352 -214.586
0.084217 -264.952 -87.3352 -214.586
1.5397 -266.912 -87.3352 -214.586
2.90051 -268.944 -87.3352 -214.586
4.1802 -271.018 -87.3352 -214.586
5.44154 -273.129 -87.3352 -214.586
6.67512 -275.275 -87.3352 -214.586
7.8848 -277.412 -87.3352 -214.586
9.10934 -279.609 -87.3352 -214.586
10.3591 -281.843 -87.3352 -214.586
11.6632 -284.085 -87.3352 -214.586
12.9877 -286.328 -87.3352 -214.586
14.3951 -288.581 -87.3352 -214.586
15.9052 -290.838 -87.3352 -214.586
17.4438 -293.039 -87.3352 -214.586
19.0127 -295.227 -87.3352 -214.586
20.6419 -297.465 -87.3352 -214.586
22.417 -299.779 -87.3352 -214.586
24.245 -302.128 -87.3352 -214.586
26.1287 -304.394 -87.3352 -214.586
28.0763 -306.583 -87.3352 -214.586
30.0465 -308.736 -87.3352 -214.586
32.0401 -310.836 -87.3352 -214.586
34.0758 -312.863 -87.3352 -214.586
36.138 -314.844 -87.3352 -214.586
38.218 -316.781 -87.3352 -214.586
40.3286 -318.687 -87.3352 -214.586
42.4203 -320.57 -87.3352 -214.586
44.5278 -322.465 -87.3352 -214.586
46.6332 -324.392 -87.3352 -214.586
48.7092 -326.377 -87.3352 -214.586
50.7653 -328.438 -87.3352 -214.586
52.778 -330.549 -87.3352 -214.586
54.744 -332.737 -87.3352 -214.586
56.6961 -334.983 -87.3352 -214.586
58.6405 -337.267 -87.3352 -214.586
60.5603 -339.599 -87.3352 -214.586
62.4663 -341.969 -87.3352 -214.586
64.3415 -344.351 -87.3352 -214.586
66.1916 -346.77 -87.3352 -214.586
68.0222 -349.19 -87.3352 -214.586
69.8358 -351.618 -87.3352 -214.586
71.6419 -354.072 -87.3352 -214.586
73.4437 -356.509 -87.3352 -214.586
75.2521 -358.955 -87.3352 -214.586
77.0534 -361.399 -87.3352 -214.586
78.8546 -363.838 -87.3352 -214.586
80.6348 -366.257 -87.3352 -214.586
82.4145 -368.627 -87.3352 -214.586
84.1551 -370.92 -87.3352 -214.586
85.8487 -373.111 -87.3352 -214.586
87.475 -375.169 -87.3352 -214.586
88.9848 -377.116 -87.3352 -214.586
90.3977 -378.985 -87.3352 -214.586
91.7401 -380.773 -87.3352 -214.586
92.9764 -382.505 -87.3352 -214.586
94.1522 -384.258 -87.3352 -214.586
95.2975 -386.1 -87.3352 -214.586
96.3849 -387.996 -87.3352 -214.586
97.441 -389.962 -87.3352 -214.586
98.5453 -392.025 -87.3352 -214.586
99.6239 -394.115 -87.3352 -214.586
100.661 -396.276 -87.3352 -214.586
101.647 -398.414 -87.3352 -214.586
102.579 -400.526 -87.3352 -214.586
103.408 -402.603 -87.3352 -214.586
104.142 -404.617 -87.3352 -214.586
104.78 -406.632 -87.3352 -214.586
105.246 -408.702 -87.3352 -214.586
105.595 -410.872 -87.3352 -214.586
105.879 -413.112 -87.3352 -214.586
106.137 -415.389 -87.3352 -214.586
106.375 -417.643 -87.3352 -214.586
106.586 -419.95 -87.3352 -214.586
106.8 -422.23 -87.3352 -214.586
107.035 -424.501 -87.3352 -214.586
107.263 -426.689 -87.3352 -214.586
107.501 -428.797 -87.3352 -214.586
107.757 -430.81 -87.3352 -214.586
107.96 -432.765 -87.3352 -214.586
108.019 -434.625 -87.3352 -214.586
107.99 -436.292 -87.3352 -214.586
107.883 -437.753 -87.3352 -214.586
107.718 -438.956 -87.3352 -214.586
107.545 -439.997 -87.3352 -214.586
107.36 -440.891 -87.3352 -214.586
107.254 -441.621 -87.3352 -214.586
107.147 -442.149 -87.3352 -214.586
107.093 -442.6 -87.3352 -214.586
107.023 -443.053 -87.3352 -214.586
107.009 -443.497 -87.3352 -214.586
106.985 -444.032 -87.3352 -214.586
106.976 -444.707 -87.3352 -214.586
106.943 -445.47 -87.3352 -214.586
106.973 -446.302 -87.3352 -214.586
107.087 -447.226 -87.3352 -214.586
107.277 -448.25 -87.3352 -214.586
107.557 -449.381 -87.3352 -214.586
108.004 -450.611 -87.3352 -214.586
108.618 -451.949 -87.3352 -214.586
109.319 -453.435 -87.3352 -214.586
110.067 -455.043 -87.3352 -214.586
110.983 -456.749 -87.3352 -214.586
111.999 -458.597 -87.3352 -214.586
113.118 -460.536 -87.3352 -214.586
114.327 -462.574 -87.3352 -214.586
115.622 -464.71 -87.3352 -214.586
116.979 -466.923 -87.3352 -214.586
118.409 -469.206 -87.3352 -214.586
119.909 -471.584 -87.3352 -214.586
121.447 -474.052 -87.3352 -214.586
123.054 -476.601 -83.1005 -166.617
124.723 -479.23 -83.1005 -166.617
126.441 -481.879 -83.1005 -166.617
128.165 -484.591 -83.1005 -166.617
129.806 -487.387 -83.1005 -166.617
131.305 -490.296 -68.5544 -127.967
132.653 -493.302 -69.5361 -123.395
133.794 -496.406 -55.8151 -80.7159
134.661 -499.593 -46.366 -72.7564
135.211 -502.831 -53.9062 -78.3927
135.492 -506.147 -56.7795 -85.5451
135.551 -509.511 -57.6159 -81.3063
135.416 -512.907 -54.1616 -90.3671
135.239 -516.326 -59.2677 -99.0464
135.017 -519.786 -162.859 232.61
134.757 -523.337 -162.859 232.61
134.484 -526.947 -162.859 232.61
134.201 -530.638 -162.859 232.61
133.91 -534.398 -162.859 232.61
133.572 -538.219 -162.859 232.61
133.186 -542.131 -162.859 232.61
132.74 -546.143 -162.859 232.61
132.249 -550.21 -162.859 232.61
131.716 -554.326 -162.859 232.61
131.126 -558.5 -162.859 232.61
130.49 -562.739 -162.859 232.61
129.826 -567.038 -162.859 232.61
129.137 -571.403 -162.859 232.61
128.428 -575.828 -162.859 232.61
127.718 -580.26 -162.859 232.61
127.031 -584.727 -162.859 232.61
126.337 -589.206 -162.859 232.61
125.66 -593.696 -162.859 232.61
124.993 -598.177 -162.859 232.61
124.334 -602.635 -162.859 232.61
123.638 -607.08 -162.859 232.61
122.977 -611.521 -162.859 232.61
122.335 -615.966 -162.859 232.61
121.686 -620.402 -162.859 232.61
121.035 -624.824 -162.859 232.61
120.415 -629.195 -162.859 232.61
119.812 -633.494 -162.859 232.61
119.216 -637.717 -162.859 232.61
118.633 -641.845 -162.859 232.61
118.07 -645.788 -162.859 232.61
117.521 -649.485 -162.859 232.61
117.016 -652.933 -162.859 232.61
116.567 -656.074 -162.859 232.61
116.194 -658.87 -162.859 232.61
115.858 -661.293 -162.859 232.61
115.506 -663.355 -162.859 232.61
114.999 -665.139 -162.859 232.61
114.306 -666.781 -162.859 232.61
113.381 -668.081 -162.859 232.61
112.268 -669.19 -162.859 232.61
110.986 -670.017 -162.859 232.61
109.553 -670.571 -162.859 232.61
107.991 -670.719 -162.859 232.61
106.335 -670.721 -162.859 232.61
104.646 -670.376 -162.859 232.61
102.943 -669.637 -162.859 232.61
101.254 -668.57 -162.859 232.61
99.5692 -667.257 -162.859 232.61
97.872 -665.779 -162.859 232.61
96.167 -664.141 -162.859 232.61
94.5346 -662.337 -162.859 232.61
93.0319 -660.361 -162.859 232.61
91.6615 -658.25 -162.859 232.61
90.3555 -656.027 -162.859 232.61
88.9822 -653.733 -162.859 232.61
87.5925 -651.392 -162.859 232.61
86.1191 -648.984 -162.859 232.61
84.5939 -646.531 -162.859 232.61
83.0219 -643.981 -162.859 232.61
81.4105 -641.393 -162.859 232.61
79.768 -638.831 -162.859 232.61
78.0991 -636.315 -162.859 232.61
76.4486 -633.852 -162.859 232.61
74.8084 -631.457 -162.859 232.61
73.211 -629.107 -162.859 232.61
71.6371 -626.845 -162.859 232.61
70.1031 -624.684 -162.859 232.61
68.6358 -622.661 -162.859 232.61
67.2726 -620.809 -162.859 232.61
66.0357 -619.142 -162.859 232.61
64.9448 -617.697 -162.859 232.61
64.0461 -616.491 -162.859 232.61
63.3156 -615.514 -162.859 232.61
62.758 -614.744 -162.859 232.61
62.3264 -614.153 -162.859 232.61
61.9449 -613.645 -162.859 232.61
61.5697 -613.152 -162.859 232.61
61.1981 -612.671 -162.859 232.61
60.8418 -612.192 -162.859 232.61
60.5064 -611.757 -162.859 232.61
60.2013 -611.344 -162.859 232.61
59.9238 -610.996 -162.859 232.61
59.6713 -610.657 -162.859 232.61
59.3976 -610.33 -162.859 232.61
59.1547 -610.025 -162.859 232.61
58.8905 -609.693 -162.859 232.61
58.5568 -609.267 -162.859 232.61
58.0636 -608.658 -162.859 232.61
57.3981 -607.855 -162.859 232.61
56.5717 -606.886 -162.859 232.61
55.5711 -605.799 -162.859 232.61
54.4125 -604.576 -162.859 232.61
53.0868 -603.281 -162.859 232.61
51.6348 -601.873 -162.859 232.61
50.0578 -600.367 -162.859 232.61
48.3651 -598.757 -162.859 232.61
46.5311 -597.061 -162.859 232.61
44.5897 -595.276 -162.859 232.61
42.5487 -593.444 -162.859 232.61
40.4792 -591.62 -162.859 232.61
38.4076 -589.812 -162.859 232.61
36.3458 -587.971 -162.859 232.61
34.2594 -586.102 -162.859 232.61
32.1709 -584.197 -162.859 232.61
30.0825 -582.261 -162.859 232.61
27.9771 -580.298 -162.859 232.61
25.8473 -578.321 -162.859 232.61
23.6946 -576.329 -162.859 232.61
21.5375 -574.36 -162.859 232.61
19.3769 -572.414 -162.859 232.61
17.229 -570.502 -162.859 232.61
15.1027 -568.635 -162.859 232.61
12.9811 -566.796 -162.859 232.61
10.9119 -564.99 -162.859 232.61
8.90922 -563.184 -162.859 232.61
6.97382 -561.448 -162.859 232.61
5.17445 -559.83 -162.859 232.61
3.53741 -558.301 -162.859 232.61
2.099 -556.964 -162.859 232.61
0.81692 -555.788 -162.859 232.61
-0.339994 -554.752 -162.859 232.61
-1.41705 -553.771 -162.859 232.61
-2.41614 -552.854 -162.859 232.61
-3.34135 -551.981 -162.859 232.61
-4.19137 -551.192 -162.859 232.61
-4.95398 -550.491 -162.859 232.61
-5.63437 -549.848 -162.859 232.61
-6.26449 -549.302 -162.859 232.61
-6.78974 -548.846 -162.859 232.61
-7.22778 -548.467 -162.859 232.61
-7.59253 -548.16 -162.859 232.61
-7.89946 -547.909 -162.859 232.61
-8.14921 -547.708 -162.859 232.61
-8.35571 -547.535 -162.859 232.61
-8.51978 -547.392 -162.859 232.61
-8.65092 -547.276 -162.859 232.61
-8.75997 -547.185 -162.859 232.61
-8.84031 -547.12 -162.859 232.61
-8.8925 -547.084 -162.859 232.61
-8.92501 -547.063 -162.859 232.61
-8.96222 -547.025 -162.859 232.61
-9.02531 -546.952 -162.859 232.61
-9.10493 -546.881 -162.859 232.61
-9.21574 -546.792 -162.859 232.61
-9.35943 -546.674 -162.859 232.61
-9.53299 -546.526 -162.859 232.61
-9.73853 -546.35 -162.859 232.61
-9.97697 -546.157 -162.859 232.61
-10.2276 -545.939 -162.859 232.61
-10.4825 -545.706 -162.859 232.61
-10.7245 -545.507 -162.859 232.61
-10.9335 -545.334 -162.859 232.61
