0 0.0203756534646 0.443860486905 100 6.2893081761
0 0.00850930780095 0.647934414637 200 6.66666666667
0 0.00655080391534 0.713743680167 300 7.17703349282
0 0.00516653889827 0.8335918809 400 7.29927007299
0 0.00383904198323 0.896871229394 500 7.56429652042
10 0.019953071796 0.520837893176 100 6.21118012422
10 0.00852472082169 0.682413453651 200 6.66666666667
10 0.00659787564299 0.751984055512 300 7.17703349282
10 0.00514025335334 0.866873156828 400 7.28597449909
10 0.00385376365785 0.918801568136 500 7.55287009063
20 0.0198468155722 0.66340424073 100 6.09756097561
20 0.00862462944002 0.742724826604 200 6.66666666667
20 0.00668544958081 0.813716639089 300 7.19424460432
20 0.0051288521856 0.923772465282 400 7.28597449909
20 0.00387166575949 0.965584118409 500 7.53012048193
30 0.0200557382817 0.80875417273 100 5.95238095238
30 0.00876385818243 0.799973587163 200 6.66666666667
30 0.00676948015094 0.873128301417 300 7.19424460432
30 0.00514122487644 0.974005039143 400 7.28597449909
30 0.00386432524275 1.00415220138 500 7.50750750751
40 0.0197351170545 0.955176995944 100 5.84795321637
40 0.00894294625618 0.861938969575 200 6.71140939597
40 0.00687671848683 0.932932013874 300 7.22891566265
40 0.00514856000811 1.02435460397 400 7.3126142596
40 0.00386796836398 1.04506237359 500 7.48502994012
50 0.0191180136562 1.07821069006 100 5.84795321637
50 0.00904490796365 0.909763931689 200 6.77966101695
50 0.00695217926206 0.979770379078 300 7.26392251816
50 0.00509646465128 1.05995835239 400 7.35294117647
50 0.00386106911055 1.07309748683 500 7.4294205052
60 0.0185324753196 1.12676763961 100 5.95238095238
60 0.00896137857436 0.90112909482 200 6.87285223368
60 0.0068820505355 0.964332503593 300 7.35294117647
60 0.00494691843097 1.04274252918 400 7.40740740741
60 0.00377422757244 1.04805152358 500 7.35294117647
70 0.017977824416 1.09065058885 100 6.17283950617
70 0.00876596826326 0.834264121056 200 7.04225352113
70 0.00671251569445 0.898403957798 300 7.46268656716
70 0.00477511564407 0.969423292045 400 7.50469043152
70 0.00354594284051 0.970225687228 500 7.36377025037
80 0.0170696717746 0.908567030108 100 6.45161290323
80 0.00839762358242 0.670729018959 200 7.19424460432
80 0.00633746797812 0.718164431731 300 7.59493670886
80 0.00449047500758 0.775779611764 400 7.60456273764
80 0.0034000759638 0.771705959285 500 7.37463126844
90 0.0159884029691 0.636988359772 100 6.71140939597
90 0.0079489255697 0.644284006773 200 7.38007380074
90 0.00575369857196 0.617097705914 300 7.73195876289
90 0.00412197450346 0.596668137662 400 7.70712909441
90 0.00327187691167 0.59960782473 500 7.36377025037
100 0.0158305514418 0.899572639703 100 6.84931506849
100 0.00792859219158 1.113162548 200 7.49063670412
100 0.00529001182108 1.04818685633 300 7.8125
100 0.00392853525762 0.985567785786 400 7.78210116732
110 0.0164143548366 1.19069972824 100 6.89655172414
110 0.00813703071439 1.351245657 200 7.54716981132
110 0.00523811536166 1.29295448993 300 7.87401574803
110 0.00398515322796 1.24667054581 400 7.8431372549
120 0.016715503332 1.24629070627 100 6.84931506849
120 0.00808148886738 1.38393203106 200 7.54716981132
120 0.00524617170006 1.3127328511 300 7.87401574803
120 0.00400344699183 1.27259460482 400 7.87401574803
130 0.0169000030472 1.26125299582 100 6.84931506849
130 0.00799540795595 1.37895549066 200 7.57575757576
130 0.00524572094147 1.29612631003 300 7.77202072539
130 0.00399031721512 1.25863348483 400 7.88954635108
140 0.0169167649413 1.27509019396 100 6.89655172414
140 0.00793901062805 1.367902549 200 7.60456273764
140 0.00523890815554 1.26856551501 300 7.71208226221
140 0.00397773138081 1.23281002349 400 7.92079207921
150 0.0169596629694 1.28518287258 100 6.99300699301
150 0.00789911776887 1.35486406069 200 7.66283524904
150 0.00523824735555 1.24372810681 300 7.69230769231
150 0.00396856777554 1.21187163458 400 7.93650793651
160 0.0169576948249 1.28956844111 100 7.04225352113
160 0.00787112647299 1.31674722881 200 7.72200772201
160 0.00523979890019 1.19316414022 300 7.69230769231
160 0.00395370551314 1.1660700535 400 7.95228628231
170 0.0167036547706 1.28718250295 100 7.09219858156
170 0.00785508564513 1.27174273147 200 7.7519379845
170 0.00524644746959 1.13129011441 300 7.71208226221
170 0.00393789729658 1.10706876757 400 7.96812749004
180 0.0165149365294 1.30317846599 100 7.19424460432
180 0.00785528846549 1.24822281314 200 7.8125
180 0.00524856919278 1.10106120689 300 7.7519379845
180 0.00393292900442 1.08251089192 400 7.96812749004
190 0.0164469431305 1.34204789041 100 7.35294117647
190 0.00785671128671 1.25567512662 200 7.90513833992
190 0.00524604688101 1.10766687474 300 7.8125
190 0.00393530109342 1.09286337584 400 8.0
200 0.0163590876488 1.37354028063 100 7.57575757576
200 0.00785815203484 1.26346474017 200 8.03212851406
200 0.00524372779445 1.11965063094 300 7.87401574803
200 0.0039393791075 1.10705862973 400 8.03212851406
210 0.0160759531939 1.33913733719 100 7.8125
210 0.00788758440071 1.193374304 200 8.16326530612
210 0.00525724489281 1.04488283779 300 7.9575596817
210 0.00393064282005 1.03678673254 400 8.03212851406
220 0.0158273431951 1.26856766668 100 8.0
220 0.00798311103245 1.08448654016 200 8.2304526749
220 0.00528265395265 0.935393865564 300 8.0
220 0.00392833653136 0.931288029747 400 7.93650793651
230 0.0157408213647 1.21723410589 100 8.06451612903
230 0.00808620804226 0.998445822424 200 8.26446280992
230 0.00528297297659 0.861657920445 300 8.04289544236
230 0.00393012270587 0.86455465409 400 7.70712909441
240 0.0157153382216 1.18962895875 100 8.13008130081
240 0.00812868009976 0.94253122871 200 8.33333333333
240 0.00527796523712 0.821645020787 300 8.08625336927
240 0.00393919152294 0.827406350897 400 7.47663551402
250 0.015709087359 1.16134898665 100 8.19672131148
250 0.00813395884749 0.894002103601 200 8.40336134454
250 0.00527730259848 0.788473383442 300 8.15217391304
260 0.0157607570006 1.09499589416 100 8.26446280992
260 0.00817714425912 0.821292262501 200 8.47457627119
260 0.00529278504622 0.733227202589 300 8.24175824176
270 0.0159272426508 0.999371541835 100 8.33333333333
270 0.0082340448845 0.737526386255 200 8.40336134454
270 0.0053304284292 0.671358551424 300 8.28729281768
280 0.0161292902628 0.897693322201 100 8.40336134454
280 0.00834796673494 0.666125184808 200 8.19672131148
280 0.00537407611303 0.62453140226 300 8.28729281768
290 0.0163522937456 0.808376234037 100 8.40336134454
290 0.00846305405022 0.613145508215 200 8.0971659919
290 0.00540601672678 0.593856187133 300 8.28729281768
300 0.0165893155192 0.709234812931 100 8.40336134454
300 0.00858898299025 0.578249367023 200 8.03212851406
300 0.00545015301105 0.573697786201 300 8.28729281768
310 0.0166275622686 0.676089351501 100 8.40336134454
310 0.00852517512468 0.578091157866 200 8.0
310 0.0054502955845 0.575683141989 300 8.26446280992
320 0.0166109101267 0.670240596937 100 8.40336134454
320 0.0084205401772 0.583603649202 200 8.0
320 0.00541771995002 0.583029084374 300 8.21917808219
330 0.0165154983471 0.686812549107 100 8.47457627119
330 0.00831489582547 0.605191524112 200 8.0
330 0.00535725399516 0.60968250517 300 8.15217391304
340 0.0164313074444 0.712786884888 100 8.40336134454
340 0.00816477906101 0.622571281702 200 7.96812749004
340 0.00530048885557 0.638240581361 300 8.0
350 0.0164402396434 0.72377739763 100 8.40336134454
350 0.0080308076657 0.649139208341 200 7.96812749004
350 0.00526851639511 0.675023429181 300 7.6726342711
360 0.0163972369888 0.708546413741 100 8.40336134454
360 0.00795610385881 0.652200936192 200 8.0
360 0.0052844667524 0.688108155716 300 7.33496332518
370 0.0162452556943 0.707901778231 100 8.47457627119
370 0.00791409040403 0.669712968624 200 8.0971659919
380 0.0160379605254 0.750279431881 100 8.54700854701
380 0.00787071183162 0.730354820929 200 8.16326530612
390 0.0158628803118 0.800475110857 100 8.26446280992
390 0.00785592314632 0.794206678844 200 8.19672131148
400 0.0158311920005 0.831523315289 100 7.87401574803
400 0.00785451800882 0.844723114177 200 8.19672131148
410 0.0158051579592 0.858427679671 100 7.69230769231
410 0.00785981754905 0.892270672598 200 8.19672131148
420 0.0157859080369 0.858849552422 100 7.57575757576
420 0.00786462664457 0.915928045777 200 8.16326530612
430 0.015743216497 0.876800684425 100 7.51879699248
430 0.00786872822861 0.950208319208 200 8.0971659919
440 0.0157196585339 0.906891450666 100 7.51879699248
440 0.00788278737078 0.992954846017 200 8.03212851406
450 0.0157110613042 0.941115750697 100 7.51879699248
450 0.00791057351927 1.04002480851 200 7.93650793651
460 0.0157206377925 1.000620816 100 7.51879699248
460 0.00794830179761 1.10790662082 200 7.69230769231
470 0.0158048592933 1.07162581152 100 7.51879699248
470 0.00813114283836 1.17574517887 200 7.19424460432
480 0.0158676081114 1.08724806405 100 7.57575757576
480 0.00811472445431 1.19186876441 200 6.60066006601
490 0.0158773465335 1.07615249532 100 7.63358778626
500 0.0158526105425 1.04672036646 100 7.8125
510 0.0158219013059 1.03549236335 100 8.06451612903
520 0.0158325052298 1.05949716358 100 8.33333333333
530 0.0158555359583 1.09502338819 100 8.54700854701
540 0.015884190825 1.12625449203 100 8.69565217391
550 0.0158891854103 1.14945368536 100 8.77192982456
560 0.0158416093357 1.14884250838 100 8.69565217391
570 0.0158251779661 1.15427504087 100 8.54700854701
580 0.0158460672553 1.17230165473 100 8.33333333333
590 0.0158330921058 1.16315468797 100 7.93650793651
600 0.015827939491 1.12311304367 100 6.94444444444
610 0.015750819605 1.07259346965 100 5.95238095238
