0 0.0157080561838 0.836860735729 100 13.5135135135
0 0.00785403914638 0.426870788358 200 13.6054421769
0 0.00523601127004 0.278598301784 300 14.0845070423
10 0.0157079708744 0.715723123861 100 13.5135135135
10 0.00785399799364 0.36283951755 200 13.698630137
10 0.00523599954023 0.235773840886 300 14.1509433962
20 0.0157082459481 0.577424005688 100 13.5135135135
20 0.00785406303537 0.310678714762 200 13.698630137
20 0.00523601976373 0.21914124593 300 14.2857142857
30 0.0157081086878 0.425829336209 100 13.5135135135
30 0.00785398628151 0.235893362571 200 13.7931034483
30 0.00523600760336 0.173461817268 300 14.3540669856
40 0.0157081145379 0.357832919548 100 13.3333333333
40 0.00785405519912 0.192174369003 200 13.8888888889
40 0.00523599056087 0.135013704216 300 14.4927536232
50 0.0157081891263 0.145997438476 100 13.3333333333
50 0.00785402572021 0.0945131803134 200 13.986013986
50 0.00523600326946 0.060318713028 300 14.5631067961
60 0.0157083103929 0.0112691480199 100 13.3333333333
60 0.00785411873433 0.0461124314047 200 13.986013986
60 0.00523600233143 0.0370775618747 300 14.6341463415
70 0.0157080688642 0.0108545695565 100 13.3333333333
70 0.00785418753475 0.0234355027306 200 14.1843971631
80 0.0157081173378 0.0418996984351 100 13.5135135135
80 0.00785417544563 0.0233291203857 200 14.2857142857
90 0.0157082259438 0.070596996898 100 13.5135135135
90 0.00785400001526 0.0453680177265 200 14.4927536232
100 0.0157083419095 0.0553832250709 100 13.698630137
100 0.00785408631076 0.0474393955077 200 14.7058823529
110 0.0157079877436 0.0364261591115 100 14.0845070423
110 0.0078539964752 0.0395258615794 200 14.8148148148
120 0.0157079897636 0.0681853944483 100 14.2857142857
120 0.00785408826084 0.0432231734183 200 15.037593985
130 0.0157079883224 0.094166001205 100 14.4927536232
130 0.0078540421877 0.0611862862694 200 15.1515151515
140 0.0157081632621 0.0458146794176 100 14.7058823529
140 0.00785398365952 0.0375216649497 200 15.3846153846
150 0.0157079732613 0.0399420477462 100 14.9253731343
160 0.0157080256587 0.0246302243365 100 15.1515151515
170 0.01570809166 0.0434849475331 100 15.3846153846
180 0.0157080585274 0.0428303577998 100 15.3846153846
190 0.0157081112497 0.0332332747049 100 15.625
200 0.0157082572826 0.0291770814122 100 15.625
