0 0.0157142390945 1.01601882926 100 11.6279069767
0 0.00785421483659 1.01137488955 200 12.0481927711
0 0.00579562224009 1.01674915393 300 10.2389078498
0 0.00777787869724 0.575936544307 400 10.2827763496
0 0.00618954504528 0.26051785209 500 10.3305785124
0 0.0051851431637 0.0504125177121 600 10.7719928187
0 0.00445238526807 0.109250979855 700 11.1287758347
0 0.00196350271089 0.165912487046 800 10.781671159
10 0.0157096706089 0.999995627718 100 11.6279069767
10 0.00785400659792 1.00239372845 200 12.0481927711
10 0.00855721495149 0.999385482144 300 9.77198697068
10 0.00777380281801 0.510285114643 400 10.3092783505
10 0.0062001667879 0.208915221171 500 10.3092783505
10 0.00518821994313 0.0248530620996 600 10.7913669065
10 0.00445122677395 0.141768038658 700 11.1464968153
10 0.00196352272384 0.164785540694 800 10.781671159
20 0.0157080284443 0.9862201036 100 11.7647058824
20 0.00785457559898 0.996029269224 200 11.9047619048
20 0.0100213020128 0.933676710416 300 9.61538461538
20 0.00777856879947 0.448820671631 400 10.3626943005
20 0.00623240835423 0.160011039927 500 10.3305785124
20 0.00519111710199 0.0428692257353 600 10.8303249097
20 0.00445079552798 0.174185433457 700 11.1642743222
20 0.00196352130887 0.163662918546 800 10.7962213225
30 0.0157082850232 0.985975355585 100 11.7647058824
30 0.00785418613398 0.991234845724 200 11.4942528736
30 0.0103259482465 0.851918185757 300 9.61538461538
30 0.00776077517685 0.38800194497 400 10.4166666667
30 0.00623193166419 0.113630253873 500 10.3734439834
30 0.00519360842655 0.079064998716 600 10.8499095841
30 0.00444216650486 0.20669894692 700 11.1642743222
30 0.00196350831577 0.162656878461 800 10.8254397835
40 0.0157083063833 0.983906381789 100 11.9047619048
40 0.0078548455291 0.994898249667 200 11.0497237569
40 0.0103131950668 0.770194918845 300 9.61538461538
40 0.00772614648496 0.331768999982 400 10.4438642298
40 0.00620428680605 0.0690921698488 500 10.4166666667
40 0.00517646406565 0.11701542539 600 10.889292196
40 0.00442559908151 0.240776024583 700 11.1642743222
40 0.00196349755972 0.163707762072 800 10.854816825
50 0.0157082287592 0.989161504314 100 11.9047619048
50 0.00785708910323 0.992384146927 200 10.752688172
50 0.0103515444526 0.68798458462 300 9.6463022508
50 0.00772945622602 0.2721365794 400 10.4166666667
50 0.0062090828124 0.0319538017975 500 10.4384133612
50 0.00518271025666 0.157234473448 600 10.9090909091
50 0.00436225237403 0.274690970588 700 11.0935023772
50 0.00196350433339 0.16347272668 800 10.8843537415
60 0.0157082473132 0.980650137178 100 12.0481927711
60 0.00786120397609 0.985294974836 200 10.5263157895
60 0.0103573298265 0.611106924187 300 9.70873786408
60 0.00774207444358 0.212749574715 400 10.2827763496
60 0.00620530215279 0.0454317538924 500 10.4821802935
60 0.00518491149988 0.195111409087 600 10.9489051095
60 0.00300621777379 0.312651520977 700 10.8695652174
60 0.00196349848388 0.163521605248 800 10.9140518417
70 0.0157105897411 1.01930781221 100 12.0481927711
70 0.00785401001877 1.01122780186 200 10.3092783505
70 0.0103639090702 0.543459449013 300 9.74025974026
70 0.00779641667817 0.158554332477 400 10.101010101
70 0.00621720605329 0.0885026462553 500 10.5263157895
70 0.00519425436648 0.242551265603 600 10.9689213894
70 0.00226153471622 0.337338415553 700 10.7033639144
70 0.00196382975407 0.168005719188 800 10.9439124487
80 0.0157168234027 1.05487944204 100 12.1951219512
80 0.00799593013728 1.04905922065 200 9.90099009901
80 0.0102996008144 0.479828629627 300 9.80392156863
80 0.00769586571446 0.105954665716 400 10.0250626566
80 0.00619336301836 0.140717791603 500 10.5485232068
80 0.00515963144871 0.289669847743 600 11.0091743119
80 0.00224445319037 0.34826659588 700 10.6544901065
80 0.00196453126589 0.172545851952 800 10.9739368999
90 0.0157137687328 1.06487807901 100 12.1951219512
90 0.0112862531958 1.06600594898 200 9.17431192661
90 0.0103095932438 0.399569686693 300 9.86842105263
90 0.00767010886543 0.0538761126399 400 10.0
90 0.00619209497124 0.18707999705 500 10.593220339
90 0.00517135901617 0.330486202747 600 11.0294117647
90 0.00224479337555 0.346106325936 700 10.6382978723
90 0.00196419538366 0.172419222608 800 11.0041265475
100 0.0157087129742 1.01779027622 100 12.0481927711
100 0.0143896575005 0.959088193959 200 8.81057268722
100 0.0103645906108 0.308327389651 300 9.93377483444
100 0.00775433860039 0.0484853339738 400 10.0
100 0.00622850353901 0.225714474836 500 10.6157112527
100 0.00519682321369 0.353876528568 600 11.0497237569
100 0.00224404353453 0.332117761643 700 10.6544901065
100 0.00196349605672 0.165159922203 800 11.0192837466
110 0.0157103837484 1.01187987378 100 11.3636363636
110 0.0155627965744 0.83747990523 200 8.73362445415
110 0.0103516057566 0.226034377011 300 9.96677740864
110 0.00778349068321 0.0960091053962 400 10.0250626566
110 0.00622688777726 0.272866489621 500 10.6382978723
110 0.0051834483667 0.391684249137 600 11.0497237569
110 0.0022440631708 0.328380074822 700 10.6707317073
110 0.00196351020849 0.162471695439 800 11.0344827586
120 0.0157086327515 1.012202395 100 10.4166666667
120 0.0154339683067 0.708754326758 200 8.73362445415
120 0.01031328261 0.147801021176 300 10.0
120 0.00776039635755 0.157197476418 400 10.0502512563
120 0.00621694533761 0.323782943126 500 10.6609808102
120 0.0051707177559 0.434540243782 600 11.0294117647
120 0.00224399944719 0.329796317849 700 10.7033639144
120 0.00196353022144 0.163416869438 800 11.0497237569
130 0.0157105957584 1.0078698373 100 9.80392156863
130 0.0155487454953 0.58277896269 200 8.77192982456
130 0.0103340707234 0.0766234627454 300 9.96677740864
130 0.00778305159426 0.220232809234 400 10.0755667506
130 0.00623548722825 0.37479806804 500 10.6837606838
130 0.00518874863953 0.476501308397 600 10.9689213894
130 0.00224409506426 0.328657222458 700 10.719754977
130 0.00196349543925 0.16238386865 800 11.0497237569
140 0.0157220231617 0.992423857766 100 9.34579439252
140 0.0155699243979 0.450388776378 200 8.77192982456
140 0.0103472978607 0.0677962703167 300 9.80392156863
140 0.00778454907179 0.278401544052 400 10.1265822785
140 0.00623747720647 0.422237386461 500 10.7066381156
140 0.00386276266182 0.520052213955 600 10.7334525939
140 0.002244071715 0.327437635606 700 10.752688172
140 0.00196352219354 0.16231492353 800 11.0650069156
150 0.0157129000175 0.979732411413 100 8.92857142857
150 0.0155681601059 0.325893323442 200 8.81057268722
150 0.0103650845008 0.130516117328 300 9.55414012739
150 0.00777503685717 0.339571401577 400 10.152284264
150 0.00623390644523 0.46999704714 500 10.7296137339
150 0.00267008760794 0.543116911505 600 10.4895104895
150 0.00224404653779 0.325385786976 700 10.7692307692
150 0.00196357174915 0.161331772842 800 11.0650069156
160 0.0158504556526 0.987186088427 100 8.26446280992
160 0.0155554269196 0.206894643738 200 8.84955752212
160 0.0103678147744 0.207922140225 300 9.40438871473
160 0.00777337232339 0.403031932416 400 10.1781170483
160 0.00622653682571 0.520937032704 500 10.752688172
160 0.00261829053701 0.547412386158 600 10.4166666667
160 0.00224401917973 0.325621647382 700 10.7858243451
160 0.00196353295863 0.161604412025 800 11.0650069156
170 0.022270698289 1.0359715693 100 7.24637681159
170 0.0155525462902 0.108825364667 200 8.92857142857
170 0.010326979473 0.28871710238 300 9.375
170 0.0077722336551 0.468404743055 400 10.2040816327
170 0.00623000749155 0.575052126339 500 10.775862069
170 0.00261799891682 0.553422616302 600 10.3986135182
170 0.00224400268778 0.330636356298 700 10.8191653787
170 0.00196359939743 0.164210675713 800 11.08033241
180 0.0281094614679 0.93003492585 100 6.89655172414
180 0.0155305247208 0.0872650628107 200 9.04977375566
180 0.0103476035922 0.359591925498 300 9.40438871473
180 0.00777619191339 0.519777176852 400 10.2564102564
180 0.00622289175461 0.613460512754 500 10.8225108225
180 0.00261815072145 0.549443301938 600 10.4166666667
180 0.00224406391872 0.329350907008 700 10.8527131783
180 0.00196358620988 0.162673275162 800 11.08033241
190 0.0305199845543 0.756644892112 100 6.89655172414
190 0.0154889126255 0.147435217763 200 9.17431192661
190 0.0103760709973 0.409166453746 300 9.49367088608
190 0.00775595289825 0.550451784392 400 10.3359173127
190 0.00619730237473 0.630264915251 500 10.8932461874
190 0.00261842948652 0.533113785626 600 10.4712041885
190 0.00224442992905 0.318311401823 700 10.9034267913
190 0.00196410758232 0.158020233429 800 11.0957004161
200 0.0311459042348 0.62071013413 100 7.09219858156
200 0.0154833921543 0.212262565215 200 9.3896713615
200 0.0103804212533 0.458783838177 300 9.6463022508
200 0.00777127454243 0.588259615294 400 10.4712041885
200 0.00620247926909 0.664660090628 500 10.9649122807
200 0.00261824229332 0.535478265559 600 10.5633802817
200 0.00224431157403 0.320656775913 700 10.989010989
200 0.00196351287189 0.158612523683 800 11.1420612813
210 0.0308709018487 0.484478122975 100 7.29927007299
210 0.015505118636 0.283290641111 200 9.61538461538
210 0.0103704799839 0.52140677963 300 9.80392156863
210 0.00778751527341 0.641124965776 400 10.6100795756
210 0.00622385753841 0.709703847926 500 11.0864745011
210 0.0026180756909 0.549829674674 600 10.6571936057
210 0.0022439967761 0.330016107827 700 11.0759493671
210 0.00196384438104 0.163567813049 800 11.2044817927
220 0.0309056808523 0.354955541979 100 7.57575757576
220 0.0155392716273 0.360905185797 200 9.80392156863
220 0.0103858208121 0.578997506598 300 9.96677740864
220 0.00779036947416 0.687828061989 400 10.752688172
220 0.00622818303618 0.751763355063 500 11.1607142857
220 0.00261823967948 0.560462970357 600 10.7719928187
220 0.00224406945227 0.335695277004 700 11.1642743222
220 0.00196349968383 0.166323694796 800 11.2676056338
230 0.0310157304792 0.220081362006 100 7.8125
230 0.0155504889541 0.440338677272 200 10.0
230 0.0103701323446 0.638747394428 300 10.1351351351
230 0.00779000233712 0.735665046053 400 10.8991825613
230 0.00623148621716 0.79261361781 500 11.2107623318
230 0.00261854230933 0.568009296048 600 10.8695652174
230 0.00224429152251 0.339665201517 700 11.2359550562
230 0.00196393707993 0.168360130003 800 11.315417256
240 0.0309436522304 0.159429981365 100 8.06451612903
240 0.0154924712077 0.538857343007 200 10.0502512563
240 0.0102962019483 0.717772410228 300 10.2739726027
240 0.00773888363003 0.801333960934 400 11.0192837466
240 0.00547638373946 0.853440840032 500 11.135857461
240 0.00261948204298 0.582642861033 600 10.9489051095
240 0.00224513523181 0.349388978459 700 11.3085621971
240 0.0019635263996 0.173097432385 800 11.3636363636
250 0.0308927334104 0.254331525926 100 8.33333333333
250 0.0154898151651 0.63447465862 200 10.0
250 0.0102867696214 0.784465177347 300 10.4166666667
250 0.00773113837648 0.853361770831 400 11.1420612813
250 0.0039660509731 0.89969561048 500 10.9649122807
250 0.00262031744133 0.586803574324 600 11.0294117647
250 0.00224556989402 0.351048716241 700 11.3636363636
250 0.00196394464636 0.175337940794 800 11.4285714286
260 0.030986832266 0.393725226283 100 8.62068965517
260 0.0156009393491 0.699859388921 200 9.85221674877
260 0.0103332653559 0.817278179761 300 10.5633802817
260 0.00777305899496 0.870456901031 400 11.2676056338
260 0.00320794320006 0.889897664131 500 10.8459869848
260 0.0026189777471 0.571518669972 600 11.1317254174
260 0.00224468437911 0.341572259734 700 11.4379084967
260 0.00196390347235 0.170201154539 800 11.4942528736
270 0.0311385466158 0.518660124706 100 8.92857142857
270 0.0155676167799 0.732854146695 200 9.90099009901
270 0.0103693524236 0.823846171049 300 10.752688172
270 0.00779625226072 0.865422673459 400 11.396011396
270 0.00314351450665 0.850040868258 500 10.8695652174
270 0.00261808444406 0.541775984097 600 11.214953271
270 0.00224405614636 0.324575161008 700 11.5131578947
270 0.00196351045794 0.162215440604 800 11.5774240232
280 0.0296764368022 0.500853862138 100 9.43396226415
280 0.0149133555886 0.608331934655 200 10.0502512563
280 0.00987106894389 0.65868462718 300 10.989010989
280 0.00740783018682 0.683987240954 400 11.5942028986
280 0.00317676134653 0.65358694771 500 10.9649122807
280 0.00264243273445 0.41614062846 600 11.3421550095
280 0.00226332784157 0.248884055603 700 11.6086235489
280 0.00198064536941 0.123506675159 800 11.6618075802
290 0.0264424571739 0.675138247952 100 10.101010101
290 0.0133616927892 0.647961109277 200 10.3092783505
290 0.00879292402992 0.637895626084 300 11.2359550562
290 0.00659510631219 0.638044032552 400 11.7994100295
290 0.00339237174645 0.546824292001 500 11.0864745011
290 0.00282101294869 0.348810157434 600 11.4942528736
290 0.00241107771838 0.207865079579 700 11.7252931323
290 0.00211111232807 0.101785263205 800 11.7820324006
300 0.0224073186775 1.229034086 100 10.8695652174
300 0.0113400962608 1.21234990374 200 10.6382978723
300 0.00745065218903 1.20028061543 300 11.5384615385
300 0.00558350846314 1.1992423273 400 12.0481927711
300 0.00392700727639 1.00978748467 500 11.2359550562
300 0.00327052844863 0.642805657072 600 11.6504854369
300 0.00279019189888 0.381609915479 700 11.8644067797
300 0.0024437912115 0.183120375398 800 11.9047619048
310 0.0187465516158 1.57442725771 100 11.7647058824
310 0.0094760824891 1.58915862715 200 10.989010989
310 0.00623534250649 1.58784629091 300 11.8577075099
310 0.00467053651531 1.59115952766 400 12.3076923077
310 0.00470399361242 1.34597659512 500 11.3895216401
310 0.00392098587839 0.860883993765 600 11.811023622
310 0.00334666613851 0.505022779044 700 11.9863013699
310 0.0029284685296 0.24196933028 800 12.030075188
320 0.0166836499782 1.51125239774 100 12.5
320 0.00840653703766 1.5112158273 200 11.2994350282
320 0.00555522324197 1.51551382588 300 12.0967741935
320 0.00416064242507 1.51537888259 400 12.5
320 0.00540706050662 1.26514673805 500 11.5207373272
320 0.00450319115611 0.810170989408 600 11.9284294235
320 0.00385915734571 0.468781830868 700 12.0689655172
320 0.00336677592005 0.220526268646 800 12.1212121212
330 0.0158256745465 1.23522646331 100 13.1578947368
330 0.00793004014092 1.22823175724 200 11.4942528736
330 0.00527406035865 1.2227586269 300 12.2950819672
330 0.00395344355912 1.22242598929 400 12.61829653
330 0.00596665481878 0.99578647031 500 11.6279069767
330 0.00497669848605 0.625771461213 600 12.0240480962
330 0.00427738448181 0.361801164346 700 12.1107266436
330 0.00373125643394 0.165927850464 800 12.1951219512
340 0.0157196323378 0.960697087017 100 13.698630137
340 0.0078562388103 0.95627714412 200 11.6959064327
340 0.00523867139949 0.956396963736 300 12.3966942149
340 0.00392992579617 0.954162552176 400 12.6582278481
340 0.00620572941757 0.7440411787 500 11.6822429907
340 0.00516427834725 0.462808725767 600 12.0724346076
340 0.0044466110078 0.261284004944 700 12.1107266436
340 0.00387091597604 0.112549321001 800 12.2324159021
350 0.0157262749868 0.948802354966 100 13.698630137
350 0.00785825935735 0.951234589335 200 11.7647058824
350 0.00523857073104 0.950092641855 300 12.4481327801
350 0.00393070260199 0.947552800972 400 12.61829653
350 0.00618192993494 0.690312927129 500 11.7096018735
350 0.00515791371227 0.418411858314 600 12.0724346076
350 0.00441015191403 0.223545822896 700 12.0689655172
350 0.003867527864 0.0812261115045 800 12.2324159021
360 0.0157108487311 0.987079529037 100 13.3333333333
360 0.00785404895563 0.995279294689 200 11.8343195266
360 0.00523605870149 0.999222532494 300 12.4481327801
360 0.00394856218439 0.995376913835 400 12.3839009288
360 0.00621382718575 0.669324444495 500 11.7370892019
360 0.00518619813162 0.393272469076 600 12.0724346076
360 0.00439829853824 0.19640334261 700 12.0481927711
360 0.00387853452548 0.0514843155982 800 12.1951219512
370 0.0157094018023 0.998621684995 100 12.0481927711
370 0.00785402957181 1.00803427595 200 11.8343195266
370 0.00523602015781 1.00360987831 300 12.5
370 0.00576783422285 1.00874583221 400 11.7994100295
370 0.00621224458996 0.620405506096 500 11.7647058824
370 0.00518911501664 0.351503883262 600 12.0724346076
370 0.00443826435218 0.160917014799 700 12.0481927711
370 0.00388985849783 0.0242894464664 800 12.0663650075
380 0.0157080742561 0.988656571221 100 10.8695652174
380 0.00785407643034 1.00383834982 200 11.8343195266
380 0.00523609553211 1.00220543878 300 12.4481327801
380 0.00773202215775 0.952092590114 400 11.4285714286
380 0.00621110947649 0.563366779991 500 11.7924528302
380 0.00517537535221 0.303152292532 600 12.0481927711
380 0.00445171202082 0.120997942315 700 12.0481927711
380 0.00388577879793 0.0297231482772 800 11.9225037258
390 0.015713041239 0.994193837135 100 10.3092783505
390 0.00785415420676 0.999504955512 200 11.8343195266
390 0.0052360927669 0.998778405273 300 12.4481327801
390 0.00778406834003 0.880637802841 400 11.2994350282
390 0.00621633054515 0.502950234071 500 11.7647058824
390 0.00517896233971 0.253862205611 600 12.0
390 0.00444950839765 0.0808627269012 700 12.0481927711
390 0.00387098608067 0.0609982652436 800 11.7994100295
400 0.0157121064261 1.00817437069 100 10.101010101
400 0.00785408244675 1.00922964668 200 11.7647058824
400 0.00523628260458 1.00409184304 300 12.3966942149
400 0.00778947868445 0.812684058446 400 11.2359550562
400 0.00621759852864 0.451360872373 500 11.7647058824
400 0.00517978721427 0.208821449937 600 11.9521912351
400 0.00444197130598 0.0421627092988 700 12.0274914089
400 0.00388242659221 0.0944966322213 800 11.7130307467
410 0.0157094673673 1.02931373485 100 10.0
410 0.00785414488868 1.01786359152 200 11.7647058824
410 0.00523606084351 1.01659051243 300 12.2950819672
410 0.00778494557441 0.748576378133 400 11.2359550562
410 0.00622011670304 0.396857729453 500 11.7647058824
410 0.00518563198534 0.160065642255 600 11.8577075099
410 0.00444146798884 0.0236921786012 700 12.0274914089
420 0.0157099421324 1.05072456863 100 10.101010101
420 0.00785526185854 1.04294439606 200 11.7647058824
420 0.00523620032614 1.03522724934 300 12.2448979592
420 0.00772961691195 0.689868976787 400 11.2359550562
420 0.00619912321048 0.346219819624 500 11.7370892019
420 0.00516207910072 0.118858689385 600 11.811023622
420 0.00442596723982 0.0505114103974 700 12.0274914089
430 0.0157098624156 1.04632436104 100 10.3092783505
430 0.00785532451629 1.03765490379 200 11.9047619048
430 0.00523892513165 1.03280650118 300 12.0967741935
430 0.00772393589652 0.630962175089 400 11.3314447592
430 0.00620088252163 0.29946982591 500 11.7924528302
430 0.00515553725802 0.0809888827667 600 11.811023622
430 0.00441106269087 0.0831642012574 700 12.0274914089
440 0.0157093294988 1.0449262609 100 10.752688172
440 0.00785482129062 1.03191996575 200 12.1951219512
440 0.00567007591634 1.03429913783 300 11.9047619048
440 0.00774485474097 0.583080550709 400 11.4613180516
440 0.00620786421105 0.262021813921 500 11.8764845606
440 0.0051582285421 0.0549348612784 600 11.8811881188
440 0.00441251906304 0.107753312085 700 12.0274914089
450 0.0157092637607 1.04102295829 100 11.3636363636
450 0.00785446704244 1.03709016941 200 12.5
450 0.00758477503917 1.03937982839 300 11.6279069767
450 0.00774958382217 0.54538377551 400 11.6279069767
450 0.00621027773195 0.233230268254 500 12.0192307692
450 0.005177738852 0.0353152944702 600 11.9760479042
450 0.00443932205886 0.130258151841 700 12.0274914089
460 0.0157103237341 1.04484044377 100 12.0481927711
460 0.00785450388363 1.03976343476 200 12.9032258065
460 0.00943242670109 1.01635458584 300 11.5384615385
460 0.00776280612806 0.509344346871 400 11.7994100295
460 0.00621117519444 0.203592426522 500 12.1359223301
460 0.00520260034432 0.0291196905495 600 12.0967741935
460 0.00446499691382 0.150542619947 700 12.0481927711
470 0.015708070402 1.03711738559 100 12.6582278481
470 0.0078539890358 1.01621727103 200 13.3333333333
470 0.0102879317666 0.954462265518 300 11.583011583
470 0.00776601876207 0.463843926138 400 11.9760479042
470 0.00621165171541 0.170896820173 500 12.2549019608
470 0.00519570895017 0.0392852046813 600 12.2199592668
470 0.00445097408271 0.167282111074 700 12.0689655172
480 0.0157118633234 0.986382419869 100 13.3333333333
480 0.00785573586788 0.977311034742 200 13.6054421769
480 0.0103297674593 0.858840548392 300 11.583011583
480 0.00775348522241 0.404150112254 400 12.1212121212
480 0.00620950883456 0.131750392813 500 12.3456790123
480 0.00518744724018 0.0603507187082 600 12.3203285421
480 0.00439926374043 0.184433681229 700 12.0481927711
490 0.0157145261263 0.968342198468 100 13.698630137
490 0.00785792719056 0.960228366996 200 13.7931034483
490 0.0103230763422 0.775877121743 300 11.583011583
490 0.00774001565741 0.354080464119 400 12.1951219512
490 0.00620188203416 0.0891991256672 500 12.3762376238
490 0.00517563492095 0.0927371675925 600 12.3711340206
490 0.00439652628737 0.211565154805 700 12.0068610635
500 0.0157121936894 0.976368293946 100 13.8888888889
500 0.00785708301115 0.971848187107 200 13.7931034483
500 0.0103672664954 0.706106793476 300 11.6279069767
500 0.00775832199055 0.288095142806 400 12.2324159021
500 0.00619767920665 0.0475069675846 500 12.3456790123
500 0.00517750042526 0.13376391275 600 12.3966942149
500 0.00442932720771 0.249579426896 700 11.9250425894
510 0.015708481422 0.999603959362 100 13.8888888889
510 0.0078548302581 0.995023594296 200 13.698630137
510 0.0103983197681 0.628389241083 300 11.6279069767
510 0.00779205283247 0.226115764144 400 12.2324159021
510 0.00623590070054 0.0391948024337 500 12.2549019608
510 0.00519069247806 0.182881224769 600 12.3966942149
520 0.0157080017542 1.00612150801 100 13.8888888889
520 0.00785455253694 1.00711473566 200 13.4228187919
520 0.010348256109 0.536684384084 300 11.6279069767
520 0.00778286304326 0.156236816461 400 12.1951219512
520 0.00622299446838 0.0861764473162 500 12.1654501217
520 0.00517983673791 0.234389890688 600 12.3711340206
530 0.0157084859945 1.0112537266 100 13.698630137
530 0.00810789845236 1.00497739402 200 12.6582278481
530 0.0103320892351 0.436961440973 300 11.6279069767
530 0.00776972010394 0.0863232497055 400 12.1580547112
530 0.00616182648092 0.14009705325 500 12.1065375303
530 0.00515836045727 0.28162864745 600 12.2699386503
540 0.0157081630693 1.01066584038 100 13.698630137
540 0.0131609251726 1.00105868541 200 11.3636363636
540 0.010344846436 0.346048779362 300 11.673151751
540 0.00776125267205 0.039277191576 400 12.1212121212
540 0.00622405564608 0.196839985301 500 12.077294686
540 0.00519050185577 0.330737237974 600 12.0481927711
550 0.01570845851 1.00911195806 100 13.698630137
550 0.0155453646998 0.878672389127 200 10.8695652174
550 0.0103391872959 0.25182042881 300 11.673151751
550 0.00775145640095 0.075838674045 400 12.084592145
550 0.00621687358889 0.253737727422 500 12.077294686
550 0.00517348493029 0.376967782183 600 11.8811881188
560 0.0157083967519 1.00624151384 100 13.698630137
560 0.0155487692657 0.73930537025 200 10.6951871658
560 0.0103476429885 0.16182797996 300 11.673151751
560 0.00774633521524 0.140120155125 400 12.0481927711
560 0.00621410951239 0.307321805691 500 12.1065375303
560 0.00516745766494 0.42301358276 600 11.7416829746
570 0.0157082623225 1.01134270973 100 13.5135135135
570 0.0156082365678 0.601472768936 200 10.6382978723
570 0.0103829413012 0.0856209820342 300 11.71875
570 0.00778045260916 0.207584239877 400 11.9760479042
570 0.00623011507912 0.363870237059 500 12.1065375303
570 0.00518919634956 0.469533505602 600 11.6279069767
580 0.0157082048201 1.00701365255 100 13.3333333333
580 0.0155947500149 0.459124300655 200 10.6382978723
580 0.0103934968198 0.0617215267482 300 11.673151751
580 0.00779017690226 0.280875178103 400 11.8694362018
580 0.00623233456634 0.419397669467 500 12.1065375303
590 0.0157092949331 1.00766961551 100 12.8205128205
590 0.0155307608064 0.321792736727 200 10.6951871658
590 0.0103844189787 0.135307569912 300 11.673151751
590 0.00778587089478 0.347207677302 400 11.7647058824
590 0.00622283717549 0.474983248937 500 12.077294686
600 0.0159103061193 1.00462323455 100 11.7647058824
600 0.015559142859 0.189214718481 200 10.752688172
600 0.0103914787448 0.226720126148 300 11.6279069767
600 0.00771445450921 0.41573589522 400 11.6959064327
600 0.00620806693942 0.530956033242 500 11.9904076739
610 0.0245193757761 1.02567302484 100 9.80392156863
610 0.0155327274767 0.0816963880404 200 10.752688172
610 0.0103797871046 0.317988564042 300 11.6279069767
610 0.00778846495162 0.489194490302 400 11.6618075802
610 0.00622906295809 0.591521922147 500 11.7647058824
620 0.0311540619248 0.799062591678 100 8.92857142857
620 0.0155473401449 0.130123096707 200 10.8108108108
620 0.0103639137484 0.409314304342 300 11.583011583
620 0.00780060387992 0.553825900088 400 11.6959064327
620 0.0062247063693 0.644639087864 500 11.5473441109
630 0.0311562754867 0.537474609685 100 8.69565217391
630 0.0155478358841 0.257697820626 200 10.8108108108
630 0.0103530487819 0.502324087862 300 11.5384615385
630 0.00778229877096 0.62622887677 400 11.6959064327
630 0.00620776626071 0.699618066641 500 11.4155251142
640 0.0312161224927 0.302227155706 100 8.69565217391
640 0.0155764481729 0.364857890888 200 10.8695652174
640 0.0103937244817 0.592551792982 300 11.4942528736
640 0.00778191844366 0.6961844109 400 11.7302052786
640 0.00623179681995 0.756981703103 500 11.3122171946
650 0.0311880449763 0.153047953923 100 8.69565217391
650 0.0155772179616 0.511737427046 200 10.9289617486
650 0.0103856341176 0.68572207694 300 11.4068441065
650 0.00778876130209 0.760529456131 400 11.7647058824
650 0.00623153725115 0.80795426334 500 11.1856823266
660 0.0310262452923 0.298619567462 100 8.84955752212
660 0.0155663886953 0.638831246437 200 10.989010989
660 0.0103188140973 0.766229513165 300 11.3636363636
660 0.00778197564198 0.827888133535 400 11.7994100295
670 0.0309944248024 0.499466544035 100 9.09090909091
670 0.0155314680664 0.752630164101 200 11.1111111111
670 0.0103636089808 0.845772981845 300 11.3636363636
670 0.00774453339284 0.886801111374 400 11.8694362018
680 0.0305016345892 0.547049490602 100 9.52380952381
680 0.0152647232696 0.706257905951 200 11.3636363636
680 0.0100117964651 0.762821943091 300 11.5384615385
680 0.00766873296617 0.792209850581 400 11.9402985075
690 0.026887467243 0.608221147914 100 10.101010101
690 0.0134349595396 0.5921946766 200 11.7647058824
690 0.00881847709845 0.595278005768 300 11.7647058824
690 0.00677968754958 0.595521928625 400 12.084592145
700 0.0222970614461 1.24257954399 100 10.8695652174
700 0.0111271568761 1.22612236786 200 12.1951219512
700 0.00733779551665 1.22135409217 300 12.0967741935
700 0.00558672763313 1.21849974668 400 12.2324159021
710 0.0184011061009 1.61656129257 100 11.6279069767
710 0.009181963471 1.61032712006 200 12.6582278481
710 0.00609046210048 1.61036161122 300 12.3966942149
710 0.00457477517538 1.61096391325 400 12.3456790123
720 0.0161311996367 1.37407818434 100 12.5
720 0.00806055573961 1.37255009786 200 13.0718954248
720 0.00536914955356 1.37075694147 300 12.6582278481
720 0.00402069577921 1.37102074889 400 12.3839009288
730 0.0157130879572 1.03746771671 100 13.3333333333
730 0.00785693046626 1.03770851111 200 13.4228187919
730 0.00523740434934 1.03274796655 300 12.9310344828
730 0.00392699881035 1.03517007409 400 12.3839009288
740 0.0157084169459 1.01243162105 100 13.8888888889
740 0.00785483092091 1.01285069722 200 13.6054421769
740 0.0052364555214 1.00727289429 300 13.1004366812
740 0.00392805126829 1.00668911613 400 12.3456790123
750 0.0157079832141 0.960521173319 100 14.0845070423
750 0.00785455411229 1.01410337209 200 13.6054421769
750 0.00523614748598 1.01102683762 300 13.1578947368
750 0.0039272459765 1.00614815194 400 12.2324159021
760 0.0157084534925 1.00243227917 100 14.2857142857
760 0.00785465104122 1.00106278016 200 13.4228187919
760 0.00523614450393 0.998146292274 300 13.2158590308
760 0.0039272431882 0.988745847568 400 12.0481927711
770 0.0157084361522 1.00294314087 100 14.0845070423
770 0.00785573319873 1.00277666059 200 13.0718954248
770 0.00523611779794 0.996851589955 300 13.1578947368
780 0.0157083881764 1.0050395548 100 13.8888888889
780 0.00785856209529 1.0055111419 200 12.8205128205
780 0.00523614736421 1.00113134881 300 13.0434782609
790 0.0157083777313 0.997439187084 100 13.698630137
790 0.00785664922799 0.997696999456 200 12.6582278481
790 0.0052362817741 0.995514619844 300 12.7118644068
800 0.015707986769 0.998980242389 100 13.3333333333
800 0.00785456385456 0.98439420364 200 12.6582278481
800 0.00523677455427 0.989484644554 300 12.1951219512
810 0.0157084281453 1.0179357114 100 13.1578947368
810 0.00785444493766 1.00159871223 200 12.6582278481
810 0.00523854339447 1.00245594983 300 11.8577075099
820 0.0157084780025 1.07893776185 100 12.8205128205
820 0.00785423539136 1.03686300907 200 12.6582278481
820 0.00523623278904 1.02513030226 300 11.6279069767
830 0.0157082224606 1.01271934398 100 12.3456790123
830 0.00785398246743 1.00151746426 200 12.6582278481
830 0.00523630925516 0.989786107369 300 11.3636363636
840 0.0157119231997 1.00675000362 100 12.0481927711
840 0.00785398983358 0.998016530147 200 12.6582278481
850 0.0157149438696 1.00879646459 100 11.7647058824
850 0.00785425821763 1.00096384743 200 12.5786163522
860 0.0157151477019 1.00426492783 100 11.6279069767
860 0.00785524595838 1.00100803481 200 12.2699386503
870 0.0157090556848 0.986733551133 100 11.7647058824
870 0.00785489909525 0.994357687886 200 11.7647058824
880 0.0157082721502 0.977270458238 100 11.9047619048
880 0.00785779655897 0.982896478931 200 11.3636363636
890 0.0157082772721 0.981193202033 100 12.0481927711
890 0.00785864242109 0.979099983817 200 11.1111111111
900 0.0157083944631 1.00602661228 100 12.3456790123
900 0.00785407412946 1.00231345192 200 10.989010989
910 0.0157082365875 1.01405737189 100 12.6582278481
910 0.00785420882452 0.99389263259 200 10.8108108108
920 0.0157123232032 0.95796410726 100 12.987012987
930 0.015709962125 1.01221010704 100 13.3333333333
940 0.0157337344002 1.06952203561 100 13.1578947368
950 0.0157084232005 1.03420262112 100 12.0481927711
960 0.0157108363375 1.00130207881 100 10.989010989
970 0.015717341171 0.989403842963 100 10.2040816327
980 0.0157088540919 0.995262337804 100 9.70873786408
990 0.0157083843777 0.997248337034 100 9.09090909091
