0 0.0157212450504 1.28874465484 100 5.78034682081
0 0.00866631359249 1.23093423768 200 6.36942675159
0 0.00848360915956 1.00938265416 300 6.7264573991
0 0.00766289504366 0.481564852255 400 6.90846286701
0 0.00410389498065 0.286522137331 500 6.29722921914
0 0.00333552725893 0.352305102723 600 6.74157303371
10 0.0157174589115 1.30863287758 100 6.09756097561
10 0.00874665384751 1.1822913742 200 6.45161290323
10 0.00823985267166 1.02684524897 300 6.84931506849
10 0.00775979284396 0.518857273813 400 7.01754385965
10 0.00425654616558 0.316111045325 500 6.36942675159
10 0.00342350920761 0.353113055974 600 6.80272108844
20 0.0160777541417 1.28849866953 100 6.36942675159
20 0.00879513371626 1.00533478861 200 6.47249190939
20 0.00770983494861 1.02196016332 300 6.94444444444
20 0.00722558353804 0.591627177432 400 7.11743772242
20 0.00464856723031 0.400408226708 500 6.43500643501
20 0.00364826354298 0.372349563025 600 6.84931506849
30 0.0176507289085 0.995788266952 100 6.62251655629
30 0.00850994777147 0.611377109294 200 6.53594771242
30 0.00690621921101 0.830323121929 300 7.04225352113
30 0.0063267264784 0.603889694555 400 7.20720720721
30 0.00533932304328 0.489651088319 500 6.50195058518
30 0.00401266546576 0.431234563214 600 6.88863375431
40 0.0202319824028 0.546476812582 100 6.84931506849
40 0.00826790366303 0.517384775991 200 6.57894736842
40 0.00657864170733 0.503241719631 300 7.07547169811
40 0.00545231381172 0.490690068142 400 7.29927007299
40 0.00608444152487 0.495628658371 500 6.55307994758
40 0.00415141751047 0.474031931922 600 6.90448791715
50 0.0210957496809 0.478351892031 100 7.04225352113
50 0.0082480970401 0.611913387584 200 6.60066006601
50 0.00731974512452 0.411910072664 300 7.05882352941
50 0.00518313899683 0.438111472081 400 7.35294117647
50 0.00621702252816 0.471870513283 500 6.60501981506
50 0.00377938638856 0.464433038635 600 6.89655172414
60 0.0210097146619 0.48285410025 100 7.09219858156
60 0.0082980194552 0.576391704042 200 6.62251655629
60 0.00818838021343 0.395723005789 300 6.99300699301
60 0.00519698063807 0.44677762875 400 7.40740740741
60 0.00622395872544 0.465798321042 500 6.6401062417
60 0.00355970460987 0.441148826913 600 6.88073394495
70 0.0210287136491 0.552466084569 100 7.14285714286
70 0.00832433593403 0.5412722101 200 6.64451827243
70 0.0082355668207 0.370357263488 300 6.94444444444
70 0.00521724329423 0.456521857998 400 7.42115027829
70 0.00622055891109 0.467880902375 500 6.66666666667
70 0.00350993937453 0.414150863389 600 6.87285223368
80 0.0208987985178 0.684598329739 100 7.14285714286
80 0.00832534740343 0.522929023026 200 6.6889632107
80 0.00823876465142 0.343508408192 300 6.92840646651
80 0.0052302828603 0.46183793283 400 7.43494423792
80 0.00622434853975 0.464791244867 500 6.68449197861
80 0.00349206836254 0.386579721671 600 6.86498855835
90 0.0205996560711 0.827917476485 100 7.14285714286
90 0.0083359809321 0.4953348887 200 6.71140939597
90 0.00823540383757 0.317331814079 300 6.94444444444
90 0.0051423631728 0.469207588254 400 7.43494423792
90 0.00622335705394 0.455554497031 500 6.70241286863
90 0.003500638538 0.358550878673 600 6.84931506849
100 0.0201828039258 0.99165966191 100 7.09219858156
100 0.00830578494241 0.477269631439 200 6.75675675676
100 0.00819065884147 0.287333767768 300 6.96055684455
100 0.00508451321274 0.471280313407 400 7.29927007299
100 0.00621630686235 0.449395434794 500 6.72947510094
100 0.00351398645142 0.332957216567 600 6.82593856655
110 0.0195633030514 1.13689527035 100 7.09219858156
110 0.00829414291008 0.454113376906 200 6.80272108844
110 0.00803701660443 0.263080491953 300 6.99300699301
110 0.00660574282352 0.469435753386 400 6.21118012422
110 0.00621211651221 0.441204813004 500 6.75675675676
110 0.00349874674489 0.308396289505 600 6.80272108844
120 0.0188471409185 1.20117477479 100 7.14285714286
120 0.00841415563475 0.404854012319 200 6.87285223368
120 0.00769022784823 0.273189228262 300 7.02576112412
120 0.00762941040926 0.461150012826 400 6.2015503876
120 0.00618122734765 0.427714543389 500 6.7842605156
120 0.00344252837847 0.279430718341 600 6.77966101695
130 0.0170878159672 0.863947870873 100 7.35294117647
130 0.00916169256754 0.412497513748 200 6.99300699301
130 0.00817609775018 0.373168958172 300 7.09219858156
130 0.00719958661393 0.441226538696 400 6.24024960998
130 0.00565918538443 0.393409220119 500 6.83994528044
130 0.00310706769383 0.228559648262 600 6.718924972
140 0.0157823429161 0.615319312363 100 7.57575757576
140 0.0106218828154 0.72585318939 200 7.14285714286
140 0.00924344373784 0.422350971314 300 7.17703349282
140 0.00619402286464 0.311211194231 400 6.29921259843
140 0.0049056604849 0.29848223766 500 6.8870523416
140 0.00273614132571 0.244845386347 600 6.65926748058
150 0.015892250001 0.925961023992 100 7.69230769231
150 0.0118702774006 0.883893356348 200 7.24637681159
150 0.0101256157386 0.365520403674 300 7.24637681159
150 0.00551351641565 0.208298764937 400 6.33914421553
150 0.00439321946946 0.311775381555 500 6.93481276006
150 0.002636505585 0.297028479625 600 6.58616904501
160 0.0161699284435 1.09471827213 100 7.69230769231
160 0.0122946014895 0.89507432948 200 7.29927007299
160 0.010397024795 0.310579016949 300 7.29927007299
160 0.00528489253572 0.212531571572 400 6.37958532695
160 0.00423917875387 0.351465060552 500 6.95410292072
160 0.00262675256729 0.319916714331 600 6.52883569097
170 0.0167627717718 1.16266629059 100 7.14285714286
170 0.012451015352 0.88974709757 200 7.27272727273
170 0.0103510555622 0.273873531888 300 7.35294117647
170 0.00523606452758 0.228377529624 400 6.42054574639
170 0.00410278823774 0.378243072819 500 6.95410292072
180 0.0220237346539 1.203613894 100 6.32911392405
180 0.0133818522997 0.872505718441 200 7.2202166065
180 0.0103449611606 0.252699886675 300 7.40740740741
180 0.00521842654325 0.262048916845 400 6.45161290323
180 0.00371169890879 0.404011712711 500 6.92520775623
190 0.0246238484917 1.1607002586 100 6.17283950617
190 0.0153448601873 0.827453925016 200 7.06713780919
190 0.0103809122482 0.251265679404 300 7.44416873449
190 0.0052433229479 0.290170990758 400 6.49350649351
190 0.00318446633334 0.419430022862 500 6.85871056241
200 0.0248073848727 1.12376655506 100 6.13496932515
200 0.0135874675028 0.73800767423 200 6.87285223368
200 0.0103767726063 0.254903286399 300 7.4812967581
200 0.00523815697883 0.33849209664 400 6.51465798046
200 0.00314259606832 0.432529545912 500 6.81198910082
210 0.0249404265871 1.08728412489 100 6.17283950617
210 0.0135420002184 0.646669915885 200 6.80272108844
210 0.0104037828926 0.274242782524 300 7.5
210 0.00519633602983 0.400989959964 400 6.53594771242
210 0.00314174483297 0.45049756072 500 6.80272108844
220 0.0247773506867 1.05952943223 100 6.21118012422
220 0.0136210672686 0.577486493854 200 6.80272108844
220 0.0103916247991 0.299772329804 300 7.51879699248
220 0.00523815457166 0.452629669881 400 6.56814449918
220 0.00314192585463 0.457060822621 500 6.79347826087
230 0.0244597759258 1.0482310981 100 6.2893081761
230 0.013819333251 0.532023437798 200 6.82593856655
230 0.0101299473632 0.324731841881 300 7.51879699248
230 0.00533884839422 0.476066285572 400 6.60066006601
230 0.00314461238599 0.45300067976 500 6.7842605156
240 0.0238703935783 1.04835779366 100 6.41025641026
240 0.0141223943423 0.506977066612 200 6.87285223368
240 0.0098980805736 0.339135271813 300 7.31707317073
240 0.0054698997482 0.492474522623 400 6.63349917081
240 0.00315428453032 0.44253874279 500 6.76589986468
250 0.0230779431089 1.08780691448 100 6.49350649351
250 0.0147670286562 0.523753642926 200 6.92041522491
250 0.00904736328936 0.378791955682 300 5.95238095238
250 0.00564903072414 0.506889853901 400 6.65557404326
250 0.00317494199569 0.425857530533 500 6.73854447439
260 0.0226571635922 1.13681594114 100 6.57894736842
260 0.0154108266635 0.53267516982 200 6.94444444444
260 0.00798901922127 0.405174873412 300 5.92885375494
260 0.0057554568942 0.533828349802 400 6.6889632107
260 0.00320236964039 0.421282442207 500 6.68449197861
270 0.0223088404236 1.19073365613 100 6.66666666667
270 0.0145311440602 0.550978673446 200 6.96864111498
270 0.00787157742157 0.425593751265 300 5.94059405941
270 0.00584164215043 0.459372592016 400 6.72268907563
270 0.00320434174078 0.42203672978 500 6.50195058518
280 0.0220000882528 1.25116271267 100 6.75675675676
280 0.0142317812988 0.564875788746 200 7.01754385965
280 0.0079185012881 0.448212365838 300 5.97609561753
280 0.00592662711244 0.462988799495 400 6.74536256324
280 0.00326536408312 0.422990845581 500 6.37755102041
290 0.021826198067 1.29143178728 100 6.84931506849
290 0.0141425633586 0.574562598609 200 7.11743772242
290 0.00794560697994 0.452317603125 300 6.02409638554
290 0.00596774734798 0.466874842339 400 6.77966101695
290 0.00318213165359 0.427436891614 500 6.31313131313
300 0.0215656232238 1.30776866579 100 7.09219858156
300 0.0139736107303 0.602263736391 200 7.24637681159
300 0.0080449343469 0.466745261049 300 6.1099796334
300 0.00599292439394 0.466362296359 400 6.83760683761
310 0.0206545645345 1.41686699538 100 7.40740740741
310 0.0133942658798 0.722932359731 200 7.46268656716
310 0.00841541515258 0.538933697789 300 6.19834710744
310 0.00618488368287 0.482472531513 400 6.90846286701
320 0.0193981987047 1.56988215889 100 7.7519379845
320 0.0124589521885 0.942276181079 200 7.69230769231
320 0.00903714825612 0.719322606973 300 6.3025210084
320 0.00652432476331 0.580356350339 400 6.98080279232
330 0.0178667685688 1.59544570377 100 8.13008130081
330 0.0111292038032 1.18844994731 200 7.90513833992
330 0.0099954216338 0.982779308142 300 6.41025641026
330 0.00701944997187 0.804145000611 400 7.04225352113
340 0.0170738008824 1.31082884758 100 8.26446280992
340 0.0096425835808 1.27842378746 200 8.0971659919
340 0.00971592296516 1.15234000146 300 6.50759219089
340 0.00727056057272 0.994932159323 400 7.06713780919
350 0.0184203741112 1.08529362556 100 8.13008130081
350 0.00897639546433 1.23950166585 200 8.2304526749
350 0.00909451908348 1.14174533149 300 6.57894736842
350 0.00669996885922 1.01534660229 400 7.04225352113
360 0.0208145505723 1.06955836148 100 7.7519379845
360 0.00888718848888 1.2512042832 200 8.33333333333
360 0.00901984683133 1.14578486405 300 6.62251655629
360 0.00629659392697 0.984012630221 400 6.99300699301
370 0.0208246469768 1.06859390567 100 7.51879699248
370 0.00887718228817 1.27280558072 200 8.36820083682
370 0.00903945491528 1.16234611255 300 6.65188470067
370 0.00623816298993 0.945145598426 400 6.96864111498
380 0.0208344047135 1.09643822699 100 7.40740740741
380 0.00888105222461 1.30985495124 200 8.33333333333
380 0.00902598608035 1.18573308033 300 6.66666666667
380 0.00621458633403 0.901562394222 400 6.93240901213
390 0.0207666175928 1.13195532217 100 7.35294117647
390 0.00869558698961 1.33598637882 200 8.19672131148
390 0.00897089191766 1.19508678789 300 6.68151447661
390 0.00624660866098 0.859265622581 400 6.88468158348
400 0.0206161948583 1.18166825569 100 7.29927007299
400 0.010299482552 1.35526767236 200 5.74712643678
400 0.00899732663101 1.20655247091 300 6.69642857143
400 0.00619641650725 0.812685437715 400 6.80272108844
410 0.0189819146512 1.2361124458 100 7.24637681159
410 0.0129971450657 1.3263644977 200 5.61797752809
410 0.00900068993003 1.22692274542 300 6.69642857143
410 0.00622858955421 0.77067500784 400 6.6889632107
420 0.0179630500629 1.31037413776 100 7.19424460432
420 0.0133868182224 1.31851967868 200 5.60224089636
420 0.00900139452734 1.10599047163 300 6.71140939597
420 0.00618671266732 0.728628856712 400 6.38977635783
430 0.0179241971541 1.37189776086 100 7.24637681159
430 0.0135274036836 1.29795057473 200 5.6338028169
430 0.00899304271074 1.09251915136 300 6.7264573991
430 0.00617752935822 0.688961925772 400 6.23052959502
440 0.0179125997591 1.4736108131 100 7.35294117647
440 0.0135156276556 1.29898156754 200 5.69800569801
440 0.00906805171887 1.0935900739 300 6.74157303371
450 0.0175268790774 1.50108236836 100 7.57575757576
450 0.0132051481116 1.28437141602 200 5.76368876081
450 0.00930362275601 1.09390904132 300 6.7264573991
460 0.0163466987115 1.53304487671 100 7.87401574803
460 0.0120014797521 1.31058200048 200 5.84795321637
460 0.00959338061772 1.1209085127 300 6.71140939597
470 0.0157081735247 1.28255718052 100 8.19672131148
470 0.0104613617026 1.07957471254 200 5.95238095238
470 0.00959859392786 0.962435775838 300 6.71140939597
480 0.01624778785 0.830507466551 100 8.62068965517
480 0.00925437198523 0.730122204429 200 6.06060606061
480 0.00907334475986 0.658300386974 300 6.7264573991
490 0.0166325612899 0.681358067105 100 8.92857142857
490 0.00893957510096 0.626289312854 200 6.17283950617
490 0.00895678379306 0.544677660993 300 6.75675675676
500 0.016632501475 0.65945391864 100 9.25925925926
500 0.00896503730193 0.642723861865 200 6.25
500 0.00900586651525 0.538286168803 300 6.78733031674
510 0.0165993626918 0.62849809184 100 9.43396226415
510 0.00896849321075 0.670878939093 200 6.30914826498
510 0.00905062599282 0.523072135704 300 6.77200902935
520 0.016764675148 0.603734814934 100 9.34579439252
520 0.00893787130245 0.692174517685 200 6.34920634921
520 0.00903187554082 0.51397825439 300 6.74157303371
530 0.0168155196829 0.540063010102 100 8.19672131148
530 0.00893751458807 0.742309519261 200 6.36942675159
530 0.00905437016248 0.513145802685 300 6.66666666667
540 0.0164509197484 0.523058933575 100 4.60829493088
540 0.00918693051653 0.867044466492 200 6.41025641026
540 0.00933849523246 0.559060091234 300 6.59340659341
550 0.0195044845944 0.779429528361 100 4.54545454545
550 0.00998131574506 0.966486087205 200 6.45161290323
550 0.0100284373122 0.677458550992 300 6.39658848614
560 0.0206037221916 0.915269069837 100 4.56621004566
560 0.0103721986323 0.896169135103 200 6.47249190939
560 0.0102962759356 0.700969219319 300 6.06060606061
570 0.0207790401117 0.909478607606 100 4.5871559633
570 0.010372475009 0.877990428923 200 6.45161290323
570 0.0100802174462 0.655729690695 300 5.859375
580 0.020806946477 0.924901708574 100 4.60829493088
580 0.0109755793899 0.877894084456 200 6.34920634921
590 0.0209148828195 0.918098601149 100 4.6511627907
590 0.0142322970936 0.874633925515 200 6.13496932515
600 0.021015661771 0.967229586206 100 4.67289719626
600 0.0155519025179 0.838043684892 200 5.9880239521
610 0.0210613071252 1.0384136644 100 4.69483568075
610 0.015549587108 0.790255006374 200 5.93471810089
620 0.021053700109 1.13961874394 100 4.73933649289
620 0.0155218036842 0.748744711318 200 5.89970501475
630 0.0213733739454 1.22559130324 100 4.80769230769
630 0.015408142075 0.739604869626 200 5.89970501475
640 0.0215057065935 1.3107966709 100 4.9504950495
640 0.015325973039 0.804353318461 200 5.95238095238
650 0.0213797634129 1.33655038341 100 5.15463917526
650 0.0153975876702 0.796655672004 200 6.07902735562
660 0.0210427216187 1.34305664996 100 5.40540540541
660 0.0155419026711 0.804673545182 200 6.23052959502
670 0.0209943907705 1.35252120032 100 5.71428571429
670 0.0155628751877 0.820898542918 200 6.4308681672
680 0.0209878864807 1.34486913351 100 6.06060606061
680 0.0155629356109 0.817527264125 200 6.64451827243
690 0.0209731358288 1.33613873008 100 6.45161290323
690 0.0155651623396 0.796575827982 200 6.87285223368
700 0.020965746238 1.33442051167 100 6.89655172414
700 0.0155656687769 0.788739495099 200 7.11743772242
710 0.0209617596774 1.335533156 100 7.40740740741
710 0.0155655600339 0.79674043554 200 7.38007380074
720 0.0209174798729 1.34760588709 100 8.0
720 0.0155710934318 0.810798792259 200 7.63358778626
730 0.0203927476493 1.32190855429 100 8.69565217391
730 0.0153539673827 0.788384302651 200 7.93650793651
740 0.0192766440776 1.2888963242 100 9.34579439252
740 0.0146506121375 0.736899447155 200 8.16326530612
750 0.0173947079825 1.06206784626 100 10.101010101
750 0.0132226678254 0.597460845064 200 8.33333333333
760 0.015957901254 0.828654011712 100 10.5263157895
760 0.0114335922949 0.469581029191 200 8.33333333333
770 0.0157206507149 0.617241310027 100 10.8695652174
770 0.0106924029277 0.369778813694 200 7.8431372549
780 0.0157088328296 0.652248260058 100 10.8695652174
780 0.010379589933 0.358663926515 200 7.06713780919
790 0.0157095359414 0.630998639748 100 10.5263157895
800 0.0167266440245 0.631051038659 100 9.43396226415
810 0.0204272202487 0.601244697401 100 8.40336134454
820 0.0208023105523 0.646747061522 100 8.0
830 0.0208807226502 0.588418339704 100 7.69230769231
840 0.0209295789058 0.480815467681 100 7.35294117647
850 0.0210231196658 0.362149835394 100 6.94444444444
860 0.0209040921183 0.681654957317 100 6.13496932515
870 0.0207077425272 0.789405527434 100 5.20833333333
880 0.0217656616904 0.87514825812 100 4.8309178744
