0 0.0238251433984 1.38584980433 100 7.63358778626
0 0.00958848934294 1.32177643892 200 7.7519379845
0 0.00610413991801 1.36318384728 300 7.77202072539
0 0.00443113132052 1.1947347157 400 8.13008130081
0 0.00441466599571 1.12248935982 500 8.01282051282
0 0.00358349405987 1.23428201753 600 7.94701986755
0 0.00310734595363 1.1974132059 700 8.49514563107
0 0.00308181602389 1.04266820009 800 8.51063829787
10 0.0213815250215 1.21998571843 100 8.13008130081
10 0.00869102349048 1.1451212979 200 7.96812749004
10 0.00563031189603 1.11211260437 300 7.91556728232
10 0.00411969288564 0.929867572866 400 8.26446280992
10 0.00398463109799 0.866235264063 500 8.0
10 0.00324654456785 1.18907783463 600 8.04289544236
10 0.0028121171176 1.15875664455 700 8.58895705521
10 0.00339653541986 1.02628006426 800 8.58369098712
20 0.0181156974884 0.79083381723 100 8.54700854701
20 0.0079101641236 0.672834894396 200 8.13008130081
20 0.00524951563842 0.621431503511 300 8.04289544236
20 0.00392739031615 0.457896174081 400 8.3857442348
20 0.00335243848801 0.382887988128 500 7.93650793651
20 0.00283946338136 0.832832710642 600 8.11907983762
20 0.0024491570708 0.815045792505 700 8.66336633663
20 0.00387502936535 0.752238975844 800 8.63930885529
30 0.0167734848345 0.573939972861 100 8.84955752212
30 0.00787254930215 0.447479012821 200 8.2304526749
30 0.0052767061765 0.546081850368 300 8.13008130081
30 0.0039985414459 0.470756776814 400 8.47457627119
30 0.00314250919878 0.38495944068 500 7.88643533123
30 0.00269682969102 0.54217662791 600 8.18553888131
30 0.0023174570826 0.522523639433 700 8.72817955112
30 0.00364133761379 0.509075136008 800 8.66738894908
40 0.0163257914142 0.539879106106 100 9.00900900901
40 0.00791604367482 0.626673649761 200 8.2304526749
40 0.00536385814859 0.574764506782 300 8.17438692098
40 0.00405491058998 0.530070449786 400 8.51063829787
40 0.00319455053339 0.446368492308 500 7.84929356358
40 0.00267065155995 0.446953626473 600 8.2304526749
40 0.00228962412509 0.42209893335 700 8.78293601004
40 0.00352677759809 0.427543714138 800 8.56531049251
50 0.0158003791768 0.618669407034 100 9.09090909091
50 0.00803571625566 0.93477318492 200 8.19672131148
50 0.00566400620136 0.785235165411 300 8.19672131148
50 0.00424105036168 0.758125145047 400 8.54700854701
50 0.00332383581219 0.677781971953 500 7.84929356358
50 0.00262914977538 0.292347481348 600 8.27586206897
50 0.00225038814921 0.239054198963 700 8.80503144654
50 0.00324158804153 0.263474828098 800 8.29875518672
60 0.0157770071775 0.868930873516 100 9.09090909091
60 0.00843262449545 1.20971704588 200 8.16326530612
60 0.00613634044599 1.06480615576 300 8.21917808219
60 0.00452291346003 1.01669376935 400 8.54700854701
60 0.00353203407372 0.934734790399 500 7.86163522013
60 0.00263533728091 0.483610251429 600 8.33333333333
60 0.00225040303416 0.418441137613 700 8.77192982456
60 0.00293369281317 0.32531177006 800 8.26446280992
70 0.0160270551338 1.0212154523 100 9.17431192661
70 0.00886625078849 1.36942798315 200 8.13008130081
70 0.00651687008184 1.2054010435 300 8.26446280992
70 0.00461036785199 1.14019942967 400 8.51063829787
70 0.00369919672386 0.975117455128 500 7.87401574803
70 0.00267772127058 0.646521993325 600 8.37988826816
70 0.00256506672301 0.575944089176 700 8.70646766169
70 0.00276801766463 0.428244020567 800 8.26446280992
80 0.016025783929 1.07307404349 100 9.17431192661
80 0.00892219721771 1.34862942384 200 8.0971659919
80 0.00657902804811 1.19400896811 300 8.28729281768
80 0.00451769670498 1.12773346376 400 8.49256900212
80 0.00362281974187 0.963735960333 500 7.89889415482
80 0.00267334249714 0.627323245639 600 8.42696629213
80 0.00310330146733 0.546661308324 700 8.6741016109
80 0.00276385405986 0.40925518243 800 8.27300930714
90 0.016343030495 0.979392616739 100 8.92857142857
90 0.00901144642847 1.33760606166 200 8.03212851406
90 0.00660230114669 1.19415097046 300 8.26446280992
90 0.0044102325578 1.12273038153 400 8.4388185654
90 0.00346803729782 0.787502377023 500 7.91139240506
90 0.00267599854886 0.60990394586 600 8.47457627119
90 0.00337686038314 0.518925787225 700 8.64197530864
90 0.00278520635746 0.389947750238 800 8.26446280992
100 0.0163893834636 0.92410713629 100 8.69565217391
100 0.00904724186987 1.33206189965 200 7.93650793651
100 0.00645602193571 1.1953253741 300 8.24175824176
100 0.0041953394818 1.11656203 400 8.35073068894
100 0.003307280364 0.790084997294 500 7.92393026941
100 0.00267813885681 0.605645708933 600 8.51063829787
100 0.00343943310606 0.504489702701 700 8.62068965517
100 0.00277901660839 0.381374212166 800 8.26446280992
110 0.0166782600766 1.00848393769 100 8.40336134454
110 0.00931974389425 1.36010011587 200 7.87401574803
110 0.00642840331042 1.22142725271 300 8.24175824176
110 0.00419260869718 1.13081117733 400 8.31600831601
110 0.00326930671166 0.832317226951 500 7.93650793651
110 0.00269630132578 0.627066563859 600 8.54700854701
110 0.00337755604623 0.512385133996 700 8.62068965517
110 0.00272655166602 0.383571302015 800 8.25593395253
120 0.0173548857993 0.994280334981 100 8.06451612903
120 0.0093829750208 1.35556243248 200 7.8125
120 0.00636291756044 1.21652897709 300 8.26446280992
120 0.00417531309607 1.12074829847 400 8.24742268041
120 0.00325830588491 0.699162723423 500 7.96178343949
120 0.0026954428608 0.611459106055 600 8.59598853868
120 0.00335379331697 0.48953558757 700 8.63131935882
120 0.00273825739354 0.368873259977 800 8.25593395253
130 0.0172519186809 0.883646592891 100 7.7519379845
130 0.00895764456442 1.27352939786 200 7.78210116732
130 0.00617969331523 1.15212140271 300 8.28729281768
130 0.00397262111932 1.04674529001 400 8.06451612903
130 0.00321300701234 0.60930070261 500 8.0
130 0.00266523102183 0.518704587711 600 8.64553314121
130 0.00343912464171 0.407383628665 700 8.63131935882
130 0.00283053237045 0.324719858972 800 8.23892893924
140 0.0172109377474 0.818220669027 100 7.57575757576
140 0.00879027099247 1.18819811635 200 7.7519379845
140 0.0060330579914 1.08327205085 300 8.31024930748
140 0.00417122400588 0.970676591716 400 7.66283524904
140 0.00317432215903 0.531515648044 500 8.038585209
140 0.00264030370605 0.442182799479 600 8.68306801737
140 0.00351066139932 0.356504884227 700 8.62068965517
140 0.00290696398339 0.317353849713 800 8.15494393476
150 0.0169259911436 1.34624520126 100 7.46268656716
150 0.00880922304546 1.12334575035 200 7.7519379845
150 0.00594702195073 1.03070654458 300 8.33333333333
150 0.00432209547951 0.916460393098 400 7.59013282732
150 0.00315710058286 0.471202005434 500 8.07754442649
150 0.00262970232253 0.382600034679 600 8.72093023256
150 0.00355295632636 0.326169244083 700 8.46432889964
160 0.016449393306 1.43752152042 100 7.35294117647
160 0.00884423919292 1.0535585999 200 7.7519379845
160 0.00586889441516 0.971629660972 300 8.33333333333
160 0.00429102100383 0.856804325295 400 7.56143667297
160 0.00314606858527 0.43535278364 500 8.13008130081
160 0.00262281876779 0.348951638706 600 8.73362445415
160 0.00352417059705 0.327586954018 700 8.17757009346
170 0.01641524492 1.40351005791 100 7.29927007299
170 0.00886589322256 1.03324839508 200 7.78210116732
170 0.00578427245667 0.948664476258 300 8.31024930748
170 0.00426036449241 0.828860114078 400 7.57575757576
170 0.00314363165898 0.436978474565 500 8.18330605565
170 0.00271427550806 0.351396076749 600 8.68306801737
170 0.00350513038862 0.346437842324 700 8.13953488372
180 0.0165410797395 1.4316214594 100 7.19424460432
180 0.00896019238145 1.05441552605 200 7.8125
180 0.00563855152662 0.957869119837 300 8.26446280992
180 0.00425604172361 0.728327911171 400 7.59013282732
180 0.00314315527586 0.57586051881 500 8.23723228995
180 0.0034665617916 0.468248241802 600 8.60832137733
180 0.00348012099161 0.41468216346 700 8.13953488372
190 0.0165684126011 1.30889919893 100 7.19424460432
190 0.00899762472573 0.988695969387 200 7.87401574803
190 0.0055611567324 0.902982016202 300 8.24175824176
190 0.00416978176746 0.687957488765 400 7.63358778626
190 0.00314308224691 0.649089552752 500 8.29187396352
190 0.00407633349897 0.528410825714 600 8.57142857143
190 0.00349847864225 0.460050421438 700 8.1490104773
200 0.0163597695463 1.27279309032 100 7.19424460432
200 0.00875791343271 0.938259143708 200 7.90513833992
200 0.00540266062443 0.82943415278 300 8.24175824176
200 0.00399672798301 0.418606294857 400 7.66283524904
200 0.00314941129333 0.664442686163 500 8.36120401338
200 0.0044901359139 0.554040844166 600 8.57142857143
200 0.00363929649777 0.496911813115 700 8.15850815851
210 0.0162580949196 1.25897989233 100 7.24637681159
210 0.00855731649451 0.923171153461 200 7.96812749004
210 0.00527800294544 0.794561706889 300 8.21917808219
210 0.00393445998622 0.376079068665 400 7.72200772201
210 0.00315602871927 0.672072716826 500 8.43170320405
210 0.00465033274709 0.566849816171 600 8.59598853868
210 0.00368592025892 0.513131719009 700 8.18713450292
220 0.0164218589149 1.3022504178 100 7.29927007299
220 0.00854018310822 0.963246647089 200 8.06451612903
220 0.00527218768386 0.818461510041 300 8.24175824176
220 0.00392706332142 0.436831947446 400 7.76699029126
220 0.00314916285056 0.713490990554 500 8.50340136054
220 0.0045619529919 0.590391451169 600 8.62068965517
220 0.00362754283582 0.519264380851 700 8.20633059789
230 0.016333750271 1.11499803694 100 7.35294117647
230 0.00829026296605 0.797896760837 200 8.16326530612
230 0.00524440084659 0.649193462652 300 8.26446280992
230 0.00394519616518 0.36152236067 400 7.82778864971
230 0.00317057983649 0.786412044592 500 8.57632933105
230 0.00468693897245 0.636229383404 600 8.65800865801
230 0.00372993951059 0.541252280371 700 8.23529411765
240 0.016069221939 1.04373974225 100 7.46268656716
240 0.00807820214422 0.721491829908 200 8.26446280992
240 0.0052533326649 0.547663496959 300 8.28729281768
240 0.0039948592947 0.909917383564 400 7.88954635108
240 0.0032153530249 0.730279498767 500 8.66551126516
240 0.00482823863284 0.625836791119 600 8.69565217391
240 0.00388166529647 0.565843959407 700 8.26446280992
250 0.0158782482631 1.06022319925 100 7.63358778626
250 0.00802935799195 0.727103425431 200 8.40336134454
250 0.00534297903604 0.531522915714 300 8.26446280992
250 0.00401507502559 0.848316994102 400 7.96812749004
250 0.003231274836 0.715863576158 500 8.75656742557
250 0.00487437527873 0.642749822987 600 8.74635568513
250 0.00394075163292 0.600939464826 700 8.28402366864
260 0.0157583479665 0.955946361056 100 7.7519379845
260 0.00795679289355 0.630124261239 200 8.54700854701
260 0.00546781650849 0.420045361106 300 7.93650793651
260 0.00406323842017 0.920998302215 400 8.04828973843
260 0.00326719423515 0.765662434132 500 8.83392226148
260 0.00495219838636 0.671144455012 600 8.78477306003
260 0.00402550333233 0.610900206375 700 8.28402366864
270 0.0157311877656 0.843605232751 100 7.87401574803
270 0.00791691244782 0.539875913874 200 8.65800865801
270 0.00525725705121 0.329113327371 300 7.65306122449
270 0.0041103780789 0.95071443252 400 8.13008130081
270 0.00330052924595 0.785428311257 500 8.91265597148
270 0.00500234889088 0.681472451583 600 8.79765395894
270 0.0040882400346 0.612830083654 700 8.22561692127
280 0.0157802825139 0.683344625241 100 7.93650793651
280 0.00792603540463 0.452229110967 200 8.77192982456
280 0.00524197299883 0.270775161618 300 7.59493670886
280 0.00411296636667 0.979241331468 400 8.19672131148
280 0.00329538065626 0.794950024474 500 8.9928057554
280 0.00496837821218 0.682617703434 600 8.72093023256
280 0.00403896337721 0.609411995235 700 7.66703176342
290 0.0159449774067 0.355033387716 100 8.06451612903
290 0.00798302906004 0.345301859985 200 8.84955752212
290 0.00526969099068 0.227074757548 300 7.59493670886
290 0.00408088533879 1.07461265488 400 8.28157349896
290 0.00325413016405 0.907479728585 500 9.04159132007
290 0.00484642522746 0.803890913931 600 8.34492350487
300 0.0160864211716 0.197313183445 100 8.19672131148
300 0.00799771442365 0.291990539929 200 8.88888888889
300 0.00528512442175 0.193009207241 300 7.63358778626
300 0.00407499595966 1.04812157062 400 8.36820083682
300 0.00329994695485 0.87515816031 500 9.04159132007
300 0.00467819038525 0.778460697109 600 8.29875518672
310 0.0160891927063 0.183246249852 100 8.33333333333
310 0.00792807217722 0.260712073789 200 8.88888888889
310 0.00527161147243 0.082699293783 300 7.6726342711
310 0.00410500203444 1.07474836662 400 8.4388185654
310 0.00403156490177 0.909728970666 500 8.97666068223
310 0.00470577291447 0.804027996883 600 8.28729281768
320 0.0160886891889 0.165732444418 100 8.47457627119
320 0.00787046258126 0.221015188752 200 8.84955752212
320 0.00525518960434 0.0836764487112 300 7.71208226221
320 0.00413551652608 1.11287469347 400 8.52878464819
320 0.00524143118542 0.95455622061 500 8.91265597148
320 0.00471510283838 0.833100094106 600 8.29875518672
330 0.0161051322837 0.167913810731 100 8.54700854701
330 0.00786854708944 0.191334751848 200 8.84955752212
330 0.00524010356166 0.209364117614 300 7.77202072539
330 0.00415549301664 1.13278120547 400 8.62068965517
330 0.00576863026897 0.977292367229 500 8.89679715302
330 0.00476531893062 0.849370637299 600 8.32177531207
340 0.0160202390599 0.168203262885 100 8.69565217391
340 0.00788646968954 0.159531871409 200 8.81057268722
340 0.00528783500475 0.425284429723 300 7.8125
340 0.00417651745213 1.14807839286 400 8.71459694989
340 0.00611075106869 0.991804971931 500 8.89679715302
340 0.00482313406511 0.861420626589 600 8.33333333333
350 0.0158986777355 0.179564283674 100 8.84955752212
350 0.00801410035262 0.136504406512 200 8.77192982456
350 0.00539970977046 0.394830747432 300 7.87401574803
350 0.00417952495357 1.16731931644 400 8.79120879121
350 0.00615165105556 1.00356614365 500 8.91265597148
350 0.00482890218678 0.871661876602 600 8.356545961
360 0.0157864147959 0.15646978905 100 8.92857142857
360 0.00810184811981 0.0777279886151 200 8.73362445415
360 0.00552427029452 0.447165405825 300 7.93650793651
360 0.0042069921815 1.20908114595 400 8.88888888889
360 0.00618731256869 1.03487194092 500 8.92857142857
360 0.00485536663093 0.894429373732 600 8.36820083682
370 0.0157099310481 0.0566634833081 100 9.09090909091
370 0.00819793873564 0.0567846567372 200 8.69565217391
370 0.00566774890583 1.5869198958 300 8.0
370 0.00430214684272 1.3004266727 400 8.96860986547
370 0.00615582407739 1.10439539557 500 8.9605734767
370 0.00498722116257 0.940585073995 600 8.39160839161
380 0.0157410072815 0.150597466826 100 9.25925925926
380 0.00831378431289 0.0216809041744 200 8.58369098712
380 0.00556564688458 1.54018820544 300 8.06451612903
380 0.00421227843597 1.24790972959 400 9.07029478458
380 0.00617541368712 1.056350387 500 8.9928057554
380 0.00489953932229 0.914484107644 600 8.39160839161
390 0.0157618996087 0.195555783001 100 9.43396226415
390 0.00827280959948 0.034003296509 200 7.78210116732
390 0.00554084562122 1.53021027143 300 8.15217391304
390 0.00418017026418 1.23852375268 400 9.1533180778
390 0.00611604154592 1.04495882747 500 9.00900900901
390 0.00485939368335 0.910869825184 600 8.34492350487
400 0.0157385487992 0.169319649274 100 9.61538461538
400 0.0078779311298 0.0150906866518 200 7.43494423792
400 0.00559730699152 1.56533492827 300 8.21917808219
400 0.00421039165241 1.2714605951 400 9.23787528868
400 0.00613279514517 1.06450851407 500 8.97666068223
400 0.00487066607797 0.923928440512 600 8.16326530612
410 0.0157156730798 0.0893524867143 100 9.70873786408
410 0.00786568246347 0.0988929218397 200 7.35294117647
410 0.00571269521757 1.63645288304 300 8.31024930748
410 0.00427509273593 1.34460989879 400 9.2807424594
410 0.00621955750729 1.10859229491 500 8.51788756388
420 0.015720093866 0.0239530768718 100 9.61538461538
420 0.00788740249922 0.179831517356 200 7.32600732601
420 0.00583265159209 1.69249010977 300 8.37988826816
420 0.00442244126018 1.39872170683 400 9.25925925926
420 0.00613656205336 1.13606192724 500 8.29187396352
430 0.0157970975091 0.0543098519493 100 9.34579439252
430 0.0079070714153 0.457828357996 200 7.32600732601
430 0.00591434276556 1.75277109565 300 8.45070422535
430 0.00593192136826 1.45705243498 400 9.09090909091
430 0.00618351363137 1.16094948661 500 8.25082508251
440 0.0160198405232 0.138284795845 100 9.09090909091
440 0.00797737352902 0.517427379148 200 7.35294117647
440 0.00599437522019 1.8026009815 300 8.54700854701
440 0.00764371551336 1.49623096513 400 8.96860986547
440 0.00621424814676 1.17741290665 500 8.25082508251
450 0.0162484328464 0.199816077428 100 8.92857142857
450 0.00815219461884 0.784879224425 200 7.40740740741
450 0.00601753467882 1.83739206112 300 8.64553314121
450 0.00752168666486 1.51128664975 400 8.92857142857
450 0.00622269661108 1.18646685727 500 8.25082508251
460 0.0166630294803 0.188646062215 100 8.62068965517
460 0.00842145395445 0.951161812765 200 7.43494423792
460 0.00592017645105 1.81558777548 300 8.72093023256
460 0.00737498480732 1.47251462649 400 8.90868596882
460 0.00619613453898 1.17096353009 500 8.25082508251
470 0.016669753304 0.17788975613 100 8.40336134454
470 0.00857251669365 0.913908873477 200 7.46268656716
470 0.0058204795 1.78678728062 300 8.82352941176
470 0.0075582952324 1.43327114775 400 8.88888888889
470 0.00608112345131 1.15596629527 500 8.25082508251
480 0.0164654814479 0.18747399713 100 8.19672131148
480 0.00854751221757 2.43452665732 200 7.49063670412
480 0.0057646902746 1.77843366279 300 8.90207715134
480 0.00766533818257 1.41278658786 400 8.88888888889
480 0.00602441904369 1.15128887603 500 8.23723228995
490 0.0173560231409 0.238142986792 100 7.51879699248
490 0.00853472073321 2.44162299088 200 7.54716981132
490 0.00573739891534 1.78019342593 300 8.98203592814
490 0.00770392016846 1.40037328593 400 8.88888888889
490 0.00603677980584 1.1466698167 500 8.19672131148
500 0.0160317257641 0.287214422134 100 6.13496932515
500 0.00857166337378 2.44931557867 200 7.60456273764
500 0.00573800220579 1.78198847816 300 9.06344410876
500 0.00769263168332 1.39086732828 400 8.84955752212
500 0.00603217492888 1.14310905908 500 8.038585209
510 0.0157622255898 0.308874301132 100 5.91715976331
510 0.00862264847438 2.45645463351 200 7.69230769231
510 0.00574507412475 1.7838654434 300 9.11854103343
510 0.00770388467528 1.38110589658 400 8.4388185654
520 0.0157680069708 0.329387208083 100 5.88235294118
520 0.00867865536564 2.47294812137 200 7.78210116732
520 0.00576174279042 1.79846691945 300 9.11854103343
520 0.00758971227494 1.38599727598 400 8.01603206413
530 0.0157550982744 0.31670629697 100 5.91715976331
530 0.00864604303774 2.48077013566 200 7.93650793651
530 0.00663396935891 1.80650967261 300 9.03614457831
530 0.00751219305962 1.3883452421 400 7.98403193613
540 0.0157442080781 0.644677687612 100 6.02409638554
540 0.00847786779765 2.4276197023 200 8.0971659919
540 0.00829142147538 1.75672045666 300 8.92857142857
540 0.00729236925431 1.36268333702 400 8.01603206413
550 0.0157766158683 0.56582168879 100 6.13496932515
550 0.00839849431322 2.36735218492 200 8.26446280992
550 0.00942833070886 1.6997776347 300 8.90207715134
550 0.00714835171094 1.33569778636 400 8.04828973843
560 0.015794435764 0.949256719051 100 6.25
560 0.0082921486415 2.31082329328 200 8.4388185654
560 0.00970226948438 1.64673862375 300 8.90207715134
560 0.00705705513389 1.31353083845 400 8.06451612903
570 0.0157881183408 1.3811812794 100 6.41025641026
570 0.00809696921381 2.24170997316 200 8.62068965517
570 0.00973608556613 1.58104419782 300 8.92857142857
570 0.00683436544528 1.28654207985 400 8.11359026369
580 0.0158471212731 1.13856033273 100 6.53594771242
580 0.00799614393326 2.12868648067 200 8.81057268722
580 0.0093699707766 1.48918164857 300 8.98203592814
580 0.00656362171168 1.24514904851 400 8.1466395112
590 0.0158110365187 0.967748278543 100 6.66666666667
590 0.00794393911814 2.18546878307 200 9.00900900901
590 0.00935665488685 1.54307046108 300 9.03614457831
590 0.00652167762866 1.28143421475 400 8.1799591002
600 0.0158366907754 4.35971608764 100 6.84931506849
600 0.00795110707893 2.21128823284 200 9.21658986175
600 0.00934626438412 1.56831676162 300 9.11854103343
600 0.00656923823069 1.29874728274 400 8.2135523614
610 0.0157448195424 4.28170760823 100 7.09219858156
610 0.00788193544637 2.12726726853 200 9.47867298578
610 0.00900289090914 1.51274337768 300 9.23076923077
610 0.00634978412988 1.27517933816 400 8.26446280992
620 0.0157346670219 4.24181531861 100 7.46268656716
620 0.00786020738483 2.0802164818 200 9.85221674877
620 0.00868927114901 1.4762800539 300 9.40438871473
620 0.00613074468868 1.25096487263 400 8.35073068894
630 0.0157441046161 4.22715086548 100 7.93650793651
630 0.00786282649384 2.06542652859 200 10.2564102564
630 0.00861296741701 1.46979453877 300 9.61538461538
630 0.00608675952967 1.24756522059 400 8.45665961945
640 0.0157254097187 4.25235781745 100 8.54700854701
640 0.00785850105506 2.09239011692 200 10.752688172
640 0.00871007150634 1.49254104734 300 9.86842105263
640 0.00616772793704 1.26108339965 400 8.58369098712
650 0.0157470264697 4.32440783536 100 9.17431192661
650 0.00788146643406 2.16967653009 200 11.2359550562
650 0.00902201851838 1.55059339772 300 10.101010101
650 0.00640947239366 1.29292830223 400 8.67678958785
660 0.0160365562864 4.48470217567 100 9.80392156863
660 0.00803911043434 2.3408945 200 11.6959064327
660 0.009586731674 1.66115309016 300 10.3092783505
660 0.00683520545222 1.34521922543 400 8.69565217391
670 0.016503900593 4.62651295666 100 10.4166666667
670 0.00827285155882 2.47916081593 200 12.1212121212
670 0.0100223254945 1.73378527682 300 10.3092783505
670 0.00711543228341 1.3669477587 400 8.26446280992
680 0.0168103845284 4.70458895812 100 10.989010989
680 0.00838905075738 2.54983168603 200 12.4223602484
680 0.0102025936624 1.76467052706 300 9.49367088608
690 0.0169250071813 4.75883308482 100 11.4942528736
690 0.00846083245262 2.58526773114 200 12.5
690 0.00992891115283 1.77429819749 300 9.06344410876
700 0.0169728260479 4.33396859182 100 11.9047619048
700 0.0108210765417 2.38399849436 200 11.9047619048
700 0.00987997876115 1.62462757513 300 8.98203592814
710 0.0168561726365 4.37409638845 100 12.3456790123
710 0.0141191348115 2.40534144599 200 11.4285714286
710 0.00970532631942 1.63826048262 300 8.92857142857
720 0.0162889471562 3.45274638086 100 12.8205128205
720 0.0146355616454 1.70955100084 200 11.1731843575
720 0.00931416604809 1.15469349936 300 8.90207715134
730 0.0158108647007 3.29454984153 100 13.3333333333
730 0.0140051828329 1.60379331147 200 10.989010989
730 0.00866203189501 1.06020147728 300 8.84955752212
740 0.0157208376405 3.45768420484 100 13.698630137
740 0.0134710267151 1.76542303436 200 10.8695652174
740 0.00832848828787 1.26367304113 300 8.79765395894
750 0.0157142411121 0.0508676131675 100 14.0845070423
750 0.0133292073539 0.256076797556 200 10.752688172
750 0.00833791047276 0.422514366954 300 8.72093023256
760 0.0157097629158 0.0362058546526 100 14.2857142857
760 0.0131551783052 0.285706617445 200 10.5263157895
760 0.00829945316762 0.454780563704 300 8.37988826816
770 0.0157088352835 0.0163209824672 100 14.0845070423
770 0.0129580519488 0.322225824352 200 8.73362445415
780 0.0163469484802 0.014627293944 100 12.3456790123
780 0.0123532385953 0.375624276923 200 8.0
790 0.0239624236437 0.1365549263 100 10.3092783505
790 0.0122025778715 0.439353035414 200 7.78210116732
800 0.0267201692907 0.261750931451 100 9.43396226415
800 0.0123374901727 0.503977644796 200 7.60456273764
810 0.0265108482604 0.357402263581 100 9.00900900901
810 0.0122616580809 0.564117616869 200 7.46268656716
820 0.0263160821759 0.458240315571 100 8.62068965517
820 0.012347430664 0.625576725529 200 7.27272727273
830 0.0260895146604 0.555947112798 100 8.13008130081
830 0.0123339197951 0.683297111232 200 6.80272108844
840 0.0259691141148 0.638470673953 100 6.17283950617
850 0.0246989587585 0.725045578879 100 5.81395348837
860 0.0214846260741 0.93378847741 100 5.88235294118
870 0.0180208322091 0.877798780258 100 6.02409638554
880 0.0159506045282 0.461397380008 100 6.13496932515
890 0.0157118979278 0.156478513039 100 6.21118012422
900 0.0158507838594 0.105276880356 100 6.2893081761
910 0.015927114539 0.179807230595 100 6.32911392405
920 0.0159243478288 0.183224513729 100 6.32911392405
930 0.0158677780517 0.178259685345 100 6.2893081761
940 0.0158399307176 0.187915423662 100 6.17283950617
950 0.0158221135538 0.187653888727 100 5.84795321637
960 0.0158537374074 0.186722201521 100 5.02512562814
970 0.0158434736813 0.184235826066 100 4.36681222707
