0 0.0210461549385 0.701620336659 100 12.3456790123
0 0.0111337951409 0.822621131192 200 15.625
0 0.00773446062656 0.878369749999 300 17.6470588235
0 0.00603017519016 0.889214939839 400 19.3236714976
0 0.00492502287244 0.880430966525 500 20.4081632653
0 0.00406214236767 0.87127682347 600 21.2765957447
0 0.00347255489069 0.868278004517 700 21.875
0 0.0030292074995 0.864806444692 800 22.4089635854
10 0.0186774138071 0.566967906708 100 13.1578947368
10 0.00983825740719 0.725155324766 200 16.393442623
10 0.00682391165885 0.792405610086 300 18.2926829268
10 0.00532486994581 0.833969296242 400 19.9004975124
10 0.00432403151108 0.86194807305 500 21.0084033613
10 0.00357362928277 0.883853081517 600 21.7391304348
10 0.00305428587639 0.899849882339 700 22.3642172524
10 0.00266658947344 0.912353238001 800 22.792022792
20 0.0168937940851 0.23484272231 100 14.0845070423
20 0.00878631023613 0.422695779898 200 17.2413793103
20 0.00605176213923 0.480923327279 300 19.1082802548
20 0.00471535400979 0.561449583844 400 20.5128205128
20 0.00380069028956 0.633582420446 500 21.5517241379
20 0.0031502609893 0.677881644426 600 22.3048327138
20 0.00269433766111 0.721644233343 700 22.8013029316
20 0.00235296410246 0.746488670116 800 23.1884057971
30 0.0160506577087 0.0805824484612 100 15.1515151515
30 0.00821340490816 0.134131091201 200 18.1818181818
30 0.00560869311952 0.181302488769 300 19.8675496689
30 0.00433436177495 0.277233769111 400 21.2765957447
30 0.00348090872585 0.374225209317 500 22.1238938053
30 0.00289082761516 0.431460703905 600 22.8136882129
30 0.00247316565012 0.484457408469 700 23.2558139535
30 0.00216008608013 0.512757104332 800 23.6686390533
40 0.0157868586859 0.179712644176 100 16.393442623
40 0.00799598776726 0.0684749783064 200 19.0476190476
40 0.00542568415247 0.0434905127653 300 20.6896551724
40 0.00416220499683 0.128051142303 400 21.978021978
40 0.00332893441438 0.217796045182 500 22.7272727273
40 0.00276971812474 0.278016391387 600 23.3463035019
40 0.00236974460637 0.327579279603 700 23.7288135593
40 0.00206982065334 0.354159933373 800 24.0963855422
50 0.0157475759288 0.145692757 100 17.5438596491
50 0.0079503740561 0.0606263422668 200 20.0
50 0.00538724399475 0.0148247082101 300 21.4285714286
50 0.00412071745982 0.101997899116 400 22.5988700565
50 0.00328438697488 0.180904394941 500 23.3644859813
50 0.00273559267951 0.24311481984 600 23.8095238095
50 0.00234047454197 0.283746369838 700 24.2214532872
50 0.0020441417092 0.30802124766 800 24.4648318043
60 0.0157635290317 0.0668404311222 100 18.8679245283
60 0.00796520344871 0.0352085507204 200 20.8333333333
60 0.00540108444743 0.0288840210236 300 22.2222222222
60 0.00412325670957 0.129924906701 400 23.2558139535
60 0.00328009222764 0.207624805045 500 23.8095238095
60 0.00273363099958 0.264579244467 600 24.2914979757
60 0.0023379829017 0.301378632253 700 24.5614035088
60 0.00204123807199 0.321120930537 800 24.7678018576
70 0.0157956890303 0.0370910479335 100 19.6078431373
70 0.00799320608143 0.0341379322486 200 21.5053763441
70 0.00542417267986 0.0542955018601 300 22.9007633588
70 0.00413481771864 0.165310474948 400 23.8095238095
70 0.00328483471437 0.235863304878 500 24.2718446602
70 0.00273534556799 0.296646596375 600 24.5901639344
70 0.00233949094697 0.322543351804 700 24.9110320285
70 0.00204227644457 0.339935812532 800 25.078369906
80 0.0158157741553 0.0328984867682 100 20.4081632653
80 0.00800853913313 0.0215399845151 200 22.2222222222
80 0.00543991858579 0.0803915185956 300 23.4375
80 0.0041271829755 0.19211235916 400 24.2424242424
80 0.00328154523857 0.252371618957 500 24.6305418719
80 0.00273080888165 0.305867684829 600 25.0
80 0.00233674598446 0.332206491306 700 25.1798561151
80 0.0020398990348 0.348354550288 800 25.3164556962
90 0.0157986603734 0.0446045340941 100 21.2765957447
90 0.00798896808982 0.0191583537635 200 22.7272727273
90 0.00542374759565 0.0732213734797 300 24.0
90 0.00408508990844 0.176777047448 400 24.6913580247
90 0.00325815338011 0.235198072427 500 25.0
90 0.00271215825369 0.284011532309 600 25.2100840336
90 0.00232213375198 0.305776254281 700 25.4545454545
90 0.00202485847226 0.320991630862 800 25.5591054313
100 0.0157724411153 0.065749359009 100 22.2222222222
100 0.00797233670717 0.0460007057688 200 23.2558139535
100 0.00540113653601 0.0588419303623 300 24.3902439024
100 0.00404837760513 0.148467126405 400 25.0
100 0.00323495893927 0.207244511824 500 25.2525252525
100 0.00269221763164 0.248827151094 600 25.5319148936
100 0.00230437665658 0.270197643242 700 25.641025641
100 0.00200995606185 0.28378585291 800 25.7234726688
110 0.0157641185461 0.0986919787994 100 22.7272727273
110 0.00796819392229 0.0680709549132 200 23.8095238095
110 0.00538479496367 0.0583784021181 300 24.7933884298
110 0.00402237400025 0.137312318773 400 25.3164556962
110 0.00321773610172 0.197305869623 500 25.5102040816
110 0.00267728686169 0.228780741841 600 25.7510729614
110 0.00229119834055 0.243654402512 700 25.8302583026
110 0.00200139499965 0.257617369994 800 25.8899676375
120 0.0157648465545 0.182534343844 100 22.7272727273
120 0.00796269678792 0.0891001394221 200 24.3902439024
120 0.00536658493963 0.0546588286293 300 25.2100840336
120 0.00400497574543 0.127287378786 400 25.4777070064
120 0.00320232470308 0.185949629103 500 25.7731958763
120 0.00266449815553 0.208262875972 600 25.8620689655
120 0.00228038625443 0.218877500588 700 26.0223048327
120 0.0019926404154 0.231155137404 800 26.0586319218
130 0.0157625829315 0.224115162387 100 23.2558139535
130 0.00795919344966 0.0839226674109 200 25.0
130 0.00533666511016 0.0550888365994 300 25.4237288136
130 0.0039905196216 0.117741846345 400 25.8064516129
130 0.00318936678512 0.169293162644 500 25.9067357513
130 0.00265562892379 0.187836540194 600 26.0869565217
130 0.0022724780716 0.199856146137 700 26.1194029851
130 0.00198473203573 0.209681394224 800 26.1437908497
140 0.0157564507732 0.243308119902 100 23.8095238095
140 0.00795730854169 0.0735970109849 200 25.3164556962
140 0.00531069324112 0.0546549289461 300 25.641025641
140 0.00397824567384 0.108888354138 400 25.974025974
140 0.00318014855905 0.154569744113 500 26.0416666667
140 0.00264805939064 0.171791673963 600 26.2008733624
140 0.00226471566462 0.181002782246 700 26.2172284644
140 0.00197971605296 0.18812446588 800 26.2295081967
150 0.015765303539 0.203228997581 100 24.3902439024
150 0.00795415696886 0.0326190493241 200 25.641025641
150 0.0052909906426 0.0636350169922 300 25.8620689655
150 0.00396792204249 0.120061278076 400 26.1437908497
150 0.00317125326358 0.150054286974 500 26.1780104712
150 0.0026403796147 0.158768185088 600 26.3157894737
150 0.0022599159611 0.168211169965 700 26.3157894737
150 0.00197485372917 0.172132194673 800 26.3157894737
160 0.0157631428416 0.17661703812 100 25.0
160 0.00793593112372 0.0108976390592 200 25.974025974
160 0.00527450939799 0.0786359576996 300 26.0869565217
160 0.00395550924331 0.129060554 400 26.3157894737
160 0.00316129395147 0.1424415191 500 26.3157894737
160 0.0026318464387 0.144887373369 600 26.3157894737
160 0.00225431263425 0.149326247949 700 26.4150943396
160 0.00196955383676 0.150039743419 800 26.402640264
170 0.0157622222239 0.0994536145877 100 25.641025641
170 0.00791219212727 0.0460833378826 200 26.3157894737
170 0.00526326279263 0.0875901867406 300 26.3157894737
170 0.00394571288415 0.125873141844 400 26.4900662252
170 0.00315487518213 0.130949925088 500 26.455026455
170 0.00262689164971 0.130971941511 600 26.4317180617
170 0.00224951272696 0.131406356778 700 26.4150943396
170 0.00196669128404 0.129508634475 800 26.4900662252
180 0.0157680805048 0.0426565156208 100 25.641025641
180 0.00788944596926 0.0620834104192 200 26.3157894737
180 0.00525583991079 0.0880658782136 300 26.5486725664
180 0.00394037055766 0.117932700241 400 26.4900662252
180 0.00315111907121 0.120804862487 500 26.455026455
180 0.00262312191806 0.117591483498 600 26.5486725664
180 0.00224749050195 0.116173273892 700 26.5151515152
180 0.00196541143741 0.108334609374 800 26.4900662252
190 0.015752027858 0.0228018264888 100 26.3157894737
190 0.00786838682319 0.0472158983092 200 26.3157894737
190 0.00524554596969 0.0786211029719 300 26.5486725664
190 0.00393271901742 0.0887616542046 400 26.4900662252
190 0.0031450681022 0.0814467675086 500 26.455026455
190 0.00261965769184 0.08082510892 600 26.5486725664
190 0.00224481708941 0.0762225490696 700 26.5151515152
190 0.00196403652221 0.0623425239213 800 26.402640264
200 0.0157364212258 0.058412841254 100 25.641025641
200 0.00785937223532 0.0570230558407 200 26.3157894737
200 0.00523936756225 0.0852241005133 300 26.3157894737
200 0.00392873560923 0.071826065884 400 26.4900662252
200 0.0031422463395 0.0580486086058 500 26.455026455
200 0.00261823044327 0.0531977566661 600 26.4317180617
200 0.0022445381453 0.0459722529663 700 26.4150943396
200 0.00196469105188 0.0273425594244 800 26.402640264
210 0.0157145232058 0.0452055017287 100 25.641025641
210 0.00785501623572 0.0317089110286 200 26.3157894737
210 0.00523648088808 0.0444658037452 300 26.3157894737
210 0.00392725402785 0.0348251815606 400 26.4900662252
210 0.00314174639683 0.0230532252848 500 26.455026455
210 0.00261857226309 0.0176448977168 600 26.4317180617
210 0.0022457001771 0.00850447536917 700 26.4150943396
210 0.00196598625794 0.0129758418964 800 26.402640264
220 0.0157079822105 0.0190080486299 100 25.641025641
220 0.00785416097734 0.0160880895537 200 26.3157894737
220 0.00523641830304 0.0164339676414 300 26.3157894737
220 0.00392758574236 0.00939761066651 400 26.3157894737
220 0.00314314495978 0.0146395554309 500 26.455026455
220 0.00261999167311 0.0206374387179 600 26.4317180617
220 0.00224773738641 0.0326280303955 700 26.4150943396
220 0.00196829586378 0.053739139243 800 26.3157894737
230 0.0157107424859 0.0378228842904 100 25.641025641
230 0.00785556463846 0.0151494542992 200 25.974025974
230 0.00523801888266 0.0173352285623 300 26.3157894737
230 0.00392940124894 0.032884200346 400 26.3157894737
230 0.00314448190966 0.0396007608649 500 26.3157894737
230 0.00262262062291 0.0488601887638 600 26.4317180617
230 0.00225091021427 0.0674245706739 700 26.3157894737
230 0.001971187284 0.0824361993955 800 26.3157894737
240 0.0157128846782 0.0509359823623 100 25.641025641
240 0.00785755458111 0.0175579688059 200 25.974025974
240 0.00523968580602 0.0315967880397 300 26.3157894737
240 0.00393087115814 0.0490588893002 400 26.3157894737
240 0.00314630897352 0.0557360663255 500 26.3157894737
240 0.0026251456757 0.0647543504975 600 26.3157894737
240 0.00225223854724 0.0844549367703 700 26.3157894737
240 0.00197328590662 0.101004990146 800 26.2295081967
250 0.0157093455513 0.0364524922483 100 25.641025641
250 0.00785548902294 0.00885511901543 200 25.974025974
250 0.00523738890918 0.0165093451319 300 26.3157894737
250 0.00392941575801 0.0287015111744 400 26.3157894737
250 0.00314477889152 0.0349503732621 500 26.3157894737
250 0.00262299313767 0.0476999207749 600 26.3157894737
250 0.00225040029492 0.0683479371796 700 26.3157894737
250 0.00197140123237 0.0809180760297 800 26.2295081967
260 0.0157083238013 0.0210459993682 100 25.641025641
260 0.0078546624194 0.0221359969447 200 25.974025974
260 0.00523682774638 0.00629467374745 300 26.3157894737
260 0.00392887781543 0.0137729163602 400 26.3157894737
260 0.00314407432479 0.0263343610205 500 26.3157894737
260 0.00262256449461 0.0396287749072 600 26.3157894737
260 0.00224966222137 0.0613106619112 700 26.2172284644
260 0.00197129410065 0.0735967488114 800 26.1437908497
270 0.0157082382534 0.0666096122314 100 25.641025641
270 0.00785435780987 0.0338893079612 200 25.974025974
270 0.00523674238824 0.0086766389799 300 26.3157894737
270 0.00392812115986 0.0112939453401 400 26.3157894737
270 0.00314444350451 0.0192727471649 500 26.3157894737
270 0.0026227741151 0.0418841481959 600 26.3157894737
270 0.00224962636952 0.0561411873986 700 26.2172284644
270 0.00197129723315 0.0724458435094 800 26.1437908497
280 0.0157083132533 0.0686149323871 100 25.641025641
280 0.00785458233792 0.0251206188885 200 25.974025974
280 0.00523697685494 0.0101586827213 300 26.3157894737
280 0.00392888580217 0.0181647904794 400 26.3157894737
280 0.00314540900363 0.0266041518453 500 26.3157894737
280 0.00262285637045 0.0487590229549 600 26.2008733624
280 0.00225028162782 0.0656221456881 700 26.1194029851
280 0.00197161052232 0.079436353078 800 26.0586319218
290 0.0157081791694 0.0519746069634 100 25.641025641
290 0.00785434054343 0.0188308846896 200 25.974025974
290 0.00523744639652 0.0138096193621 300 26.3157894737
290 0.00392902197604 0.0205759148445 400 26.3157894737
290 0.00314548651331 0.0333140825382 500 26.3157894737
290 0.00262312705371 0.0574286322729 600 26.2008733624
290 0.00225093700039 0.0695035108627 700 26.1194029851
290 0.00197165031266 0.083538103432 800 26.0586319218
300 0.0157083589068 0.0336076524792 100 25.641025641
300 0.00785472735514 0.0142768483818 200 25.974025974
300 0.00523774069399 0.0222400800083 300 26.0869565217
300 0.0039295049719 0.03146598314 400 26.3157894737
300 0.0031465057293 0.048303467455 500 26.1780104712
300 0.00262374830664 0.0684049436593 600 26.2008733624
300 0.0022521990113 0.083481217317 700 26.0223048327
300 0.00197244636785 0.0927734559787 800 26.0586319218
310 0.0157085569863 0.0205561318943 100 25.641025641
310 0.0078551781563 0.0361162702256 200 25.974025974
310 0.00523765898947 0.0397137312647 300 26.0869565217
310 0.00393059116191 0.042571839682 400 26.3157894737
310 0.00314694525397 0.0666969541324 500 26.1780104712
310 0.00262467030292 0.0824189146968 600 26.0869565217
310 0.00225295949677 0.0944237193392 700 26.0223048327
310 0.00197361056721 0.10275143796 800 26.0586319218
320 0.0157082197875 0.0250388596797 100 25.641025641
320 0.00785489965757 0.0343093910619 200 25.974025974
320 0.00523799454016 0.0384128678422 300 26.0869565217
320 0.00393079277715 0.0430906429682 400 26.1437908497
320 0.00314637451373 0.0660325650358 500 26.1780104712
320 0.00262425045047 0.0804552384661 600 26.0869565217
320 0.00225201506991 0.093186750999 700 26.0223048327
320 0.00197355056783 0.101040668553 800 26.0586319218
330 0.0157081826551 0.0184050176883 100 25.641025641
330 0.00785568879239 0.0303921578792 200 25.974025974
330 0.00523807887769 0.0353891055177 300 26.0869565217
330 0.00393110750153 0.0479187311689 400 26.1437908497
330 0.00314692210193 0.0730707708655 500 26.1780104712
330 0.0026253997504 0.0838811247191 600 25.974025974
330 0.00225239356985 0.0964365857354 700 25.9259259259
330 0.00197438613525 0.104797667333 800 26.0586319218
340 0.015708383008 0.0418388402438 100 25.641025641
340 0.00785527690954 0.0323048091954 200 25.974025974
340 0.00523855920781 0.040089154531 300 26.0869565217
340 0.00393186393821 0.0580901033759 400 26.1437908497
340 0.00314728409899 0.076746794075 500 26.0416666667
340 0.00262621626381 0.0911668812719 600 25.974025974
340 0.00225297881775 0.0981128568034 700 25.9259259259
340 0.00197472391988 0.113324030658 800 26.0586319218
350 0.0157086877672 0.0439608484132 100 25.641025641
350 0.00785519984525 0.0364187713713 200 25.974025974
350 0.00523933267986 0.0395747169594 300 26.0869565217
350 0.00393171442253 0.0645865244451 400 26.1437908497
350 0.00314783049571 0.0818277780614 500 26.0416666667
350 0.00262646833498 0.0932522377935 600 25.974025974
350 0.00225380823944 0.0999987384958 700 25.9259259259
350 0.00197480887443 0.127183735326 800 26.0586319218
360 0.0157090380518 0.035059610045 100 25.641025641
360 0.00785610268559 0.0332535729953 200 25.974025974
360 0.00524008748426 0.0387234382703 300 26.0869565217
360 0.00393207887616 0.0688217809209 400 26.1437908497
360 0.00314828759763 0.0822404769294 500 25.9067357513
360 0.00262627184104 0.0966625412601 600 25.8620689655
360 0.00225466734258 0.105135093818 700 25.9259259259
360 0.00197538657607 0.131125416737 800 26.1437908497
370 0.0157099267967 0.0436232053247 100 25.641025641
370 0.00785606848515 0.0385526431116 200 25.974025974
370 0.00524035799705 0.0518347459857 300 26.0869565217
370 0.00393250957246 0.0822321224072 400 25.974025974
370 0.00314941114624 0.0910128465224 500 25.9067357513
370 0.00262668415881 0.102184804407 600 25.8620689655
370 0.00225521388175 0.108125801125 700 26.0223048327
370 0.00197586365602 0.138288325158 800 26.1437908497
380 0.0157085822778 0.023239213554 100 25.641025641
380 0.00785640396879 0.0290546144514 200 25.974025974
380 0.00524082062594 0.0519479246494 300 26.0869565217
380 0.00393270074812 0.072926802908 400 25.974025974
380 0.00314978601099 0.0905866460814 500 25.9067357513
380 0.00262696300553 0.0931825419646 600 25.8620689655
380 0.00225506106886 0.114681168357 700 26.0223048327
380 0.00197602034946 0.135084960751 800 26.1437908497
390 0.015708777339 0.026567587278 100 25.641025641
390 0.00785724484162 0.0246218509034 200 25.974025974
390 0.00524045151002 0.0545942397309 300 25.8620689655
390 0.00393298453628 0.0751465564854 400 25.974025974
390 0.00314971754245 0.089302356378 500 25.7731958763
390 0.00262766696807 0.0963068518814 600 25.8620689655
390 0.00225510121862 0.125220806455 700 26.0223048327
390 0.00197647018599 0.133675142463 800 26.1437908497
400 0.0157088695592 0.0228587561265 100 25.641025641
400 0.00785695625732 0.0312888679773 200 25.974025974
400 0.00524049027766 0.0617644349912 300 25.8620689655
400 0.00393299207131 0.0734150442434 400 25.8064516129
400 0.00314896493117 0.0898613551136 500 25.7731958763
400 0.00262771856738 0.0992586996263 600 25.8620689655
400 0.00225492010676 0.125999819735 700 26.0223048327
400 0.00197639101638 0.135230350927 800 26.1437908497
410 0.0157085082747 0.0239681382553 100 25.641025641
410 0.00785704844157 0.039872669014 200 25.641025641
410 0.00524006835299 0.0710375859072 300 25.8620689655
410 0.00393342621187 0.0780317183055 400 25.8064516129
410 0.00314876692861 0.0894006460336 500 25.7731958763
410 0.00262764728031 0.0981195086913 600 25.8620689655
410 0.00225469775224 0.127486873218 700 26.1194029851
410 0.0019762951567 0.134852084298 800 26.1437908497
420 0.0157109348474 0.021858297006 100 25.641025641
420 0.00785981235353 0.0722052419882 200 25.641025641
420 0.00524192989649 0.0820449528964 300 25.8620689655
420 0.00393550481249 0.0982735220318 400 25.641025641
420 0.00315080101323 0.0996114907132 500 25.7731958763
420 0.0026289370987 0.119958195703 600 25.974025974
420 0.00225637385746 0.139385807266 700 26.1194029851
420 0.00197716237845 0.14669417481 800 26.1437908497
430 0.0157110201497 0.0171924170246 100 25.641025641
430 0.00785794464721 0.0621107747243 200 25.641025641
430 0.00524130274001 0.0799019820463 300 25.641025641
430 0.00393432725555 0.091547259846 400 25.641025641
430 0.00315060244525 0.0960914871177 500 25.7731958763
430 0.00262835188284 0.127809076848 600 25.974025974
430 0.0022562327828 0.133874394192 700 26.1194029851
430 0.00197636412127 0.142042689616 800 26.1437908497
440 0.0157105496522 0.0401529323946 100 25.0
440 0.00785781586703 0.0821654880019 200 25.641025641
440 0.00524158574566 0.081358453938 300 25.641025641
440 0.00393385628646 0.0958266265284 400 25.641025641
440 0.00315092417866 0.101298492456 500 25.7731958763
440 0.00262842290618 0.130785460108 600 25.974025974
440 0.00225650456284 0.137824688743 700 26.1194029851
440 0.00197668589372 0.156640750883 800 26.0586319218
450 0.0157112149809 0.0519029965157 100 25.0
450 0.0078577864179 0.0843616654653 200 25.641025641
450 0.00524249538415 0.0901761370633 300 25.4237288136
450 0.00393404387856 0.0944510835891 400 25.641025641
450 0.00315119932253 0.103818687725 500 25.7731958763
450 0.00262878115035 0.133361817764 600 26.0869565217
450 0.00225688918532 0.139308357043 700 26.1194029851
450 0.00197656906049 0.172309852974 800 26.0586319218
460 0.0157102891417 0.0928816503543 100 25.0
460 0.00785725997014 0.0890614890059 200 25.3164556962
460 0.00524176843536 0.0940828215632 300 25.4237288136
460 0.00393376090158 0.0932609274914 400 25.641025641
460 0.00315000977686 0.111242748846 500 25.9067357513
460 0.00262810353376 0.1282212229 600 26.0869565217
460 0.00225523993847 0.134027460847 700 26.1194029851
460 0.00197384513144 0.170019636737 800 25.974025974
470 0.0157091178772 0.0864984672638 100 25.0
470 0.0078565418727 0.0826412409586 200 25.3164556962
470 0.00524043507488 0.0876742045531 300 25.4237288136
470 0.003933477073 0.0870620684377 400 25.641025641
470 0.00314958014172 0.11793766672 500 25.9067357513
470 0.00262805391797 0.123024274929 600 26.0869565217
470 0.00225470842235 0.130815517577 700 26.1194029851
470 0.00196979196739 0.168714575203 800 25.8899676375
480 0.0157092586413 0.107764987639 100 25.0
480 0.00785732144137 0.0812089530336 200 25.3164556962
480 0.00524044503862 0.0871127530244 300 25.4237288136
480 0.00393427462795 0.0860831195804 400 25.641025641
480 0.0031500323913 0.122290376991 500 25.9067357513
480 0.00262870670484 0.127036689284 600 26.0869565217
480 0.00225519241465 0.151076657425 700 26.0223048327
480 0.00196839876611 0.172594612143 800 25.8064516129
490 0.0157088755351 0.0797929650137 100 25.0
490 0.00785743175402 0.0769480706413 200 25.3164556962
490 0.0052401949115 0.0710358884325 300 25.4237288136
490 0.00393369045649 0.0842911667455 400 25.8064516129
490 0.00314985473383 0.115145911611 500 26.0416666667
490 0.00262826556805 0.119204276057 600 26.0869565217
490 0.0022540761333 0.152792631571 700 26.0223048327
490 0.0019683154651 0.164447662422 800 25.641025641
500 0.0157093192756 0.0648357407776 100 25.0
500 0.00785793754413 0.0692601360948 200 25.0
500 0.00524116055119 0.0655361661078 300 25.4237288136
500 0.00393382666778 0.0977676390695 400 25.8064516129
500 0.00315037696612 0.110461064052 500 26.0416666667
500 0.00262768405471 0.117100246195 600 26.0869565217
500 0.0022522109838 0.156624811138 700 25.9259259259
500 0.0019699392391 0.160420722492 800 25.4777070064
510 0.0157095465475 0.066090094581 100 24.3902439024
510 0.00785744244175 0.0691549439119 200 25.0
510 0.00524180992161 0.0692926243865 300 25.4237288136
510 0.00393434212019 0.108859119347 400 25.974025974
510 0.00315144468207 0.113368549463 500 26.0416666667
510 0.00262814363976 0.123213001787 600 26.0869565217
510 0.00224906614735 0.166222130658 700 25.8302583026
510 0.00197002711034 0.162716083584 800 25.3164556962
520 0.0157103295667 0.041126814926 100 24.3902439024
520 0.00785722003488 0.0581158969092 200 25.0
520 0.00524221604744 0.0615317457147 300 25.641025641
520 0.00393453266181 0.105978589507 400 25.974025974
520 0.00315149020113 0.110453585377 500 26.1780104712
520 0.00262824907235 0.140298395248 600 26.0869565217
520 0.0022478831202 0.161392767922 700 25.7352941176
520 0.00197114935107 0.159733632348 800 25.1572327044
530 0.0157110352324 0.0644260937394 100 24.3902439024
530 0.0078575402145 0.0516356355198 200 25.0
530 0.00524215085796 0.0740776469547 300 25.641025641
530 0.00393480945276 0.108334897826 400 26.1437908497
530 0.00315135944459 0.112630338592 500 26.1780104712
530 0.00262716175414 0.151898581752 600 25.974025974
530 0.00224862243906 0.159926892341 700 25.5474452555
530 0.00197068063045 0.160689596297 800 25.0
540 0.0157106105963 0.0509122560625 100 24.3902439024
540 0.00785785996463 0.0412894840186 200 25.3164556962
540 0.00524164916669 0.0891773863516 300 25.8620689655
540 0.00393473089876 0.0976988555747 400 26.1437908497
540 0.00315005847268 0.104714243287 500 26.1780104712
540 0.00262456372649 0.14907363128 600 25.974025974
540 0.00224918533864 0.149713602466 700 25.4545454545
540 0.0019683196278 0.153999211905 800 24.6913580247
550 0.015709846326 0.055558013775 100 24.3902439024
550 0.00785834959954 0.0488033983129 200 25.3164556962
550 0.00524200309617 0.101170887364 300 26.0869565217
550 0.0039355136053 0.100183301832 400 26.3157894737
550 0.00315031331147 0.11034469858 500 26.1780104712
550 0.00262158938841 0.158437972213 600 25.8620689655
550 0.00224919777285 0.151312704591 700 25.2707581227
550 0.00196409497071 0.155685785429 800 24.3902439024
560 0.0157090499361 0.0422920404873 100 24.3902439024
560 0.007857897277 0.0428637933737 200 25.641025641
560 0.0052413664984 0.0981435835417 300 26.0869565217
560 0.00393473464648 0.0982174274313 400 26.3157894737
560 0.00314978763056 0.133075074181 500 26.1780104712
560 0.00262029532416 0.151084664524 600 25.7510729614
560 0.00224975195857 0.146702953981 700 25.0896057348
560 0.00199560894324 0.145621590671 800 23.8805970149
570 0.0157088268088 0.0217449113779 100 25.0
570 0.00785747791503 0.0486435069438 200 25.974025974
570 0.00524150060638 0.0892244823483 300 26.3157894737
570 0.00393430533564 0.092061695722 400 26.3157894737
570 0.00314824551445 0.135241920069 500 26.1780104712
570 0.00262081727839 0.141658191249 600 25.641025641
570 0.00224884638082 0.140554320463 700 24.9110320285
570 0.0021554667447 0.119969842072 800 23.3918128655
580 0.0157094355866 0.0180306978389 100 25.0
580 0.00785721557095 0.0899913160819 200 25.974025974
580 0.00524125273449 0.0828718328132 300 26.5486725664
580 0.00393300048495 0.0873419194452 400 26.4900662252
580 0.00314567992951 0.140705306156 500 26.0416666667
580 0.00262124150901 0.136263394374 600 25.4237288136
580 0.0022470178743 0.137959232263 700 24.6478873239
580 0.00240977488512 0.0862324975102 800 22.9226361032
590 0.0157104738397 0.0234892912017 100 25.641025641
590 0.00785838456277 0.096854833056 200 26.3157894737
590 0.0052429443234 0.0908261303854 300 26.5486725664
590 0.00393395174714 0.100859657737 400 26.3157894737
590 0.00314365208557 0.153002249483 500 25.9067357513
590 0.0026216776155 0.141288758788 600 25.2100840336
590 0.0022440735048 0.143933972202 700 24.1379310345
590 0.00275899964431 0.0550430787247 800 22.4719101124
600 0.0157112735369 0.0327547927423 100 25.641025641
600 0.00785873899173 0.109267834863 200 26.3157894737
600 0.00524314351339 0.098537610048 300 26.5486725664
600 0.00393444178891 0.140675982792 400 26.3157894737
600 0.00314312800536 0.153285428173 500 25.7731958763
600 0.00262277335493 0.145573728372 600 25.0
600 0.0022992454127 0.141006888956 700 23.569023569
600 0.00314128532884 0.0241074265669 800 22.0385674931
610 0.0157111244995 0.0970700091983 100 25.641025641
610 0.00785907545908 0.113025824471 200 26.6666666667
610 0.00524267327083 0.10002253538 300 26.5486725664
610 0.00393257737393 0.151553555767 400 26.1437908497
610 0.00314384227887 0.15108487423 500 25.5102040816
610 0.00262176376243 0.144226185085 600 24.6913580247
610 0.0025033717661 0.1126205598 700 23.0263157895
610 0.00335314854793 0.00866417538275 800 21.6802168022
620 0.0157096540786 0.14996012716 100 26.3157894737
620 0.00785804200327 0.0954230265944 200 26.6666666667
620 0.00524062246099 0.0901617951082 300 26.5486725664
620 0.00392923157758 0.152401471191 400 25.974025974
620 0.00314358737465 0.136030842117 500 25.2525252525
620 0.0026196036023 0.134676582688 600 24.2914979757
620 0.00283543741996 0.065158445981 700 22.4358974359
620 0.00340345721798 0.0386092270313 800 21.3903743316
630 0.0157101340133 0.1413813543 100 26.3157894737
630 0.00785846258168 0.096332018464 200 26.6666666667
630 0.00524064614405 0.102194328425 300 26.3157894737
630 0.00392752928675 0.151856181839 400 25.8064516129
630 0.00314360781085 0.133645922827 500 25.0
630 0.00262207766468 0.130424008552 600 23.7154150198
630 0.00328984464452 0.0201654576735 700 21.875
630 0.00344450885418 0.0619794991767 800 21.0526315789
640 0.0157096307547 0.163711983789 100 26.3157894737
640 0.0078580054269 0.0994795846451 200 26.3157894737
640 0.00524024193925 0.159220485205 300 26.0869565217
640 0.00392725208903 0.151111348659 400 25.4777070064
640 0.003144260555 0.136596403796 500 24.6305418719
640 0.00273630053214 0.120650044162 600 22.9885057471
640 0.00370985290319 0.0159842985129 700 21.4067278287
640 0.00377506269508 0.0781843445707 800 20.618556701
650 0.0157098278287 0.0944707225781 100 26.3157894737
650 0.00785710983885 0.0667377183955 200 26.3157894737
650 0.00523859559022 0.141360480735 300 25.8620689655
650 0.00392786005857 0.128603207112 400 25.0
650 0.00314326371625 0.122989912659 500 24.154589372
650 0.00305713823392 0.0740319521117 600 22.2222222222
650 0.00389185526129 0.0578996634449 700 20.9580838323
650 0.00347232008915 0.0863866962869 800 20.1511335013
660 0.0157102479846 0.0202146204918 100 25.641025641
660 0.00785674910773 0.0263213398555 200 25.974025974
660 0.00523628777992 0.126933566812 300 25.4237288136
660 0.00392782335522 0.10676536852 400 24.6913580247
660 0.00314201354033 0.104239198562 500 23.5849056604
660 0.00349453533059 0.0207604726751 600 21.5827338129
660 0.00392428306329 0.095713866805 700 20.5882352941
660 0.00294724221936 0.0761350881327 800 19.7044334975
670 0.015710665767 0.02761019065 100 25.641025641
670 0.00785684451107 0.0884115995641 200 25.641025641
670 0.0052360162759 0.129418457305 300 25.2100840336
670 0.00392841332589 0.10666257193 400 24.2424242424
670 0.00317226926525 0.101009518481 500 22.8310502283
670 0.00405218557126 0.037695408609 600 20.979020979
670 0.00403893858862 0.114466346061 700 20.2312138728
670 0.00259568256865 0.0429486284426 800 19.3236714976
680 0.0157100861115 0.0289701643997 100 25.641025641
680 0.00785610935608 0.123377728915 200 25.3164556962
680 0.00523611474405 0.12285298239 300 24.7933884298
680 0.00392864744478 0.105181187722 400 23.8095238095
680 0.00340087114092 0.0798908364519 500 22.0264317181
680 0.00446478731662 0.0801506659082 600 20.4778156997
680 0.00437203391226 0.129675313661 700 19.7183098592
690 0.0157090730933 0.0391599470682 100 25.641025641
690 0.00785456826122 0.143339135612 200 25.0
690 0.00523627379454 0.11232074805 300 24.3902439024
690 0.00392787720353 0.105594788255 400 23.2558139535
690 0.00381834455517 0.0359938084597 500 21.2765957447
690 0.00458793703955 0.11130942639 600 20.0668896321
690 0.00375904070087 0.118974734647 700 19.2837465565
700 0.0157089295685 0.0380660827233 100 25.0
700 0.00785460616706 0.1640977576 200 24.6913580247
700 0.00523648573883 0.111340875174 300 23.8095238095
700 0.00392944152845 0.102606066687 400 22.5988700565
700 0.00440593708613 0.0445774664219 500 20.5761316872
700 0.0046206728755 0.138684082876 600 19.7368421053
700 0.00316340712868 0.0900038352009 700 18.8172043011
710 0.0157091049339 0.165647548745 100 24.3902439024
710 0.00785564036269 0.152208900382 200 24.3902439024
710 0.00523702141697 0.107505346581 300 23.4375
710 0.00402665342865 0.0924030612234 400 21.7391304348
710 0.00504318582096 0.0929583082394 500 20.0
710 0.00486890084914 0.163360551325 600 19.2926045016
710 0.00291527049623 0.0593941277442 700 18.4696569921
720 0.0157084759183 0.214944223748 100 24.3902439024
720 0.00785482554682 0.142335649844 200 23.8095238095
720 0.00523687407774 0.109186144353 300 22.9007633588
720 0.00440833349624 0.0669044080391 400 20.8333333333
720 0.00546118410093 0.136965230271 500 19.4552529183
720 0.00490681076716 0.171708527866 600 18.8087774295
730 0.0157082068546 0.271493572446 100 23.8095238095
730 0.00785429822745 0.144355721653 200 23.2558139535
730 0.00523680982524 0.115976710807 300 22.2222222222
730 0.00494135322164 0.0448321662222 400 20.1005025126
730 0.00554080336872 0.159363356134 500 19.0839694656
730 0.00421723712849 0.14597608221 600 18.3486238532
740 0.0157122469158 0.280512461194 100 23.2558139535
740 0.00785440226705 0.133780793108 200 22.7272727273
740 0.00524487576587 0.107167654464 300 21.5827338129
740 0.00567558711498 0.0886951272951 400 19.4174757282
740 0.0055814121962 0.190045326054 500 18.7265917603
740 0.00361145921568 0.113758311678 600 17.9640718563
750 0.015715655314 0.121743966213 100 23.2558139535
750 0.0078545766165 0.0655872306583 200 22.4719101124
750 0.00541993718526 0.0495365511289 300 20.5479452055
750 0.00641964460331 0.17094456025 400 18.8679245283
750 0.00594094647286 0.235741291015 500 18.315018315
750 0.00338019225527 0.09379189949 600 17.6470588235
760 0.0157112253267 0.06159910717 100 22.7272727273
760 0.00785447508056 0.0452781422293 200 21.978021978
760 0.00589175293932 0.0242693931137 300 19.7368421053
760 0.00684394715401 0.217787067307 400 18.4331797235
760 0.00587094355524 0.243097087203 500 17.9211469534
770 0.0157081018801 0.0305066725645 100 22.2222222222
770 0.00785472525583 0.0454213021789 200 21.2765957447
770 0.00653473484184 0.0802943668016 300 18.9873417722
770 0.00691803318736 0.249508594414 400 18.0995475113
770 0.0051096305882 0.219814772234 500 17.4825174825
780 0.0157099530176 0.0287311933221 100 21.7391304348
780 0.00785738731943 0.057810076014 200 20.4081632653
780 0.00736810805018 0.147832385921 300 18.2926829268
780 0.00690225012717 0.275288725203 400 17.7777777778
780 0.00441260044124 0.176828847165 500 17.0648464164
790 0.0157162235695 0.0510253683969 100 21.2765957447
790 0.00799735948857 0.0635292666825 200 19.4174757282
790 0.00827108793322 0.208959531246 300 17.7514792899
790 0.00720101794075 0.298357201707 400 17.3913043478
790 0.00412403322013 0.12906305665 500 16.7785234899
800 0.0157147746648 0.0666597331821 100 20.8333333333
800 0.00854314528545 0.0290164684622 200 18.5185185185
800 0.00891742734087 0.270217663093 300 17.3410404624
800 0.0076484871884 0.311264617683 400 17.0212765957
810 0.0157094295238 0.0662481717467 100 20.4081632653
810 0.00944436843372 0.0901953479403 200 17.6991150442
810 0.00918548965481 0.323806817915 300 17.0454545455
810 0.00671185760784 0.295224634301 400 16.6666666667
820 0.0157090372333 0.0692808276187 100 19.6078431373
820 0.0105008512951 0.197317540817 200 17.094017094
820 0.00923580678158 0.363845496862 300 16.7597765363
820 0.00583646154741 0.250952194088 400 16.2601626016
830 0.0158096913526 0.0494597381566 100 18.1818181818
830 0.0118192795165 0.312146460672 200 16.5289256198
830 0.00938348075148 0.40373096123 300 16.4835164835
830 0.00522184743276 0.20184467963 400 16.0
840 0.0164636462139 0.016971529225 100 16.9491525424
840 0.013087148808 0.414059872798 200 16.0
840 0.0100929580967 0.43235083747 300 16.1290322581
840 0.00505559020472 0.152949387973 400 15.8102766798
850 0.0176918591631 0.117939182063 100 16.1290322581
850 0.0136976228553 0.476847569231 200 15.7480314961
850 0.00968179021649 0.430116241426 300 15.7894736842
860 0.0192104186388 0.289200074751 100 15.3846153846
860 0.0138358115995 0.537239321015 200 15.503875969
860 0.00871127233267 0.406720553077 300 15.5440414508
870 0.0209318794507 0.445728301483 100 14.9253731343
870 0.0138060886248 0.575284427888 200 15.503875969
870 0.00780535529204 0.35823160911 300 15.306122449
880 0.0222475652816 0.55810418932 100 14.7058823529
880 0.0135285201631 0.630103009951 200 15.503875969
880 0.00733309437035 0.341207832222 300 15.2284263959
890 0.0227679597883 0.606694583739 100 14.7058823529
890 0.0132481881283 0.690548750365 200 15.625
890 0.00745310111781 0.352721715679 300 15.2284263959
900 0.0224535409517 0.66500851238 100 14.9253731343
900 0.0133547563796 0.773846538048 200 15.503875969
900 0.00796136983107 0.392875140214 300 15.306122449
910 0.0215125739802 0.685062242158 100 15.1515151515
910 0.013581903077 0.809243398677 200 15.503875969
920 0.0202900261925 0.69692834694 100 15.3846153846
920 0.0138782528572 0.807109704059 200 15.503875969
930 0.0189600914208 0.682506275843 100 15.625
930 0.0141743411835 0.779854353974 200 15.3846153846
940 0.0176971486244 0.612177020572 100 15.873015873
940 0.0143233403945 0.719366486337 200 15.3846153846
950 0.0167917808041 0.472060103187 100 16.1290322581
950 0.014181661191 0.635989318378 200 15.3846153846
960 0.0165306324827 0.308709072637 100 16.1290322581
960 0.0135696249352 0.561023402558 200 15.3846153846
970 0.0169499019083 0.209401131782 100 15.873015873
980 0.0182478217294 0.247794736379 100 15.3846153846
990 0.0200118391081 0.380813856034 100 14.9253731343
1000 0.0223037870585 0.544996111849 100 14.4927536232
1010 0.0238956842264 0.676244050756 100 14.2857142857
1020 0.02340740976 0.737021191632 100 14.4927536232
