0 0.0201974053512 0.46209660271 100 6.25
0 0.00849436509978 0.667344477545 200 6.66666666667
0 0.00655416349986 0.738394235498 300 7.17703349282
0 0.00515545831428 0.864951383856 400 7.28597449909
0 0.00383706529527 0.928227136192 500 7.56429652042
10 0.0198787274625 0.561595680738 100 6.17283950617
10 0.0085479364512 0.707689098374 200 6.66666666667
10 0.00662443377345 0.783535275572 300 7.17703349282
10 0.0051318258724 0.902932572714 400 7.28597449909
10 0.00386065563128 0.957979710162 500 7.54147812971
20 0.0199036672127 0.705882547175 100 6.06060606061
20 0.00865893555588 0.765814441981 200 6.66666666667
20 0.00671226624258 0.84302341499 300 7.19424460432
20 0.0051335194871 0.957106695117 400 7.28597449909
20 0.00387335964368 1.00002146735 500 7.53012048193
30 0.0200549844136 0.853419538416 100 5.91715976331
30 0.00880257274182 0.823785101383 200 6.6889632107
30 0.00679429934254 0.902959054411 300 7.21153846154
30 0.00514465421908 1.00760260046 400 7.29927007299
30 0.00386358064733 1.04115183207 500 7.50750750751
40 0.0195293098344 1.00960653908 100 5.81395348837
40 0.00899270444632 0.891293516082 200 6.73400673401
40 0.00690422657217 0.96791589282 300 7.24637681159
40 0.00514625475388 1.06334929966 400 7.32600732601
40 0.0038701520649 1.08818275215 500 7.47384155456
50 0.0189591496905 1.10777617291 100 5.88235294118
50 0.00903566979263 0.924814981618 200 6.80272108844
50 0.0069486557299 1.00133928047 300 7.28155339806
50 0.00506080572756 1.08557008242 400 7.3664825046
50 0.0038511261308 1.1022887364 500 7.40740740741
60 0.0183925669008 1.1394693977 100 6.02409638554
60 0.00891542977005 0.904225658526 200 6.92041522491
60 0.00685115408822 0.978256485558 300 7.37100737101
60 0.00490162994221 1.05777612061 400 7.43494423792
60 0.00371804079019 1.06823827234 500 7.35294117647
70 0.0177425703927 1.065801258 100 6.25
70 0.00867250459076 0.806380574895 200 7.09219858156
70 0.00662189075057 0.876292420139 300 7.5
70 0.00469991185499 0.951134000216 400 7.5329566855
70 0.00347006734127 0.956773620413 500 7.36377025037
80 0.0167345643948 0.833285647186 100 6.53594771242
80 0.00825713870525 0.626430371826 200 7.24637681159
80 0.00617974649107 0.667815159879 300 7.63358778626
80 0.00438294887646 0.719375839719 400 7.63358778626
80 0.00337961729267 0.720856257344 500 7.37463126844
90 0.0157830170775 0.640158679379 100 6.75675675676
90 0.00787290428028 0.754899828611 200 7.40740740741
90 0.00557276717211 0.706676710521 300 7.7519379845
90 0.00402480945104 0.661141150796 400 7.72200772201
90 0.00319463393936 0.670506818391 500 7.34214390602
100 0.0160235847777 1.03078982958 100 6.89655172414
100 0.00802057839993 1.22912031618 200 7.51879699248
100 0.00524784903342 1.1688406848 300 7.83289817232
100 0.00393976611308 1.11052789639 400 7.79727095517
110 0.016547421845 1.22691598783 100 6.84931506849
110 0.00813533152999 1.37058785314 200 7.54716981132
110 0.00524153655977 1.31042292442 300 7.87401574803
110 0.00399663472798 1.26427803066 400 7.85854616896
120 0.0167975384248 1.26591880008 100 6.80272108844
120 0.00805140251186 1.38964873876 200 7.54716981132
120 0.00524751531839 1.31320379103 300 7.85340314136
120 0.00400089763039 1.27203668947 400 7.88954635108
130 0.016907670519 1.26957808823 100 6.84931506849
130 0.00797596594764 1.37781788122 200 7.57575757576
130 0.00524328149818 1.28832359078 300 7.7519379845
130 0.00398647834862 1.24898237194 400 7.90513833992
140 0.0169302810652 1.28741870459 100 6.89655172414
140 0.00792588106087 1.36307932093 200 7.63358778626
140 0.0052380533726 1.26203290395 300 7.71208226221
140 0.00397459249413 1.22797894789 400 7.92079207921
150 0.017002829088 1.29391209456 100 6.99300699301
150 0.00789005874611 1.35127771017 200 7.66283524904
150 0.00523756944843 1.23355678663 300 7.69230769231
150 0.00396513148548 1.20168350559 400 7.95228628231
160 0.0168867681555 1.29154614142 100 7.04225352113
160 0.00786415658984 1.30583015596 200 7.72200772201
160 0.00524222392987 1.17456483748 300 7.69230769231
160 0.00394808280081 1.14582610869 400 7.96812749004
170 0.016643020778 1.28345409837 100 7.14285714286
170 0.00785444866467 1.2622297763 200 7.78210116732
170 0.0052482645522 1.12082927299 300 7.71208226221
170 0.00393562040527 1.0968407855 400 7.96812749004
180 0.0164837611772 1.3062129922 100 7.24637681159
180 0.007856279133 1.24577860787 200 7.8431372549
180 0.00524897110148 1.09978286116 300 7.7519379845
180 0.00393293901224 1.08097691889 400 7.96812749004
190 0.0164271641064 1.35361419193 100 7.40740740741
190 0.00785675253774 1.26247620073 200 7.93650793651
190 0.00524519391002 1.11373873109 300 7.83289817232
190 0.0039375094878 1.10125274703 400 8.0
200 0.0162891682484 1.37126203597 100 7.63358778626
200 0.00786172735986 1.2531771998 200 8.06451612903
200 0.00524519596181 1.10817850333 300 7.89473684211
200 0.00393811409722 1.09712804344 400 8.03212851406
210 0.0159849637835 1.31338509055 100 7.87401574803
210 0.00790674167493 1.15848068757 200 8.19672131148
210 0.00526452929522 1.01064975222 300 7.97872340426
210 0.00392839381969 1.00494288649 400 8.01603206413
220 0.0157872355204 1.25110561607 100 8.0
220 0.0080204453181 1.05564535015 200 8.2304526749
220 0.00528811306206 0.90686177875 300 8.02139037433
220 0.00393081094584 0.905933499553 400 7.87401574803
230 0.015728876447 1.2029844773 100 8.06451612903
230 0.00810458056004 0.975836275765 200 8.29875518672
230 0.0052783831101 0.847609131546 300 8.04289544236
230 0.00392912014589 0.85246891533 400 7.63358778626
240 0.0157115225522 1.18001481332 100 8.13008130081
240 0.00812756012686 0.9281775322 200 8.33333333333
240 0.00527723073658 0.810093869076 300 8.10810810811
240 0.00393202155386 0.820810630403 400 7.29927007299
250 0.0157146142237 1.14299946271 100 8.19672131148
250 0.00814303312746 0.873810189028 200 8.4388185654
250 0.00527909263417 0.773105008799 300 8.17438692098
260 0.0157929117291 1.06322656759 100 8.33333333333
260 0.00819364998985 0.794134666697 200 8.47457627119
260 0.00530217262525 0.711773473018 300 8.26446280992
270 0.0160033497952 0.961607635289 100 8.33333333333
270 0.00826542116 0.711533598081 200 8.33333333333
270 0.0053486409587 0.657260488439 300 8.28729281768
280 0.0161866125645 0.873751187794 100 8.40336134454
280 0.00837985999401 0.653991604113 200 8.16326530612
280 0.00538280581691 0.620087361015 300 8.28729281768
290 0.0164303234958 0.779906036641 100 8.40336134454
290 0.00850691937178 0.611377879452 200 8.06451612903
290 0.00541879404336 0.599773578321 300 8.28729281768
300 0.0166125890988 0.692849512518 100 8.40336134454
300 0.00858371236816 0.580711970649 200 8.0
300 0.00545392946904 0.579731698122 300 8.28729281768
310 0.0166298326498 0.675289378998 100 8.40336134454
310 0.0084909806678 0.587363406952 200 8.0
310 0.0054435676731 0.589371723742 300 8.24175824176
320 0.0165952017867 0.678402200014 100 8.40336134454
320 0.00839420047009 0.59953098883 200 8.0
320 0.0054015603853 0.601954698989 300 8.19672131148
330 0.016487199167 0.690854982505 100 8.47457627119
330 0.00827688401426 0.609578007476 200 8.0
330 0.00533926426714 0.617325518728 300 8.13008130081
340 0.0164226052664 0.726998622176 100 8.40336134454
340 0.00811966533848 0.641656352208 200 7.96812749004
340 0.00529232986597 0.660653602502 300 7.93650793651
350 0.0164409527333 0.719752256827 100 8.40336134454
350 0.00800786682885 0.64809787097 200 8.0
350 0.00523857658799 0.681943718002 300 7.55667506297
360 0.0163651128399 0.710111427003 100 8.47457627119
360 0.00794414246027 0.66021175432 200 8.03212851406
360 0.00524494826635 0.702233703161 300 7.17703349282
370 0.0161893650508 0.72447106899 100 8.54700854701
370 0.00789755322381 0.692501678986 200 8.0971659919
380 0.0159744916551 0.777381613147 100 8.47457627119
380 0.00786413920481 0.754784050123 200 8.19672131148
390 0.0158454087297 0.814197894523 100 8.13008130081
390 0.00785529541979 0.810648063079 200 8.19672131148
400 0.0158223253149 0.847960164877 100 7.8125
400 0.00785513510677 0.863696987111 200 8.19672131148
410 0.0158014890204 0.868821429747 100 7.63358778626
410 0.00786161460739 0.905313791016 200 8.19672131148
420 0.0157722976177 0.873384716295 100 7.51879699248
420 0.00786526770644 0.926285913614 200 8.16326530612
430 0.0157333403093 0.892049802394 100 7.51879699248
430 0.00787231418364 0.965684778702 200 8.0971659919
440 0.0157173829178 0.919730389988 100 7.51879699248
440 0.00789030299291 1.00974016415 200 8.0
450 0.0157079784399 0.964467015271 100 7.51879699248
450 0.00792177059795 1.0627023091 200 7.87401574803
460 0.0157340907841 1.03085659055 100 7.51879699248
460 0.00795615905378 1.13758416708 200 7.54716981132
470 0.0158376215719 1.0904053818 100 7.51879699248
470 0.00816023781265 1.19369735002 200 7.04225352113
480 0.0158740519499 1.08820686488 100 7.57575757576
490 0.015872013212 1.06570815968 100 7.69230769231
500 0.0158420422376 1.04784622997 100 7.87401574803
510 0.0158202705748 1.04080753442 100 8.13008130081
520 0.0158387842051 1.06896730107 100 8.40336134454
530 0.0158631813635 1.11249130607 100 8.54700854701
540 0.0158907440962 1.14496142468 100 8.69565217391
550 0.0158788658949 1.15307563143 100 8.77192982456
560 0.0158307522461 1.14319506348 100 8.69565217391
570 0.0158304703772 1.15385939018 100 8.54700854701
580 0.0158470675936 1.17324933245 100 8.26446280992
590 0.0158100403413 1.16170672459 100 7.69230769231
600 0.0159872570364 1.10869576846 100 6.66666666667
