0 0.0157079899653 0.518233718853 100 13.5135135135
0 0.00785404036098 0.296685682862 200 13.6054421769
0 0.00523604139402 0.192988526815 300 14.0845070423
10 0.0157080266134 0.38395747697 100 13.5135135135
10 0.00785399898074 0.227169455203 200 13.698630137
10 0.00523600091822 0.148401811146 300 14.2180094787
20 0.0157083381193 0.245344049721 100 13.5135135135
20 0.00785399195502 0.159265323553 200 13.7931034483
20 0.00523602423545 0.106963936621 300 14.3540669856
30 0.0157079955749 0.196577748454 100 13.5135135135
30 0.00785398482217 0.130629717056 200 13.7931034483
30 0.005235992774 0.0934874664511 300 14.4230769231
40 0.0157081567797 0.117178145784 100 13.3333333333
40 0.00785407500272 0.0868598289659 200 13.8888888889
40 0.00523599678903 0.0926881139678 300 14.4927536232
50 0.0157082570089 0.074665419897 100 13.3333333333
50 0.00785404084619 0.0380020780478 200 13.986013986
50 0.00523600601907 0.108866157321 300 14.5631067961
60 0.0157080473235 0.0734198064424 100 13.3333333333
60 0.00785422543768 0.037177171589 200 14.0845070423
60 0.00523600470318 0.146422169045 300 14.6341463415
70 0.015708442147 0.0621522004672 100 13.3333333333
70 0.00785411426439 0.03931815235 200 14.1843971631
80 0.0157079700048 0.0791257559116 100 13.5135135135
80 0.00785398868408 0.037239683472 200 14.3884892086
90 0.0157083652447 0.0929525301505 100 13.698630137
90 0.00785402235001 0.0481487549746 200 14.598540146
100 0.0157081061591 0.0732780068117 100 13.8888888889
100 0.00785401413091 0.0477909478571 200 14.7058823529
110 0.015708010605 0.0586177220569 100 14.0845070423
110 0.00785404880394 0.0610325712765 200 14.9253731343
120 0.0157079894025 0.0159928299111 100 14.2857142857
120 0.00785410676385 0.108864553913 200 15.037593985
130 0.0157084715834 0.0179753957485 100 14.4927536232
130 0.00785405073464 0.156807901644 200 15.2671755725
140 0.0157081031201 0.0268703930365 100 14.7058823529
150 0.0157080163978 0.0320200484415 100 14.9253731343
160 0.0157080767396 0.0296320153604 100 15.1515151515
170 0.0157079854638 0.0266661214035 100 15.3846153846
180 0.0157080603244 0.080885314221 100 15.3846153846
190 0.0157080831727 0.230491241745 100 15.625
200 0.0157082749548 0.392112973814 100 15.625
