0 0.0157144467473 0.851425220404 100 9.09090909091
0 0.0108534318496 0.395861404809 200 7.63358778626
0 0.00679806362595 0.699541584994 300 7.12589073634
0 0.00507202448167 0.426155201312 400 6.90846286701
0 0.00405197976962 0.18129814499 500 7.28862973761
0 0.00261809278849 0.297506439035 600 7.27272727273
0 0.00303089294428 0.239223338934 700 7.18685831622
0 0.00273526917667 0.185774534742 800 7.3126142596
10 0.0160449423684 0.829521800438 100 8.69565217391
10 0.0108793537949 0.44354628203 200 7.7519379845
10 0.00582484253206 0.740785520124 300 7.05882352941
10 0.00503910059877 0.423216320494 400 6.94444444444
10 0.00404054277198 0.175340788932 500 7.33137829912
10 0.00261804580394 0.293815022217 600 7.29040097205
10 0.00304199519259 0.221774853403 700 7.20164609053
10 0.00279987648686 0.19284411218 800 7.33272227314
20 0.0200613000339 0.721060847016 100 8.0
20 0.0109055558298 0.49560145121 200 7.78210116732
20 0.00540522083851 0.757528092429 300 7.02576112412
20 0.00503205378619 0.400984980508 400 6.96864111498
20 0.00403382204725 0.160388551286 500 7.36377025037
20 0.00261829885624 0.292086743528 600 7.29927007299
20 0.00304017697108 0.200638781031 700 7.20164609053
20 0.00281938194862 0.191970256945 800 7.35294117647
30 0.0211899171175 0.56814161442 100 7.69230769231
30 0.010957081947 0.584770450202 200 7.7519379845
30 0.00533621004576 0.779644623217 300 7.00934579439
30 0.00502983304541 0.389080326145 400 6.96864111498
30 0.00406544192431 0.15731364078 500 7.37463126844
30 0.00261813827109 0.292373983795 600 7.29040097205
30 0.00304038177236 0.187973695154 700 7.17948717949
30 0.00276854731491 0.209500843607 800 7.35294117647
40 0.0212524462101 0.394115130095 100 7.51879699248
40 0.0110601845001 0.68311583686 200 7.66283524904
40 0.00534112647688 0.800693005749 300 6.99300699301
40 0.0050171053813 0.366761092743 400 6.95652173913
40 0.00407230277845 0.146586043939 500 7.37463126844
40 0.00261823759757 0.289602660562 600 7.25513905683
40 0.00308897617682 0.170686242389 700 7.13557594292
40 0.00275321430962 0.222445726773 800 7.34618916437
50 0.0212587662007 0.292514386082 100 7.35294117647
50 0.0114666792583 0.801068762238 200 7.51879699248
50 0.00533623696966 0.82486384442 300 6.96055684455
50 0.00500172161831 0.341999598816 400 6.93240901213
50 0.00408884760738 0.137071217414 500 7.36377025037
50 0.00268374540032 0.283019401193 600 7.14285714286
50 0.00313929856649 0.159214810088 700 7.10659898477
50 0.00275491559854 0.241426572888 800 7.32600732601
60 0.0213882341673 0.391013005348 100 7.14285714286
60 0.0113531733345 0.917588028365 200 7.35294117647
60 0.00532165365523 0.843969703446 300 6.92840646651
60 0.0050566272466 0.31759150392 400 6.92041522491
60 0.0041023840381 0.132970794842 500 7.34214390602
60 0.00340679767873 0.254579034702 600 7.02576112412
60 0.00310340365601 0.158573788976 700 7.09939148073
60 0.0027314223023 0.262609270757 800 7.29261622607
70 0.021564696592 0.581729181555 100 6.84931506849
70 0.0106784524632 1.02580964888 200 7.14285714286
70 0.00528724785172 0.85322541741 300 6.78733031674
70 0.00506908980946 0.285405119738 400 6.89655172414
70 0.00410265047837 0.130355705044 500 7.30994152047
70 0.00357186634159 0.217849680914 600 6.97674418605
70 0.00308569423784 0.162633292979 700 7.09219858156
70 0.00277395612234 0.279826179856 800 7.20720720721
80 0.0217622022809 0.751073599396 100 6.62251655629
80 0.0112279025347 1.11264137993 200 6.89655172414
80 0.00606371599651 0.820159900384 300 6.53594771242
80 0.00506533174652 0.252091276833 400 6.88468158348
80 0.00406351483037 0.149630214226 500 7.24637681159
80 0.00353811869805 0.199183018497 600 6.95249130939
80 0.00306848890532 0.175235313529 700 7.08502024291
80 0.00329695503517 0.301634532268 800 7.0796460177
90 0.02191795021 0.91998044816 100 6.49350649351
90 0.0115006703574 1.2143388078 200 6.66666666667
90 0.00696749411784 0.777253184323 300 6.36942675159
90 0.00505673776066 0.224210349528 400 6.88468158348
90 0.00369012815968 0.16981963009 500 7.10227272727
90 0.00355142557487 0.178293142283 600 6.92840646651
90 0.00307406739469 0.189781747735 700 7.07785642063
90 0.00385512038405 0.315218216043 800 7.03605980651
100 0.0221195666048 1.13949036406 100 6.45161290323
100 0.0114256883445 1.33299884134 200 6.51465798046
100 0.00675663541381 0.767081060062 300 6.34249471459
100 0.00499255185855 0.211632877584 400 6.89655172414
100 0.00315460416628 0.175839805686 500 6.98324022346
100 0.0035881255957 0.151316520953 600 6.92041522491
100 0.00312880836151 0.211809643983 700 7.08502024291
100 0.00367675637706 0.332693371637 800 7.02370500439
110 0.0219562987189 1.26590463563 100 6.57894736842
110 0.0102164155382 1.38712303192 200 6.41025641026
110 0.00667949309287 0.740428179745 300 6.3829787234
110 0.00500894256905 0.190931096376 400 6.93240901213
110 0.00314283930825 0.180598368109 500 6.98324022346
110 0.0035765210927 0.142094787523 600 6.94444444444
110 0.00316970589874 0.22250542299 700 7.10659898477
110 0.00359241401539 0.333324085544 800 7.03605980651
120 0.0205978987596 1.12959046663 100 6.80272108844
120 0.00863833043992 1.20581858005 200 6.41025641026
120 0.00710114920406 0.551156256454 300 6.46551724138
120 0.00533603242955 0.117765647696 400 7.00525394046
120 0.00315856788274 0.217738258171 500 7.0323488045
120 0.00335957274653 0.172375527858 600 6.97674418605
120 0.00301012070149 0.163626342663 700 7.15015321757
120 0.00377452401452 0.250716732761 800 7.06713780919
130 0.0182011539155 0.707289686562 100 7.09219858156
130 0.0078542679086 0.744591555832 200 6.47249190939
130 0.00806890804989 0.293373440364 300 6.55021834061
130 0.00606488378637 0.148953230876 400 7.09219858156
130 0.00335392687346 0.269710506157 500 7.0821529745
130 0.00297796510331 0.269833220638 600 7.01754385965
130 0.00268151431785 0.192059439196 700 7.19424460432
130 0.00365974664757 0.145946497973 800 7.10479573712
140 0.0162856187226 0.511261576321 100 7.40740740741
140 0.00850750877601 0.517062585199 200 6.55737704918
140 0.00933211563913 0.477858716008 300 6.62251655629
140 0.0070106096582 0.263245693492 400 7.16845878136
140 0.00381213472134 0.260982633973 500 7.14285714286
140 0.0026832284709 0.340394355229 600 7.05882352941
140 0.00237385650125 0.336950897105 700 7.23888314374
140 0.00315402929857 0.242284131277 800 7.136485281
150 0.0157661245755 0.799546692096 100 7.63358778626
150 0.00943704232443 0.810082778177 200 6.64451827243
150 0.0101134849626 0.640752074383 300 6.69642857143
150 0.00761623138274 0.290773502076 400 7.23327305606
150 0.00418023030008 0.239435476715 500 7.18390804598
150 0.00261992812123 0.353014614219 600 7.08382526564
150 0.00226579250999 0.40385817005 700 7.27650727651
150 0.00285628148664 0.321697612227 800 7.16845878136
160 0.0157469210123 0.837501104382 100 7.7519379845
160 0.00963765007711 0.867483227456 200 6.6889632107
160 0.0102123766249 0.626042170797 300 6.74157303371
160 0.00772156716488 0.270357773364 400 7.28597449909
160 0.00425338623139 0.247529491241 500 7.20461095101
160 0.00261815707428 0.35395936615 600 7.09219858156
160 0.00225257424767 0.410097491885 700 7.29927007299
160 0.00281834704875 0.314693717461 800 7.17488789238
170 0.0157599244252 0.87776102879 100 7.7519379845
170 0.00964244616461 0.912694914536 200 6.71140939597
170 0.0102133965472 0.597743100337 300 6.75675675676
170 0.0077326636916 0.249086196098 400 7.3126142596
170 0.00426616820824 0.259823661561 500 7.20461095101
170 0.00261911099866 0.360138648594 600 7.06713780919
170 0.00225031937773 0.414210161785 700 7.3145245559
170 0.00307785833232 0.296591320609 800 7.14285714286
180 0.0158420984529 0.918690367374 100 7.63358778626
180 0.00966093150174 0.952057271436 200 6.73400673401
180 0.0102005048167 0.564319898819 300 6.77200902935
180 0.0077801848241 0.229211706645 400 7.33944954128
180 0.00418940524129 0.278876325371 500 7.14285714286
180 0.00262312205205 0.365960358286 600 7.05882352941
180 0.0022511015472 0.418658492873 700 7.30688935282
180 0.00379684869959 0.277183050729 800 7.09849157054
190 0.015885961807 0.898296808129 100 7.57575757576
190 0.00971797235106 0.975530587784 200 6.75675675676
190 0.0102590306908 0.520019829143 300 6.78733031674
190 0.00776026145071 0.2005435456 400 7.35294117647
190 0.00338324119731 0.291414232437 500 7.0323488045
190 0.00262208735597 0.366203934289 600 7.05882352941
190 0.00224734936718 0.418758590531 700 7.30688935282
190 0.0038609497784 0.258792182916 800 7.0796460177
200 0.0158154867234 0.894244185112 100 7.46268656716
200 0.00981302329758 1.00086493825 200 6.77966101695
200 0.0103219738722 0.479244902207 300 6.81818181818
200 0.00775854547365 0.178487008044 400 7.38007380074
200 0.00314838123199 0.294795979689 500 6.98324022346
200 0.0026189317958 0.366689638887 600 7.07547169811
200 0.00224616000398 0.418807571596 700 7.30688935282
200 0.00386222188142 0.243156369715 800 7.0796460177
210 0.0157336905061 0.882746291522 100 7.40740740741
210 0.00988807287037 1.01214358896 200 6.75675675676
210 0.0103268889059 0.437356567764 300 6.86498855835
210 0.00776247176868 0.160358884513 400 7.40740740741
210 0.00314160597362 0.291032292046 500 6.98324022346
210 0.00261855775884 0.362226164706 600 7.10900473934
210 0.00224733210855 0.414403833275 700 7.27650727651
210 0.00385059839301 0.227040432178 800 7.09219858156
220 0.0157127537462 0.931762149194 100 7.29927007299
220 0.0109815456656 1.05221635323 200 6.64451827243
220 0.010378583415 0.403836177681 300 6.91244239631
220 0.00775235744372 0.148405000046 400 7.40740740741
220 0.00314346071303 0.285261045992 500 6.99300699301
220 0.00261820654609 0.36286715989 600 7.13436385256
220 0.00226006386367 0.419700790682 700 7.19424460432
220 0.00388769738373 0.218037890563 800 7.11111111111
230 0.0157434811823 0.935346138884 100 7.04225352113
230 0.0146801264093 1.01897716611 200 6.4308681672
230 0.0103650172098 0.362254145891 300 6.96055684455
230 0.00775515236278 0.146335575252 400 7.39371534196
230 0.00314573992913 0.281743948945 500 7.00280112045
230 0.00261899676796 0.362252589943 600 7.15137067938
230 0.00243619379337 0.41037628066 700 7.13557594292
230 0.00388252501313 0.205031545717 800 7.12377560107
240 0.0157790521967 0.946493695551 100 6.80272108844
240 0.0152497141753 0.948467283116 200 6.30914826498
240 0.0103441646251 0.319009200875 300 6.99300699301
240 0.0076095026226 0.158126636755 400 7.3126142596
240 0.00314705983085 0.280148419945 500 7.0126227209
240 0.00261979728798 0.362647713468 600 7.16845878136
240 0.0027219665687 0.392044318968 700 7.11382113821
240 0.00389111870327 0.197572450558 800 7.136485281
250 0.0157642023745 0.939031152011 100 6.62251655629
250 0.0152552251365 0.86227967324 200 6.26959247649
250 0.0103569377435 0.277973577414 300 7.02576112412
250 0.0062027333177 0.185164894477 400 7.14285714286
250 0.00314722096026 0.280039287563 500 7.0126227209
250 0.00261928972462 0.361814934329 600 7.18562874251
250 0.00298912871903 0.36715368586 700 7.10659898477
250 0.00389902004688 0.189165588807 800 7.14285714286
260 0.0158389633835 0.9168241012 100 6.21118012422
260 0.0155746227063 0.774398226529 200 6.26959247649
260 0.0103964584302 0.243385590525 300 7.04225352113
260 0.00543147922646 0.209307849664 400 7.0796460177
260 0.00314533413514 0.285148181629 500 7.00280112045
260 0.00261846631652 0.361925037685 600 7.19424460432
260 0.00315983059387 0.335437794584 700 7.09939148073
260 0.00389374385847 0.180542910921 800 7.14924039321
270 0.0183348316626 0.937952135398 100 5.88235294118
270 0.0155750219993 0.69091076856 200 6.26959247649
270 0.010395579573 0.215040886944 300 7.05882352941
270 0.00543052516874 0.227552217481 400 7.06713780919
270 0.00314462625571 0.285005513745 500 6.99300699301
270 0.00262431912074 0.358606760559 600 7.20288115246
270 0.00318305442056 0.303205040481 700 7.09219858156
270 0.00389506465799 0.171379828513 800 7.15563506261
280 0.0197250358956 0.972395744815 100 5.81395348837
280 0.0155933913261 0.618857333529 200 6.2893081761
280 0.0103758632977 0.201781028937 300 7.09219858156
280 0.00545008784177 0.249436539052 400 7.06713780919
280 0.00314530932716 0.286818983753 500 6.97350069735
280 0.00262203072303 0.356453487813 600 7.21153846154
280 0.00312666222731 0.276241540812 700 7.09219858156
280 0.00389259837447 0.1615966302 800 7.16845878136
290 0.0199435521713 1.0190892939 100 5.84795321637
290 0.0156146760275 0.552372828909 200 6.30914826498
290 0.0103165528977 0.203838533651 300 7.12589073634
290 0.00551198898084 0.272622551696 400 7.06713780919
290 0.00314830180831 0.285189451997 500 6.95410292072
290 0.00261855881126 0.354622517497 600 7.2202166065
290 0.00312297380128 0.252923897795 700 7.08502024291
290 0.00387491409736 0.146439699789 800 7.18778077269
300 0.0200617429882 1.07409297018 100 5.88235294118
300 0.0155638828162 0.484157011525 200 6.32911392405
300 0.0102444330255 0.220474641137 300 7.15990453461
300 0.00556524422429 0.289230197524 400 7.05467372134
300 0.00314555376387 0.279649647338 500 6.93481276006
300 0.00261904270364 0.34976427752 600 7.23763570567
300 0.00351856648305 0.225453856909 700 7.04934541793
300 0.00385747760529 0.129800604324 800 7.20720720721
310 0.020579216989 1.15364548703 100 5.95238095238
310 0.0152850424792 0.407197034863 200 6.36942675159
310 0.0100068251467 0.252476195514 300 7.21153846154
310 0.00550852812605 0.299086866056 400 6.99300699301
310 0.00314904768511 0.252184051155 500 6.93481276006
310 0.00262233531045 0.33955654463 600 7.24637681159
310 0.00414107290585 0.203039682867 700 7.01402805611
310 0.00377951617677 0.113118702746 800 7.22673893406
320 0.0208932486466 1.19621891039 100 6.06060606061
320 0.0150661276758 0.349541044286 200 6.4308681672
320 0.00989689151683 0.300887887353 300 7.26392251816
320 0.00453594946533 0.308759673101 400 6.89655172414
320 0.00315527772412 0.244038921223 500 6.95410292072
320 0.00263002809375 0.338137924281 600 7.25513905683
320 0.00428159568112 0.182248843784 700 7.0
320 0.00375276105659 0.102517605602 800 7.24637681159
330 0.0208035892325 1.21804556771 100 6.13496932515
330 0.0151067405605 0.318259918914 200 6.49350649351
330 0.00994694300587 0.330911943204 300 7.29927007299
330 0.00401849071823 0.29951341935 400 6.84931506849
330 0.00315522991404 0.253823087524 500 6.98324022346
330 0.00262677154163 0.342325985432 600 7.26392251816
330 0.00432234808431 0.163766602555 700 7.00700700701
330 0.00379820699263 0.0990275887595 800 7.27272727273
340 0.0206409441943 1.24472889013 100 6.17283950617
340 0.0152791835742 0.320547941078 200 6.55737704918
340 0.0100516526844 0.350265681879 300 7.35294117647
340 0.00394501480698 0.30826656152 400 6.86106346484
340 0.0031491766774 0.280654165289 500 7.02247191011
340 0.00262132292184 0.35338680826 600 7.25513905683
340 0.00439390537214 0.152887819664 700 7.0281124498
340 0.0038546974693 0.10307181692 800 7.30593607306
350 0.0200881488551 1.21672841714 100 6.09756097561
350 0.0154739614972 0.355852731624 200 6.66666666667
350 0.0103947125419 0.32952406189 300 7.40740740741
350 0.00392784393206 0.334792331631 400 6.88468158348
350 0.00314341639691 0.32248944976 500 7.06214689266
350 0.00263033669343 0.357445326397 600 7.20288115246
350 0.00438577631628 0.143277721721 700 7.0564516129
350 0.00383783613071 0.11958099258 800 7.33272227314
360 0.0239847394211 1.23026458807 100 5.9880239521
360 0.015556810252 0.302689883131 200 6.75675675676
360 0.0103194889162 0.375038140637 300 7.44416873449
360 0.00393173806461 0.300445296625 400 6.92041522491
360 0.00314249658732 0.292569413227 500 7.11237553343
360 0.00266269630067 0.347417085675 600 7.15137067938
360 0.00445186527245 0.127119190995 700 7.08502024291
360 0.00389586538275 0.100933806556 800 7.3664825046
370 0.029808677381 1.18546853235 100 5.88235294118
370 0.0152139865854 0.290876308397 200 6.87285223368
370 0.0101218504561 0.45429231141 300 7.4812967581
370 0.00395389875746 0.297856655262 400 6.96864111498
370 0.00315530510506 0.273330053563 500 7.1530758226
370 0.00277982502012 0.335573928989 600 7.13436385256
370 0.00437689689605 0.115792660483 700 7.12105798576
370 0.00380773500988 0.0857262806755 800 7.40740740741
380 0.0301163955218 1.07067268967 100 5.81395348837
380 0.0150833339022 0.305237986527 200 6.99300699301
380 0.0101889436602 0.506168122867 300 7.5
380 0.00396413301265 0.295603651529 400 7.01754385965
380 0.00316220594606 0.260808851561 500 7.20461095101
380 0.00295375023558 0.315906595748 600 7.14285714286
380 0.00434569925698 0.107677204002 700 7.15746421268
380 0.00377057480919 0.0782648549408 800 7.44878957169
390 0.0290214088713 0.939856926137 100 5.81395348837
390 0.0149446315644 0.348479709754 200 7.09219858156
390 0.0100658417069 0.566478948889 300 7.40740740741
390 0.00397518098354 0.299865789362 400 7.06713780919
390 0.00317042298176 0.252568687706 500 7.24637681159
390 0.00315778142102 0.295089433014 600 7.15990453461
390 0.00430144678545 0.097331381916 700 7.18685831622
390 0.0037195486275 0.0735186968105 800 7.48362956034
400 0.0295297445366 0.849667097045 100 5.88235294118
400 0.0150517903978 0.391573492294 200 7.19424460432
400 0.00850839361346 0.579574490912 300 7.29927007299
400 0.00396756607721 0.303339773679 400 7.10479573712
400 0.00316143605734 0.264412960115 500 7.28862973761
400 0.00336520364155 0.27856008418 600 7.17703349282
400 0.00432519160847 0.0974245847566 700 7.21649484536
400 0.00372906690448 0.0756003947721 800 7.51879699248
410 0.0305345865499 0.88214621817 100 6.06060606061
410 0.0153912678617 0.412501456443 200 7.35294117647
410 0.00759894336261 0.533496577378 300 7.33496332518
410 0.00394150560175 0.327504106459 400 7.15563506261
410 0.00314465466697 0.309789285837 500 7.35294117647
410 0.0035664479572 0.280218960381 600 7.21153846154
410 0.00441859558484 0.111665950651 700 7.25388601036
410 0.00380500381579 0.0854467542683 800 7.56143667297
420 0.0298300751577 1.01073248033 100 6.25
420 0.0149143727963 0.496080278701 200 7.51879699248
420 0.0068013604497 0.488238572745 300 7.40740740741
420 0.00393988366808 0.451363161886 400 7.2202166065
420 0.00317634483202 0.398793821474 500 7.40740740741
420 0.00393138521972 0.282646677401 600 7.25513905683
420 0.00423311988808 0.147731891908 700 7.29927007299
420 0.00377501292383 0.136829298805 800 7.61179828735
430 0.026878820161 1.12457966638 100 6.49350649351
430 0.0134640079064 0.796621346291 200 7.69230769231
430 0.00607812567986 0.780849325752 300 7.4812967581
430 0.00412392089779 0.675093287459 400 7.27272727273
430 0.00339723016399 0.46809245249 500 7.47384155456
430 0.00442822520552 0.250418949555 600 7.29927007299
430 0.00382417731431 0.190089819566 700 7.34522560336
430 0.0034143769254 0.227254976435 800 7.65550239234
440 0.0237662148264 1.0835722741 100 6.66666666667
440 0.011904790469 1.03628994709 200 7.8125
440 0.00552347443742 1.06340553896 300 7.55667506297
440 0.00453824486257 0.773514611685 400 7.3126142596
440 0.00382538283148 0.437830305141 500 7.53012048193
440 0.00494416704712 0.175559480974 600 7.33496332518
440 0.00340508399056 0.202456813656 700 7.38396624473
440 0.00302780049645 0.282431002714 800 7.69230769231
450 0.0223778421465 1.03694747225 100 6.75675675676
450 0.011246554662 1.10109176635 200 7.90513833992
450 0.00535469845803 1.14006373309 300 7.57575757576
450 0.00480247195233 0.744775660254 400 7.3126142596
450 0.00403096289641 0.37556284102 500 7.55287009063
450 0.00513273797841 0.122221183146 600 7.35294117647
450 0.00321804135301 0.197476439942 700 7.40740740741
450 0.00285660502474 0.290189922146 800 7.72200772201
460 0.0221348045656 1.04225519262 100 6.80272108844
460 0.0111962194951 1.11131675426 200 7.96812749004
460 0.00534612675998 1.14566431888 300 7.57575757576
460 0.00484106830033 0.698347417899 400 7.27272727273
460 0.00400533340294 0.3350255742 500 7.56429652042
460 0.00517152070984 0.091000026617 600 7.32600732601
460 0.00319339587946 0.196373798833 700 7.42311770944
460 0.0028225983992 0.29036071748 800 7.72200772201
470 0.0221091053599 1.08421376172 100 6.75675675676
470 0.0112354736949 1.1265868506 200 8.0
470 0.00535954297712 1.15400106499 300 7.5
470 0.00492669603532 0.652298905895 400 7.2202166065
470 0.00399536315935 0.298876323656 500 7.55287009063
470 0.00448070338208 0.0707623712587 600 7.25513905683
470 0.00319309265305 0.198474046309 700 7.43099787686
470 0.00275530744207 0.291716550518 800 7.69971126083
480 0.0220322164351 1.13010395313 100 6.75675675676
480 0.0112492933628 1.157606934 200 8.0
480 0.00524395769286 1.16281625516 300 7.29927007299
480 0.00499205161037 0.607444890546 400 7.20720720721
480 0.00399933359446 0.261577748682 500 7.54147812971
480 0.00377189855972 0.0691174241551 600 7.19424460432
480 0.00318285818489 0.198170356945 700 7.44680851064
480 0.00277404232498 0.293719152134 800 7.64087870105
490 0.02211445414 1.18469293592 100 6.80272108844
490 0.0112029608179 1.19101162322 200 8.03212851406
490 0.00616389503051 1.13339008517 300 7.10900473934
490 0.00497304375121 0.56368149787 400 7.20720720721
490 0.00399520740318 0.225881341599 500 7.53012048193
490 0.00368302016774 0.075945047878 600 7.16845878136
490 0.00313918743828 0.201807261218 700 7.45473908413
490 0.00280704182965 0.299422447524 800 7.48362956034
500 0.0219493370977 1.24531321059 100 6.94444444444
500 0.0111486054375 1.23387190903 200 8.0971659919
500 0.00656917267481 1.10218988519 300 7.09219858156
500 0.00499011369112 0.531625588649 400 7.24637681159
500 0.00403002149095 0.194055149495 500 7.49625187406
500 0.00363455965665 0.0830867634405 600 7.18562874251
500 0.00310300926289 0.204594127599 700 7.48663101604
500 0.00279212249545 0.307935972109 800 7.46965452848
510 0.0217821079626 1.34673189976 100 7.19424460432
510 0.0110203976637 1.3281695791 200 8.19672131148
510 0.00664902261523 1.1121183364 300 7.14285714286
510 0.00502510996656 0.518514766131 400 7.3126142596
510 0.00412407672945 0.170738644523 500 7.47384155456
510 0.00359388899655 0.0932681501498 600 7.2202166065
510 0.00308115588516 0.213756410988 700 7.52688172043
510 0.00277459981207 0.325240903309 800 7.49063670412
520 0.020037972563 1.66837454442 100 7.46268656716
520 0.0100952984179 1.64561596903 200 8.33333333333
520 0.00719846096546 1.19444191516 300 7.22891566265
520 0.00545732571155 0.495796930062 400 7.39371534196
520 0.00465762129877 0.109681694928 500 7.4294205052
520 0.00330843397606 0.112611231357 600 7.27272727273
520 0.00284414012688 0.241721859443 700 7.57575757576
520 0.00255364153325 0.380789962183 800 7.52587017874
530 0.017514184368 1.72410060952 100 7.8125
530 0.00880077369382 1.697340178 200 8.51063829787
530 0.00829352662794 1.02023907791 300 7.31707317073
530 0.0062931410274 0.351097695635 400 7.47663551402
530 0.00576487358003 0.104072930002 500 7.41839762611
530 0.00289877333101 0.119205781867 600 7.31707317073
530 0.00249455027106 0.220896723746 700 7.63358778626
530 0.00222405148382 0.365943961907 800 7.56859035005
540 0.0159396111488 1.3375260602 100 8.19672131148
540 0.00797219847042 1.31152449105 200 8.62068965517
540 0.00957606534654 0.626960957093 300 7.42574257426
540 0.00725395946831 0.184198113062 400 7.56143667297
540 0.00557575711954 0.165490521212 500 7.44047619048
540 0.00264857191219 0.0892538102541 600 7.38007380074
540 0.00227573152586 0.131253448492 700 7.69230769231
540 0.00200533992417 0.242027311108 800 7.61179828735
550 0.0157081183971 1.03221316281 100 8.62068965517
550 0.00785723806839 1.01051574564 200 8.69565217391
550 0.0102545910229 0.424818679368 300 7.51879699248
550 0.00774531577014 0.169876214826 400 7.64818355641
550 0.00482633041716 0.177260546712 500 7.47384155456
550 0.00261836007262 0.0597279307721 600 7.42574257426
550 0.00224402140888 0.0661872681037 700 7.74336283186
550 0.00196488167116 0.153111385989 800 7.65550239234
560 0.015745112404 0.893400863434 100 8.92857142857
560 0.00812396619386 0.864912933017 200 8.54700854701
560 0.0103049007754 0.345451486977 300 7.57575757576
560 0.00767463471631 0.183887697388 400 7.70712909441
560 0.00423138435608 0.169596456676 500 7.48502994012
560 0.00262802163516 0.0425742371639 600 7.46268656716
560 0.00224793308031 0.0299366078493 700 7.78642936596
560 0.00196453355681 0.111527992306 800 7.69230769231
570 0.0157222893453 0.934286790407 100 9.17431192661
570 0.00954731344184 0.875449528977 200 8.19672131148
570 0.0103777325988 0.321218674984 300 7.59493670886
570 0.0077278630765 0.1811422928 400 7.73694390716
570 0.00400726919978 0.162607036279 500 7.48502994012
570 0.00262229037562 0.0294076131663 600 7.4812967581
570 0.002244431857 0.0324338516051 700 7.82122905028
570 0.00196350795988 0.12153874505 800 7.71456123433
580 0.0157080087148 1.01394483941 100 9.25925925926
580 0.0101512382154 0.875227575193 200 8.06451612903
580 0.0102494611051 0.299463258552 300 7.55667506297
580 0.00771773607755 0.187966648189 400 7.7519379845
580 0.00393848770153 0.155522106092 500 7.47384155456
580 0.00261825787239 0.0174422964657 600 7.49063670412
580 0.00224518994935 0.0380362437348 700 7.83874580067
580 0.00196594693291 0.135105668506 800 7.72946859903
590 0.0157081180096 1.01754705433 100 9.34579439252
590 0.0100864814731 0.801942101513 200 8.03212851406
590 0.01024434709 0.263352235833 300 7.51879699248
590 0.00761481464459 0.212213483814 400 7.7519379845
590 0.00395631526109 0.148456896326 500 7.47384155456
590 0.00261813413147 0.0025900868575 600 7.5
590 0.00224582098206 0.033337006112 700 7.85634118967
590 0.00196614769426 0.130046118606 800 7.73694390716
600 0.0157102808741 1.02149007722 100 9.43396226415
600 0.010047772222 0.727619567506 200 8.0
600 0.010242544913 0.230316143196 300 7.46268656716
600 0.00769114622434 0.239174445619 400 7.76699029126
600 0.00401149941427 0.141296654374 500 7.45156482861
600 0.00261836965524 0.011200380116 600 7.50938673342
600 0.00224672287758 0.0318584405488 700 7.86516853933
600 0.00196663807495 0.130318574911 800 7.7519379845
610 0.0157134910452 1.03638132706 100 9.52380952381
610 0.0100081131479 0.665604923845 200 7.96812749004
610 0.0102858989756 0.211933260702 300 7.38916256158
610 0.00774117170929 0.270885563677 400 7.76699029126
610 0.00383728521909 0.134226999805 500 7.39644970414
610 0.0026185336102 0.0104876662963 600 7.52823086575
610 0.00224454938424 0.0314870874175 700 7.85634118967
610 0.00196787474049 0.133880012678 800 7.76699029126
620 0.0157209877868 1.0471060845 100 9.61538461538
620 0.0100099674324 0.602536372222 200 7.78210116732
620 0.0103836301128 0.203751483921 300 7.35294117647
620 0.0077326179677 0.306179185285 400 7.7519379845
620 0.00321073983739 0.125660088106 500 7.30994152047
620 0.00261881256908 0.0184636549626 600 7.54716981132
620 0.00224419407442 0.0290706243692 700 7.82997762864
620 0.00197026402998 0.139154385617 800 7.77453838678
630 0.0157177588661 1.03661782886 100 9.61538461538
630 0.0127634793036 0.512317299694 200 7.40740740741
630 0.0103709448101 0.229032717676 300 7.33496332518
630 0.00777126179589 0.347351221622 400 7.72200772201
630 0.00314185413907 0.118323165841 500 7.24637681159
630 0.00261811091668 0.033589210324 600 7.55667506297
630 0.00224479109147 0.0228050901649 700 7.66703176342
630 0.00197061958009 0.134929923017 800 7.78967867575
640 0.0157156040434 1.00491545732 100 9.61538461538
640 0.0153349390531 0.411487718295 200 7.16845878136
640 0.0103980033082 0.264580578502 300 7.33496332518
640 0.00775078085285 0.382412094313 400 7.67754318618
640 0.00314169285203 0.114139296771 500 7.22543352601
640 0.00261851066716 0.0513104368738 600 7.56620428752
640 0.00224500596616 0.0274282942525 700 7.55124056095
640 0.00197015894182 0.12981510035 800 7.79727095517
650 0.0157108802092 1.00248384758 100 9.34579439252
650 0.0154967903217 0.349066073255 200 7.09219858156
650 0.010370727243 0.311351359604 300 7.33496332518
650 0.00761581037498 0.42144830509 400 7.46268656716
650 0.00314223866143 0.113538526935 500 7.21500721501
650 0.00261841946353 0.0717455615114 600 7.57575757576
650 0.00224583191593 0.0268846397124 700 7.52688172043
650 0.00197062641309 0.126149802061 800 7.80487804878
660 0.0157082559203 0.991101937243 100 9.00900900901
660 0.0154128711092 0.315467156964 200 7.04225352113
660 0.0103392805438 0.363920949854 300 7.33496332518
660 0.00651144140178 0.449714397456 400 7.25952813067
660 0.00314217663575 0.120990482629 500 7.21500721501
660 0.00261801588829 0.0875401475101 600 7.59493670886
660 0.0022454032633 0.027123597118 700 7.51879699248
660 0.00197073709966 0.118090966093 800 7.82013685239
670 0.0160096197358 0.964524817326 100 8.06451612903
670 0.0154394955089 0.313593718261 200 6.99300699301
670 0.0103533218518 0.41949842211 300 7.33496332518
670 0.00546752012628 0.448144543142 400 7.16845878136
670 0.00314224271496 0.14073531869 500 7.20461095101
670 0.00261814018472 0.105083449082 600 7.60456273764
670 0.0022454135569 0.0249125581494 700 7.52688172043
670 0.00197091041676 0.115373602928 800 7.82778864971
680 0.0195191346244 0.857515589004 100 7.24637681159
680 0.0153976321141 0.331797914826 200 6.94444444444
680 0.0103714883292 0.476515502696 300 7.33496332518
680 0.00503444195148 0.445384685983 400 7.13012477718
680 0.00314195916401 0.166031816835 500 7.20461095101
680 0.00261895256503 0.116933374329 600 7.62388818297
680 0.00224655708283 0.0174533064015 700 7.53498385361
680 0.00197325025973 0.113018070927 800 7.8431372549
690 0.0202723698118 0.693990949019 100 7.04225352113
690 0.015375204448 0.377707012254 200 6.87285223368
690 0.0101950528362 0.534042183974 300 7.31707317073
690 0.00490336193192 0.435295324542 400 7.10479573712
690 0.00314183773688 0.189293197179 500 7.20461095101
690 0.00261938605336 0.129405753002 600 7.63358778626
690 0.00224657595789 0.00751231983794 700 7.53498385361
690 0.00197345326076 0.106261991674 800 7.85083415113
700 0.0202446865883 0.560754419361 100 6.94444444444
700 0.0154106252693 0.450616310279 200 6.77966101695
700 0.0101521640331 0.586458186465 300 7.31707317073
700 0.00497495274471 0.424914843316 400 7.0796460177
700 0.00314173306961 0.210415780873 500 7.20461095101
700 0.00261963412423 0.132500758994 600 7.64331210191
700 0.00224629173166 0.000259676692405 700 7.54310344828
700 0.00197265466825 0.0966873585868 800 7.85854616896
710 0.0202527872901 0.485087212413 100 6.80272108844
710 0.0154700671582 0.532530715384 200 6.66666666667
710 0.0102492307097 0.639641952969 300 7.29927007299
710 0.00492171388089 0.412661924197 400 7.02987697715
710 0.00314161866565 0.214555272953 500 7.21500721501
710 0.00261837957675 0.137349794808 600 7.63358778626
710 0.00224562835671 0.00340252554663 700 7.55124056095
710 0.00197069162344 0.0799098732291 800 7.866273353
720 0.0201941550579 0.504113033741 100 6.57894736842
720 0.0154917788821 0.618976571668 200 6.55737704918
720 0.0102342413211 0.694861115745 300 7.26392251816
720 0.00411961149491 0.393685042198 400 6.90846286701
720 0.00314182108315 0.216568708223 500 7.21500721501
720 0.00262055504785 0.142699759286 600 7.59493670886
720 0.0022462260017 0.00478224201984 700 7.55939524838
720 0.00196940471645 0.0653594422524 800 7.85854616896
730 0.024296135055 0.616377760427 100 6.06060606061
730 0.015376776161 0.701763844568 200 6.51465798046
730 0.0102369447952 0.745829519719 300 7.22891566265
730 0.00392714983611 0.379937122972 400 6.81431005111
730 0.00314237094777 0.234929928476 500 7.22543352601
730 0.00261856358967 0.151215692274 600 7.47198007472
730 0.00224655023397 0.00606671812709 700 7.56756756757
730 0.00197026829503 0.0489897047084 800 7.85854616896
740 0.0304066145134 0.753433634919 100 5.71428571429
740 0.0154431775486 0.78438223349 200 6.51465798046
740 0.0102304353382 0.79358494538 300 7.17703349282
740 0.00392916241093 0.373699194232 400 6.79117147708
740 0.00314481033395 0.249752748016 500 7.23589001447
740 0.00261802057484 0.140598236552 600 7.29040097205
740 0.00224731324469 0.0059340716178 700 7.57575757576
740 0.00197550536622 0.0456627465513 800 7.85083415113
750 0.03108840873 0.860258091219 100 5.64971751412
750 0.0154510842284 0.852543517219 200 6.55737704918
750 0.0101717018887 0.831743971056 300 7.07547169811
750 0.00393187139868 0.369717950025 400 6.79117147708
750 0.00314568453391 0.267619544739 500 7.26744186047
750 0.0026182176389 0.134564778789 600 7.26392251816
750 0.00224755410605 0.00728886103959 700 7.60043431053
750 0.00196984734407 0.0437365906517 800 7.85083415113
760 0.0310086528898 0.961585255573 100 5.64971751412
760 0.0155509010783 0.928635213986 200 6.60066006601
760 0.00968712166398 0.885033372972 300 6.86498855835
760 0.00392926256157 0.378628588009 400 6.81431005111
760 0.00314277211325 0.288590756163 500 7.29927007299
760 0.00261887725748 0.139150158516 600 7.28155339806
760 0.00224961842877 0.00936889153688 700 7.62527233115
760 0.00196380276942 0.0489703912613 800 7.85083415113
770 0.0308332196344 1.04193599931 100 5.74712643678
770 0.0154935717506 0.990421812054 200 6.6889632107
770 0.00857984485123 0.91713224066 300 6.78733031674
770 0.00392800905359 0.396412533548 400 6.86106346484
770 0.00314168580677 0.302465202762 500 7.35294117647
770 0.00261939179451 0.134234004781 600 7.30816077954
770 0.00225173123371 0.00705516570916 700 7.65864332604
770 0.00196631469031 0.0535184373709 800 7.8431372549
780 0.0303525956689 1.07123834918 100 5.88235294118
780 0.0153132211494 1.05699731459 200 6.80272108844
780 0.00810135288365 0.968089366614 300 6.81818181818
780 0.00392770564574 0.444750864179 400 6.90846286701
780 0.00314435901839 0.319829225886 500 7.40740740741
780 0.00262504117937 0.126960012193 600 7.35294117647
780 0.00226201765416 0.0107278487442 700 7.70925110132
780 0.0019645608681 0.0740892457457 800 7.83545543585
790 0.0291024465569 1.02438042496 100 6.06060606061
790 0.0146748695421 1.12531581708 200 6.94444444444
790 0.00800454418238 1.05864512277 300 6.88073394495
790 0.00395852836504 0.51389848049 400 6.98080279232
790 0.00317874260045 0.345499006539 500 7.48502994012
790 0.00266094737377 0.117774019962 600 7.41656365884
790 0.00230461368827 0.0470229894835 700 7.76914539401
790 0.00206221405457 0.125516996147 800 7.83545543585
800 0.0267481701109 0.865912358017 100 6.2893081761
800 0.0135127206802 1.14508745422 200 7.09219858156
800 0.00837392561017 1.1422898124 300 6.96055684455
800 0.00412585281154 0.597749998885 400 7.06713780919
800 0.00333129231378 0.364431166886 500 7.56429652042
800 0.00279907924467 0.115001028558 600 7.47198007472
800 0.0024416448378 0.11243094097 700 7.82997762864
800 0.00243696709636 0.205039773589 800 7.82013685239
810 0.0238375212573 0.640060436167 100 6.49350649351
810 0.0120996721539 1.04053292552 200 7.24637681159
810 0.00904174491246 1.11403204229 300 7.02576112412
810 0.00450777927134 0.619584487337 400 7.13012477718
810 0.00366419298074 0.361084080113 500 7.64525993884
810 0.00308430643171 0.136793963474 600 7.53768844221
810 0.00270570138572 0.173612513905 700 7.88288288288
810 0.00295066600723 0.26194929062 800 7.79727095517
820 0.0215425704432 0.577659333187 100 6.62251655629
820 0.0110478732768 0.982997934416 200 7.35294117647
820 0.00962437509715 1.08133090773 300 7.07547169811
820 0.00495537345021 0.62134162218 400 7.19424460432
820 0.00405005964552 0.355485131365 500 7.70416024653
820 0.00340737923293 0.149224324332 600 7.58533501896
820 0.00299653436606 0.190552611749 700 7.93650793651
820 0.00360538422786 0.260564331728 800 7.77453838678
830 0.0212049997907 0.673627881539 100 6.66666666667
830 0.0110869850486 1.04984463728 200 7.43494423792
830 0.00963540478957 1.1053089997 300 7.10900473934
830 0.00504670479045 0.626695283252 400 7.2202166065
830 0.00412114061484 0.355117262701 500 7.7519379845
830 0.00345987624204 0.147753301822 600 7.61421319797
830 0.00304284039958 0.19025905738 700 7.96359499431
830 0.00380625531778 0.236188087463 800 7.75945683802
840 0.0212298932609 0.825694701662 100 6.62251655629
840 0.0112513484557 1.15033889043 200 7.46268656716
840 0.00970118458729 1.13872760667 300 7.10900473934
840 0.00507467278656 0.630771241865 400 7.24637681159
840 0.00411678767795 0.344492245782 500 7.77604976672
840 0.00344882674804 0.141399318103 600 7.63358778626
840 0.00302930887618 0.189365982843 700 7.99086757991
840 0.00383022549316 0.215307920665 800 7.76699029126
850 0.0213411194592 0.987704482188 100 6.53594771242
850 0.0111244195774 1.24567658931 200 7.49063670412
850 0.00973619603535 1.16815813828 300 7.10900473934
850 0.00506282685889 0.626333943941 400 7.27272727273
850 0.00411377315231 0.334499330594 500 7.80031201248
850 0.00343996035722 0.130328526203 600 7.66283524904
850 0.0030202400472 0.188958470924 700 8.01832760596
850 0.0038263037264 0.197345281268 800 7.78967867575
860 0.0215186441385 1.16284999733 100 6.41025641026
860 0.0110542398991 1.33113250231 200 7.54716981132
860 0.0093229785718 1.19244663523 300 7.04225352113
860 0.00505301362564 0.613490859027 400 7.3126142596
860 0.00404625000042 0.322568095795 500 7.80031201248
860 0.00344521618361 0.11867264233 600 7.69230769231
860 0.00301941465721 0.190945528671 700 8.03673938002
860 0.0038302207294 0.180807787637 800 7.8125
870 0.0219621873371 1.28346455626 100 6.45161290323
870 0.0111222489541 1.38546183593 200 7.60456273764
870 0.00786092512407 1.17561448416 300 6.99300699301
870 0.00502098519631 0.597510469705 400 7.3664825046
870 0.00395514674903 0.311318599602 500 7.8125
870 0.00343809070111 0.113749038893 600 7.73195876289
870 0.00299654166849 0.194060756711 700 8.0738177624
870 0.00382131032601 0.169592522524 800 7.85083415113
880 0.0214796418616 1.17643900388 100 6.62251655629
880 0.0108147357706 1.2366837027 200 7.7519379845
880 0.00724517226484 1.06221696764 300 7.00934579439
880 0.00517408668606 0.553276480554 400 7.44878957169
880 0.0040784262591 0.303422760354 500 7.84929356358
880 0.00355037228383 0.134747894309 600 7.79220779221
880 0.00308845197118 0.198917708979 700 8.12064965197
880 0.00388227916475 0.142310994997 800 7.89733464956
890 0.0194626100762 0.805001188314 100 6.84931506849
890 0.00974687896328 0.844740526714 200 7.90513833992
890 0.00771905536019 0.815136742547 300 7.05882352941
890 0.00571613840705 0.448559895501 400 7.5329566855
890 0.00455764349781 0.282524202198 500 7.84929356358
890 0.00393673835593 0.152240205663 600 7.85340314136
890 0.00343036035887 0.185250870202 700 8.16802800467
890 0.00359347220134 0.121769624127 800 7.95228628231
900 0.0172604471026 0.503351301648 100 7.14285714286
900 0.00862602144425 0.480366831814 200 8.06451612903
900 0.00866794873406 0.47633430804 300 7.12589073634
900 0.00649429697414 0.304375351083 400 7.63358778626
900 0.00524900166128 0.22642505066 500 7.7399380805
900 0.0044862088872 0.130327506032 600 7.91556728232
900 0.00391837663201 0.125729534508 700 8.22561692127
900 0.00317720230942 0.150987828802 800 8.0
910 0.0159471335433 0.786825997056 100 7.40740740741
910 0.0079860056256 0.716793206079 200 8.19672131148
910 0.00975925803269 0.353548157964 300 7.19424460432
910 0.00728358842197 0.249196675946 400 7.70712909441
910 0.00593729280562 0.170283026068 500 7.70416024653
910 0.00504980080892 0.104409800104 600 7.97872340426
910 0.00442630644318 0.0929723346056 700 8.27423167849
910 0.00278950176863 0.227390361758 800 8.04828973843
920 0.0157190730627 0.989642594093 100 7.63358778626
920 0.00786632486633 0.915619325716 200 8.19672131148
920 0.0102443750038 0.389153333088 300 7.24637681159
920 0.00765641377109 0.255250847075 400 7.78210116732
920 0.00623494726489 0.139415840187 500 7.69230769231
920 0.00514174267032 0.124379260332 600 8.03212851406
920 0.00431441292143 0.145466922279 700 8.30367734282
920 0.00261570576342 0.290392426266 800 8.08897876643
930 0.0157099306377 1.01729777666 100 7.7519379845
930 0.00788190977265 0.932855419748 200 7.87401574803
930 0.0102728130319 0.360988753035 300 7.28155339806
930 0.00769892044072 0.248450080134 400 7.82778864971
930 0.00622589343016 0.128403686007 500 7.69230769231
930 0.00509598656213 0.145620996819 600 8.06451612903
930 0.00437322435766 0.172808473426 700 8.30367734282
930 0.00259790589242 0.322388737378 800 8.11359026369
940 0.0157121802445 0.977494962001 100 7.87401574803
940 0.00841900999472 0.883959667501 200 7.49063670412
940 0.0102154422508 0.315911090948 300 7.29927007299
940 0.00769549440169 0.235035366304 400 7.87401574803
940 0.00624105212597 0.127079935853 500 7.71604938272
940 0.00513265486109 0.153363093269 600 8.0971659919
940 0.00437240406799 0.181577001358 700 8.27423167849
940 0.00263568016592 0.339088166646 800 8.13835198372
950 0.0157120869667 0.962903915569 100 8.0
950 0.00959531877376 0.82187493777 200 7.35294117647
950 0.0101920867943 0.299721838587 300 7.31707317073
950 0.00771202166361 0.221645707023 400 7.90513833992
950 0.00622952079259 0.129105513178 500 7.72797527048
950 0.00513363599538 0.173806614086 600 8.11907983762
950 0.00443157327589 0.196655954088 700 8.20633059789
950 0.00264178000524 0.361309736386 800 8.15494393476
960 0.0157137011612 0.978421178898 100 8.06451612903
960 0.0107049550256 0.758711037153 200 7.29927007299
960 0.010217949959 0.287722153919 300 7.33496332518
960 0.00773866593 0.210556618783 400 7.95228628231
960 0.00622292893652 0.137167336377 500 7.76397515528
960 0.00511746297756 0.192034710265 600 8.15217391304
960 0.0037129480373 0.229111297794 700 8.04597701149
960 0.00262918498263 0.38827835673 800 8.1799591002
970 0.0157289556835 0.978354917907 100 8.19672131148
970 0.0112442942643 0.691698774588 200 7.29927007299
970 0.0102065021006 0.278152214981 300 7.37100737101
970 0.00776579896639 0.201327016131 400 8.01603206413
970 0.00621999630754 0.144361700818 500 7.78816199377
970 0.00510323420885 0.209604059851 600 8.18553888131
970 0.00319979243087 0.262616958464 700 7.95454545455
970 0.00261238950901 0.41386402555 800 8.19672131148
980 0.0157823413947 0.966736980816 100 8.33333333333
980 0.0114110516091 0.621480818065 200 7.32600732601
980 0.0102408138702 0.268036474849 300 7.40740740741
980 0.00775094145382 0.191427827196 400 8.06451612903
980 0.00621965163671 0.1558113194 500 7.82472613459
980 0.00510492285967 0.222851829729 600 8.2304526749
980 0.0030560010039 0.292354391415 700 7.93650793651
980 0.00261221764367 0.435296357202 800 8.2219938335
990 0.0158183943324 0.944085909928 100 8.47457627119
990 0.0113048183071 0.559710839126 200 7.35294117647
990 0.0102945062131 0.260657549401 300 7.46268656716
990 0.00775213993393 0.180170863079 400 8.11359026369
990 0.00622947999058 0.165911581604 500 7.86163522013
990 0.00511941574612 0.23142206998 600 8.26446280992
990 0.00303803806306 0.312990623772 700 7.95454545455
990 0.00263244665712 0.451450879587 800 8.24742268041
1000 0.0157734619423 0.937309019359 100 8.69565217391
1000 0.0111878499891 0.51915458841 200 7.38007380074
1000 0.0103020491132 0.254690131458 300 7.53768844221
1000 0.00775347395738 0.17566722616 400 8.16326530612
1000 0.00622584394637 0.186158292289 500 7.91139240506
1000 0.005098766457 0.249357739215 600 8.31024930748
1000 0.00302367458107 0.338656160516 700 7.99086757991
1000 0.00263508352696 0.474532929107 800 8.27300930714
1010 0.0157440672509 0.928352285519 100 8.92857142857
1010 0.0113532566634 0.476441853829 200 7.38007380074
1010 0.010313382577 0.233275170204 300 7.61421319797
1010 0.0077521713298 0.167120223761 400 8.19672131148
1010 0.00621709499529 0.20350904073 500 7.96178343949
1010 0.0050957201986 0.25829801828 600 8.356545961
1010 0.00301180816819 0.359153317306 700 8.02752293578
1010 0.00262292978263 0.486333666328 800 8.30737279335
1020 0.0157194664408 0.967510660543 100 9.09090909091
1020 0.0125866292111 0.446608700217 200 7.32600732601
1020 0.0103880374359 0.2141778146 300 7.69230769231
1020 0.00774981456997 0.159725054022 400 8.2135523614
1020 0.00615358967269 0.232944717539 500 8.01282051282
1020 0.00504661869559 0.284917047046 600 8.39160839161
1020 0.00296234321733 0.391666308028 700 8.0738177624
1020 0.00253803312742 0.507937874106 800 8.33333333333
1030 0.015709471873 1.00348165444 100 9.17431192661
1030 0.0149860434115 0.396547577091 200 7.16845878136
1030 0.0103150000452 0.204041516303 300 7.7519379845
1030 0.00775718830887 0.167878166074 400 8.19672131148
1030 0.00605986271433 0.275842885066 500 8.05152979066
1030 0.00498771711203 0.316650329991 600 8.41514726508
1030 0.00291120499514 0.433248009297 700 8.11123986095
1030 0.00242554531525 0.536092185831 800 8.35945663532
1040 0.015708435604 0.977386407466 100 9.09090909091
1040 0.0155321868257 0.339130118582 200 7.06713780919
1040 0.0103644010217 0.207798259462 300 7.77202072539
1040 0.00770422881867 0.19593315865 400 7.82778864971
1040 0.00604633595387 0.309534688297 500 8.07754442649
1040 0.00494000947259 0.334936970172 600 8.41514726508
1040 0.00291424169668 0.459449461499 700 8.13008130081
1040 0.00229525342906 0.553370534042 800 8.35945663532
1050 0.0157108531104 0.916582981614 100 8.62068965517
1050 0.0155590510879 0.317386573291 200 7.01754385965
1050 0.0103526935675 0.217910086968 300 7.79220779221
1050 0.00773963141311 0.233770383004 400 7.69230769231
1050 0.00607749422302 0.335402195443 500 8.09061488673
1050 0.00495768844639 0.348147815545 600 8.40336134454
1050 0.0029346834269 0.475105545734 700 8.13953488372
1050 0.00220599379158 0.558459193779 800 8.36820083682
1060 0.0158668037319 0.882872478807 100 7.46268656716
1060 0.0154871961825 0.330482531241 200 6.99300699301
1060 0.0103541546867 0.232712040707 300 7.8125
1060 0.00773349818239 0.271399587254 400 7.64818355641
1060 0.00608178541349 0.362536509789 500 8.10372771475
1060 0.00515054739329 0.375441358661 600 8.356545961
1060 0.00295837568181 0.506731419133 700 8.1490104773
1060 0.0021717485866 0.578591677093 800 8.36820083682
1070 0.0179692706613 0.785884474886 100 6.84931506849
1070 0.0153973081994 0.363843867547 200 6.99300699301
1070 0.0103193623449 0.254373641015 300 7.85340314136
1070 0.00776409008294 0.312345753354 400 7.64818355641
1070 0.00610468785883 0.386404108208 500 8.11688311688
1070 0.0050800498049 0.390869202969 600 8.27586206897
1070 0.00298638418066 0.533831523283 700 8.15850815851
1070 0.00219054919025 0.595538587394 800 8.3857442348
1080 0.0207405435356 0.650979197564 100 6.62251655629
1080 0.0154389644461 0.379526041528 200 6.99300699301
1080 0.010350085875 0.270977565658 300 7.87401574803
1080 0.00775361746054 0.34950561401 400 7.66283524904
1080 0.00609169925215 0.415086824417 500 8.14332247557
1080 0.00447231971852 0.426751947178 600 8.08625336927
1080 0.00297807394873 0.563961244763 700 8.17757009346
1080 0.0022176604876 0.612370682748 800 8.39454354669
1090 0.0219049154589 0.548107784098 100 6.53594771242
1090 0.0155264107898 0.37370791434 200 6.99300699301
1090 0.0102924038858 0.28729498951 300 7.91556728232
1090 0.0076706827434 0.389127930487 400 7.67754318618
1090 0.00601087676845 0.467916199202 500 8.16993464052
1090 0.00366823866002 0.495871684666 600 7.90513833992
1090 0.00292015638498 0.608763196367 700 8.18713450292
1090 0.00219543204477 0.631606651871 800 8.40336134454
1100 0.0216912693624 0.492030675012 100 6.49350649351
1100 0.0153061197254 0.380693163076 200 6.99300699301
1100 0.0100488610841 0.329023147982 300 7.9575596817
1100 0.0075025880681 0.45897322381 400 7.69230769231
1100 0.00587548886444 0.542163234555 500 8.19672131148
1100 0.00338251004614 0.585855089809 600 7.86369593709
1100 0.00284089086023 0.672701582507 700 8.19672131148
1100 0.00214655848486 0.665032612187 800 8.41219768665
1110 0.0213066738782 0.453897544658 100 6.41025641026
1110 0.0152183676527 0.419358901038 200 7.01754385965
1110 0.0100149737915 0.383643828036 300 7.97872340426
1110 0.00749015895521 0.500390336549 400 7.70712909441
1110 0.00587004720585 0.573698023938 500 8.21018062397
1110 0.00335771535536 0.622406737571 600 7.86369593709
1110 0.0028590322591 0.704269294928 700 8.20633059789
1110 0.00211355128252 0.683515073945 800 8.39454354669
1120 0.021870481402 0.523913118735 100 6.25
1120 0.0154025899394 0.479489654032 200 7.04225352113
1120 0.010202446874 0.412220973751 300 7.9575596817
1120 0.00758276236316 0.516913124366 400 7.72200772201
1120 0.00594893315783 0.556293603768 500 8.22368421053
1120 0.0033994280715 0.618406396982 600 7.88436268068
1120 0.00289875814439 0.704326625136 700 8.20633059789
1120 0.00201305414984 0.674754541665 800 8.30737279335
1130 0.0261480484242 0.638795258267 100 5.9880239521
1130 0.0154313629665 0.539942496809 200 7.09219858156
1130 0.0103449837294 0.451034757331 300 7.91556728232
1130 0.00756904806719 0.552886311533 400 7.76699029126
1130 0.00596328617759 0.569634084608 500 8.25082508251
1130 0.00339019141616 0.641534240234 600 7.91556728232
1130 0.00283863494385 0.718942722951 700 8.22561692127
1130 0.00199499072435 0.656962340168 800 8.1799591002
1140 0.030298175321 0.76976476762 100 5.81395348837
1140 0.0154135390628 0.579297292851 200 7.16845878136
1140 0.0103190869515 0.491085087677 300 7.83289817232
1140 0.0075325087454 0.599668674069 400 7.79727095517
1140 0.00594798840684 0.588607035985 500 8.26446280992
1140 0.00337673861235 0.673622820825 600 7.94701986755
1140 0.00271296000227 0.743118024531 700 8.23529411765
1140 0.00208582396618 0.652387419853 800 8.16326530612
1150 0.0309877794995 0.901079404623 100 5.74712643678
1150 0.0154978576815 0.611611869861 200 7.2202166065
1150 0.0102570045027 0.535087362909 300 7.42574257426
1150 0.00755492483199 0.620128952656 400 7.8431372549
1150 0.0059190600596 0.590526952729 500 8.27814569536
1150 0.00340167882215 0.683686277085 600 7.97872340426
1150 0.00260958012799 0.74620279549 700 8.25471698113
1150 0.00212009386699 0.634733930074 800 8.17160367722
1160 0.0310423753012 1.00892582191 100 5.81395348837
1160 0.0155347449092 0.633369014798 200 7.32600732601
1160 0.0102484489205 0.584243607859 300 7.37100737101
1160 0.00753683454718 0.651766286149 400 7.90513833992
1160 0.00589423596977 0.61479748408 500 8.30564784053
1160 0.00339225232373 0.706258418201 600 8.02139037433
1160 0.00252466434017 0.758387722092 700 8.29383886256
1160 0.00211734535422 0.629610469573 800 8.20512820513
1170 0.031125656651 1.0682253855 100 5.95238095238
1170 0.0155684160726 0.647017942467 200 7.49063670412
1170 0.0102004533025 0.622308982463 300 7.42574257426
1170 0.00750100518119 0.681806081281 400 8.0
1170 0.00589999016312 0.639379915479 500 8.37520938023
1170 0.00337491782003 0.723731276699 600 8.08625336927
1170 0.00246728189753 0.762323670061 700 8.34326579261
1170 0.00211899203454 0.615918649645 800 8.24742268041
1180 0.0309014179999 1.10682614583 100 6.17283950617
1180 0.0154401354314 0.668744443588 200 7.69230769231
1180 0.0100818706126 0.665852508586 300 7.53768844221
1180 0.00741491109655 0.724396176557 400 8.11359026369
1180 0.00592334440194 0.684718839978 500 8.44594594595
1180 0.00333692702845 0.755293744556 600 8.16326530612
1180 0.00243265568874 0.775144951397 700 8.41346153846
1180 0.00213246375064 0.612074374534 800 8.30737279335
1190 0.0302797887335 1.10749852888 100 6.45161290323
1190 0.0151157475921 0.690660065493 200 7.90513833992
1190 0.0098535948937 0.7209652735 300 7.65306122449
1190 0.00724908770023 0.785714955952 400 8.2304526749
1190 0.00586782861512 0.751854228952 500 8.53242320819
1190 0.00326409333793 0.792556194987 600 8.24175824176
1190 0.00238499537285 0.778861050812 700 8.48484848485
1190 0.0021694712414 0.597251500923 800 8.37696335079
1200 0.0287216268532 1.05953559001 100 6.75675675676
1200 0.0143062909594 0.737436398744 200 8.13008130081
1200 0.00933601304232 0.826186360529 300 7.77202072539
1200 0.00686351987058 0.894609426056 400 8.35073068894
1200 0.00568158318253 0.875125356687 500 8.5910652921
1200 0.00308793823523 0.846439235429 600 8.32177531207
1200 0.00230408045281 0.77092614522 700 8.55745721271
1200 0.00227408520653 0.563255571433 800 8.4388185654
1210 0.02627198224 0.937448824752 100 6.99300699301
1210 0.0130430656299 0.781186003197 200 8.33333333333
1210 0.00854203781021 0.935935454292 300 7.87401574803
1210 0.00625639486012 1.00720415482 400 8.45665961945
1210 0.00532813320114 0.999977244064 500 8.62068965517
1210 0.00285040945586 0.868781315264 600 8.39160839161
1210 0.00224562653334 0.713147581779 700 8.62068965517
1210 0.0024739921955 0.490051047467 800 8.49256900212
1220 0.0238340925244 0.705469218444 100 7.19424460432
1220 0.0117863888685 0.747214403297 200 8.51063829787
1220 0.00774057479971 0.92817107698 300 7.97872340426
1220 0.00565623600859 0.998398587636 400 8.54700854701
1220 0.00467681168621 0.997008779751 500 8.57632933105
1220 0.00268236543471 0.763468129281 600 8.4388185654
1220 0.00226986690586 0.54711132754 700 8.6741016109
1220 0.00270968397982 0.349178122443 800 8.537886873
1230 0.0214908824141 0.553607461902 100 7.29927007299
1230 0.0105857212789 0.689357276721 200 8.65800865801
1230 0.00696881676699 0.858765965734 300 8.04289544236
1230 0.00509921333132 0.913214215984 400 8.62068965517
1230 0.00352747518207 0.911402888326 500 8.41750841751
1230 0.00261868578575 0.604744070912 600 8.48656294201
1230 0.00237036132173 0.358039732204 700 8.71731008717
1230 0.0029960041558 0.203692606514 800 8.5744908896
1240 0.0202952151701 0.480712756965 100 7.40740740741
1240 0.00993944212416 0.652755536763 200 8.81057268722
1240 0.00656158436235 0.798401451042 300 8.10810810811
1240 0.00480159583203 0.841507182831 400 8.67678958785
1240 0.00315073210952 0.80415736917 500 8.25082508251
1240 0.00263745401494 0.47640462663 600 8.52272727273
1240 0.00246868942115 0.223922845679 700 8.75
1240 0.00317537924358 0.106293028431 800 8.61141011841
1250 0.0197539089938 0.53747282312 100 7.51879699248
1250 0.0096689313464 0.703525798947 200 8.88888888889
1250 0.00640049963043 0.818936496953 300 8.15217391304
1250 0.00468483019044 0.848148281129 400 8.73362445415
1250 0.00316295240046 0.761565687974 500 8.19672131148
1250 0.00265933105174 0.441070198213 600 8.54700854701
1250 0.00251800677766 0.19569939716 700 8.77192982456
1250 0.00325126543667 0.082491925917 800 8.63930885529
1260 0.0197255594555 0.680140477576 100 7.57575757576
1260 0.00972837949574 0.803397462805 200 8.96860986547
1260 0.0064531440197 0.890976992905 300 8.19672131148
1260 0.00472888860647 0.904990834389 400 8.77192982456
1260 0.00316750709122 0.773215880276 500 8.19672131148
1260 0.00264683994153 0.460378533 600 8.57142857143
1260 0.00253033130554 0.207987795723 700 8.77192982456
1260 0.00322609597899 0.100186114308 800 8.66738894908
1270 0.0198960108636 0.803578082234 100 7.7519379845
1270 0.00979525964674 0.878103836581 200 9.04977375566
1270 0.00650918907544 0.938408371567 300 8.26446280992
1270 0.0047708033176 0.936337496925 400 8.83002207506
1270 0.00316204105851 0.76796239116 500 8.23723228995
1270 0.00263733418839 0.459920802369 600 8.60832137733
1270 0.00257352765348 0.204364938251 700 8.75
1270 0.00318954150339 0.111000621689 800 8.69565217391
1280 0.0196004898779 0.794601870043 100 8.0
1280 0.00973984607341 0.83629067165 200 9.17431192661
1280 0.00640313978441 0.84930620286 300 8.37988826816
1280 0.00469821827017 0.834394659638 400 8.90868596882
1280 0.00317743306155 0.639426454119 500 8.30564784053
1280 0.0026518002837 0.335849162751 600 8.65800865801
1280 0.00286969037741 0.097189868529 700 8.68486352357
1280 0.00319601424597 0.0869524811636 800 8.74316939891
1290 0.0180305157702 0.496024193864 100 8.33333333333
1290 0.0090652091466 0.56988497127 200 9.3023255814
1290 0.00588358399343 0.506719510718 300 8.49858356941
1290 0.00434238703646 0.484894026438 400 9.00900900901
1290 0.00332058593045 0.281055039191 500 8.38926174497
1290 0.00280106662129 0.0156919447439 600 8.70827285922
1290 0.00358276910959 0.156878406851 700 8.62068965517
1290 0.00344874883662 0.122283194234 800 8.80088008801
1300 0.016270271471 0.0883674358537 100 8.77192982456
1300 0.00822664921026 0.116538943043 200 9.43396226415
1300 0.00535463945436 0.105331560669 300 8.64553314121
1300 0.0039913642316 0.0938762424434 400 9.11161731207
1300 0.00373089905107 0.201848826414 500 8.47457627119
1300 0.00321367891411 0.393541253824 600 8.77192982456
1300 0.00435134853459 0.424255247769 700 8.62068965517
1300 0.00387772428657 0.24431085814 800 8.84955752212
1310 0.0157344502931 0.319413009974 100 9.17431192661
1310 0.00787684668299 0.249872076168 200 9.43396226415
1310 0.00523628391224 0.427216854207 300 8.77192982456
1310 0.00392942552968 0.419156754388 400 9.21658986175
1310 0.00412999496979 0.535614389049 500 8.54700854701
1310 0.00365752537431 0.646320873136 600 8.83652430044
1310 0.00404630713954 0.578763514394 700 8.65265760198
1310 0.00364123100067 0.332279460859 800 8.90868596882
1320 0.015708122858 0.371048665464 100 9.52380952381
1320 0.00785641097458 0.363302130294 200 8.77192982456
1320 0.00525085426313 0.538732284257 300 8.87573964497
1320 0.0039555213337 0.51853609709 400 9.25925925926
1320 0.00426404786755 0.630012073111 500 8.62068965517
1320 0.00394233840919 0.714120386847 600 8.87573964497
1320 0.00379464474443 0.601130596604 700 8.6741016109
1320 0.00357023941479 0.34474072448 800 8.9485458613
1330 0.0157090733852 0.287502166789 100 9.80392156863
1330 0.00785901267632 0.393450498466 200 8.47457627119
1330 0.00525656139754 0.54785239947 300 8.9552238806
1330 0.00396760907567 0.525662224262 400 9.2807424594
1330 0.00428708393187 0.638812741603 500 8.66551126516
1330 0.00415529884585 0.710428620868 600 8.90207715134
1330 0.00378869150407 0.571506793831 700 8.69565217391
1330 0.00361401613662 0.32453951379 800 8.97867564534
1340 0.0157080235654 0.204061430972 100 10.0
1340 0.00786789535788 0.420393245594 200 8.40336134454
1340 0.00526545586077 0.566097309385 300 9.00900900901
1340 0.00395004751564 0.544676642257 400 9.25925925926
1340 0.00431018929645 0.659741729824 500 8.69565217391
1340 0.00430096494181 0.714750659227 600 8.92857142857
1340 0.00379499812285 0.547805542999 700 8.71731008717
1340 0.00363075965705 0.307942335593 800 8.99887514061
1350 0.0157094366664 0.114116426671 100 10.101010101
1350 0.00786618150784 0.420702223485 200 8.36820083682
1350 0.00526422393228 0.546058176335 300 9.03614457831
1350 0.00392737734317 0.539719829955 400 9.1533180778
1350 0.00427198452525 0.66660499438 500 8.71080139373
1350 0.004307267648 0.708814364935 600 8.94187779434
1350 0.00384978804865 0.51613377262 700 8.73907615481
1350 0.00365392479453 0.286379227687 800 9.00900900901
1360 0.0157132461865 0.124322573473 100 10.3092783505
1360 0.00786598618913 0.470714783019 200 8.40336134454
1360 0.00526646048777 0.57844169485 300 9.09090909091
1360 0.00396087357843 0.558979323532 400 8.92857142857
1360 0.00427395899239 0.691945538997 500 8.74125874126
1360 0.00424968951446 0.719714343346 600 8.96860986547
1360 0.0038966625919 0.497934872707 700 8.76095118899
1360 0.00366257263546 0.276462739499 800 9.02934537246
1370 0.0157190670516 0.151087467563 100 10.5263157895
1370 0.00786794312533 0.498402751429 200 8.4388185654
1370 0.00526820851266 0.597151157259 300 9.14634146341
1370 0.00457170531862 0.595967734545 400 8.54700854701
1370 0.00429202915091 0.719047300543 500 8.75656742557
1370 0.0042180578928 0.729068549953 600 8.98203592814
1370 0.00389754823033 0.479971420574 700 8.79396984925
1370 0.00367656858265 0.263236828148 800 9.0395480226
1380 0.0157248916382 0.18761212535 100 10.752688172
1380 0.00786990191743 0.513428658649 200 8.47457627119
1380 0.00527109341125 0.622303698975 300 9.17431192661
1380 0.00518843861496 0.635499279157 400 8.36820083682
1380 0.00431355435672 0.749083695434 500 8.77192982456
1380 0.00421941751906 0.742794463268 600 8.99550224888
1380 0.00389658478199 0.464316595275 700 8.8161209068
1380 0.00369122796615 0.255459794419 800 9.04977375566
1390 0.0157149443332 0.220631135 100 10.8695652174
1390 0.00786042310068 0.501748533908 200 8.51063829787
1390 0.00525770845924 0.593432834282 300 9.20245398773
1390 0.00524879390646 0.629101078746 400 8.35073068894
1390 0.00424130542449 0.750836142583 500 8.77192982456
1390 0.00423326839948 0.736073633613 600 8.98203592814
1390 0.00393459173237 0.434933238149 700 8.82723833544
1390 0.00374169275641 0.244460731445 800 9.04977375566
1400 0.0157139714972 0.267996227663 100 10.6382978723
1400 0.00786023351434 0.530757441595 200 8.51063829787
1400 0.00525701471886 0.583329825879 300 9.23076923077
1400 0.0052600863159 0.645490266666 400 8.35073068894
1400 0.00421861867099 0.762393015235 500 8.77192982456
1400 0.00447495220352 0.730271665319 600 8.87573964497
1400 0.00396369821564 0.406908795008 700 8.83838383838
1400 0.00375732636058 0.231276902551 800 9.01916572717
1410 0.0157127675428 0.253069245227 100 10.2040816327
1410 0.00786587766481 0.547397351411 200 8.51063829787
1410 0.00525734042967 0.560900060271 300 9.20245398773
1410 0.00529558343806 0.657993299368 400 8.36820083682
1410 0.00433833525897 0.770899696629 500 8.75656742557
1410 0.00495987576144 0.694322473419 600 8.60832137733
1410 0.00403412047077 0.379789192504 700 8.84955752212
1410 0.00377191570728 0.220728346561 800 8.92857142857
1420 0.0157080386461 0.30220116043 100 9.00900900901
1420 0.00787247024387 0.605430778803 200 8.51063829787
1420 0.00526429796964 0.559813182012 300 9.14634146341
1420 0.00531778125783 0.687772001754 400 8.3857442348
1420 0.0046035605755 0.782766629982 500 8.74125874126
1420 0.00448805837843 0.6547560546 600 8.53485064011
1420 0.00406471457731 0.355194222237 700 8.84955752212
1420 0.0030224224306 0.190768526826 800 8.01603206413
1430 0.0157246488833 0.505393917027 100 7.40740740741
1430 0.00789297447908 0.695581060223 200 8.51063829787
1430 0.00529883284891 0.620305284961 300 9.09090909091
1430 0.00538691167078 0.744828320931 400 8.3857442348
1430 0.00498249036268 0.809574420364 500 8.7260034904
1430 0.00439669943535 0.633153826682 600 8.52272727273
1430 0.00410261013484 0.342584845089 700 8.86075949367
1430 0.00257166587653 0.168738929177 800 7.97607178465
1440 0.0157365127792 0.648785648789 100 7.14285714286
1440 0.0078970921533 0.75321297821 200 8.51063829787
1440 0.00525846106 0.662207520463 300 8.98203592814
1440 0.00537677738042 0.781696747029 400 8.40336134454
1440 0.00516183134847 0.824629340593 500 8.7260034904
1440 0.0044374055964 0.608925930284 600 8.52272727273
1440 0.00415347368229 0.329727377347 700 8.86075949367
1440 0.00252110019787 0.154173676472 800 7.96812749004
1450 0.0157189367882 0.733484734464 100 7.04225352113
1450 0.00788533382714 0.754208909774 200 8.51063829787
1450 0.005243109639 0.659842440495 300 8.74635568513
1450 0.00529648599818 0.798352528696 400 8.3857442348
1450 0.00511695465475 0.821848412799 500 8.7260034904
1450 0.00454194414637 0.574560436756 600 8.53485064011
1450 0.00420679559438 0.310696877009 700 8.86075949367
1450 0.00252983427211 0.135538721873 800 7.96812749004
1460 0.0157135107076 0.77566749291 100 6.99300699301
1460 0.00787771799128 0.751512490339 200 8.51063829787
1460 0.0056784131693 0.668946270041 300 8.19672131148
1460 0.00526489680318 0.813740923183 400 8.3857442348
1460 0.00498932743124 0.82352383981 500 8.71080139373
1460 0.00461330214669 0.538303150541 600 8.53485064011
1460 0.00424863872475 0.291353989933 700 8.84955752212
1460 0.0025422900347 0.116274656113 800 7.96812749004
1470 0.0157113740247 0.760675483885 100 6.94444444444
1470 0.00787403286444 0.758631617093 200 8.51063829787
1470 0.00668182606443 0.702688273332 300 7.79220779221
1470 0.00527438656725 0.838507096519 400 8.36820083682
1470 0.0049594584261 0.829996807538 500 8.69565217391
1470 0.00463619230324 0.506591929025 600 8.53485064011
1470 0.00429344260091 0.276731049767 700 8.83838383838
1470 0.00255216689102 0.097269771388 800 7.96019900498
1480 0.01570982221 0.736000051891 100 6.94444444444
1480 0.00786990245431 0.728584642609 200 8.51063829787
1480 0.00689974146435 0.723518208332 300 7.73195876289
1480 0.00523245509067 0.861765827231 400 8.35073068894
1480 0.00499486168531 0.833052063825 500 8.68055555556
1480 0.00464873609491 0.476957796945 600 8.54700854701
1480 0.0043203452244 0.263640918511 700 8.82723833544
1480 0.00255685542751 0.0805868782169 800 7.96019900498
1490 0.0157089038494 0.738020177142 100 6.99300699301
1490 0.00786674181405 0.700404051775 200 8.58369098712
1490 0.00689957685909 0.723960229861 300 7.7519379845
1490 0.0051906287393 0.850411737569 400 8.36820083682
1490 0.00518095701421 0.799716765536 500 8.5910652921
1490 0.00466829853637 0.426333472532 600 8.57142857143
1490 0.00434358594469 0.232314283058 700 8.8161209068
1490 0.00256534849444 0.0591714440114 800 7.96812749004
1500 0.0157250985657 0.826813698868 100 7.09219858156
1500 0.00788566336577 0.727662165794 200 8.65800865801
1500 0.00703278274562 0.781304933802 300 7.8125
1500 0.0053321425318 0.88246453414 400 8.40336134454
1500 0.00608367621437 0.786509014351 500 8.40336134454
1500 0.00468582285712 0.402363656588 600 8.60832137733
1500 0.00429583019813 0.217735097669 700 8.80503144654
1500 0.00253262986411 0.0523328309512 800 7.99200799201
1510 0.0157757815564 0.91710505639 100 7.29927007299
1510 0.00791572514269 0.772661491004 200 8.77192982456
1510 0.00719631685581 0.847856436483 300 7.89473684211
1510 0.00556343669572 0.925546398844 400 8.45665961945
1510 0.00573467833607 0.774473962494 500 8.31946755408
1510 0.00464484226199 0.393062334974 600 8.65800865801
1510 0.00420643015738 0.214517699715 700 8.71731008717
1510 0.00249734819962 0.0540173744599 800 8.01603206413
1520 0.015762664708 0.926637419166 100 7.57575757576
1520 0.00790442106431 0.731323690446 200 8.92857142857
1520 0.00715187444017 0.841113261836 300 8.0
1520 0.00570034044529 0.917493437403 400 8.52878464819
1520 0.00547086613425 0.744537693521 500 8.34724540902
1520 0.00469257577716 0.377556144298 600 8.72093023256
1520 0.00374863615768 0.196287983883 700 7.85634118967
1520 0.00252390597831 0.0565468267239 800 8.04828973843
1530 0.0157466460377 0.912605871623 100 8.0
1530 0.00789787183686 0.692404440458 200 9.17431192661
1530 0.00709712285508 0.821205978302 300 8.17438692098
1530 0.00575999232516 0.906348521415 400 8.65800865801
1530 0.00538148122117 0.727879213138 500 8.43170320405
1530 0.00473896318658 0.371511722336 600 8.81057268722
1530 0.00345127783583 0.192945424313 700 7.88288288288
1530 0.00254362657354 0.0629019976422 800 8.1053698075
1540 0.0157374699914 0.888571660335 100 8.54700854701
1540 0.00789372320173 0.659657088795 200 9.52380952381
1540 0.00706152913509 0.806618864305 300 8.356545961
1540 0.00580279127936 0.896269426995 400 8.81057268722
1540 0.00536725587567 0.716960143846 500 8.54700854701
1540 0.00477893810255 0.367016146476 600 8.91530460624
1540 0.00333762086978 0.192359071356 700 7.94551645857
1540 0.00255523010924 0.0674867723452 800 8.17160367722
1550 0.0157255391561 0.832537865271 100 9.17431192661
1550 0.00788932613535 0.617784711399 200 9.85221674877
1550 0.00700804022876 0.775115710323 300 8.54700854701
1550 0.0058685086808 0.872452446962 400 8.9485458613
1550 0.00538005582711 0.690484502344 500 8.65051903114
1550 0.00483105689386 0.355086649359 600 9.02255639098
1550 0.00321975545272 0.185263455457 700 8.0
1550 0.00257423845642 0.0737522538207 800 8.23892893924
1560 0.015728936261 0.811632684131 100 9.70873786408
1560 0.00789954331926 0.6001708299 200 10.152284264
1560 0.007017933224 0.779342752197 300 8.69565217391
1560 0.00602277362388 0.874145581584 400 9.07029478458
1560 0.00538433206376 0.677471807299 500 8.74125874126
1560 0.00487131288653 0.349127610449 600 9.10470409712
1560 0.00304703624421 0.17851404711 700 8.03673938002
1560 0.00257301580528 0.0867076653523 800 8.29015544041
1570 0.0157257187052 0.773342759102 100 10.2040816327
1570 0.00789073629275 0.576642873819 200 10.2564102564
1570 0.00700043401287 0.763405065045 300 8.82352941176
1570 0.0062047594714 0.850581154439 400 9.1533180778
1570 0.0054195542139 0.633289417628 500 8.80281690141
1570 0.00493338795362 0.325384064806 600 9.17431192661
1570 0.00296324008567 0.159076564684 700 8.06451612903
1570 0.0025803394936 0.103473913833 800 8.32466181061
1580 0.0157245413505 0.74751537021 100 10.4166666667
1580 0.00785546809742 0.569624493742 200 10.2040816327
1580 0.00695253199888 0.775221356265 300 8.87573964497
1580 0.00629060414429 0.844217031503 400 9.19540229885
1580 0.00547777033503 0.597733410832 500 8.84955752212
1580 0.00497291694801 0.308553677328 600 9.21658986175
1580 0.0029631222374 0.148868516857 700 8.09248554913
1580 0.00257873917591 0.120297107481 800 8.35073068894
1590 0.01572841972 0.708358409826 100 10.6382978723
1590 0.00788394915564 0.560320375689 200 9.95024875622
1590 0.0069338597246 0.79615412486 300 8.92857142857
1590 0.00628611311055 0.847525509004 400 9.23787528868
1590 0.00554339033386 0.563171015497 500 8.8809946714
1590 0.00498730316584 0.291385923127 600 9.23076923077
1590 0.00294437838351 0.137283305815 700 8.10185185185
1590 0.00256847540375 0.142401433948 800 8.36820083682
1600 0.0157284534411 0.679760320387 100 10.752688172
1600 0.00818599151746 0.560273767966 200 9.13242009132
1600 0.00693270140213 0.81868290336 300 8.92857142857
1600 0.00617264675624 0.846846731202 400 9.25925925926
1600 0.00559979875216 0.525430489521 500 8.91265597148
1600 0.00500620367055 0.275454378024 600 9.24499229584
1600 0.00294145127183 0.13029752777 700 8.11123986095
1600 0.00257124260092 0.161802816758 800 8.37696335079
1610 0.0157297946564 0.718984909288 100 10.8695652174
1610 0.00976214318221 0.634274731579 200 8.33333333333
1610 0.00696324627042 0.860995108343 300 8.9552238806
1610 0.00614839244802 0.865707546953 400 9.25925925926
1610 0.00560723177377 0.498863124621 500 8.92857142857
1610 0.00503831672601 0.267345245743 600 9.24499229584
1610 0.00294172827571 0.124387997019 700 8.12064965197
1610 0.00258324788929 0.174367979997 800 8.36820083682
1620 0.0157297481671 0.710145941341 100 10.8695652174
1620 0.0102736590163 0.696759569147 200 8.16326530612
1620 0.00695835687651 0.907556527527 300 8.92857142857
1620 0.00617637327893 0.880818275307 400 9.23787528868
1620 0.00561176301543 0.471963366118 500 8.94454382826
1620 0.00506347480297 0.261680034895 600 9.23076923077
1620 0.00293932338791 0.123827587317 700 8.12064965197
1620 0.00257448047636 0.19044695964 800 8.36820083682
1630 0.0157281122237 0.668044418896 100 10.8695652174
1630 0.010314569601 0.731235564765 200 8.13008130081
1630 0.00690495303242 0.930769444637 300 8.92857142857
1630 0.00636066515233 0.882436360748 400 9.13242009132
1630 0.00560918212634 0.443514590439 500 8.9605734767
1630 0.00508435928063 0.261008524463 600 9.20245398773
1630 0.00294110881368 0.132678634326 700 8.12064965197
1630 0.00257813982566 0.212834364824 800 8.36820083682
1640 0.0157232171086 0.549937362748 100 10.8695652174
1640 0.0103244156432 0.744436410803 200 8.16326530612
1640 0.00697279296871 0.94715565307 300 8.90207715134
1640 0.00763285193125 0.856126366768 400 8.73362445415
1640 0.00574981666487 0.416510660254 500 8.9605734767
1640 0.00511207384611 0.266083506879 600 9.13242009132
1640 0.00296142327887 0.149572943486 700 8.12064965197
1640 0.0025928180108 0.23955742269 800 8.36820083682
1650 0.0157160021381 0.402447676167 100 10.6382978723
1650 0.0103128330449 0.750163352703 200 8.19672131148
1650 0.00726683766107 0.945559272811 300 8.87573964497
1650 0.00713991686734 0.787680194944 400 8.54700854701
1650 0.00583396367498 0.389766979027 500 8.9605734767
1650 0.00463697895837 0.25641723086 600 7.90513833992
1650 0.0029998647122 0.168739595654 700 8.11123986095
1650 0.00261072073232 0.263386369631 800 8.37696335079
1660 0.0157326413618 0.317630034895 100 10.4166666667
1660 0.0102724057488 0.765936059094 200 8.19672131148
1660 0.00773824515148 0.936864676195 300 8.84955752212
1660 0.00687994111236 0.719796954918 400 8.49256900212
1660 0.00594456622304 0.369065523538 500 8.97666068223
1660 0.00370344540479 0.231848542083 600 7.80234070221
1660 0.00301218488356 0.193185583238 700 8.10185185185
1660 0.0026345521876 0.289210579481 800 8.35945663532
1670 0.0157132168902 0.291387349239 100 10.101010101
1670 0.0102498987454 0.783950113715 200 8.2304526749
1670 0.00816265923691 0.929462874394 300 8.82352941176
1670 0.0069456126725 0.659497075918 400 8.49256900212
1670 0.00606311826307 0.348439522463 500 8.97666068223
1670 0.00353556796605 0.218917846678 600 7.78210116732
1670 0.00301736482722 0.220245523593 700 8.10185185185
1670 0.00264872114465 0.315051657203 800 8.34202294056
1680 0.0158010957606 0.343199292231 100 9.43396226415
1680 0.010163315053 0.855132817648 200 8.2304526749
1680 0.00821351781303 0.954178658079 300 8.82352941176
1680 0.00705612965892 0.621990813907 400 8.49256900212
1680 0.00610118462537 0.340379473466 500 8.97666068223
1680 0.0035250600312 0.211387625048 600 7.78210116732
1680 0.0030111864585 0.236357866002 700 8.11123986095
1680 0.00262336750463 0.330500072136 800 8.33333333333
1690 0.0158363406771 0.332044474632 100 8.13008130081
1690 0.0101391346545 0.921935847878 200 8.19672131148
1690 0.00804379857325 0.98817734856 300 8.79765395894
1690 0.00715543580387 0.597696376416 400 8.51063829787
1690 0.00613082453369 0.346281169781 500 8.9605734767
1690 0.0035184782307 0.218894721225 600 7.78210116732
1690 0.00301185388981 0.261089304541 700 8.10185185185
1690 0.00263371173708 0.352498073642 800 8.33333333333
1700 0.0188372954261 0.487232974285 100 6.75675675676
1700 0.0101783630647 0.982739686162 200 8.19672131148
1700 0.0079967155829 1.00443188822 300 8.79765395894
1700 0.00717133787211 0.556016082066 400 8.51063829787
1700 0.0061691069041 0.337611354557 500 8.9605734767
1700 0.00352050018752 0.216893800504 600 7.78210116732
1700 0.0030282361421 0.278544601433 700 8.09248554913
1700 0.00263707328461 0.370033287489 800 8.33333333333
1710 0.0200344639329 0.668109019671 100 6.45161290323
1710 0.0101851708078 1.04944530784 200 8.16326530612
1710 0.00801890542467 1.01757286348 300 8.77192982456
1710 0.00717905087819 0.521460287937 400 8.52878464819
1710 0.00620743832337 0.333939772654 500 8.94454382826
1710 0.00351839560462 0.221446970692 600 7.77202072539
1710 0.00301900093083 0.297131972096 700 8.0831408776
1710 0.0026385756103 0.388055085009 800 8.33333333333
1720 0.0201301081737 0.824275453327 100 6.41025641026
1720 0.0101054725738 1.10886466901 200 8.13008130081
1720 0.00827944182057 1.01551786282 300 8.62068965517
1720 0.00716389715696 0.476241289518 400 8.54700854701
1720 0.00617628293742 0.312939918377 500 8.91265597148
1720 0.00351630774869 0.222540251774 600 7.77202072539
1720 0.00301967928865 0.315629167988 700 8.0831408776
1720 0.00263154236688 0.407344248935 800 8.32466181061
1730 0.0201980673376 0.942024539638 100 6.49350649351
1730 0.0102083756475 1.14760315423 200 8.13008130081
1730 0.00984714433976 0.976876279302 300 8.19672131148
1730 0.00730686351301 0.436997420104 400 8.56531049251
1730 0.00621028912333 0.300808718292 500 8.83392226148
1730 0.0035296845862 0.229974427428 600 7.77202072539
1730 0.00302644863516 0.329963776738 700 8.09248554913
1730 0.00264500718881 0.421218487884 800 8.31600831601
1740 0.0203298188847 1.11497152602 100 6.57894736842
1740 0.0106304035049 1.26396040301 200 8.13008130081
1740 0.00983620688367 0.99613574634 300 8.0
1740 0.00737608912312 0.476596940952 400 8.58369098712
1740 0.00596432239637 0.340423082408 500 7.56429652042
1740 0.00354671367285 0.244117523922 600 7.78210116732
1740 0.00302403748096 0.342881327592 700 8.10185185185
1740 0.00266644112572 0.437196567579 800 8.31600831601
1750 0.0201441839346 1.23629622587 100 6.66666666667
1750 0.0111749352944 1.32036011591 200 8.13008130081
1750 0.00933265983457 0.96972698871 300 7.9575596817
1750 0.00750573872712 0.489694628934 400 8.62068965517
1750 0.00475092310141 0.326440493112 500 7.41839762611
1750 0.00358363979688 0.246006293712 600 7.79220779221
1750 0.00306479671483 0.344662180619 700 8.11123986095
1750 0.00272551538177 0.438818395499 800 8.32466181061
1760 0.0199929053385 1.25527166237 100 6.75675675676
1760 0.0116343627809 1.2585356479 200 8.19672131148
1760 0.00942972031932 0.852539799467 300 8.0
1760 0.00768468012667 0.423660506157 400 8.65800865801
1760 0.00439349860792 0.264696547859 500 7.40740740741
1760 0.00361758616096 0.252694197156 600 7.8125
1760 0.00310779162235 0.356453265282 700 8.12064965197
1760 0.00278162987251 0.448021735124 800 8.34202294056
1770 0.0203699365902 1.28543553991 100 6.89655172414
1770 0.0122205646556 1.20747686189 200 8.26446280992
1770 0.00932681522081 0.732141696276 300 8.04289544236
1770 0.00761897027445 0.359573554121 400 8.71459694989
1770 0.00426474884672 0.249601920207 500 7.4294205052
1770 0.0035373770249 0.299028229211 600 7.8431372549
1770 0.003029440391 0.400328526847 700 8.13008130081
1770 0.00273470796674 0.48275764135 800 8.37696335079
1780 0.0210439244391 1.35552782092 100 7.09219858156
1780 0.0127316355552 1.2064376686 200 8.40336134454
1780 0.0090749201577 0.674217727637 300 8.15217391304
1780 0.00740426481659 0.356699071984 400 8.79120879121
1780 0.00409401868926 0.303776662045 500 7.47384155456
1780 0.00339648468451 0.369400259348 600 7.88436268068
1780 0.00289291893049 0.457888875813 700 8.16802800467
1780 0.00263009777051 0.535076920154 800 8.41219768665
1790 0.0217108196855 1.55176541399 100 7.35294117647
1790 0.0130947158531 1.35815072962 200 8.58369098712
1790 0.00888283124273 0.754807877363 300 8.26446280992
1790 0.00721098582061 0.450390054792 400 8.88888888889
1790 0.00395190549603 0.381930992608 500 7.53012048193
1790 0.00328344034293 0.427628372563 600 7.93650793651
1790 0.00280967955985 0.508184433444 700 8.20633059789
1790 0.00254086124552 0.585942378216 800 8.45665961945
1800 0.0212363702932 1.78380531886 100 7.69230769231
1800 0.0127276678089 1.58532739276 200 8.81057268722
1800 0.00913089703972 0.92583782213 300 8.40336134454
1800 0.00736226613591 0.570122867529 400 9.00900900901
1800 0.00403322738818 0.404519909126 500 7.59878419453
1800 0.00335241433804 0.403754304894 600 8.0
1800 0.00287430401681 0.484511901176 700 8.26446280992
1800 0.00259411301888 0.576508177199 800 8.51063829787
1810 0.0194515804381 1.87504309742 100 8.13008130081
1810 0.0115930726011 1.72467923827 200 9.09090909091
1810 0.00989989073886 1.09337524474 300 8.57142857143
1810 0.00774415333981 0.730645688172 400 9.1533180778
1810 0.00440652000501 0.459001808252 500 7.68049155146
1810 0.0036657577767 0.334833268036 600 8.07537012113
1810 0.00314138823462 0.384179855422 700 8.33333333333
1810 0.00283109713197 0.479769706951 800 8.5744908896
1820 0.0178676804922 1.82605897622 100 8.62068965517
1820 0.0105115623707 1.73426551917 200 9.3896713615
1820 0.0102266333731 1.18675596131 300 8.77192982456
1820 0.00715357658861 0.88301187914 400 9.3023255814
1820 0.00483439765455 0.57820392039 500 7.77604976672
1820 0.00402619896355 0.343488252513 600 8.15217391304
1820 0.00344761380244 0.307172335061 700 8.40336134454
1820 0.00310002775349 0.364343672867 800 8.64864864865
1830 0.0170946580277 1.75872533353 100 9.17431192661
1830 0.00992093239125 1.71973108167 200 9.70873786408
1830 0.00974627599639 1.25418489112 300 8.9552238806
1830 0.00678710258642 1.02555640864 400 9.45626477541
1830 0.00510737615586 0.713858423773 500 7.86163522013
1830 0.00425967246443 0.43307229469 600 8.2304526749
1830 0.00364343917556 0.325195861739 700 8.48484848485
1830 0.00326792150324 0.315548577847 800 8.71459694989
1840 0.0163536810108 1.55421898351 100 9.80392156863
1840 0.00927334338053 1.57281707653 200 10.0502512563
1840 0.00915337500632 1.21573890765 300 9.17431192661
1840 0.00633832886279 1.07445977555 400 9.61538461538
1840 0.00545270767824 0.777348605666 500 7.94912559618
1840 0.00455374718014 0.494402306448 600 8.31024930748
1840 0.00389072204097 0.360231054326 700 8.55745721271
1840 0.00348254534711 0.292771568584 800 8.78155872667
1850 0.0158490355096 1.26077743069 100 10.4166666667
1850 0.00867150581453 1.33786207967 200 10.3626943005
1850 0.0085053889838 1.10841078538 300 9.34579439252
1850 0.00585669061345 1.06273227398 400 9.75609756098
1850 0.00584975543009 0.793755721072 500 8.02568218299
1850 0.00488820141258 0.538926725602 600 8.37988826816
1850 0.00417356019518 0.408730576568 700 8.62068965517
1850 0.00372744420108 0.316933016537 800 8.83977900552
1860 0.0157312798837 1.09389101015 100 10.752688172
1860 0.00842287324869 1.19923499756 200 10.5263157895
1860 0.00817790114332 1.02448858254 300 9.46372239748
1860 0.00560600267176 1.02534487108 400 9.82800982801
1860 0.00604503187309 0.75363513548 500 8.07754442649
1860 0.00505029680482 0.5275311695 600 8.41514726508
1860 0.00431908572135 0.409298160735 700 8.66336633663
1870 0.0157106102725 1.02466647333 100 10.8695652174
1870 0.00846612632016 1.15370936235 200 10.4712041885
1870 0.00809869143505 0.997471930696 300 9.52380952381
1870 0.00551825504043 1.01768532526 400 9.85221674877
1870 0.0060979088483 0.719873181655 500 8.09061488673
1870 0.00508749512318 0.519022490574 600 8.42696629213
1870 0.00435153311107 0.401154488887 700 8.68486352357
1880 0.0157088804638 0.996551829255 100 10.752688172
1880 0.0092331533452 1.14032343232 200 9.80392156863
1880 0.00795878505461 0.991290105069 300 9.55414012739
1880 0.00548050697694 1.02574617982 400 9.73236009732
1880 0.00611688927659 0.686363673345 500 8.07754442649
1880 0.00510878385987 0.509014870804 600 8.42696629213
1880 0.00436566589054 0.385285989611 700 8.66336633663
1890 0.0157602818401 0.978898573165 100 10.5263157895
1890 0.0115347156277 1.10798799828 200 8.92857142857
1890 0.00775378759933 0.996102952274 300 9.52380952381
1890 0.00563114929263 1.02951533533 400 9.3023255814
1890 0.00617859434798 0.658755631253 500 8.06451612903
1890 0.00513026365466 0.498884386436 600 8.41514726508
1890 0.00441980890021 0.380182293637 700 8.63131935882
1900 0.0161019472391 0.998423275478 100 10.3092783505
1900 0.012442381259 1.07517448241 200 8.77192982456
1900 0.00764621455383 1.00280120183 300 9.52380952381
1900 0.00741311222325 0.980322701666 400 7.60456273764
1900 0.00616750283916 0.627989354236 500 8.038585209
1900 0.00514947271679 0.483538726645 600 8.40336134454
1900 0.00444774431782 0.372539816531 700 8.62068965517
1910 0.0166537291898 1.03983185751 100 10.2040816327
1910 0.0123470639658 1.04916870729 200 8.73362445415
1910 0.00745454489294 1.0077928275 300 9.52380952381
1910 0.00776983403462 0.922920560305 400 7.56143667297
1910 0.00619653054982 0.606454599017 500 8.038585209
1910 0.00519420774142 0.457225263511 600 8.36820083682
1910 0.00441687335713 0.360942582117 700 8.62068965517
1920 0.0168816136748 1.12388972369 100 10.2040816327
1920 0.0122467303405 1.05523957397 200 8.73362445415
1920 0.00744403393915 1.02619824486 300 9.52380952381
1920 0.00770770338349 0.880252171399 400 7.56143667297
1920 0.00614587764477 0.587699123534 500 8.05152979066
1920 0.00510370618857 0.440577387142 600 8.356545961
1920 0.004428839261 0.349928655129 700 8.62068965517
1930 0.0167472580942 1.20038412332 100 10.2040816327
1930 0.0120605909354 1.06642979629 200 8.77192982456
1930 0.00742208026467 1.05854662919 300 9.52380952381
1930 0.00766822274888 0.854226274336 400 7.56143667297
1930 0.00612522558742 0.581858754464 500 8.05152979066
1930 0.00510924621764 0.440275742299 600 8.356545961
1930 0.00443466285023 0.352834377202 700 8.63131935882
1940 0.0165953136752 1.24631325443 100 10.2040816327
1940 0.0120038955894 1.06333708029 200 8.81057268722
1940 0.00735909175336 1.07189236446 300 9.52380952381
1940 0.00767413479259 0.813840717866 400 7.57575757576
1940 0.00615185444023 0.555555738768 500 8.05152979066
1940 0.0051163929184 0.43062895093 600 8.36820083682
1940 0.00441757497929 0.347431888688 700 8.64197530864
1950 0.0165469176319 1.26223315705 100 10.2040816327
1950 0.0119515420652 1.06023654058 200 8.84955752212
1950 0.00728147296918 1.08366467764 300 9.49367088608
1950 0.00769782149312 0.770693864443 400 7.57575757576
1950 0.006180654367 0.530800901481 500 8.038585209
1950 0.00513515971524 0.414995889182 600 8.36820083682
1960 0.0168113205813 1.30778434641 100 10.0
1960 0.0120396713253 1.0953527677 200 8.92857142857
1960 0.00729419605685 1.12767009384 300 9.49367088608
1960 0.00766052332296 0.766055291917 400 7.57575757576
1960 0.00613777457209 0.544584312103 500 8.038585209
1960 0.00510323113914 0.42610642518 600 8.37988826816
1970 0.0180110874346 1.35779134064 100 9.09090909091
1970 0.0119484288586 1.17709939892 200 8.96860986547
1970 0.00728858181035 1.21883199865 300 9.40438871473
1970 0.00765361431869 0.811423793511 400 7.59013282732
1970 0.00613414035029 0.597436934146 500 8.05152979066
1970 0.00509434876743 0.472404962767 600 8.36820083682
1980 0.0216876824325 1.35175571051 100 7.8125
1980 0.011420248044 1.28093378662 200 9.00900900901
1980 0.00706738718858 1.32874649565 300 9.17431192661
1980 0.00775056699098 0.903416414114 400 7.59013282732
1980 0.00621089033169 0.696031039812 500 8.06451612903
1980 0.00517342215372 0.566745964036 600 8.36820083682
1990 0.0227406533256 1.25408535687 100 7.57575757576
1990 0.0107669385967 1.35324270574 200 9.09090909091
1990 0.00840115317297 1.39663872506 300 7.02576112412
1990 0.00745791017348 1.00105798448 400 7.60456273764
1990 0.00598356411905 0.81351385767 500 8.07754442649
1990 0.00494212159578 0.687765716207 600 8.36820083682
2000 0.0217067256508 1.13587758911 100 7.51879699248
2000 0.0099097752794 1.34759543565 200 9.13242009132
2000 0.00911956476121 1.33963804161 300 6.96055684455
2000 0.00706567081354 1.02254648521 400 7.60456273764
2000 0.00564808616408 0.867024052228 500 8.07754442649
2000 0.00462128290021 0.764132854499 600 8.37988826816
2010 0.0205686241776 1.07162314794 100 7.57575757576
2010 0.0093413551373 1.31274626475 200 9.17431192661
2010 0.00901279168553 1.25214730383 300 6.94444444444
2010 0.00678735949407 0.994769438664 400 7.61904761905
2010 0.00542450134526 0.862458664004 500 8.06451612903
2010 0.00440070797215 0.7791478687 600 8.39160839161
2020 0.020121214934 1.14013066354 100 7.57575757576
2020 0.00924388927757 1.33072837552 200 9.17431192661
2020 0.00900836735972 1.20277871721 300 6.94444444444
2020 0.00677614138164 0.961524428823 400 7.63358778626
2020 0.00543991552428 0.833491322525 500 8.05152979066
2020 0.00438801152195 0.754228463924 600 8.40336134454
2030 0.0202519297292 1.2495562946 100 7.63358778626
2030 0.00936484080686 1.40300364944 200 9.13242009132
2030 0.00919153138571 1.19214518334 300 6.94444444444
2030 0.00690118970711 0.945571779887 400 7.63358778626
2030 0.00552600924544 0.814260324879 500 8.05152979066
2030 0.00448397100539 0.732394680755 600 8.40336134454
2040 0.0203354998007 1.35645810611 100 7.69230769231
2040 0.00934885343379 1.46364089122 200 9.13242009132
2040 0.00923819811847 1.18659699511 300 6.94444444444
2040 0.00690584231708 0.944065182957 400 7.61904761905
2040 0.00554872525931 0.81471281012 500 8.05152979066
2040 0.00452172547302 0.733199275985 600 8.41514726508
2050 0.0202858489 1.48253095276 100 7.8125
2050 0.00928987605489 1.54507021994 200 9.13242009132
2050 0.00922859240156 1.21036361277 300 6.96055684455
2050 0.00691156680924 0.973342787969 400 7.61904761905
2050 0.00553724038287 0.841149076858 500 8.07754442649
2060 0.0199703028235 1.6677644199 100 8.0
2060 0.00911402490309 1.66110819131 200 9.21658986175
2060 0.00908389597454 1.3136603026 300 7.00934579439
2060 0.00681019477302 1.0882275301 400 7.66283524904
2060 0.00545896105681 0.957871854122 500 8.10372771475
2070 0.0193682547521 1.83711054847 100 8.33333333333
2070 0.00886964864865 1.75906327585 200 9.34579439252
2070 0.00884798076155 1.43557460699 300 7.07547169811
2070 0.00662463039082 1.22668740285 400 7.72200772201
2070 0.00532141259595 1.10480863431 500 8.15660685155
2080 0.0181114737754 1.9158392512 100 8.77192982456
2080 0.00845563420793 1.74629292085 200 9.56937799043
2080 0.00833134043428 1.5214328993 300 7.17703349282
2080 0.0062405465079 1.35518383579 400 7.82778864971
2080 0.00501275375948 1.26409855332 500 8.23723228995
2090 0.016983448561 1.81711751323 100 9.43396226415
2090 0.00809014415914 1.59859708331 200 9.80392156863
2090 0.00773952582337 1.51037850175 300 7.29927007299
2090 0.0058018271054 1.40423353678 400 7.93650793651
2090 0.00465397245195 1.35554157663 500 8.33333333333
2100 0.0161019822689 1.57539869023 100 10.101010101
2100 0.00787259511416 1.3169605224 200 10.0
2100 0.00710218964757 1.37459198933 300 7.42574257426
2100 0.00532680961381 1.33831534352 400 8.04828973843
2100 0.00426215984566 1.33809513387 500 8.41750841751
2110 0.0157384934111 1.30589268382 100 10.6382978723
2110 0.00786599286061 1.01976030436 200 9.80392156863
2110 0.00657767206337 1.2016041097 300 7.51879699248
2110 0.00495438978605 1.20746114192 400 8.1466395112
2110 0.00394572704502 1.24911348162 500 8.48896434635
2120 0.0157842869936 0.997614408014 100 11.1111111111
2120 0.00800829033096 0.774953495643 200 6.75675675676
2120 0.00612131445475 0.988069298908 300 7.57575757576
2120 0.00460875151397 1.01600083196 400 8.19672131148
2120 0.00365178400488 1.07569081828 500 8.53242320819
2130 0.0159691842913 0.852109427557 100 11.3636363636
2130 0.00867692089904 0.681238483028 200 6.66666666667
2130 0.00599739943152 0.913996701984 300 7.59493670886
2130 0.00449814168397 0.95303952512 400 8.19672131148
2130 0.0035384361913 1.00224566794 500 8.54700854701
2140 0.0160382178599 0.821988260958 100 11.3636363636
2140 0.00903156842428 0.714993629588 200 6.62251655629
2140 0.00604325601524 0.917925554885 300 7.61421319797
2140 0.004520120199 0.976123020054 400 8.1799591002
2140 0.00353572594308 1.01505248679 500 8.56164383562
2150 0.0159777427865 0.830464588381 100 11.3636363636
2150 0.00920070790424 0.789642717146 200 6.62251655629
2150 0.00615098251066 0.959374245255 300 7.61421319797
2150 0.00462878351785 1.01977801132 400 8.1466395112
2150 0.00358974920798 1.06786356152 500 8.56164383562
2160 0.0159229927075 0.844035960702 100 11.2359550562
2160 0.00935010287473 0.867755827554 200 6.60066006601
2160 0.00623865259859 1.01193889924 300 7.59493670886
2160 0.00468294142981 1.04820936295 400 8.13008130081
2160 0.00365184744795 1.10349713834 500 8.54700854701
2170 0.0159610401936 0.811755104093 100 10.989010989
2170 0.00936031237913 0.894328744786 200 6.60066006601
2170 0.00621907955311 1.04174429964 300 7.55667506297
2170 0.00468618800995 1.05296729845 400 8.13008130081
2170 0.00366721628367 1.10356789478 500 8.54700854701
2180 0.0159930715938 0.753976810464 100 10.752688172
2180 0.00937598241782 0.927123052729 200 6.57894736842
2180 0.00624719705321 1.03270782369 300 7.53768844221
2180 0.00469122012731 1.05744517085 400 8.11359026369
2190 0.0160024668369 0.684762574291 100 10.4166666667
2190 0.00940336556001 0.968508375148 200 6.55737704918
2190 0.0062579343107 1.03619473846 300 7.51879699248
2190 0.00471433639632 1.08100234162 400 8.08080808081
2200 0.0158985416451 0.675881577023 100 9.43396226415
2200 0.00956984014966 1.0531380428 200 6.53594771242
2200 0.00638710925637 1.07989953928 300 7.51879699248
2200 0.00477942451614 1.12997238917 400 8.04828973843
2210 0.0168195096181 0.737025196361 100 4.78468899522
2210 0.00961682684146 1.10180175469 200 6.49350649351
2210 0.00642993540568 1.08974780116 300 7.5
2210 0.0047665101884 1.13466064849 400 8.03212851406
2220 0.0194608265866 0.87608956477 100 4.6511627907
2220 0.00984343209776 1.13935524606 200 6.49350649351
2220 0.00654752545545 1.13536686305 300 7.46268656716
2220 0.00480987679713 1.15093276929 400 8.03212851406
2230 0.0199112873054 0.977362028501 100 4.62962962963
2230 0.0100048043715 1.15773555714 200 6.49350649351
2230 0.00670748823285 1.16469545513 300 7.42574257426
2230 0.00485124530632 1.17579306066 400 8.03212851406
2240 0.020119459469 1.04486014344 100 4.6511627907
2240 0.0100894515001 1.15663300925 200 6.51465798046
2240 0.00673232370739 1.16499714431 300 7.40740740741
2240 0.00489023444718 1.18971221727 400 8.04828973843
2250 0.020242075672 1.1260942138 100 4.6511627907
2250 0.0101203692373 1.18600310725 200 6.51465798046
2250 0.00675766872905 1.15599750754 300 7.42574257426
2250 0.00493458786718 1.184417097 400 8.06451612903
2260 0.0203772109406 1.1969802495 100 4.67289719626
2260 0.0101508036291 1.22929727743 200 6.49350649351
2260 0.00680270486594 1.16614871436 300 7.44416873449
2260 0.00498371472645 1.18736233396 400 8.06451612903
2270 0.0205098362588 1.27470068637 100 4.69483568075
2270 0.0102468023817 1.23431680828 200 6.51465798046
2270 0.00684058683288 1.18577627313 300 7.46268656716
2280 0.0206029336258 1.3634402922 100 4.71698113208
2280 0.0102843787503 1.24463396658 200 6.53594771242
2280 0.00688196719132 1.2075977864 300 7.4812967581
2290 0.020575426121 1.4308236362 100 4.78468899522
2290 0.0102759392465 1.24958109101 200 6.62251655629
2290 0.00687232279063 1.23005471925 300 7.51879699248
2300 0.0206112217325 1.5734233786 100 4.87804878049
2300 0.0103110535562 1.3408383706 200 6.71140939597
2300 0.0068690604475 1.31151477539 300 7.59493670886
2310 0.02046902865 1.63656497952 100 5.05050505051
2310 0.0102705331174 1.37407099206 200 6.87285223368
2310 0.00681574838246 1.34999757212 300 7.71208226221
2320 0.0197332808648 1.65466134834 100 5.26315789474
2320 0.00991474688111 1.37286148289 200 7.06713780919
2320 0.00656682631917 1.34302530562 300 7.87401574803
2330 0.0196754639435 1.66730686427 100 5.52486187845
2330 0.00988946723702 1.37012707681 200 7.32600732601
2330 0.00655001910136 1.34057956001 300 8.08625336927
2340 0.0196741681157 1.66707260695 100 5.84795321637
2340 0.00988878463621 1.36980687674 200 7.60456273764
2340 0.00654957711173 1.34019707587 300 8.31024930748
2350 0.0196751517071 1.6670955163 100 6.21118012422
2350 0.00988927111215 1.36984535143 200 7.90513833992
2350 0.00654990061481 1.34023610435 300 8.54700854701
2360 0.0196773540088 1.66791224893 100 6.62251655629
2360 0.00989037988341 1.37062413588 200 8.2304526749
2360 0.00655063234617 1.34101368531 300 8.79765395894
2370 0.0196797338555 1.66824296751 100 7.09219858156
2370 0.009891580508 1.37088609359 200 8.58369098712
2370 0.00655142400484 1.34124542026 300 9.06344410876
2380 0.0196822262672 1.67913244054 100 7.63358778626
2380 0.00989284105113 1.3803675414 200 8.96860986547
2380 0.00655225429646 1.35059349509 300 9.34579439252
2390 0.0196722934938 1.7914694714 100 8.26446280992
2390 0.00988790794859 1.47717833704 200 9.3896713615
2390 0.00654897971185 1.44549853313 300 9.6463022508
2400 0.0193933255266 1.92877219218 100 9.00900900901
2400 0.00974577528503 1.60081116605 200 9.80392156863
2400 0.00644947990226 1.56988119162 300 9.93377483444
2410 0.0178791194737 1.86256120711 100 9.61538461538
2410 0.00897744358384 1.50812751119 200 10.2040816327
2410 0.00593265093813 1.48619699486 300 10.1694915254
2420 0.0162836617367 1.47030051842 100 10.101010101
2420 0.00815270403048 1.13303584361 200 10.4712041885
2420 0.00539820357658 1.11015096305 300 10.3806228374
2430 0.0157501776708 1.07184877278 100 10.4166666667
2430 0.00787449994784 0.784405307459 200 10.582010582
2430 0.00523835098377 0.736054259031 300 10.4895104895
2440 0.0157090485367 0.846535408049 100 10.6382978723
2440 0.0078541376453 0.663608751515 200 10.582010582
2440 0.00524292570701 0.603584853062 300 10.5633802817
2450 0.0157084365932 0.725121827162 100 10.6382978723
2450 0.00785502072328 0.61085055101 200 10.4712041885
2450 0.00524447542868 0.586479060305 300 10.5633802817
2460 0.0157080839813 0.675952973058 100 10.6382978723
2460 0.00785437102527 0.540567078104 200 10.4712041885
2460 0.00524429604115 0.551260300558 300 10.6007067138
2470 0.0157084328727 0.682079776966 100 10.5263157895
2470 0.00785401306973 0.488538002423 200 10.5263157895
2470 0.00524196549799 0.513560368625 300 10.6007067138
2480 0.015708046665 0.618980402639 100 10.5263157895
2480 0.00785398465259 0.48279576113 200 10.5263157895
2490 0.0157082764398 0.512639336453 100 10.5263157895
2490 0.00785421095597 0.474415332623 200 10.5263157895
2500 0.015708278375 0.425861200273 100 10.5263157895
2500 0.0078545315241 0.48901898146 200 10.4712041885
2510 0.01570954056 0.376329708265 100 10.6382978723
2510 0.00785410875364 0.500554327599 200 10.4166666667
2520 0.0157088858365 0.336950690897 100 10.6382978723
2520 0.00785900526897 0.449493933757 200 10.4166666667
2530 0.0157091128519 0.436125434684 100 10.4166666667
2530 0.00786647660408 0.460895152702 200 10.4166666667
2540 0.0157090825235 0.464492484023 100 10.2040816327
2540 0.00787059611946 0.493148354596 200 10.4166666667
2550 0.0157081851486 0.428994817417 100 10.101010101
2550 0.00786963121659 0.497841916576 200 10.4712041885
2560 0.0157082585338 0.326610673108 100 10.2040816327
2560 0.00786229282528 0.456320570227 200 10.5263157895
2570 0.0157086860404 0.318008075853 100 10.4166666667
2580 0.0157080998341 0.403085042096 100 10.4166666667
2590 0.015708412153 0.525161521274 100 10.2040816327
2600 0.015708681248 0.610182795511 100 10.101010101
2610 0.0157153073288 0.589373592615 100 10.0
2620 0.015723996918 0.507354949203 100 10.2040816327
2630 0.0157400479189 0.462836500251 100 10.4166666667
2640 0.0157478484724 0.524866342192 100 10.5263157895
2650 0.0157356040768 0.568572532797 100 10.6382978723
2660 0.0157273879696 0.551595604055 100 10.6382978723
