0 0.0157136056544 1.01121028632 100 11.6279069767
0 0.00785407378425 1.00836342721 200 12.0481927711
0 0.00655508669165 1.01707133967 300 10.067114094
0 0.00777952063371 0.556552422118 400 10.2827763496
0 0.00619456408725 0.24539051543 500 10.3092783505
0 0.00517927412256 0.0404488255424 600 10.7719928187
0 0.00445204423551 0.119104486164 700 11.1287758347
0 0.00196350571384 0.165698704906 800 10.781671159
10 0.0157084378845 1.00055351045 100 11.6279069767
10 0.00785402094154 1.00232376919 200 11.9760479042
10 0.00909178857901 0.984051146187 300 9.70873786408
10 0.00777552017107 0.493405608789 400 10.3359173127
10 0.00620342249259 0.19486287775 500 10.3092783505
10 0.00519161121092 0.0256405772524 600 10.8108108108
10 0.00445138182274 0.151648492185 700 11.1464968153
10 0.00196353254838 0.165760749708 800 10.7962213225
20 0.0157080914401 0.985075631977 100 11.7647058824
20 0.00785510831106 0.992443736099 200 11.8343195266
20 0.0102371573103 0.912405130274 300 9.61538461538
20 0.0077700619745 0.431810384923 400 10.3896103896
20 0.00622773544428 0.148605042342 500 10.3519668737
20 0.00519076767784 0.0529732458426 600 10.8303249097
20 0.00444656077027 0.183327157802 700 11.1642743222
20 0.00196354635547 0.164202311638 800 10.8108108108
30 0.0157082035109 0.984943311184 100 11.7647058824
30 0.00785399205152 0.988967439542 200 11.3636363636
30 0.0102981554817 0.827590420092 300 9.61538461538
30 0.00774730102942 0.368962223893 400 10.4166666667
30 0.00621797798903 0.0993607243079 500 10.3734439834
30 0.00519321393385 0.0884318329718 600 10.8695652174
30 0.00443950095334 0.21589258048 700 11.1642743222
30 0.00196353892632 0.163300252855 800 10.8401084011
40 0.0157083954401 0.98790821821 100 11.9047619048
40 0.00785490794681 0.994699305913 200 10.989010989
40 0.0103267513524 0.753061016039 300 9.6463022508
40 0.00773335735593 0.314985911209 400 10.4438642298
40 0.00620361940492 0.0561338511965 500 10.4166666667
40 0.00517550504902 0.129579105311 600 10.889292196
40 0.00442712641803 0.251792386072 700 11.1464968153
40 0.00196349543233 0.165056117857 800 10.8695652174
50 0.0157082340395 0.987284374727 100 11.9047619048
50 0.00785868215123 0.987224029567 200 10.6951871658
50 0.0103688184564 0.668097086093 300 9.67741935484
50 0.00773190536281 0.255178171763 400 10.3896103896
50 0.00620279663956 0.0293596380406 500 10.460251046
50 0.00518313411984 0.167009576799 600 10.9289617486
50 0.00409466485162 0.284986836709 700 11.0410094637
50 0.00196350469081 0.164253511059 800 10.8991825613
60 0.015708537429 0.987274564742 100 12.0481927711
60 0.00785933816982 0.987870185627 200 10.4712041885
60 0.0103525072317 0.590537091525 300 9.70873786408
60 0.00775873982191 0.197842844142 400 10.2301790281
60 0.00620757462921 0.0553754804775 500 10.5042016807
60 0.0051824965867 0.208469868846 600 10.9489051095
60 0.00262335350477 0.322335927897 700 10.8024691358
60 0.00196351195793 0.165339567052 800 10.9289617486
70 0.0157126242944 1.02099761348 100 12.1951219512
70 0.00785496153405 1.02155536008 200 10.2040816327
70 0.0103415084039 0.529536053966 300 9.77198697068
70 0.00778066039543 0.145019275497 400 10.0755667506
70 0.00620855475672 0.104193128307 500 10.5263157895
70 0.00518069784304 0.25509090244 600 10.989010989
70 0.00224566395089 0.341881209238 700 10.6870229008
70 0.00196404048435 0.170497561711 800 10.9589041096
80 0.0157177423013 1.0645719733 100 12.1951219512
80 0.00838987921913 1.06149007558 200 9.70873786408
80 0.0103018002535 0.462408122159 300 9.83606557377
80 0.00766822245846 0.0891777957781 400 10.0
80 0.00619332387612 0.153477790907 500 10.5708245243
80 0.00516239545579 0.303728069995 600 11.0091743119
80 0.00224486055266 0.350440628952 700 10.6544901065
80 0.00196480758076 0.174127608922 800 10.989010989
90 0.0157114681634 1.04876139512 100 12.1951219512
90 0.0126228343167 1.04288723667 200 9.00900900901
90 0.0103288618325 0.371401163604 300 9.86842105263
90 0.00769361850775 0.0435382056436 400 9.97506234414
90 0.00620674730696 0.198618752508 500 10.593220339
90 0.0051815104284 0.33765304255 600 11.0294117647
90 0.00224438669798 0.343690677658 700 10.6544901065
90 0.00196380571879 0.169118619921 800 11.0041265475
100 0.0157093863095 1.01403614263 100 11.9047619048
100 0.0149251806007 0.926039443456 200 8.77192982456
100 0.0103670895982 0.283018713926 300 9.93377483444
100 0.00778684841668 0.0596104893369 400 10.0
100 0.00622844174905 0.239287594494 500 10.6157112527
100 0.00519210017334 0.364165638831 600 11.0497237569
100 0.00224403205884 0.330053153749 700 10.6544901065
100 0.00196349650827 0.162706216988 800 11.0192837466
110 0.0157093548903 1.00936492296 100 11.1111111111
110 0.0154502618197 0.801325600668 200 8.73362445415
110 0.0103282176644 0.199762797033 300 9.96677740864
110 0.0077691912027 0.113223951264 400 10.0250626566
110 0.00621876538777 0.287348546619 500 10.6382978723
110 0.00517586986362 0.402596001396 600 11.0497237569
110 0.00224402076951 0.326990033807 700 10.6707317073
110 0.0019635463331 0.161964037384 800 11.0344827586
120 0.0157086152435 1.01201021861 100 10.2040816327
120 0.0154828667203 0.670753421467 200 8.73362445415
120 0.0103290850688 0.124485902304 300 10.0
120 0.00777961952061 0.176278252172 400 10.0502512563
120 0.0062271885239 0.336754029433 500 10.6837606838
120 0.00517700216354 0.446174630179 600 11.0294117647
120 0.00224403567698 0.329051298401 700 10.7033639144
120 0.00196349749021 0.163111770702 800 11.0497237569
130 0.015713696164 1.00672643714 100 9.61538461538
130 0.0155607023063 0.545527502566 200 8.77192982456
130 0.0103292848972 0.0635692147395 300 9.93377483444
130 0.00777897583969 0.23556464972 400 10.101010101
130 0.00623333744583 0.386223323334 500 10.7066381156
130 0.00505180350556 0.487177729208 600 10.9289617486
130 0.00224403042308 0.329187688205 700 10.736196319
130 0.00196349630518 0.161766970128 800 11.0497237569
140 0.0157217987829 0.990662152489 100 9.17431192661
140 0.0155760020456 0.413693415876 200 8.77192982456
140 0.0103463433163 0.0809707591222 300 9.74025974026
140 0.00777630227488 0.296921606289 400 10.1265822785
140 0.00623296876538 0.433451660108 500 10.7296137339
140 0.00330831357025 0.530781744209 600 10.6382978723
140 0.00224401986026 0.326002138752 700 10.752688172
140 0.00196352974009 0.161773078332 800 11.0650069156
150 0.0157094112286 0.97819045853 100 8.77192982456
150 0.015567980228 0.297681087887 200 8.84955752212
150 0.0103831641557 0.150828927544 300 9.49367088608
150 0.00777444045105 0.358538007242 400 10.152284264
150 0.00622923382761 0.482011782123 500 10.752688172
150 0.00262635370061 0.544099781439 600 10.4529616725
150 0.00224403184168 0.324510163479 700 10.7692307692
150 0.00196353316266 0.161079965588 800 11.0650069156
160 0.016590331768 1.00761199688 100 7.93650793651
160 0.015572099856 0.180236294167 200 8.88888888889
160 0.0103594294994 0.228700247572 300 9.40438871473
160 0.00778528163166 0.422977585416 400 10.1781170483
160 0.00623409229369 0.537483013008 500 10.752688172
160 0.00261809294416 0.548813159906 600 10.3986135182
160 0.00224405562465 0.328038735593 700 10.8024691358
160 0.00196358150697 0.161807329164 800 11.0650069156
170 0.024663091127 1.01807048462 100 7.09219858156
170 0.0155487283721 0.0915167600702 200 8.96860986547
170 0.0103287986481 0.310756619771 300 9.375
170 0.00777420027894 0.483511184438 400 10.2301790281
170 0.00622527660845 0.586985633621 500 10.7991360691
170 0.00261801360285 0.553722402253 600 10.3986135182
170 0.00224401222662 0.331483831029 700 10.8359133127
170 0.00196353073272 0.164075111819 800 11.08033241
180 0.0289347666783 0.884183434454 100 6.89655172414
180 0.0155262199296 0.10163878598 200 9.09090909091
180 0.0103629474742 0.373996361206 300 9.43396226415
180 0.0077649667477 0.52921440838 400 10.2827763496
180 0.00621256298395 0.621816866184 500 10.8225108225
180 0.00261819296015 0.546127316244 600 10.4347826087
180 0.00224413155566 0.326022477354 700 10.8695652174
180 0.00196373324723 0.161333065749 800 11.08033241
190 0.0308675273518 0.715677187743 100 6.94444444444
190 0.015473799339 0.16386338745 200 9.25925925926
190 0.0103727209225 0.423515707799 300 9.52380952381
190 0.00775551415996 0.556879557565 400 10.3896103896
190 0.00619167727222 0.63722456309 500 10.9170305677
190 0.00261850050035 0.533317370908 600 10.5078809107
190 0.00224450986042 0.318840902864 700 10.9375
190 0.00196401152681 0.157947342831 800 11.1111111111
200 0.0310018231314 0.579286768702 100 7.14285714286
200 0.0154907937619 0.237196634992 200 9.43396226415
200 0.0103711036588 0.478017870344 300 9.67741935484
200 0.00777857605894 0.60039930373 400 10.5263157895
200 0.00620668751347 0.67494129 500 11.013215859
200 0.00261813882106 0.540260049558 600 10.6007067138
200 0.002244190317 0.322009223816 700 11.0062893082
200 0.00196354673244 0.159810596858 800 11.1576011158
210 0.0308281647584 0.45443578842 100 7.40740740741
210 0.0155112282398 0.310437354772 200 9.66183574879
210 0.0103689880069 0.537104848071 300 9.86842105263
210 0.00778808381735 0.655338755795 400 10.6666666667
210 0.00622226993492 0.724476205457 500 11.1111111111
210 0.00261809490674 0.555662449529 600 10.6951871658
210 0.00224400776425 0.332124190482 700 11.0935023772
210 0.00196376517587 0.164811009287 800 11.2201963534
220 0.0309788704532 0.311347917002 100 7.63358778626
220 0.0155547995434 0.379894839027 200 9.90099009901
220 0.0103931336762 0.591471035772 300 10.0334448161
220 0.00779399086418 0.697579524137 400 10.8108108108
220 0.00623519063408 0.760375621149 500 11.1856823266
220 0.00261827849714 0.559664560247 600 10.7913669065
220 0.00224410616147 0.335373535718 700 11.1821086262
220 0.00196360078807 0.166567916648 800 11.2834978843
230 0.0309873941639 0.187597101078 100 7.87401574803
230 0.0155305828177 0.471506932385 200 10.0
230 0.010350106862 0.662782189383 300 10.1694915254
230 0.0077662296187 0.755738046776 400 10.9289617486
230 0.00609946932135 0.81091839444 500 11.1856823266
230 0.00261870570827 0.572389231604 600 10.889292196
230 0.00224450595106 0.342323308418 700 11.2540192926
230 0.00196386428517 0.169954254637 800 11.3314447592
240 0.0309072271374 0.174353145735 100 8.13008130081
240 0.0154838247849 0.573754419767 200 10.0
240 0.0102930427163 0.741760645409 300 10.3092783505
240 0.00772990131097 0.821177729436 400 11.0497237569
240 0.00500099492163 0.872186278626 500 11.0864745011
240 0.00261996278305 0.586105633668 600 10.9689213894
240 0.00224544089816 0.351635247596 700 11.3268608414
240 0.00196354339096 0.174215930642 800 11.3798008535
250 0.0309021812204 0.295688844485 100 8.40336134454
250 0.0155321541971 0.656059735561 200 9.95024875622
250 0.0103025980183 0.798842340463 300 10.4529616725
250 0.00774183008852 0.86254331092 400 11.1731843575
250 0.00361604684011 0.902665835997 500 10.9170305677
250 0.00262019700398 0.585757188012 600 11.0701107011
250 0.00224547201945 0.349035028513 700 11.3821138211
250 0.00196411067284 0.174054390207 800 11.4449213162
260 0.0310588633706 0.430496379889 100 8.69565217391
260 0.0155809246127 0.710429055635 200 9.85221674877
260 0.0103515735389 0.818365262821 300 10.6382978723
260 0.00778353984125 0.871040614756 400 11.2994350282
260 0.0031653974317 0.879905343355 500 10.8459869848
260 0.00261851190926 0.56312736082 600 11.1524163569
260 0.00224435145814 0.336546937759 700 11.4566284779
260 0.00196372411681 0.167223586973 800 11.5107913669
270 0.0309924795731 0.519878493056 100 9.09090909091
270 0.0155039761136 0.714892595313 200 9.95024875622
270 0.010312027676 0.797037390601 300 10.8303249097
270 0.0077488740573 0.835316055074 400 11.4613180516
270 0.00314450601653 0.81519602259 500 10.8932461874
270 0.00261888681576 0.520060478639 600 11.2570356473
270 0.0022445965226 0.310053274926 700 11.5321252059
270 0.00196407789998 0.154271065252 800 11.5942028986
280 0.0288292010509 0.496829280007 100 9.61538461538
280 0.0145037157705 0.553233643007 200 10.152284264
280 0.00958843180673 0.585923654123 300 11.0701107011
280 0.00719544369152 0.603523115026 400 11.6618075802
280 0.00321412866183 0.568320075384 500 10.989010989
280 0.00267278834709 0.362578644869 600 11.385199241
280 0.00228811772346 0.217366439029 700 11.6472545757
280 0.0020025325947 0.108120231753 800 11.6959064327
290 0.0252341809558 0.820197674301 100 10.3092783505
290 0.012760982797 0.774893304371 200 10.4166666667
290 0.00839047489603 0.751829282356 300 11.320754717
290 0.00629148809798 0.745817197797 400 11.8694362018
290 0.00352210680535 0.626963348854 500 11.135857461
290 0.00292973886187 0.400230894027 600 11.5384615385
290 0.00250216487473 0.240291318176 700 11.7647058824
290 0.00219129328188 0.11763058066 800 11.8168389956
300 0.0212417108392 1.37772156422 100 11.1111111111
300 0.0107496528954 1.36027688244 200 10.752688172
300 0.00706399340368 1.34721315462 300 11.6279069767
300 0.00529278489511 1.34461087263 400 12.1212121212
300 0.00413771959857 1.13450574171 500 11.2866817156
300 0.00344741776177 0.722268224086 600 11.6959064327
300 0.00294116189204 0.430581737276 700 11.9047619048
300 0.00257543793005 0.207269905525 800 11.9402985075
310 0.0179430493753 1.58124155374 100 12.0481927711
310 0.00906117175825 1.59379058928 200 11.1111111111
310 0.00596802673236 1.60007799727 300 11.9047619048
310 0.00446943519076 1.59991382981 400 12.3456790123
310 0.00493765996648 1.34870734373 500 11.4416475973
310 0.00411662259489 0.854066065232 600 11.8343195266
310 0.00351577762238 0.504502144416 700 12.0068610635
310 0.00307405502686 0.243168878844 800 12.0663650075
320 0.0163353418239 1.43634905137 100 12.8205128205
320 0.00821709664364 1.43954386993 200 11.3636363636
320 0.00544065502311 1.44153853809 300 12.1457489879
320 0.00407505344075 1.43872605076 400 12.539184953
320 0.00558211492691 1.19183235319 500 11.5473441109
320 0.00465141137764 0.752399944708 600 11.9521912351
320 0.00399026944575 0.440813054133 700 12.0898100173
320 0.00347926869891 0.20788429735 800 12.1580547112
330 0.0157415488083 1.14824043338 100 13.3333333333
330 0.00787870293948 1.13342705565 200 11.5606936416
330 0.00524677207974 1.1278046846 300 12.3456790123
330 0.00393392708362 1.12580711812 400 12.6582278481
330 0.00610513788231 0.906636215826 500 11.6279069767
330 0.00509191960468 0.570614479196 600 12.0481927711
330 0.00437237663098 0.327620293863 700 12.1107266436
330 0.00381965735089 0.148938722358 800 12.213740458
340 0.0157318217506 0.944971930391 100 13.698630137
340 0.00786077514963 0.936461632255 200 11.6959064327
340 0.00524138239962 0.934488949309 300 12.3966942149
340 0.00393280243901 0.92975480165 400 12.6582278481
340 0.00616360543327 0.711879066612 500 11.6822429907
340 0.00513776002697 0.44055315537 600 12.0724346076
340 0.00443865124444 0.246457009603 700 12.1107266436
340 0.00385135892576 0.101808813228 800 12.2324159021
350 0.0157200358664 0.966131838816 100 13.698630137
350 0.00785645211567 0.969868226205 200 11.7647058824
350 0.00523728561844 0.967826368698 300 12.4481327801
350 0.00392981497983 0.96413858755 400 12.5786163522
350 0.00619642887592 0.689183902805 500 11.7370892019
350 0.00517080307794 0.413037278107 600 12.0724346076
350 0.00439928219174 0.217244225637 700 12.0689655172
350 0.00387616194146 0.0732695813056 800 12.2324159021
360 0.0157094975956 1.00214746886 100 12.987012987
360 0.00785413361095 1.00839438819 200 11.8343195266
360 0.00523600655631 1.00968369531 300 12.4481327801
360 0.00413291616976 1.00732955852 400 12.2324159021
360 0.00621443933086 0.662204673606 500 11.7647058824
360 0.00519188521417 0.383881318545 600 12.0724346076
360 0.00441065884063 0.187847241126 700 12.0481927711
360 0.00387634049476 0.0433647551735 800 12.1765601218
370 0.0157101978588 0.997026316712 100 11.6279069767
370 0.00785400763052 1.00940009828 200 11.8343195266
370 0.0052361194537 1.00357127902 300 12.5
370 0.00668311398455 0.999286187275 400 11.6279069767
370 0.00620702688858 0.60399223433 500 11.7647058824
370 0.0051737351302 0.338758393627 600 12.0724346076
370 0.00444420774504 0.149950121514 700 12.0481927711
370 0.00389080900838 0.0206885096793 800 12.030075188
380 0.0157084247539 0.992414482081 100 10.6382978723
380 0.00785411608465 1.00519039197 200 11.8343195266
380 0.00523604627783 1.0036113335 300 12.4481327801
380 0.00777261376213 0.93228232033 400 11.3636363636
380 0.00621180774728 0.547856143812 500 11.7924528302
380 0.00517580977311 0.288556013991 600 12.0240480962
380 0.00444727853977 0.109709602775 700 12.0481927711
380 0.00387799165974 0.0374593492494 800 11.8870728083
390 0.0157125608581 1.00018376242 100 10.2040816327
390 0.00785406971905 1.00744512408 200 11.7647058824
390 0.00523616207158 1.0038612384 300 12.3966942149
390 0.00778045131943 0.86074974304 400 11.2676056338
390 0.00622184715543 0.487632168403 500 11.7647058824
390 0.00517261625383 0.241600163678 600 12.0
390 0.00444706867384 0.0677939020616 700 12.0274914089
390 0.00387549944769 0.0699397496234 800 11.7820324006
400 0.0157117534528 1.01728540037 100 10.0
400 0.00785400933379 1.00964678738 200 11.7647058824
400 0.00523619075561 1.00842305165 300 12.3456790123
400 0.00779248310206 0.793782316013 400 11.2359550562
400 0.00621993064024 0.433504236636 500 11.7647058824
400 0.00518302718656 0.194841617296 600 11.9284294235
400 0.00444313610336 0.0323741663212 700 12.0274914089
400 0.00389171414801 0.10656093819 800 11.6618075802
410 0.0157092414893 1.03448198625 100 10.0
410 0.00785436551736 1.02314221848 200 11.7647058824
410 0.00523606661567 1.0202945048 300 12.2950819672
410 0.00776015668865 0.731311578333 400 11.2359550562
410 0.00621508988626 0.379767736969 500 11.7370892019
410 0.00515598730745 0.148149820379 600 11.8343195266
410 0.00443701374145 0.0292218042233 700 12.0274914089
420 0.0157097583358 1.05329060998 100 10.101010101
420 0.00785519829158 1.04414706135 200 11.7647058824
420 0.0052360702375 1.03564333741 300 12.1951219512
420 0.00773039202176 0.672691732127 400 11.2676056338
420 0.00620114416383 0.333149223539 500 11.7647058824
420 0.00517865784765 0.106847008625 600 11.811023622
420 0.00442115209331 0.0612654940275 700 12.0274914089
430 0.0157098032971 1.04868894773 100 10.4166666667
430 0.00785521709008 1.03711296927 200 11.9760479042
430 0.00526210254429 1.03238654575 300 12.0481927711
430 0.00773306910707 0.616807735682 400 11.3636363636
430 0.00619758641786 0.28894983011 500 11.8203309693
430 0.00514910134466 0.0733712482332 600 11.8343195266
430 0.00440709333179 0.0909849593372 700 12.0274914089
440 0.0157092121218 1.04954659982 100 10.8695652174
440 0.00785459561927 1.03369407495 200 12.2699386503
440 0.00614632229814 1.03739182776 300 11.811023622
440 0.00774087211927 0.570442121456 400 11.4942528736
440 0.0062108604421 0.252263886544 500 11.9047619048
440 0.00516944594924 0.0485359512097 600 11.9047619048
440 0.00442586681634 0.114433061763 700 12.0274914089
450 0.0157093984291 1.05430051047 100 11.4942528736
450 0.00785440337482 1.0366898474 200 12.6582278481
450 0.00821291193499 1.03776144637 300 11.583011583
450 0.00774775803875 0.534826023745 400 11.6618075802
450 0.00621476561455 0.225123930573 500 12.0481927711
450 0.00518623393232 0.0326621774717 600 12.0240480962
450 0.00444491409018 0.135191160223 700 12.0481927711
460 0.0157098173296 1.05649607151 100 12.1951219512
460 0.00785439902381 1.0367844187 200 13.0718954248
460 0.00984360667436 1.00593126939 300 11.5384615385
460 0.0077603652084 0.501986921614 400 11.8694362018
460 0.00621008777636 0.1978548586 500 12.1951219512
460 0.00520051761767 0.0300652116169 600 12.1457489879
460 0.0044679490642 0.155909720724 700 12.0481927711
470 0.0157082283615 1.01712989306 100 12.987012987
470 0.00785418872966 1.00814446696 200 13.4228187919
470 0.0103591914655 0.930517766128 300 11.583011583
470 0.0077634597763 0.447948651376 400 12.012012012
470 0.00621129314925 0.160886400412 500 12.285012285
470 0.0051910542065 0.0446462792607 600 12.2448979592
470 0.00443286426939 0.17253540825 700 12.0481927711
480 0.0157143828028 0.973221166724 100 13.5135135135
480 0.00785711796382 0.964839200456 200 13.698630137
480 0.0103233823267 0.831272500179 300 11.583011583
480 0.00774468289803 0.383900140753 400 12.1212121212
480 0.00621259522991 0.120943768903 500 12.3762376238
480 0.00518386503195 0.0697104089109 600 12.3203285421
480 0.00438929798849 0.190775018939 700 12.0274914089
490 0.0157143887848 0.975999031234 100 13.698630137
490 0.00785805132552 0.963838239814 200 13.7931034483
490 0.0103302821434 0.7594189299 300 11.6279069767
490 0.00774464911189 0.328678496153 400 12.1951219512
490 0.00619295694594 0.0771303163358 500 12.3762376238
490 0.00517931403259 0.102272468717 600 12.3966942149
490 0.00440710078504 0.221614862547 700 11.9863013699
500 0.0157108542897 0.98591377269 100 13.8888888889
500 0.00785613422568 0.979861511815 200 13.7931034483
500 0.0104015607097 0.686642431587 300 11.6279069767
500 0.00777867588819 0.271865125521 400 12.2324159021
500 0.00620821300125 0.0371919063705 500 12.315270936
500 0.00518605777177 0.147857855078 600 12.3966942149
500 0.00443913461007 0.262875315605 700 11.8845500849
510 0.0157084059034 1.00470045126 100 13.8888888889
510 0.00785471514309 0.996829379436 200 13.698630137
510 0.0103441223965 0.604702900336 300 11.6279069767
510 0.00778058465538 0.204645815784 400 12.1951219512
510 0.00620355709597 0.0483051819543 500 12.2249388753
510 0.00518351279723 0.197478552385 600 12.3966942149
520 0.0157086631824 1.02185292938 100 13.698630137
520 0.00785472387721 1.00414708317 200 13.3333333333
520 0.0103285031448 0.510103119844 300 11.6279069767
520 0.00777034131314 0.137002314856 400 12.1951219512
520 0.00618522866824 0.101995878773 500 12.1359223301
520 0.00516669342279 0.248875449084 600 12.3456790123
530 0.015708095592 1.00916057682 100 13.698630137
530 0.00916887431042 1.01532428911 200 12.1951219512
530 0.0103479167393 0.409108120006 300 11.6279069767
530 0.00778164153566 0.0694236213075 400 12.1580547112
530 0.00619079803168 0.157579847479 500 12.077294686
530 0.00518328051522 0.295197584718 600 12.2199592668
540 0.0157084542771 1.00838892244 100 13.698630137
540 0.0144885021559 0.972162141462 200 11.1731843575
540 0.0103397236372 0.318938667152 300 11.673151751
540 0.00775197454381 0.0406453268055 400 12.1212121212
540 0.00623445479986 0.213034858047 500 12.077294686
540 0.00519259947237 0.343777582395 600 12.0
550 0.0157079783195 1.00815813559 100 13.698630137
550 0.0155682215583 0.839582144542 200 10.8108108108
550 0.0103537551844 0.225499092035 300 11.673151751
550 0.00776117513063 0.0928669732277 400 12.084592145
550 0.00622514350365 0.270210010065 500 12.077294686
550 0.00517458603109 0.390651643483 600 11.8343195266
560 0.0157081233155 1.01652700129 100 13.5135135135
560 0.0155693631719 0.702584172559 200 10.6951871658
560 0.010378752624 0.140461708293 300 11.71875
560 0.00776558238479 0.157874288483 400 12.0481927711
560 0.00622555932397 0.323447394119 500 12.1065375303
560 0.00518011174433 0.435457542447 600 11.71875
570 0.0157081792725 1.00849329384 100 13.5135135135
570 0.0156045517665 0.562347826989 200 10.6382978723
570 0.0103787264572 0.0641247799097 300 11.71875
570 0.00777930165727 0.22723109607 400 11.9402985075
570 0.00622508572307 0.38021011327 500 12.1065375303
570 0.005197490313 0.482857696226 600 11.583011583
580 0.0157086534723 1.0101753001 100 13.1578947368
580 0.01556379273 0.424566749034 200 10.6951871658
580 0.0103996373749 0.0787087493352 300 11.673151751
580 0.00775935013256 0.296739138984 400 11.8343195266
580 0.00623677517036 0.437464573829 500 12.077294686
590 0.0157100006771 1.00116279358 100 12.6582278481
590 0.0155280946232 0.281229310419 200 10.6951871658
590 0.0103760912898 0.159077498139 300 11.673151751
590 0.007743876716 0.367415639584 400 11.7302052786
590 0.00621295290915 0.491787621211 500 12.0481927711
600 0.0171851573702 1.02280867701 100 11.1111111111
600 0.0155620456091 0.152504780017 200 10.752688172
600 0.0103933173532 0.252449421817 300 11.6279069767
600 0.00772937466034 0.434973354976 400 11.6959064327
600 0.00621403790224 0.547968599794 500 11.9331742243
610 0.0277016904413 0.981932732383 100 9.43396226415
610 0.0155350510474 0.0761709471815 200 10.752688172
610 0.0103512013194 0.34813174248 300 11.583011583
610 0.00780805244072 0.509755713609 400 11.6618075802
610 0.00624123990692 0.607467477376 500 11.7096018735
620 0.0311396701644 0.725144044536 100 8.84955752212
620 0.0155492058967 0.164122716576 200 10.8108108108
620 0.0103571869977 0.434138384746 300 11.583011583
620 0.0077876050611 0.573444339262 400 11.6959064327
620 0.00621731634033 0.659743704829 500 11.4942528736
630 0.0311699949768 0.46882818259 100 8.69565217391
630 0.0155807791289 0.296264759338 200 10.8108108108
630 0.0103517795055 0.527732594699 300 11.5384615385
630 0.00778472285334 0.643805676596 400 11.7302052786
630 0.0062203349468 0.715414761771 500 11.3895216401
640 0.0312336476457 0.239059897628 100 8.69565217391
640 0.0155866980176 0.424979424654 200 10.8695652174
640 0.0103941843401 0.619857791339 300 11.4503816794
640 0.00779335514267 0.716997238073 400 11.7302052786
640 0.00624032348886 0.773784904801 500 11.2612612613
650 0.0311657792212 0.170388110604 100 8.77192982456
650 0.0155773560275 0.54874098806 200 10.9289617486
650 0.0103705559082 0.703974785893 300 11.3636363636
650 0.00778452545181 0.778974273673 400 11.7647058824
660 0.0310222022997 0.351765197083 100 8.92857142857
660 0.0155510507198 0.674275220521 200 10.989010989
660 0.0103448099985 0.787922641328 300 11.3636363636
660 0.00777227688282 0.845403345839 400 11.7994100295
670 0.030987607182 0.533528128331 100 9.25925925926
670 0.0155356496254 0.77548446952 200 11.1731843575
670 0.0103442329593 0.860008736873 300 11.4068441065
670 0.00774059817679 0.899453089383 400 11.8694362018
680 0.0297144997847 0.509841044009 100 9.70873786408
680 0.0148591654209 0.629574339629 200 11.4285714286
680 0.00973955008588 0.67120187884 300 11.583011583
680 0.00747767183762 0.693769989639 400 11.9760479042
690 0.0254575652185 0.785600075949 100 10.3092783505
690 0.0127138165136 0.752368846796 200 11.8343195266
690 0.008357176662 0.74432971175 300 11.8577075099
690 0.00641105822928 0.743552457605 400 12.1212121212
700 0.0210358015016 1.40518629491 100 11.1111111111
700 0.010495684205 1.39482920736 200 12.3456790123
700 0.00694371774717 1.39978759347 300 12.1457489879
700 0.00525585515909 1.39662601778 400 12.2699386503
710 0.0175007264012 1.59965909811 100 11.9047619048
710 0.00873429862035 1.59396053894 200 12.8205128205
710 0.0058025475893 1.59572304168 300 12.5
710 0.00435036176487 1.60289853568 400 12.3456790123
720 0.0158676734286 1.23333291308 100 12.8205128205
720 0.00793200122686 1.24186784487 200 13.1578947368
720 0.00528491767056 1.23327038246 300 12.7659574468
720 0.00395891051933 1.23484044816 400 12.4223602484
730 0.0157102256777 1.02395853435 100 13.5135135135
730 0.00785562111538 1.02233668912 200 13.5135135135
730 0.00523675939716 1.01831063278 300 12.987012987
730 0.00392722019723 1.01906549262 400 12.3839009288
740 0.0157081580698 1.01804354744 100 13.8888888889
740 0.00785459156266 1.0109947286 200 13.6054421769
740 0.00523622666184 1.00619552644 300 13.1004366812
740 0.00392819089044 1.00243639468 400 12.3076923077
750 0.0157081630004 1.01477266133 100 14.2857142857
750 0.00785405328865 1.0143787957 200 13.6054421769
750 0.00523624611912 1.01039071426 300 13.2158590308
750 0.00392709212371 1.00802330519 400 12.1951219512
760 0.0157083815236 0.997627733376 100 14.2857142857
760 0.00785426381479 0.997792515627 200 13.3333333333
760 0.00523614196962 0.994210900453 300 13.2158590308
760 0.00392747267721 0.990021820498 400 11.9760479042
770 0.015708387944 0.997863393431 100 14.0845070423
770 0.00785429150824 1.00231478677 200 12.987012987
770 0.00523611594909 0.994375919439 300 13.1578947368
780 0.0157084049738 1.01497733625 100 13.698630137
780 0.00786069290068 1.00649521015 200 12.7388535032
780 0.00523658771583 1.000814792 300 12.987012987
790 0.0157081275281 1.00297341035 100 13.5135135135
790 0.00785521473313 0.991339029548 200 12.6582278481
790 0.00523619401496 0.992154866988 300 12.5523012552
800 0.015707971778 0.996051247674 100 13.3333333333
800 0.00785428523164 0.985701271049 200 12.6582278481
800 0.00523750807959 0.988925590819 300 12.0967741935
810 0.0157086286483 1.01485155822 100 12.987012987
810 0.00785430251886 0.996455439959 200 12.6582278481
810 0.00523798661546 0.998277455853 300 11.7647058824
820 0.0157079929729 1.02096892177 100 12.6582278481
820 0.00785412852501 1.00738203359 200 12.6582278481
820 0.00523604165752 1.00601869433 300 11.5384615385
830 0.0157080878347 1.01253219346 100 12.1951219512
830 0.00785398493844 0.999670673406 200 12.6582278481
830 0.00523618809176 0.99515423133 300 11.2781954887
840 0.0157085547735 1.01120119765 100 11.9047619048
840 0.00785398418959 0.997207844563 200 12.6582278481
850 0.0157195097333 1.00061852116 100 11.7647058824
850 0.00785458867665 0.99532714344 200 12.5786163522
860 0.0157106914861 1.00218968954 100 11.6279069767
860 0.00785412002828 1.00057433003 200 12.1212121212
870 0.0157090948524 0.985650786685 100 11.7647058824
870 0.0078551541068 0.989820899487 200 11.6279069767
880 0.0157083152924 0.978736671438 100 11.9047619048
880 0.0078593412914 0.98067593412 200 11.2359550562
890 0.0157081845654 0.9921525387 100 12.0481927711
890 0.00785660078238 0.982787892119 200 11.0497237569
900 0.0157084212983 1.00522423385 100 12.5
900 0.007853986382 1.00590359245 200 10.9289617486
910 0.0157080329867 0.997357517598 100 12.8205128205
910 0.00785434739609 0.991830823642 200 10.752688172
920 0.0157114186851 0.955748620462 100 13.1578947368
930 0.0157159694319 1.03982759985 100 13.3333333333
940 0.0157338024672 1.07261883735 100 12.8205128205
950 0.0157081601589 1.01374737675 100 11.7647058824
960 0.0157140785508 0.990787187573 100 10.752688172
970 0.015714566611 0.982646346659 100 10.101010101
980 0.0157083481871 0.997322852584 100 9.52380952381
