0 0.0157147529465 1.29824157685 100 5.88235294118
0 0.00867601362843 1.22738259956 200 6.41025641026
0 0.00845969426413 1.02506602576 300 6.75675675676
0 0.00769629113891 0.500999959857 400 6.94444444444
0 0.00412753259095 0.227983295791 500 6.3211125158
0 0.00335453874012 0.134170005943 600 6.76437429538
10 0.0157579783572 1.32242035759 100 6.17283950617
10 0.00878026482249 1.14902499158 200 6.45161290323
10 0.00810027888733 1.0436156842 300 6.88073394495
10 0.00764614687563 0.554179734703 400 7.05467372134
10 0.0043492097248 0.273407287374 500 6.38569604087
10 0.00347866313015 0.117044146443 600 6.81818181818
20 0.0163660273986 1.24103719852 100 6.45161290323
20 0.00873449930789 0.909750428043 200 6.49350649351
20 0.00749175813046 0.995946061659 300 6.97674418605
20 0.00699692209201 0.61568623362 400 7.14285714286
20 0.00481775706198 0.360541689546 500 6.45161290323
20 0.00375445402556 0.10502854354 600 6.86498855835
30 0.0184342223039 0.843520351592 100 6.71140939597
30 0.00846436397105 0.50899663237 200 6.53594771242
30 0.00671475657934 0.728825758389 300 7.05882352941
30 0.00602296072979 0.589060351766 400 7.23327305606
30 0.00558934435003 0.434282148512 500 6.51890482399
30 0.00409966165135 0.155995455739 600 6.89655172414
40 0.0207222509255 0.484240846654 100 6.89655172414
40 0.00825471120487 0.579150378154 200 6.57894736842
40 0.00668029969296 0.456963000752 300 7.07547169811
40 0.0053046629268 0.470340729267 400 7.3126142596
40 0.00620716126947 0.409820461074 500 6.5703022339
40 0.00408319546302 0.197175041663 600 6.90448791715
50 0.0210413128972 0.462937074617 100 7.04225352113
50 0.00826734066487 0.609819160247 200 6.62251655629
50 0.00771220350238 0.412667243843 300 7.04225352113
50 0.00518596844497 0.448063303485 400 7.38007380074
50 0.00621265819789 0.383574763701 500 6.61375661376
50 0.00368123877503 0.182047204568 600 6.88863375431
60 0.0210013312991 0.492970845906 100 7.14285714286
60 0.0083086495611 0.574114275021 200 6.64451827243
60 0.00823714079751 0.394581074619 300 6.96055684455
60 0.00520547349292 0.460480314596 400 7.40740740741
60 0.0062204990745 0.360456907385 500 6.64893617021
60 0.00353311631635 0.153669284381 600 6.87285223368
70 0.0210216541604 0.589738820408 100 7.14285714286
70 0.00832236651886 0.543676701769 200 6.66666666667
70 0.00823346218555 0.367258869652 300 6.92840646651
70 0.00522406527084 0.465772208409 400 7.43494423792
70 0.00621084896723 0.330907148655 500 6.66666666667
70 0.00349697410579 0.125333727384 600 6.86498855835
80 0.0208265266318 0.719351320195 100 7.14285714286
80 0.00832836853746 0.511937450704 200 6.6889632107
80 0.00824528004249 0.341162153588 300 6.92840646651
80 0.00521603714483 0.476070686601 400 7.43494423792
80 0.00621011266508 0.30390103087 500 6.69344042838
80 0.00349126831693 0.0998041886226 600 6.85714285714
90 0.020495985726 0.878651970771 100 7.09219858156
90 0.00833096117626 0.494463775115 200 6.73400673401
90 0.00822255619889 0.315897776383 300 6.94444444444
90 0.00510569270113 0.48137067106 400 7.42115027829
90 0.00623203825754 0.276834082544 500 6.71140939597
90 0.00350685315684 0.0816075216436 600 6.84150513113
100 0.0200022269724 1.03985004327 100 7.09219858156
100 0.00829927293292 0.481307489853 200 6.77966101695
100 0.00818105139676 0.287153328433 300 6.97674418605
100 0.00536275072441 0.487770180824 400 6.35930047695
100 0.00621293154429 0.256558116056 500 6.73854447439
100 0.00351147423558 0.0735575077113 600 6.82593856655
110 0.0194196515805 1.17841488062 100 7.09219858156
110 0.00830166323592 0.457754207084 200 6.82593856655
110 0.00788785994678 0.267980791171 300 6.99300699301
110 0.0069845850912 0.478238045765 400 6.2015503876
110 0.00621008179511 0.236321236128 500 6.76589986468
110 0.00349989980269 0.0746773604222 600 6.79501698754
120 0.0184419758937 1.15336959814 100 7.19424460432
120 0.00854113583984 0.382039699562 200 6.92041522491
120 0.00771213512849 0.301798596982 300 7.04225352113
120 0.00776505131521 0.464829528586 400 6.21118012422
120 0.0060866905353 0.196010143062 500 6.80272108844
120 0.00337544638145 0.0962551991546 600 6.76437429538
130 0.0165332154403 0.71891180182 100 7.40740740741
130 0.00955871459188 0.503852761744 200 7.04225352113
130 0.00850393261893 0.41015372204 300 7.12589073634
130 0.00688712633943 0.398175642763 400 6.25978090767
130 0.00542870386406 0.123314117104 500 6.84931506849
130 0.00296026892808 0.163211964531 600 6.70391061453
140 0.0157085342651 0.721345958275 100 7.63358778626
140 0.0111372250139 0.813384074627 200 7.16845878136
140 0.00962045280174 0.41988245508 300 7.21153846154
140 0.00590821771255 0.239327411524 400 6.30914826498
140 0.00468254981704 0.208900517455 500 6.90607734807
140 0.00268205231224 0.205169074735 600 6.62983425414
150 0.0159658688486 0.99123410151 100 7.7519379845
150 0.012007782052 0.898924232084 200 7.27272727273
150 0.0102203703859 0.360362039343 300 7.26392251816
150 0.00543085147922 0.176079745514 400 6.34920634921
150 0.00434212220651 0.291830934368 500 6.94444444444
150 0.00263375845266 0.209596706302 600 6.5717415115
160 0.016225131752 1.12104642307 100 7.63358778626
160 0.0123483986009 0.905542438769 200 7.29927007299
160 0.0103547348981 0.308552452127 300 7.31707317073
160 0.00526276948103 0.187201581624 400 6.38977635783
160 0.00421126563406 0.344319103613 500 6.96378830084
160 0.00262407909694 0.20608241154 600 6.49350649351
170 0.0177393050593 1.17912481866 100 6.80272108844
170 0.0125649353779 0.894410067098 200 7.27272727273
170 0.010359538005 0.280089691336 300 7.37100737101
170 0.00523097330103 0.215684671749 400 6.4308681672
170 0.004039605489 0.38149195626 500 6.95410292072
180 0.0232456398604 1.20184894658 100 6.2893081761
180 0.0141656346261 0.870492104 200 7.16845878136
180 0.0103459023774 0.260329746863 300 7.42574257426
180 0.00521684384132 0.248176812064 400 6.4620355412
180 0.00348845479728 0.411631303937 500 6.90607734807
190 0.0246964475764 1.14964426892 100 6.17283950617
190 0.0143677246205 0.813121913672 200 6.99300699301
190 0.010369865408 0.263992322921 300 7.46268656716
190 0.00525286290022 0.277005999324 400 6.49350649351
190 0.00316030978937 0.417473892987 500 6.84931506849
200 0.0248566637947 1.11890328073 100 6.13496932515
200 0.0135450408675 0.717959010106 200 6.84931506849
200 0.0103630527817 0.265167891859 300 7.4812967581
200 0.00522369292375 0.318637286032 400 6.52528548124
200 0.0031420985234 0.421828662943 500 6.81198910082
210 0.024908788791 1.08637264175 100 6.17283950617
210 0.0135535910899 0.625410770316 200 6.77966101695
210 0.0103717349876 0.284673144006 300 7.5
210 0.00519861679212 0.362321403703 400 6.54664484452
210 0.00314161399403 0.423276135388 500 6.80272108844
220 0.0247032499921 1.06030801696 100 6.25
220 0.013658583662 0.57047991844 200 6.80272108844
220 0.0103248999436 0.316192336469 300 7.51879699248
220 0.00526102109616 0.390644240558 400 6.57894736842
220 0.00314197433666 0.418492411801 500 6.79347826087
230 0.0243494415326 1.05283119014 100 6.32911392405
230 0.0138733982078 0.533577363046 200 6.84931506849
230 0.0100423175921 0.342233777313 300 7.5
230 0.00537073097358 0.41142143535 400 6.60066006601
230 0.00314621916066 0.409474518966 500 6.77506775068
240 0.0236212426333 1.07023925633 100 6.41025641026
240 0.0142655986664 0.522064105584 200 6.87285223368
240 0.0103321708502 0.373967477504 300 6.1099796334
240 0.00552229099558 0.409518861828 400 6.63349917081
240 0.00315912381145 0.39095883868 500 6.75675675676
250 0.0229370254366 1.09855288788 100 6.53594771242
250 0.0151043608266 0.533506195868 200 6.92041522491
250 0.00860775034539 0.40531537511 300 5.94059405941
250 0.00568350459846 0.403205109883 400 6.66666666667
250 0.00318282877742 0.36990016173 500 6.72947510094
260 0.0225556856076 1.15092419965 100 6.62251655629
260 0.0150527664787 0.542481025522 200 6.94444444444
260 0.00792042197423 0.414082872177 300 5.92885375494
260 0.00577888613049 0.41394591489 400 6.70016750419
260 0.00320882706687 0.362429346498 500 6.63129973475
270 0.0222125779573 1.20096124497 100 6.71140939597
270 0.0143679743415 0.56322077083 200 6.96864111498
270 0.0078981607066 0.424276104604 300 5.95238095238
270 0.00586830972686 0.430209112218 400 6.73400673401
270 0.00322411460316 0.356885669581 500 6.44329896907
280 0.0219412844701 1.25043796483 100 6.80272108844
280 0.0141941211608 0.570420539347 200 7.04225352113
280 0.00791513769507 0.414736009482 300 5.9880239521
280 0.00594406799137 0.450115939273 400 6.75675675676
280 0.00325314595857 0.356494036838 500 6.35324015248
290 0.0217863210947 1.3045256538 100 6.89655172414
290 0.0141228998772 0.588786515991 200 7.14285714286
290 0.00796201869093 0.421892402225 300 6.04838709677
290 0.00596590540369 0.470469664422 400 6.79117147708
290 0.00319846655601 0.354487107649 500 6.29722921914
300 0.0214048584494 1.36627496943 100 7.14285714286
300 0.0138658457051 0.627821771791 200 7.29927007299
300 0.00810825892508 0.426032003802 300 6.13496932515
300 0.00600254569074 0.454931381014 400 6.84931506849
310 0.0203012996895 1.5012786226 100 7.51879699248
310 0.0131525763379 0.796691340865 200 7.51879699248
310 0.00857217443929 0.523721700663 300 6.23700623701
310 0.006275340918 0.381462896182 400 6.93240901213
320 0.0189821678243 1.62250518795 100 7.87401574803
320 0.0121282573208 1.02588854316 200 7.7519379845
320 0.00926535167748 0.718522783082 300 6.34249471459
320 0.00665519577411 0.372123500478 400 7.00525394046
330 0.0174713731844 1.53889204449 100 8.19672131148
330 0.010649244257 1.25432528695 200 7.96812749004
330 0.0103317097165 0.992227404569 300 6.43776824034
330 0.0071684911802 0.588145259022 400 7.05467372134
340 0.0171221945269 1.19835007758 100 8.26446280992
340 0.00931717010545 1.26701715456 200 8.16326530612
340 0.00941373756434 1.11089646203 300 6.52173913043
340 0.00722785467149 0.80308796543 400 7.06713780919
350 0.0195130193305 1.07327845936 100 8.0
350 0.00892303638751 1.24952208431 200 8.26446280992
350 0.00904496733685 1.10204448258 300 6.59340659341
350 0.00649066922906 0.825282426866 400 7.01754385965
360 0.020891389471 1.0726635199 100 7.63358778626
360 0.00888150528796 1.26946374881 200 8.33333333333
360 0.00902261069376 1.08100601318 300 6.63716814159
360 0.00626575169157 0.781462158615 400 6.98080279232
370 0.0208252750829 1.07874694322 100 7.46268656716
370 0.00889856446463 1.29683786739 200 8.33333333333
370 0.00904830183753 1.05604970798 300 6.65188470067
370 0.00621634721652 0.72888649339 400 6.95652173913
380 0.0208151892195 1.11610651777 100 7.35294117647
380 0.00882077915851 1.33042078306 200 8.29875518672
380 0.00900663050687 1.03460477082 300 6.66666666667
380 0.00622570567064 0.672461090392 400 6.92041522491
390 0.0207770082867 1.14622986802 100 7.35294117647
390 0.00868128078771 1.36326318943 200 8.06451612903
390 0.00897816323862 1.01769618109 300 6.68151447661
390 0.00623967218773 0.620665516248 400 6.86106346484
400 0.0203180032134 1.1968988812 100 7.29927007299
400 0.0114032663272 1.38936769 200 5.68181818182
400 0.00900089216697 0.994841226483 300 6.69642857143
400 0.00619059539545 0.560857888241 400 6.77966101695
410 0.0185644826435 1.25695660278 100 7.24637681159
410 0.0131592562512 1.37128665313 200 5.61797752809
410 0.00900357534153 0.981588563574 300 6.71140939597
410 0.00623434879122 0.514955603886 400 6.61157024793
420 0.0179190731902 1.33718383497 100 7.19424460432
420 0.0134159331296 1.34074182364 200 5.61797752809
420 0.00899970210358 0.965659995353 300 6.7264573991
420 0.00626228462808 0.466904619046 400 6.31911532385
430 0.0179383182268 1.40492967301 100 7.24637681159
430 0.0135349165726 1.30744880101 200 5.64971751412
430 0.00899919806467 0.94974417568 300 6.7264573991
430 0.00591147671994 0.425500486933 400 6.1919504644
440 0.0178814373761 1.46042455466 100 7.40740740741
440 0.0134968272517 1.28325623381 200 5.71428571429
440 0.00914018551826 0.938909386832 300 6.74157303371
450 0.0172248903275 1.52629234009 100 7.63358778626
450 0.0129368816049 1.30541683323 200 5.79710144928
450 0.00933533397949 1.01707072765 300 6.7264573991
460 0.0160319678576 1.5019920339 100 7.93650793651
460 0.0115411544357 1.34090784628 200 5.88235294118
460 0.00961764360857 1.20984967927 300 6.71140939597
470 0.0157686860874 1.1426373106 100 8.33333333333
470 0.0100362412372 1.13439560032 200 5.9880239521
470 0.00950856749971 1.19273841021 300 6.71140939597
480 0.0164428271851 0.75242238779 100 8.69565217391
480 0.00907715337201 0.851679572696 200 6.09756097561
480 0.00895999962051 1.0194250099 300 6.74157303371
490 0.0166525036594 0.667755561344 100 9.09090909091
490 0.00893693570037 0.801544005627 200 6.1919504644
490 0.00895760528792 0.957617343082 300 6.77200902935
500 0.016617447288 0.649482081197 100 9.34579439252
500 0.00897234377841 0.817827330038 200 6.26959247649
500 0.00903068482486 0.936099997063 300 6.78733031674
510 0.0166123175756 0.616141405773 100 9.43396226415
510 0.00895951812355 0.830787636676 200 6.32911392405
510 0.00904831624282 0.909364926649 300 6.77200902935
520 0.0168506460313 0.594687667956 100 9.17431192661
520 0.00892904599013 0.861320001307 200 6.34920634921
520 0.00903166701666 0.880142074536 300 6.7264573991
530 0.0160042434689 0.592150761625 100 4.85436893204
530 0.00894978858938 0.888043619111 200 6.38977635783
530 0.00908268384135 0.853819166197 300 6.65188470067
540 0.0176233347784 0.689259320029 100 4.56621004566
540 0.00941233965639 1.04124581502 200 6.41025641026
540 0.00953627399882 0.853097002149 300 6.56455142232
550 0.0200226357263 0.967187316193 100 4.54545454545
550 0.0101431031308 1.15526600634 200 6.45161290323
550 0.0102585326466 0.791575183436 300 6.3025210084
560 0.0207108492199 1.06916906219 100 4.56621004566
560 0.0103771052381 1.19127712359 200 6.47249190939
560 0.0102656412541 0.71975145927 300 6.0
570 0.0207773163908 1.08623982349 100 4.60829493088
570 0.0104330113868 1.22865119941 200 6.4308681672
580 0.0208176546738 1.13588823665 100 4.62962962963
580 0.0115967828153 1.25265031125 200 6.2893081761
590 0.0209542755059 1.19261890536 100 4.6511627907
590 0.0149801528236 1.20947148949 200 6.07902735562
600 0.0210544937342 1.24411177951 100 4.67289719626
600 0.0155602625994 1.13261489487 200 5.97014925373
610 0.0210349213805 1.28660671532 100 4.71698113208
610 0.0155548299194 1.06647386093 200 5.91715976331
620 0.0211586041452 1.32724441686 100 4.7619047619
620 0.0154910346761 0.983216230138 200 5.89970501475
630 0.021442333611 1.32064954229 100 4.85436893204
630 0.0153709952646 0.881510797113 200 5.89970501475
640 0.0214775875641 1.34434967168 100 5.0
640 0.0153417446479 0.851175573194 200 5.9880239521
650 0.0212992140784 1.36973420083 100 5.23560209424
650 0.0154397923553 0.868370031364 200 6.11620795107
660 0.0210003077311 1.41774960677 100 5.49450549451
660 0.0155544487762 0.908700373229 200 6.2893081761
670 0.0209935711937 1.41807777043 100 5.81395348837
670 0.0155625112559 0.909705684371 200 6.49350649351
680 0.0209844209404 1.41872928221 100 6.17283950617
680 0.0155633333298 0.910309063419 200 6.71140939597
690 0.0209710877699 1.4206712421 100 6.57894736842
690 0.0155654585392 0.912194188798 200 6.94444444444
700 0.020963522038 1.42053316514 100 7.04225352113
700 0.0155656711656 0.912350080942 200 7.19424460432
710 0.020962514842 1.4206873724 100 7.57575757576
710 0.0155642499195 0.910753168738 200 7.43494423792
720 0.0208221208198 1.43745202837 100 8.19672131148
720 0.0155583150484 0.930579891738 200 7.72200772201
730 0.0201113691587 1.51867554587 100 8.84955752212
730 0.0151925630211 1.02155359573 200 8.0
740 0.0188141040331 1.59496720883 100 9.61538461538
740 0.0143305467192 1.15476017466 200 8.2304526749
750 0.0168457723186 1.54068277368 100 10.2040816327
750 0.0126892939621 1.26543895475 200 8.36820083682
760 0.0158045810759 1.19959209 100 10.6382978723
760 0.0110407929235 1.15951597759 200 8.26446280992
770 0.0157124882224 1.01283410311 100 10.8695652174
770 0.0107249736426 1.09404713398 200 7.57575757576
780 0.0157082822345 0.96910047134 100 10.8695652174
780 0.0104701490568 1.09665113356 200 6.94444444444
790 0.0157375240734 0.974152397598 100 10.2040816327
800 0.0182907957655 1.01865282448 100 9.00900900901
810 0.0207225248561 1.04908968893 100 8.19672131148
820 0.0208380371005 1.05249157517 100 7.93650793651
830 0.0208887345625 1.09844117513 100 7.63358778626
840 0.0209561225391 1.14465128454 100 7.24637681159
850 0.0209559307 1.18907950214 100 6.80272108844
860 0.0212112181373 1.26287207682 100 5.78034682081
870 0.0207559373023 1.31763159124 100 5.10204081633
