0 0.0234202730917 1.42260650007 100 7.8125
0 0.00943295818287 1.38263177483 200 7.8431372549
0 0.0060152369808 1.29538043489 300 7.8125
0 0.00436889845155 1.17865747544 400 8.1799591002
0 0.00434316202524 1.18473198468 500 8.038585209
0 0.00352205703357 1.20158176799 600 7.97872340426
0 0.00305400527681 1.23136477339 700 8.52618757613
0 0.00313614452232 1.0854210938 800 8.52878464819
10 0.0203285761052 1.13079434437 100 8.26446280992
10 0.00837795929334 1.01368091609 200 8.03212851406
10 0.00546695802975 0.854307443822 300 7.9575596817
10 0.00402174581156 0.723884686263 400 8.31600831601
10 0.00378289208338 0.731627474762 500 7.97448165869
10 0.00310920632648 0.740540269235 600 8.06451612903
10 0.00269000331111 0.765163102682 700 8.61008610086
10 0.00354598316421 0.688975086894 800 8.60215053763
20 0.0175161833357 0.665157922722 100 8.69565217391
20 0.00786017272413 0.533889822855 200 8.16326530612
20 0.00523613403668 0.555653601091 300 8.08625336927
20 0.00394180132156 0.646970926506 400 8.42105263158
20 0.00323495108535 0.684268208359 500 7.92393026941
20 0.00277047984991 0.697252055548 600 8.14111261872
20 0.00238635842636 0.632612523383 700 8.68486352357
20 0.00380688890488 0.481342220935 800 8.64864864865
30 0.0166386718597 0.572865636744 100 8.92857142857
30 0.00788221167361 0.514297807704 200 8.2304526749
30 0.00529475914837 0.678418361442 300 8.15217391304
30 0.00401251249142 0.829365788558 400 8.49256900212
30 0.0031492480058 0.868258565492 500 7.87401574803
30 0.00268829044187 0.878994194616 600 8.19672131148
30 0.00230821555796 0.800832757745 700 8.75
30 0.00360614788633 0.58905367091 800 8.65800865801
40 0.0161794091198 0.540795794741 100 9.00900900901
40 0.00793343309342 0.570521698945 200 8.2304526749
40 0.00541573941583 0.791178905992 300 8.17438692098
40 0.00408287755943 0.953168326226 400 8.52878464819
40 0.00321443639172 0.990357503086 500 7.84929356358
40 0.00266009648861 0.991025561492 600 8.25309491059
40 0.00227826434949 0.912372009294 700 8.78293601004
40 0.00348633748282 0.659491367432 800 8.47457627119
50 0.0157293036006 0.69406614131 100 9.09090909091
50 0.0081298773606 0.877929293876 200 8.16326530612
50 0.00580835408708 1.10156848738 300 8.19672131148
50 0.0043249936943 1.23578237962 400 8.54700854701
50 0.00338660723745 1.27137068412 500 7.84929356358
50 0.00262450927446 1.26902254031 600 8.29875518672
50 0.002248112723 1.20042701627 700 8.79396984925
50 0.00311883861796 0.869904356243 800 8.28157349896
60 0.0158591416927 0.979961359142 100 9.17431192661
60 0.00859075139365 1.15248507733 200 8.16326530612
60 0.00627657793119 1.31723361693 300 8.24175824176
60 0.00458464887853 1.40370874868 400 8.52878464819
60 0.00359884779904 1.43734054809 500 7.86163522013
60 0.00264948934938 1.43893930785 600 8.34492350487
60 0.00229297394312 1.3810615045 700 8.75
60 0.00286730765439 1.0059808698 800 8.26446280992
70 0.0160727564165 1.14212419055 100 9.17431192661
70 0.00894520888147 1.29023401421 200 8.13008130081
70 0.0065883891172 1.41299038684 300 8.26446280992
70 0.00460647193514 1.4696787819 400 8.51063829787
70 0.00371877733922 1.50215445113 500 7.88643533123
70 0.00268507603732 1.50242127159 600 8.40336134454
70 0.00272930017646 1.43029976699 700 8.69565217391
70 0.00274080974035 1.04350521931 800 8.27300930714
80 0.0160782854567 1.13295745725 100 9.09090909091
80 0.00893997953979 1.29029420586 200 8.0971659919
80 0.00660484674389 1.41936038377 300 8.26446280992
80 0.00449306243966 1.47986598771 400 8.47457627119
80 0.00359196423796 1.50799391048 500 7.91139240506
80 0.0026743215952 1.49113884954 600 8.4388185654
80 0.00317638145413 1.3809339821 700 8.66336633663
80 0.00276924809548 0.998639696051 800 8.27300930714
90 0.0164278357657 1.066953058 100 8.84955752212
90 0.00900351574786 1.32499575285 200 8.0
90 0.00655604428471 1.43724375149 300 8.26446280992
90 0.00432644667238 1.49785575383 400 8.40336134454
90 0.00340113791731 1.52591009558 500 7.91139240506
90 0.00267480904286 1.48323122213 600 8.48656294201
90 0.00345461409459 1.33856487534 700 8.63131935882
90 0.00279212269301 0.963377565102 800 8.26446280992
100 0.0163770414537 1.10420803982 100 8.54700854701
100 0.00911358953919 1.38040721698 200 7.90513833992
100 0.00644944861696 1.47294401603 300 8.24175824176
100 0.00419246487724 1.51696863236 400 8.35073068894
100 0.00328231535894 1.54444680088 500 7.92393026941
100 0.00268468136095 1.49866679341 600 8.52272727273
100 0.00341130044865 1.31076333544 700 8.62068965517
100 0.00275983027217 0.942427846002 800 8.26446280992
110 0.0169060429227 1.17438321741 100 8.33333333333
110 0.00944348304096 1.42712787818 200 7.87401574803
110 0.00642153566374 1.50355257098 300 8.26446280992
110 0.00420747370645 1.54016843456 400 8.29875518672
110 0.00326706157949 1.56228943223 500 7.94912559618
110 0.00269691284056 1.51985941801 600 8.55920114123
110 0.00336708959731 1.28928295417 700 8.63131935882
110 0.00272147682018 0.923008477463 800 8.25593395253
120 0.0173358319579 1.21964088165 100 8.0
120 0.00926263104881 1.45585248873 200 7.8125
120 0.00632896882889 1.52817897192 300 8.26446280992
120 0.0041114211408 1.55094450114 400 8.2304526749
120 0.00324998293492 1.57010716716 500 7.97448165869
120 0.00269034526917 1.51937765518 600 8.60832137733
120 0.0033696884372 1.24522582465 700 8.63131935882
120 0.00275780190519 0.886637385497 800 8.25593395253
130 0.0172865901237 1.18095240958 100 7.69230769231
130 0.00886648598754 1.41619188168 200 7.78210116732
130 0.00611870618831 1.50451383799 300 8.28729281768
130 0.00398083996597 1.51476103034 400 7.8431372549
130 0.00319556276936 1.53223358087 500 8.0
130 0.00265404431403 1.4614888891 600 8.65800865801
130 0.00346845203484 1.14918342158 700 8.63131935882
130 0.00286055208763 0.802351491987 800 8.2219938335
140 0.0171388317571 1.16678590594 100 7.57575757576
140 0.00878666860105 1.40692402137 200 7.7519379845
140 0.00600600736937 1.49899903946 300 8.31024930748
140 0.00425184363411 1.50267903101 400 7.61904761905
140 0.00316934641922 1.50242541628 500 8.05152979066
140 0.00263692477021 1.42397114016 600 8.69565217391
140 0.003519589464 1.07787103029 700 8.61008610086
140 0.00289942676867 0.738514750594 800 8.08897876643
150 0.016791984065 1.1616615494 100 7.46268656716
150 0.00882042947085 1.39393663772 200 7.7519379845
150 0.00592569907927 1.48891256691 300 8.33333333333
150 0.00431776013958 1.48586655141 400 7.57575757576
150 0.00315251378441 1.47023022781 500 8.09061488673
150 0.00262733996686 1.37913888993 600 8.73362445415
150 0.00357147900707 1.00670072816 700 8.33333333333
160 0.0164088281104 1.15205630847 100 7.35294117647
160 0.00884288583742 1.37466159178 200 7.78210116732
160 0.0058462698603 1.47314007558 300 8.33333333333
160 0.00428096995051 1.46546982047 400 7.56143667297
160 0.00314481900899 1.42881460013 500 8.14332247557
160 0.00261999165142 1.32984960456 600 8.73362445415
160 0.00349923096515 0.92933846161 700 8.15850815851
170 0.0164476360151 1.17851605271 100 7.24637681159
170 0.00887934564032 1.38264688016 200 7.8125
170 0.00573657389426 1.47608263652 300 8.28729281768
170 0.00425984195307 1.46209506526 400 7.57575757576
170 0.00314414110002 1.40856683825 500 8.19672131148
170 0.00288140955948 1.29438817498 600 8.65800865801
170 0.00350472680984 0.876502511183 700 8.13953488372
180 0.0165755297656 1.2202655323 100 7.19424460432
180 0.00898165759302 1.40729299482 200 7.8431372549
180 0.00562315474877 1.48687350946 300 8.26446280992
180 0.00424561453445 1.47119304456 400 7.60456273764
180 0.00314285228297 1.40247721526 500 8.25082508251
180 0.00377852417712 1.25275283012 600 8.58369098712
180 0.00347011819302 0.839600891872 700 8.13953488372
190 0.0165172348726 1.21270520442 100 7.19424460432
190 0.00895402429115 1.40216469239 200 7.87401574803
190 0.00551554829293 1.47358595919 300 8.24175824176
190 0.00410974186828 1.45268404172 400 7.63358778626
190 0.0031437331655 1.35203012397 500 8.31946755408
190 0.00417972966334 1.17353017645 600 8.57142857143
190 0.00353454108942 0.775715770556 700 8.1490104773
200 0.016270733305 1.21546255483 100 7.19424460432
200 0.00866434686603 1.3496790222 200 7.93650793651
200 0.00535032285739 1.39395765651 300 8.24175824176
200 0.00396331757881 1.36320056694 400 7.67754318618
200 0.00315445255312 1.23596676792 500 8.37520938023
200 0.00458823742411 1.04075945403 600 8.58369098712
200 0.00367689035958 0.677671622316 700 8.16802800467
210 0.0163015628829 1.29301282809 100 7.24637681159
210 0.00854978797123 1.38796494167 200 8.0
210 0.00527933012103 1.4034098311 300 8.21917808219
210 0.00393027653067 1.3646813945 400 7.73694390716
210 0.00315358171307 1.23440171513 500 8.44594594595
210 0.00461891993367 1.01383220321 600 8.59598853868
210 0.00366796917965 0.657091690807 700 8.18713450292
220 0.0164233145552 1.34803198597 100 7.29927007299
220 0.00850116734184 1.42584469132 200 8.0971659919
220 0.00526496491504 1.42338320365 300 8.24175824176
220 0.00392807342222 1.38518014396 400 7.78210116732
220 0.00315054238999 1.24888562235 500 8.53242320819
220 0.00457400536224 1.00229280907 600 8.63309352518
220 0.00363407276417 0.644784692203 700 8.21596244131
230 0.0162719046132 1.24840960791 100 7.40740740741
230 0.00820623827778 1.34452687984 200 8.19672131148
230 0.00524375937746 1.32132305018 300 8.26446280992
230 0.00396089513398 1.27071661884 400 7.8431372549
230 0.00318494994961 1.11837329997 500 8.60585197935
230 0.0047399133975 0.854173078846 600 8.67052023121
230 0.00378200856599 0.530101746751 700 8.24499411072
240 0.0159898752157 1.16662612337 100 7.51879699248
240 0.00805432031701 1.25821525173 200 8.33333333333
240 0.00527082565186 1.21894192711 300 8.28729281768
240 0.00400450700944 1.16179130915 400 7.92079207921
240 0.00322340806833 1.00430642841 500 8.69565217391
240 0.00485478786598 0.738398363542 600 8.72093023256
240 0.00390890391529 0.44608289096 700 8.27423167849
250 0.0158417532117 1.1606686545 100 7.63358778626
250 0.00801519945508 1.25558519975 200 8.4388185654
250 0.00538711995999 1.18826784354 300 8.24175824176
250 0.00402146007681 1.13156796644 400 8.0
250 0.00323584011692 0.970329284724 500 8.78734622144
250 0.00488298905458 0.689683174212 600 8.75912408759
250 0.00395356690258 0.406847587979 700 8.29383886256
260 0.0157347832406 1.06428630483 100 7.7519379845
260 0.00793184465793 1.16141794257 200 8.58369098712
260 0.00542877087507 1.07311734121 300 7.8125
260 0.00408673320468 1.01811917267 400 8.08080808081
260 0.00328617816251 0.856521933476 500 8.86524822695
260 0.004988808804 0.584082470366 600 8.79765395894
260 0.00406338655625 0.33665084885 700 8.27423167849
270 0.015737556617 1.04523839143 100 7.87401574803
270 0.00791616497903 1.14711631946 200 8.69565217391
270 0.00524126518681 1.04954979317 300 7.63358778626
270 0.0041139245731 0.985124797832 400 8.1466395112
270 0.0033004874573 0.823597056698 500 8.94454382826
270 0.00499144797313 0.543193742333 600 8.79765395894
270 0.00406913736406 0.305374016237 700 8.18713450292
280 0.0157986910658 1.06826598461 100 8.0
280 0.00793066784224 1.17306318039 200 8.77192982456
280 0.00524638851711 1.06870280809 300 7.59493670886
280 0.00411283331931 0.987710544602 400 8.2304526749
280 0.00329191992809 0.827401583569 500 9.00900900901
280 0.00495897510366 0.530466881513 600 8.62068965517
290 0.0160227336965 1.18625821549 100 8.06451612903
290 0.00800050974687 1.26219762745 200 8.88888888889
290 0.00528027210297 1.15896254706 300 7.61421319797
290 0.00407330648941 1.06436789383 400 8.29875518672
290 0.00324575294033 0.902277518217 500 9.04159132007
290 0.00476349219792 0.559569345643 600 8.32177531207
300 0.0160910359262 1.19313158305 100 8.26446280992
300 0.00798702733657 1.27288860518 200 8.88888888889
300 0.00528177521067 1.16279542793 300 7.63358778626
300 0.00408201861688 1.04528484924 400 8.3857442348
300 0.00342061522814 0.879710216145 500 9.02527075812
300 0.00467984635418 0.521706836002 600 8.28729281768
310 0.0160858585471 1.17167652925 100 8.40336134454
310 0.00789894758887 1.23941678997 200 8.84955752212
310 0.00526774544924 1.12446904652 300 7.6726342711
310 0.00411346255205 0.983916982946 400 8.47457627119
310 0.00442907972964 0.799752162986 500 8.94454382826
310 0.00470994475705 0.459165881167 600 8.28729281768
320 0.0161011428728 1.16446667403 100 8.47457627119
320 0.00787581810282 1.19949645533 200 8.84955752212
320 0.00524779679714 1.08456331199 300 7.73195876289
320 0.00414164073248 0.924012626702 400 8.56531049251
320 0.00551265015601 0.718643507255 500 8.89679715302
320 0.00472849832421 0.408172220135 600 8.31024930748
330 0.016085244267 1.15591926295 100 8.62068965517
330 0.00787159611906 1.16763994304 200 8.84955752212
330 0.00524274688811 1.05133296009 300 7.79220779221
330 0.00416218955223 0.860618334973 400 8.63930885529
330 0.00588035169655 0.649285670679 500 8.89679715302
330 0.00479150329146 0.359524916137 600 8.32177531207
340 0.0159771716401 1.17041453914 100 8.69565217391
340 0.00791412386635 1.14164084921 200 8.81057268722
340 0.00531220419992 1.0281924522 300 7.83289817232
340 0.00417332836118 0.814582614651 400 8.73362445415
340 0.00615432050063 0.598557715777 500 8.89679715302
340 0.00482887685772 0.32554760157 600 8.34492350487
350 0.0158630422246 1.17673811232 100 8.84955752212
350 0.00804369293121 1.1115708108 200 8.77192982456
350 0.00543623742009 1.00002305354 300 7.89473684211
350 0.00418260247295 0.784811649527 400 8.81057268722
350 0.00615027083289 0.552315613794 500 8.91265597148
350 0.00482708928373 0.291993573413 600 8.356545961
360 0.0157510202633 1.11717276858 100 9.00900900901
360 0.00812324455328 1.0173083035 200 8.73362445415
360 0.00556640512308 0.907100330645 300 7.9575596817
360 0.00423446603403 0.701202395676 400 8.90868596882
360 0.006190621165 0.473854568487 500 8.94454382826
360 0.00489350418433 0.259840054361 600 8.37988826816
370 0.015712861516 1.06323266206 100 9.17431192661
370 0.00819543619417 0.936233852589 200 8.65800865801
370 0.00564342733127 0.831724270076 300 8.02139037433
370 0.00427977495148 0.638352570449 400 9.00900900901
370 0.00618459290627 0.417857102893 500 8.97666068223
370 0.0049696429043 0.245066189948 600 8.39160839161
380 0.015750855369 1.16716173986 100 9.34579439252
380 0.00841090003655 0.996702339717 200 8.47457627119
380 0.00555134810032 0.90459049174 300 8.08625336927
380 0.00419619072124 0.703827604332 400 9.09090909091
380 0.00613959303591 0.435792818413 500 8.9928057554
380 0.00487817514302 0.231022636913 600 8.39160839161
390 0.0157591627493 1.19836248963 100 9.43396226415
390 0.00807240341436 0.981050745421 200 7.63358778626
390 0.00555123277313 0.898234238327 300 8.17438692098
390 0.00418425225937 0.703570961525 400 9.17431192661
390 0.00610973226311 0.420643895865 500 9.00900900901
390 0.00486617557618 0.227149476213 600 8.32177531207
400 0.0157274715067 1.14190724714 100 9.61538461538
400 0.00786666565294 0.923494084114 200 7.40740740741
400 0.00562980401354 0.82117291931 300 8.24175824176
400 0.00423216613928 0.638556874866 400 9.25925925926
400 0.00615265025735 0.370627878657 500 8.91265597148
400 0.00488884566347 0.228380885463 600 7.72200772201
410 0.0157139828298 1.05317326205 100 9.70873786408
410 0.00787060132906 0.840427052968 200 7.35294117647
410 0.00575199165256 0.722149644756 300 8.33333333333
410 0.0042946068384 0.563332506447 400 9.2807424594
410 0.00623169102712 0.326639412629 500 8.37520938023
420 0.015727852138 0.984729083637 100 9.52380952381
420 0.00789181727024 0.775067397335 200 7.32600732601
420 0.00585624005215 0.644975224977 300 8.40336134454
420 0.00468346571071 0.5113698385 400 9.21658986175
420 0.00615366660672 0.311488034037 500 8.27814569536
430 0.0158684410925 0.909912396573 100 9.25925925926
430 0.00791735848461 0.722830489156 200 7.32600732601
430 0.00594146583862 0.59168004872 300 8.47457627119
430 0.00651498491521 0.476475631624 400 9.04977375566
430 0.00618333711501 0.318224732878 500 8.25082508251
440 0.0160920649262 0.833886584189 100 9.00900900901
440 0.00801640652099 0.67269055833 200 7.38007380074
440 0.00601217481666 0.547111400244 300 8.57142857143
440 0.00782903629199 0.467236834503 400 8.9485458613
440 0.00621538236081 0.346535997891 500 8.25082508251
450 0.0163184950855 0.792763685718 100 8.84955752212
450 0.00824059077514 0.657322939965 200 7.40740740741
450 0.00600152931513 0.511650681548 300 8.67052023121
450 0.00735393313548 0.443860903906 400 8.90868596882
450 0.00622065089303 0.350299561764 500 8.25082508251
460 0.0167107535159 0.816986183013 100 8.54700854701
460 0.00849182600498 0.692753157684 200 7.43494423792
460 0.00588244151433 0.516821216087 300 8.74635568513
460 0.00745562012712 0.410042072275 400 8.90868596882
460 0.00616812932456 0.329951783126 500 8.25082508251
470 0.0165748875447 0.811324219053 100 8.33333333333
470 0.0085670693419 0.705752336863 200 7.46268656716
470 0.00579962673422 0.52452847115 300 8.84955752212
470 0.00759387376871 0.380376480553 400 8.88888888889
470 0.00605075467919 0.321300489218 500 8.23723228995
480 0.0166482792764 0.780338932428 100 8.06451612903
480 0.00853792882858 0.698969374779 200 7.51879699248
480 0.00575234337071 0.524434084283 300 8.92857142857
480 0.00768165082387 0.356881036318 400 8.88888888889
480 0.00602731555973 0.324225326009 500 8.22368421053
490 0.0172265078411 0.707503094257 100 6.75675675676
490 0.00854195986162 0.66984339035 200 7.57575757576
490 0.0057359488968 0.504807017036 300 9.00900900901
490 0.00768638981806 0.328949980644 400 8.88888888889
490 0.00603225977013 0.329522546721 500 8.16993464052
500 0.0158623590345 0.690215551793 100 6.02409638554
500 0.00857928482072 0.641248265612 200 7.63358778626
500 0.00573787604201 0.48975311537 300 9.09090909091
500 0.00769858204666 0.317844999939 400 8.81057268722
500 0.00599646601483 0.348680847927 500 7.91139240506
510 0.0157593980421 0.669775360499 100 5.88235294118
510 0.00864607981442 0.597107163391 200 7.72200772201
510 0.00574193013881 0.458580486238 300 9.11854103343
510 0.00772283713022 0.305231370704 400 8.1466395112
520 0.0157669468724 0.661735523356 100 5.88235294118
520 0.00867482339608 0.570124676534 200 7.8431372549
520 0.00588617374808 0.448265397834 300 9.09090909091
520 0.00754953884467 0.326114387039 400 8.0
530 0.0157405835718 0.699701189502 100 5.95238095238
530 0.00860301458384 0.580867386122 200 8.0
530 0.00707625851592 0.446435909092 300 9.00900900901
530 0.00747713380386 0.320426692168 400 8.0
540 0.0157432176988 0.792346233399 100 6.06060606061
540 0.00843820190378 0.629548425131 200 8.16326530612
540 0.0086933006272 0.441498214883 300 8.92857142857
540 0.00724208584398 0.283526253219 400 8.03212851406
550 0.0157840672016 0.850386271812 100 6.17283950617
550 0.00837581721658 0.620192466925 200 8.33333333333
550 0.00955346627548 0.391621739537 300 8.87573964497
550 0.0071159844275 0.246463278027 400 8.04828973843
560 0.0158102118085 0.950813461214 100 6.2893081761
560 0.00825118764269 0.664642220666 200 8.51063829787
560 0.00978509967485 0.403761600964 300 8.90207715134
560 0.00701376277899 0.217254908527 400 8.08080808081
570 0.015784877147 1.12775686351 100 6.45161290323
570 0.0080355753442 0.833130559292 200 8.69565217391
570 0.0096202554734 0.518780255647 300 8.9552238806
570 0.00673022495563 0.18654215165 400 8.13008130081
580 0.0158278357312 1.22529111204 100 6.57894736842
580 0.00796958688225 0.927760544663 200 8.88888888889
580 0.00934450263823 0.544980042859 300 9.00900900901
580 0.00652572872245 0.17979488245 400 8.16326530612
590 0.0158446815886 1.19251900216 100 6.71140939597
590 0.00795705272201 0.89128828181 200 9.09090909091
590 0.00934907837821 0.471190131867 300 9.06344410876
590 0.006527864872 0.211418485642 400 8.19672131148
600 0.0158181620288 1.18659503987 100 6.89655172414
600 0.0079355285203 0.894854800689 200 9.3023255814
600 0.00929301757684 0.435503976585 300 9.14634146341
600 0.00654142166699 0.225934653569 400 8.2304526749
610 0.0157367051264 1.33866609486 100 7.19424460432
610 0.00787005995674 1.07844357192 200 9.56937799043
610 0.00887485112063 0.52444865274 300 9.25925925926
610 0.00626091113809 0.186420553524 400 8.28157349896
620 0.0157414739925 1.41563435929 100 7.57575757576
620 0.00786230374087 1.16093287002 200 9.95024875622
620 0.00864747382592 0.56821902408 300 9.46372239748
620 0.00610515277458 0.189343418734 400 8.36820083682
630 0.0157409545181 1.41457445367 100 8.13008130081
630 0.00786228311082 1.15887526663 200 10.4166666667
630 0.00863975764903 0.553068783042 300 9.70873786408
630 0.00610680523852 0.188671823256 400 8.49256900212
640 0.0157222441258 1.37422100551 100 8.69565217391
640 0.00785972874762 1.0991292133 200 10.8695652174
640 0.00877191825565 0.491254814307 300 9.96677740864
640 0.00621403325282 0.20959083485 400 8.62068965517
650 0.0157913633322 1.20048446095 100 9.34579439252
650 0.00790811286072 0.905871894484 200 11.3636363636
650 0.0091778060247 0.359158521106 300 10.1694915254
650 0.00652606761523 0.286851370976 400 8.69565217391
660 0.0161728209462 0.926828868056 100 10.0
660 0.00810837728699 0.650380153307 200 11.8343195266
660 0.00973098381214 0.279908711099 300 10.3092783505
660 0.00693297962865 0.397048500877 400 8.65800865801
670 0.0166436107541 0.730247128161 100 10.5263157895
670 0.00833630296015 0.515999785859 200 12.2699386503
670 0.0101099152227 0.323707380923 300 10.2040816327
670 0.00718572067406 0.475597933061 400 7.73694390716
680 0.0168572087171 0.647202249916 100 11.1111111111
680 0.00839630799315 0.483865208841 200 12.5
680 0.0101693922205 0.365751457241 300 9.23076923077
690 0.0169368854391 0.607529303272 100 11.6279069767
690 0.00876742115679 0.481727684589 200 12.3456790123
690 0.00990366880655 0.416030450137 300 9.03614457831
700 0.0169836872749 0.584815764452 100 12.0481927711
700 0.0118509610084 0.481863568653 200 11.7647058824
700 0.00984940385739 0.47290120016 300 8.9552238806
710 0.0167000367412 0.543082632935 100 12.5
710 0.0143841959416 0.435605634327 200 11.2994350282
710 0.0096066002077 0.489613737982 300 8.92857142857
720 0.016104980819 0.558581600942 100 12.987012987
720 0.014670982355 0.37348272995 200 11.1111111111
720 0.00913176124497 0.452450366816 300 8.87573964497
730 0.0157539416893 0.779161630121 100 13.3333333333
730 0.0137314676718 0.396659727775 200 10.9289617486
730 0.00849885556883 0.417045420169 300 8.84955752212
740 0.0157175676784 0.827495806383 100 13.8888888889
740 0.0133884548575 0.338139139274 200 10.8695652174
740 0.00830987053282 0.467493814957 300 8.79765395894
750 0.0157130430113 0.83169300547 100 14.0845070423
750 0.0132912932979 0.273697711714 200 10.6951871658
750 0.00834052765797 0.545949571031 300 8.67052023121
760 0.0157094291903 0.838110561746 100 14.2857142857
760 0.013086109162 0.267031985276 200 10.3626943005
760 0.00821423018309 0.623570047753 300 8.13008130081
770 0.0157102165691 0.836697424992 100 13.8888888889
770 0.0126607030476 0.347005811855 200 8.29875518672
780 0.0184457465083 0.747852264703 100 11.4942528736
780 0.0123149669428 0.497203588732 200 7.93650793651
790 0.0248336805925 0.476398899139 100 10.0
790 0.0122559816444 0.65078232555 200 7.72200772201
800 0.0266396316915 0.310022722987 100 9.25925925926
800 0.0123175114623 0.802109633667 200 7.54716981132
810 0.0263889007162 0.442578407473 100 8.84955752212
810 0.0122579424868 0.976633909288 200 7.40740740741
820 0.0262659729607 0.737829176572 100 8.47457627119
820 0.0123650046761 1.14276832139 200 7.16845878136
830 0.0260101497438 1.02824217074 100 7.8125
830 0.0122403035962 1.29301700691 200 6.30914826498
840 0.0256104662607 1.2863163784 100 5.91715976331
850 0.0239962642778 1.34482208112 100 5.81395348837
860 0.0203395025095 1.09485947108 100 5.91715976331
870 0.0171995105842 0.572358381873 100 6.06060606061
880 0.0157780095338 0.701517527628 100 6.17283950617
890 0.015721800471 0.914872786608 100 6.25
900 0.0159183618536 1.16959611812 100 6.2893081761
910 0.0159140878381 1.1689481473 100 6.32911392405
920 0.0159147680701 1.1811483474 100 6.2893081761
930 0.0158596451864 1.17564125603 100 6.25
940 0.0158333084706 1.16344441014 100 6.09756097561
950 0.0158367732502 1.16763989647 100 5.74712643678
960 0.0158525753 1.17214148195 100 4.54545454545
